500
8  272 370 392 397 426 468 478 480
16  129 133 153 156 176 177 183 224 231 234 247 372 397 479 488 492
7  64 117 139 310 408 463 465
12  4 15 123 158 176 246 280 281 315 421 440 487
9  3 115 138 263 328 368 381 382 460
4  136 299 306 382
13  15 123 184 219 308 335 342 355 377 381 452 462 495
7  22 108 154 219 221 325 394
12  50 94 133 156 250 338 354 374 411 432 462 483
8  61 96 110 180 301 305 396 437
10  36 57 156 160 217 311 340 411 462 499
10  12 42 128 184 209 222 252 257 368 369
9  11 29 113 251 267 283 395 400 476
10  135 170 211 229 236 269 295 322 328 350
9  31 48 157 318 333 362 439 454 498
15  3 6 20 77 116 119 159 229 281 308 350 376 407 457 478
7  48 170 209 304 398 438 442
7  76 139 141 195 275 334 392
9  175 204 218 279 317 330 353 401 477
8  28 115 120 193 298 359 399 470
9  15 97 135 194 197 293 400 467 499
4  27 226 456 460
5  7 85 99 240 290
6  44 222 311 365 435 445
9  43 49 129 356 361 422 447 470 476
5  64 154 289 317 320
13  27 29 52 81 86 138 187 212 232 250 254 391 429
11  21 26 120 194 201 250 284 321 405 412 452
8  19 29 71 191 209 270 386 472
8  12 26 28 188 238 262 290 496
9  53 86 113 157 194 236 385 390 403
12  14 35 88 220 275 295 317 330 357 361 411 465
3  141 319 364
7  94 258 332 458 462 475 491
10  125 174 200 227 266 366 385 392 449 474
6  31 235 313 357 479 483
9  10 63 100 155 156 202 228 403 454
11  95 108 132 149 173 203 299 336 363 370 466
3  127 346 382
10  59 159 183 208 254 258 272 309 339 379
10  87 106 153 169 223 283 396 433 464 474
4  63 121 152 400
8  11 45 49 88 113 444 491 492
9  24 173 233 252 272 338 365 390 447
11  23 208 217 239 251 328 378 382 416 418 452
15  42 119 129 151 161 173 237 249 265 309 357 382 428 476 483
8  122 194 220 445 455 470 476 488
5  53 84 263 272 424
5  14 16 54 245 365
11  24 42 115 151 184 286 294 433 447 493 498
10  8 96 118 126 150 159 213 408 417 438
6  156 221 301 379 404 461
7  26 151 189 315 354 386 481
15  30 47 65 96 148 207 224 264 353 366 379 411 440 473 483
7  48 158 239 260 262 297 307
10  72 135 162 182 184 243 290 323 396 494
6  157 175 284 301 372 460
10  10 61 76 100 237 238 260 378 405 496
7  82 107 127 286 380 454 484
8  39 77 132 210 221 256 420 426
7  64 138 253 372 420 433 457
6  9 57 81 290 382 485
8  68 161 181 240 270 276 363 438
14  36 41 102 106 192 211 214 235 281 309 327 396 429 489
8  2 25 60 97 268 376 392 393
4  53 89 217 248
5  228 233 252 262 457
6  68 324 334 448 460 487
6  62 67 91 144 179 254
4  101 351 360 485
6  298 303 343 415 424 438
7  28 76 128 199 219 344 488
4  55 244 387 415
3  158 359 462
5  88 164 172 217 332
6  87 142 209 279 393 446
10  17 57 71 151 166 213 249 380 430 443
6  15 59 198 280 357 435
6  225 227 238 256 261 425
10  82 97 130 193 203 257 321 384 469 471
12  99 112 113 148 205 260 287 336 367 374 410 419
11  26 61 124 130 142 147 275 295 325 383 430
9  58 79 142 271 327 352 357 437 455
10  100 163 175 385 394 429 434 435 451 481
7  47 224 276 313 376 410 416
10  22 91 193 199 200 327 357 442 467 475
6  26 30 99 192 219 414
7  40 75 95 198 254 297 370
5  31 42 74 223 342
9  65 97 110 146 276 297 300 301 373
8  111 220 319 331 344 384 406 449
8  68 85 106 133 228 304 318 434
9  138 152 154 243 268 373 398 451 490
9  157 164 194 206 360 366 410 426 428
12  8 33 115 166 198 238 269 368 451 466 484 486
9  37 87 105 121 211 214 290 319 369
10  9 50 53 153 169 185 204 259 403 447
10  20 64 79 89 128 161 282 326 397 424
6  150 175 251 356 375 472
9  22 80 86 129 151 209 278 371 446
11  36 57 83 101 136 164 198 249 266 459 495
6  69 100 150 365 424 430
4  63 199 233 305
4  198 324 390 473
5  113 133 145 202 432
8  95 114 163 208 236 404 443 457
7  40 63 91 379 396 450 452
9  58 133 162 238 288 386 391 420 447
11  7 37 115 121 176 197 236 252 436 448 455
5  144 231 275 408 454
11  9 89 160 181 234 235 282 381 394 451 459
4  90 312 384 493
8  80 136 281 293 299 340 372 463
10  12 30 42 80 104 114 122 190 342 411
9  105 113 185 215 260 294 378 410 414
10  4 19 49 94 108 142 314 393 397 459
7  15 220 261 277 290 311 312
9  2 118 152 223 288 395 412 425 446
7  50 117 127 218 288 475 494
6  15 45 167 266 323 342
12  19 27 204 240 248 322 357 402 403 448 462 475
11  41 95 108 187 211 230 436 454 455 466 493
9  46 113 130 153 217 247 357 381 413
16  3 6 169 179 188 196 233 262 278 304 331 346 420 447 478 480
7  81 184 196 276 277 377 410
7  34 219 261 273 307 384 414
8  50 128 155 303 405 417 419 495
11  38 58 118 152 216 222 299 350 429 441 463
10  11 71 97 126 196 206 335 373 450 452
11  1 24 45 99 164 209 283 288 307 422 488
8  79 81 122 135 154 186 307 366
6  236 253 254 319 371 400
7  37 59 152 272 324 370 474
15  1 8 91 104 107 155 187 197 210 239 253 292 310 332 386
5  149 275 315 332 407
9  13 20 55 130 219 298 317 487 493
9  5 100 112 257 391 417 437 443 480
8  163 173 275 285 329 358 416 469
10  4 26 60 92 203 344 355 359 382 429
7  2 17 192 295 298 370 413
2  179 207
7  17 32 204 281 307 344 459
8  75 81 82 115 233 399 422 450
10  263 300 318 345 367 400 417 428 468 480
10  68 109 175 228 286 296 375 438 468 491
4  104 165 262 499
7  89 227 236 362 439 479 489
4  81 269 327 343
7  53 80 177 204 237 344 484
7  37 134 340 361 399 413 479
9  50 98 101 188 210 319 391 410 471
10  45 49 52 76 99 170 201 226 349 461
12  41 92 117 127 132 179 211 241 344 356 390 467
4  1 40 96 122
7  7 25 92 130 335 352 477
8  36 126 133 275 293 304 379 475
8  1 8 10 36 51 214 304 399
10  14 30 56 93 190 209 216 376 403 431
10  3 54 73 185 308 316 341 435 453 459
8  15 39 50 231 327 436 457 489
8  10 110 194 229 269 278 464 492
10  45 62 97 162 196 325 358 361 396 446
13  55 107 161 173 211 236 252 266 300 345 385 410 485
7  83 105 137 288 393 447 470
6  74 93 100 129 179 388
8  145 267 302 412 440 451 471 499
7  76 94 190 222 321 343 356
6  119 221 234 257 419 449
3  312 415 490
8  40 96 123 291 303 312 397 425
10  13 16 151 217 292 369 383 406 454 463
6  228 235 287 370 391 401
8  74 215 248 292 351 423 467 474
9  37 43 45 137 162 298 378 416 431
6  34 222 295 331 391 463
11  18 56 83 98 144 202 237 245 450 465 477
8  1 3 108 220 305 317 383 489
12  1 148 219 235 237 312 328 341 392 397 473 491
4  206 266 268 456
9  68 123 140 152 164 265 284 410 468
7  9 292 332 348 399 415 455
5  62 110 363 415 460
4  55 272 309 410
11  1 39 186 220 302 351 398 410 417 428 474
9  6 11 49 55 124 261 321 412 439
8  96 114 158 208 302 419 448 471
7  130 183 200 225 364 443 457
8  26 121 133 274 286 327 379 483
8  29 123 150 241 243 311 348 438
4  52 253 267 307
8  113 157 166 210 309 401 431 487
3  28 231 319
6  63 86 139 315 415 484
10  19 79 85 214 269 277 292 299 403 497
12  20 27 30 46 93 160 287 303 323 330 357 460
7  17 212 313 314 324 366 395
8  123 124 128 161 271 287 390 400
9  20 108 133 246 287 305 343 448 499
15  77 87 94 100 103 243 247 291 303 357 374 379 401 403 463
9  71 85 102 255 333 378 379 457 471
7  34 85 186 236 256 358 410
5  27 151 207 219 459
7  36 104 175 283 331 345 495
10  37 79 138 219 231 243 269 331 332 480
7  18 96 120 141 148 380 462
5  80 229 287 314 320
5  93 128 178 247 283
7  53 140 201 268 275 414 461
7  39 44 105 185 347 444 480
10  11 16 28 75 99 129 157 387 423 489
13  59 133 150 190 216 245 247 258 288 302 325 379 469
12  13 63 95 121 152 162 244 249 355 357 404 438
5  26 195 219 329 419
3  50 76 321
7  63 95 156 193 278 283 316
4  114 172 253 447
9  127 157 210 240 252 337 347 394 409
10  10 44 65 74 122 170 275 385 400 483
3  18 118 349
16  6 7 71 86 125 135 177 201 203 212 272 302 310 471 472 496
15  31 46 90 116 176 183 262 281 308 336 344 392 411 454 481
7  7 51 59 167 274 312 486
8  11 23 127 166 174 242 289 388
12  40 88 117 240 315 323 326 353 383 389 429 454
5  1 53 84 280 466
6  78 186 231 321 329 434
4  21 151 394 400
8  34 78 146 235 327 415 451 468
8  36 66 91 144 171 433 478 489
6  13 15 160 205 318 327
6  121 244 349 381 451 480
12  1 109 159 191 203 225 296 378 435 441 450 496
7  26 269 329 332 335 427 444
7  43 66 102 123 142 257 481
8  1 110 167 248 267 305 398 406
9  35 63 110 171 177 227 265 289 415
10  13 30 105 108 131 146 162 200 348 409
8  45 57 148 175 177 266 319 422
10  29 57 78 94 107 325 363 425 431 440
7  44 54 133 349 401 403 411
8  22 62 120 216 223 254 429 439
3  152 188 347
6  222 311 312 370 441 460
7  55 92 188 198 203 346 371
9  72 211 230 248 288 295 315 365 458
7  48 175 210 297 423 461 485
3  3 197 299
10  1 122 198 206 210 269 288 337 385 395
8  65 120 172 234 244 274 343 385
9  45 76 100 211 271 293 307 317 331
8  8 26 27 388 389 415 444 485
8  12 44 98 258 290 339 360 459
9  11 43 66 108 162 216 261 388 394
8  60 131 133 189 215 371 391 429
8  26 39 68 87 131 240 460 492
3  199 259 289
8  59 78 200 293 433 452 459 474
12  11 79 136 167 233 277 302 329 332 360 399 442
10  33 39 210 251 265 269 295 462 463 478
8  96 255 305 310 354 416 456 464
9  54 57 80 114 289 306 322 412 468
14  78 116 125 184 252 265 313 327 332 352 363 372 465 492
8  29 54 66 123 145 220 307 336
6  4 47 143 281 301 435
4  53 320 382 438
6  45 179 235 258 261 301
12  34 100 119 162 178 237 294 299 303 306 443 467
7  12 165 189 234 306 321 439
8  64 92 178 207 275 308 420 452
10  13 94 147 160 193 203 232 247 258 370
6  28 62 278 313 453 484
6  82 196 249 341 432 475
10  0 39 43 47 132 182 219 283 301 430
4  125 287 322 327
7  187 221 248 283 418 421 423
15  17 31 81 109 134 137 155 207 217 268 281 321 403 417 419
9  62 84 89 124 300 329 330 376 495
8  116 124 193 257 279 364 406 498
6  99 123 160 214 270 380
7  18 75 277 371 436 447 469
6  3 77 224 296 359 379
14  3 15 63 112 141 220 263 275 323 332 381 414 441 465
6  97 110 320 387 410 477
9  12 40 129 202 206 214 272 274 495
8  27 56 179 333 378 407 487 489
5  137 304 307 370 488
9  49 58 144 187 321 431 442 489 491
7  80 171 194 196 197 205 273
10  107 117 118 129 163 210 244 247 294 475
8  25 222 235 255 260 320 425 465
10  22 29 55 61 95 116 251 314 429 499
6  169 198 357 371 411 440
7  133 170 172 180 193 398 450
11  20 112 155 249 256 318 329 364 417 427 464
5  49 114 266 288 404
11  13 31 81 139 174 244 258 321 353 427 487
6  144 231 280 381 392 476
7  54 87 89 245 333 377 465
10  19 70 135 139 173 423 432 441 451 481
10  5 37 112 127 193 246 266 329 453 459
7  89 143 162 276 356 405 489
10  9 51 56 89 263 265 272 330 353 360
9  165 183 185 210 219 257 392 407 489
7  70 126 169 194 198 266 395
9  16 91 123 155 156 285 360 377 437
14  9 102 176 197 234 259 314 315 365 428 429 440 451 458
6  5 260 266 267 392 468
10  54 125 129 130 141 189 249 262 285 426
12  6 15 158 220 268 377 397 413 420 480 485 497
6  39 45 63 182 190 440
5  2 133 219 259 379
8  10 23 116 188 242 333 343 431
11  111 116 168 169 177 221 242 443 464 479 496
7  35 84 195 261 270 367 384
8  115 195 205 290 305 365 369 396
10  3 52 134 192 223 244 305 337 472 474
6  158 214 320 335 356 492
8  18 25 31 135 176 249 379 432
8  14 91 143 229 293 396 453 491
12  32 90 95 131 150 191 237 364 433 469 486 494
7  25 205 264 282 289 316 448
12  27 79 166 184 213 225 267 275 286 295 338 436
7  13 120 260 273 348 437 454
6  55 119 194 223 281 355
7  67 103 132 195 377 400 445
10  7 81 161 210 238 356 418 434 436 494
4  97 223 412 413
11  63 82 85 147 159 187 227 229 261 273 365
9  4 13 44 177 347 353 359 371 454
8  137 212 225 232 257 276 293 299
7  18 31 194 276 301 390 467
8  90 123 174 202 203 249 363 374
13  33 74 133 134 180 203 232 257 261 281 383 388 462
7  14 199 284 297 311 357 408
4  17 67 447 492
8  6 128 154 232 316 368 421 424
8  37 80 220 262 355 391 393 492
3  216 247 315
3  8 43 321
2  39 251
4  10 112 149 481
4  158 177 271 409
11  6 88 113 119 348 362 390 415 416 441 455
8  70 147 166 197 248 311 373 427
10  71 90 138 141 148 152 220 347 381 498
3  143 162 202
7  38 123 243 351 370 455 459
9  208 216 241 328 344 351 369 377 446
7  180 188 236 322 342 383 478
6  151 218 230 239 354 467
6  13 15 127 399 431 475
6  69 172 183 346 347 438
7  82 154 261 386 403 439 445
7  18 53 223 295 301 328 399
5  8 52 259 349 418
5  6 138 211 323 336
11  24 98 152 166 300 316 325 379 389 398 440
14  31 35 45 77 82 85 120 122 194 198 211 291 333 423
4  137 161 200 470
7  19 73 138 280 328 435 487
6  69 93 251 257 301 304
6  24 31 149 161 417 466
5  14 146 342 376 420
8  37 62 181 238 261 331 400 416
11  32 186 277 293 319 390 405 414 451 491 494
13  23 43 48 101 244 305 314 327 377 423 424 442 471
9  34 53 93 130 195 398 445 466 468
4  80 143 313 439
6  4 11 94 335 450 456
7  11 95 170 314 347 427 442
13  0 37 87 132 139 171 242 269 285 346 416 419 445
9  99 131 243 253 279 291 328 425 458
8  1 56 60 112 261 396 426 443
8  89 92 128 343 437 445 464 471
7  8 80 198 331 384 433 436
5  98 144 423 448 486
7  15 64 84 157 276 362 430
11  6 124 297 304 308 324 347 365 441 479 492
8  44 57 114 173 199 231 284 459
15  39 51 53 106 155 187 198 199 210 280 310 317 356 406 437
6  58 76 204 278 466 473
11  4 6 110 122 230 281 296 344 435 440 480
9  4 5 38 44 45 61 138 264 482
7  81 170 176 223 332 348 467
9  79 90 111 125 313 374 434 470 491
11  30 34 83 162 217 247 248 387 395 423 496
6  28 52 107 133 352 452
7  72 209 282 385 415 437 440
6  164 222 250 252 332 435
4  223 250 356 461
9  30 43 103 152 196 330 342 364 469
9  26 107 136 150 171 174 253 336 413
9  0 17 34 64 177 220 296 302 306
6  64 75 115 163 336 422
7  7 83 110 216 226 252 424
7  12 117 195 247 303 385 468
12  9 40 55 63 106 161 314 318 372 410 417 488
9  0 1 97 115 169 177 308 399 420
8  16 92 183 234 292 356 366 469
11  19 142 149 156 180 257 350 353 397 421 469
12  12 20 41 131 143 196 217 226 324 363 444 486
9  18 171 190 198 239 414 446 470 494
2  120 464
12  30 36 96 120 157 193 198 239 275 352 404 430
6  51 105 211 294 403 487
7  27 57 126 300 364 458 473
6  90 170 234 277 379 430
5  15 134 284 302 443
5  2 50 109 333 477
3  216 236 341
13  80 84 93 114 124 150 162 179 182 183 200 282 396
8  8 10 31 53 113 220 239 291
10  27 117 165 184 260 326 425 460 468 476
7  122 139 149 308 326 391 415
9  86 114 125 207 281 364 401 439 494
15  70 72 168 180 181 192 227 235 250 342 387 413 447 466 495
9  44 84 137 173 259 342 363 370 443
9  50 126 136 143 183 275 293 361 396
4  44 274 325 354
10  80 126 167 185 212 275 370 443 467 489
9  59 60 107 123 268 308 362 397 493
5  3 274 335 399 447
5  24 129 142 237 393
9  172 209 245 274 298 357 365 375 385
8  47 70 97 101 335 365 394 431
7  78 117 169 238 289 371 412
6  0 59 93 307 372 429
6  232 293 295 343 369 428
7  45 93 143 183 305 427 494
12  26 63 83 127 138 223 240 253 290 305 426 499
8  76 81 101 272 376 403 406 455
8  157 173 190 238 286 311 350 424
8  8 104 271 298 317 451 456 492
7  40 49 60 228 256 319 374
7  83 91 225 325 384 438 450
9  23 77 83 158 231 263 359 381 388
7  108 121 159 279 321 325 374
9  9 82 136 304 322 373 379 387 492
10  16 50 62 70 144 188 211 264 351 434
8  14 146 184 240 267 352 367 414
10  3 53 165 238 291 305 309 356 381 387
8  127 231 242 281 298 342 377 473
6  16 85 257 286 365 369
10  76 105 136 186 266 312 372 407 416 419
5  42 208 232 250 400
8  23 46 324 352 366 370 373 494
7  75 99 117 161 347 401 453
13  24 43 49 96 107 123 163 215 279 334 415 421 499
8  67 108 120 185 197 320 375 492
4  34 90 167 495
8  106 128 142 175 231 292 368 434
12  83 92 94 110 165 227 230 298 305 364 432 464
9  6 27 44 106 128 256 268 386 470
6  158 270 299 318 446 478
10  14 36 58 109 121 170 220 223 322 328
8  46 82 108 121 180 342 346 430
7  21 178 259 368 432 460 480
8  15 60 66 105 159 186 199 479
7  33 244 305 371 405 459 479
12  100 110 115 141 158 201 251 256 299 346 378 458
11  4 21 56 67 181 194 242 254 412 456 472
7  51 151 207 245 389 476 487
10  6 8 10 33 73 120 204 258 332 474
8  2 112 127 170 174 198 258 491
9  40 160 259 293 312 373 402 451 491
9  2 31 175 261 281 289 297 479 481
9  37 94 121 224 361 366 380 415 490
9  20 85 152 172 266 330 349 383 419
11  0 143 144 179 227 260 306 366 395 412 486
8  79 137 210 279 319 390 398 399
9  19 24 46 163 358 384 401 452 483
8  79 150 165 185 199 219 365 373
6  28 98 219 315 460 496
6  53 103 177 380 405 441
8  34 40 132 172 183 256 315 462
8  33 85 118 120 155 271 288 350
7  12 24 45 46 296 412 461
5  18 154 175 282 408
7  0 15 123 228 258 348 453
10  1 35 146 149 312 377 457 458 465 487
10  0 123 136 143 203 208 230 308 381 456
7  52 83 220 233 298 340 465
1  382
7  8 35 45 53 187 217 470
6  58 94 148 192 270 488
6  61 69 162 245 250 308
6  94 221 319 375 400 468
10  3 67 135 190 284 295 359 404 461 479
7  1 46 71 129 285 396 484
11  63 146 159 176 209 228 284 286 300 302 419
3  92 168 466
10  33 42 144 177 286 318 364 384 463 464
12  1 42 160 254 261 316 334 336 377 432 437 448
5  49 111 121 135 420
9  55 118 319 325 364 401 414 428 445
8  6 100 126 202 276 283 415 449
7  29 57 219 231 312 385 472
2  193 308
4  14 49 277 344
8  10 20 145 165 197 290 429 447
10
