2.41861710548 0.0901573092832 2.1 1.7763568394e-15
2.43133045673 0.0901614043021 1.901 0.0
2.4576139164 0.0903461836094 1.798 1.55431223448e-15
2.49401836395 0.0905293897382 1.723 8.881784197e-16
2.60812178135 0.0913423662908 1.672 1.55431223448e-15
2.76784610748 0.0921776178245 1.633 2.22044604925e-16
2.86373851299 0.0927816556887 1.597 4.4408920985e-16
3.09655901909 0.0958141889852 1.566 1.33226762955e-15
3.23363203526 0.0972568200704 1.537 4.4408920985e-16
3.4297901535 0.0997933525897 1.511 2.22044604925e-16
3.53637683392 0.101331352361 1.486 6.66133814775e-16
3.64855518818 0.102245168583 1.462 1.99840144433e-15
3.79006340504 0.104084086214 1.439 8.881784197e-16
4.23223213196 0.11300656726 1.419 1.33226762955e-15
4.41419044018 0.117056453526 1.4 2.22044604925e-16
4.42769751072 0.117315753037 1.381 0.0
4.79136219978 0.126291598994 1.364 8.881784197e-16
4.82204737186 0.127089805875 1.347 4.4408920985e-16
5.26842600822 0.138167187094 1.332 4.4408920985e-16
5.28012142181 0.138587785691 1.317 0.0
