1.97834422112 0.114795748621 2.71128 0.757847426333
2.70658473492 0.117955672779 2.44958 0.704492131681
3.06573778152 0.0816773852718 2.296 0.673111669784
3.45562303066 0.114444552108 2.17978 0.649320823322
3.83379109383 0.191111482364 2.08628 0.630197748012
4.09375573635 0.244490712125 2.0083 0.614230876788
4.32308261395 0.292746058829 1.94324 0.600922942148
4.66063355446 0.357488771171 1.88764 0.58956108284
5.00853275776 0.427640758303 1.8399 0.579807390432
5.31147672176 0.495271518472 1.79862 0.571372659129
5.59665534496 0.548623931354 1.76216 0.563922667039
5.91080049992 0.613355160538 1.7302 0.557398564763
6.16836351395 0.665560551443 1.70138 0.551514311328
6.43371869564 0.723211726098 1.67534 0.546190685018
6.68825144291 0.776914784374 1.65148 0.541318879774
6.97352547646 0.83143605399 1.62968 0.536867486071
7.18541464329 0.872922151616 1.60938 0.532723488876
7.33793293476 0.90288642315 1.59 0.528767737291
7.57322624683 0.952029846979 1.57194 0.525079857165
7.75118311405 0.986810523516 1.55474 0.521568473357
