1.99352843285 0.0752687689992 2.78594 0.54151795575
2.74487318039 0.0847042581345 2.52078 0.503355591605
3.08375126839 0.0935501151749 2.3641 0.480894676618
3.48655026913 0.123655085786 2.24532 0.463913502282
3.86892154217 0.161454305311 2.1493 0.450149719538
4.14924316883 0.206487616258 2.06986 0.438783318279
4.38841212749 0.232245584459 2.0036 0.429300314465
4.74318208694 0.285874653304 1.9471 0.421195453442
5.0887691021 0.327373644134 1.89828 0.414194545594
5.4287598896 0.400844064342 1.85638 0.408191469289
5.7344444561 0.441128450966 1.81954 0.402914443027
6.06009496689 0.49955670648 1.78722 0.398283381024
6.32804603577 0.531507349419 1.75802 0.394101839123
6.5982337904 0.570649097065 1.73148 0.390296566216
6.85820241928 0.613554014692 1.70714 0.386813443924
7.14923074245 0.668401830844 1.68474 0.383607445705
7.37934213161 0.696520139587 1.66398 0.380639014816
7.58758357048 0.712645927559 1.6445 0.377852365349
7.80781388283 0.778212760403 1.62612 0.375225939402
7.96753858566 0.791814255206 1.60856 0.372718347281
