2.25254293442 0.164645242364 2.5129 0.18352626515
2.92135500908 0.155169284735 2.4003 0.14884021634
2.92817698479 0.152729806063 2.32392 0.127630692233
2.9373549509 0.151080156673 2.2651 0.11324173259
2.95049021244 0.147435984789 2.21692 0.104329064023
2.96325638771 0.146338485691 2.17458 0.0960418846129
2.978072052 0.146806101753 2.1363 0.0890074715965
2.99124316692 0.143224753987 2.10144 0.0830674810019
3.01249931812 0.142789499169 2.07008 0.0784425496781
3.02936680794 0.145608221877 2.04058 0.0741242443469
3.04863955021 0.143338243246 2.01312 0.0700946902411
3.07230888367 0.142224048324 1.98772 0.0665387225606
3.09823095322 0.143715467213 1.96394 0.0639053706663
3.13093660831 0.146279504498 1.94164 0.0617617227739
3.15365750313 0.147338790754 1.92054 0.0598445352559
3.18611794472 0.152130424271 1.90068 0.0582698687145
3.21110433578 0.157472191359 1.88156 0.0567278273866
3.24139827728 0.162637675065 1.8634 0.0551905789062
3.27229641438 0.166372372721 1.84604 0.05363057337
3.30504307747 0.170876133909 1.8294 0.0523809125541
