5.77354431152e-05 5.49198840064e-06 2.9188 0.23430595383
1.70135498047e-05 7.80266463054e-07 2.6752 0.18177403555
1.71709060669e-05 6.76856867181e-07 2.57876 0.142481656363
1.72233581543e-05 7.81431214356e-07 2.41064 0.182199644347
1.78289413452e-05 7.02894202118e-07 2.37272 0.110514078741
2.84481048584e-05 1.4332427336e-06 2.3266 0.125164212137
2.15005874634e-05 6.97047205758e-07 2.24832 0.0882683272754
2.1824836731e-05 8.24818024957e-07 2.17548 0.113955647513
2.21538543701e-05 8.25685913922e-07 2.15946 0.0923236069486
2.22969055176e-05 7.60312325592e-07 2.10036 0.105139670914
2.26736068726e-05 6.93056194961e-07 2.07814 0.0883692276757
2.28643417358e-05 8.22112066725e-07 2.05116 0.096727733355
2.35271453857e-05 7.03136771819e-07 2.01988 0.0700190374113
2.357006073e-05 8.07827448091e-07 1.97958 0.0867949514661
2.4209022522e-05 6.79739689784e-07 1.97322 0.0754915333001
2.42710113525e-05 7.77697869792e-07 1.95028 0.0759992210486
2.50196456909e-05 7.26938208583e-07 1.91774 0.0682954786205
2.52962112427e-05 6.12972265824e-07 1.90856 0.0660315560925
2.57921218872e-05 6.26619182696e-07 1.87744 0.0629790949443
2.60496139526e-05 6.70647349502e-07 1.87948 0.051905005539
