6.20222091675e-05 7.21428146431e-06 4.2072 1.10126076839
1.66034698486e-05 5.98919619297e-07 3.3576 0.549228950439
1.66797637939e-05 6.95855573538e-07 3.25748 0.459774694388
1.72424316406e-05 1.80723170167e-06 3.17028 0.456212715298
1.75142288208e-05 7.92482699459e-07 2.99292 0.335328366829
2.80427932739e-05 1.22584251992e-06 2.95618 0.32167335544
2.10857391357e-05 7.95275182319e-07 2.86248 0.320031263473
2.14290618896e-05 7.68344330962e-07 2.7681 0.259628214954
2.16293334961e-05 7.89363553874e-07 2.74302 0.25217513676
2.20632553101e-05 7.10807318619e-07 2.6661 0.219035362442
2.23541259766e-05 6.91923414124e-07 2.70284 0.232098889269
2.24351882935e-05 7.6331189125e-07 2.64682 0.267572845408
2.29549407959e-05 8.78002112311e-07 2.59768 0.204908998338
2.31504440308e-05 6.38409988355e-07 2.57888 0.178693216435
2.36463546753e-05 7.84523933387e-07 2.55622 0.174831266082
2.41231918335e-05 6.92136978344e-07 2.52802 0.16101173746
2.46286392212e-05 7.66284879684e-07 2.48584 0.184940137342
2.47383117676e-05 6.5477920127e-07 2.4935 0.198776583128
2.52103805542e-05 5.77760584428e-07 2.4294 0.154298671414
2.5520324707e-05 7.23096469393e-07 2.43798 0.163428821204
