5.70440292358e-05 5.92273405088e-06 3.2573 0.196689018504
1.65510177612e-05 6.81209904664e-07 2.90888 0.0851010317211
1.68561935425e-05 6.40188292603e-07 2.77208 0.0784874104554
1.69086456299e-05 6.28702153162e-07 2.63092 0.0747951442274
1.72328948975e-05 7.24792480469e-07 2.53524 0.0550685245853
2.81667709351e-05 1.27326236231e-06 2.46106 0.0524589020091
2.10475921631e-05 8.28709508398e-07 2.38956 0.0448156936798
2.1390914917e-05 6.27253862473e-07 2.32464 0.0427582787306
2.18391418457e-05 1.00927402918e-06 2.28148 0.0449454068844
2.21681594849e-05 9.37430807164e-07 2.23452 0.044865238214
2.24685668945e-05 7.7265278246e-07 2.19186 0.0451247204977
2.24924087524e-05 6.42598888866e-07 2.14848 0.0392169555167
2.3078918457e-05 7.44843452063e-07 2.10806 0.0502762011294
2.34937667847e-05 9.82110924793e-07 2.08582 0.0384648878849
2.38609313965e-05 6.80792552855e-07 2.04664 0.0439412152768
2.41422653198e-05 7.53659192623e-07 2.00922 0.0379263971397
2.46381759644e-05 7.87301325177e-07 1.98764 0.0326280615422
2.48432159424e-05 9.03477445674e-07 1.95852 0.0376128914071
2.53009796143e-05 6.46180328998e-07 1.9383 0.0302775494385
2.55918502808e-05 6.06183632973e-07 1.91432 0.0265709917015
