0.0835980558395 0.000551957219958 2.88248 0.042525399469
0.123576850891 0.000922707766277 2.60766 0.0308185723225
0.15633934021 0.00157046627382 2.45038 0.025156223882
0.183277578354 0.00233158340566 2.33026 0.0230206950373
0.205572347641 0.00317967528915 2.23492 0.0210948714146
0.223958926201 0.00399576971063 2.15738 0.018368331443
0.239139609337 0.00468501697632 2.09348 0.0174530684981
0.251632609367 0.0053072542819 2.0396 0.0163682619725
0.261901907921 0.00585377034947 1.99304 0.0164109231916
0.270245928764 0.00634973755481 1.95088 0.0155121113972
0.277038841248 0.00679988230657 1.91556 0.0134612926571
0.282560472488 0.00720719595836 1.88412 0.0116097200655
0.287003850937 0.00753335166239 1.85634 0.012133606224
0.290578241348 0.00780079282887 1.83062 0.0119814690251
0.293427424431 0.00804567549846 1.80698 0.0129622374612
0.295680909157 0.00823776987709 1.7865 0.0127941392833
0.297448496819 0.00840546771613 1.76796 0.0127717813949
0.298831577301 0.00856205722752 1.75192 0.012953516897
0.299894595146 0.00869633128055 1.7367 0.0134406101052
0.300696511269 0.00880501587362 1.72278 0.0134153494177
