0.098932185173 0.00142992560756 2.05216 0.00866108538233
0.126606054306 0.00168214780618 1.87194 0.0145415404961
0.141672759056 0.00186304682079 1.77728 0.0125060625298
0.150039906502 0.00199891168848 1.70658 0.00852077461267
0.154851303101 0.00215148981801 1.64812 0.0126358854063
0.157730727196 0.00224152559203 1.5996 0.0132393353307
0.159550113678 0.00230398340512 1.56486 0.0167116845351
0.160722961426 0.00235601709932 1.53572 0.018438047619
0.161493635178 0.00240083287902 1.51662 0.0203203248006
0.162018041611 0.00243840957683 1.50478 0.0213675361238
0.162360949516 0.00246451261785 1.49872 0.0217614705385
0.162618513107 0.0024716919139 1.49454 0.022210096803
0.162841191292 0.00247366213148 1.49038 0.0222978833076
0.163057718277 0.0024731998944 1.4863 0.022204729226
0.163273897171 0.00247286250895 1.48266 0.0220677230361
0.163489518166 0.00247277004937 1.47976 0.0217205524792
0.163706011772 0.0024725894963 1.47622 0.021693584305
0.163921222687 0.00247240563053 1.47258 0.0215156594136
0.164136371613 0.00247226944346 1.46904 0.0212687188143
0.164351363182 0.00247248372234 1.46536 0.0211270064136
