
***ForestFire:  GeoFire  Nodes:1000  StartNodes:1  Take2AmbProb:0
                FwdBurnP:0.35  BckBurnP:0.354  ProbDecay:1  Orphan:0
(1000, 7088)  burned: [2,3,1]  [0.02s]
1000
153  1 2 4 5 6 8 9 11 12 14 15 16 20 21 23 24 26 29 30 32 34 36 38 39 47 53 56 73 78 84 88 92 94 103 109 111 112 121 130 133 134 151 153 154 160 178 182 183 188 190 197 203 211 224 239 240 245 255 262 266 268 270 285 286 295 300 313 328 330 343 354 359 360 367 377 380 384 400 425 426 428 431 436 442 468 472 478 479 492 495 496 500 504 505 522 523 532 536 548 549 579 581 587 597 599 603 611 627 632 640 645 648 675 676 704 706 715 716 724 730 731 740 757 777 782 788 792 793 796 806 820 822 828 848 850 854 857 859 862 887 893 894 898 905 931 932 935 936 949 976 979 982 992
50  0 11 14 16 21 24 26 39 67 94 151 160 171 197 211 224 285 295 330 354 377 381 400 425 426 442 492 496 504 505 522 539 573 581 592 599 627 632 645 675 730 796 822 828 857 893 894 949 976 982
100  0 3 4 6 12 15 16 20 24 30 36 39 44 47 72 73 84 94 95 109 111 112 113 128 130 151 160 182 183 197 211 245 246 255 257 266 270 284 286 294 295 313 325 328 330 354 367 377 380 384 400 425 426 428 442 479 492 495 496 504 505 522 536 555 573 581 597 599 627 640 645 675 676 703 704 706 716 730 757 777 782 788 792 796 820 828 848 854 857 887 893 894 896 931 932 935 936 949 976 982
22  2 15 20 130 212 245 266 270 285 325 360 478 505 522 627 639 652 730 796 848 896 936
108  0 2 5 6 9 12 15 17 18 20 24 25 30 33 38 47 48 52 65 73 84 95 108 111 112 130 133 151 160 176 183 197 203 211 224 245 252 255 266 270 271 284 285 286 294 300 313 325 328 330 333 349 360 372 377 380 384 386 398 400 431 442 470 478 479 493 495 496 497 505 519 522 536 548 581 592 597 622 627 640 645 675 676 704 740 751 757 777 782 788 792 793 796 828 848 857 859 887 893 894 895 912 932 936 949 976 979 982
82  0 4 6 7 8 9 20 24 27 30 47 66 73 84 109 111 130 151 160 172 183 188 197 200 203 224 227 255 270 284 294 313 330 377 380 386 400 426 431 442 478 495 496 500 505 522 533 536 548 559 612 627 632 640 645 648 675 676 704 716 730 740 757 792 796 838 848 850 857 859 887 893 894 901 905 912 925 932 949 961 979 991
60  0 2 4 5 7 8 10 20 24 39 47 79 84 109 111 113 133 151 162 197 203 245 255 270 284 286 294 313 330 367 377 390 400 420 425 442 478 505 522 532 536 548 555 573 581 627 675 725 730 757 792 796 848 857 877 887 893 894 949 976
41  5 6 8 20 24 26 39 41 59 62 84 200 203 224 245 255 264 270 286 294 313 330 377 478 505 536 592 730 759 761 791 792 796 820 838 848 857 887 949 951 982
51  0 5 6 7 15 20 21 24 25 30 39 69 84 126 151 180 203 206 211 252 255 270 286 313 328 330 360 377 400 497 505 522 536 611 627 640 645 730 757 796 848 850 857 887 893 895 905 949 951 976 982
80  0 4 5 12 13 15 20 23 24 25 29 30 35 38 39 47 84 102 130 144 151 156 160 176 183 197 203 211 224 237 252 255 267 270 284 286 300 330 332 333 377 380 381 386 400 425 426 431 442 459 478 479 495 496 505 513 522 536 611 645 676 730 757 777 786 792 793 796 828 848 857 893 894 898 912 932 936 949 951 982
21  6 20 24 151 203 255 284 390 442 505 562 581 591 608 788 792 829 834 893 936 949
34  0 1 14 16 20 24 151 153 160 171 188 211 255 285 330 377 386 400 425 431 492 536 539 581 592 599 632 730 796 828 857 935 949 976
68  0 2 4 9 14 15 18 20 24 25 30 37 39 72 84 95 116 130 151 160 183 188 211 239 245 255 262 270 286 330 377 400 425 426 442 478 479 492 495 496 504 505 510 536 539 566 581 592 611 645 676 704 706 716 730 751 782 796 828 857 887 893 894 931 936 949 977 982
26  9 15 25 28 51 130 144 151 182 224 225 270 332 360 381 499 645 675 730 757 796 820 848 857 936 951
50  0 1 11 12 16 20 24 32 40 84 92 96 111 121 123 131 148 151 155 160 197 211 255 262 270 377 400 425 426 451 492 504 522 539 581 599 611 645 654 675 676 704 730 796 848 857 876 893 949 976
76  0 2 3 4 8 9 12 13 17 20 21 24 25 30 38 47 50 95 102 130 144 151 160 175 176 180 197 203 211 224 225 235 242 252 255 266 270 284 285 300 313 328 330 333 360 377 395 400 478 497 505 522 536 581 627 645 653 675 704 730 757 784 786 792 796 820 828 848 857 894 901 902 932 936 949 982
63  0 1 2 11 14 19 20 24 31 32 39 79 84 100 111 112 128 151 160 180 188 200 211 240 245 255 270 300 321 330 356 386 400 425 426 431 442 492 504 505 573 581 592 599 611 632 640 645 675 676 730 796 819 822 828 857 887 893 894 902 936 949 976
54  4 15 20 24 25 30 38 50 63 95 130 158 160 175 176 180 203 239 242 252 255 266 270 285 286 328 331 333 377 386 398 445 478 491 495 496 497 505 522 573 581 597 613 645 730 792 796 828 848 857 894 912 949 982
42  4 12 20 22 24 25 39 54 72 116 151 160 183 211 219 239 243 245 255 294 330 349 357 431 479 505 581 611 645 676 704 751 782 792 793 796 857 893 894 931 936 949
17  16 39 42 45 90 100 151 200 240 255 270 330 400 573 588 730 949
64  0 2 3 4 5 6 7 8 9 10 11 12 14 15 16 17 18 21 22 24 25 30 39 41 50 64 151 160 183 188 197 200 203 211 255 285 300 330 380 389 390 400 478 479 492 495 504 505 510 522 611 645 646 675 704 730 759 792 796 806 848 894 902 949
46  0 1 8 15 20 22 25 30 34 69 94 151 160 168 176 179 197 199 200 203 215 219 246 268 294 330 360 426 428 495 496 522 622 627 645 675 730 792 828 848 893 894 901 931 932 936
40  18 20 21 30 34 39 50 64 69 151 154 178 183 188 203 214 219 255 268 294 309 380 426 431 479 496 505 522 581 627 645 793 820 828 848 894 902 905 931 949
36  0 9 25 29 30 39 78 94 130 134 151 183 203 211 255 273 285 330 332 362 377 479 522 611 645 675 676 704 730 793 796 848 861 893 936 949
77  0 1 2 4 5 6 7 8 9 10 11 12 14 15 16 17 18 20 25 26 30 38 39 47 50 55 79 92 111 112 130 131 151 160 176 180 211 242 252 255 263 284 285 313 322 330 377 380 426 442 452 492 495 505 522 566 573 592 608 622 645 675 730 757 777 792 796 848 857 859 893 894 935 936 949 961 965
66  4 8 9 12 13 15 17 18 20 21 23 24 29 30 34 38 39 69 78 92 94 95 109 144 151 160 181 182 183 188 211 270 285 294 313 360 377 426 478 479 495 496 497 498 505 522 581 611 627 645 730 792 796 828 848 854 857 861 887 893 894 895 901 936 949 961
27  0 1 7 24 30 38 39 50 133 224 284 286 300 400 426 477 478 549 560 573 581 704 730 731 796 820 949
22  5 43 60 66 93 147 152 172 197 226 284 366 559 645 704 739 806 815 820 925 976 991
7  13 83 191 341 363 796 857
47  0 9 23 25 30 38 39 47 86 111 151 156 176 181 183 209 211 253 284 294 300 330 332 333 348 377 426 431 478 495 505 522 548 581 622 645 675 676 730 735 822 854 857 893 894 936 949
62  0 2 4 5 8 9 12 15 17 20 21 22 23 24 25 26 29 38 47 50 73 95 130 151 160 182 188 197 203 225 235 252 255 270 294 300 431 442 478 495 496 505 522 573 581 592 611 613 627 640 645 675 704 792 796 848 861 893 894 901 902 949
16  16 39 79 127 133 140 188 386 391 426 505 599 822 848 893 976
24  0 14 16 84 96 111 145 151 255 270 330 425 431 548 564 581 646 654 704 796 806 848 857 949
11  4 49 107 211 220 255 265 496 536 656 893
45  0 21 22 25 46 50 54 78 92 94 95 154 157 160 166 183 203 219 255 270 273 313 330 377 380 400 445 479 496 581 611 627 645 792 820 848 893 894 898 901 931 932 949 976 996
18  9 47 74 75 94 151 160 267 325 425 442 496 505 777 828 857 893 894
26  0 2 47 58 109 133 209 211 219 239 252 313 426 492 496 497 627 730 792 848 854 893 931 935 949 982
10  12 183 211 382 426 505 706 730 796 935
53  0 4 9 15 17 24 25 26 29 30 39 47 71 92 97 111 133 150 160 183 203 211 255 262 284 285 286 294 300 377 400 426 431 478 485 495 503 505 522 524 581 645 675 792 796 820 828 857 893 894 895 936 949
92  0 1 2 6 7 8 9 12 16 18 19 20 22 23 24 25 26 29 31 38 42 47 50 54 71 72 79 86 92 94 100 105 106 110 130 131 133 150 151 160 176 178 181 183 197 200 203 211 219 240 245 255 257 270 286 294 333 356 377 386 400 426 478 479 490 492 495 505 512 514 532 536 573 581 645 676 716 730 792 793 796 848 857 893 894 901 931 936 949 961 977 982
19  14 123 155 160 255 262 313 361 431 453 539 645 675 717 730 857 876 893 982
13  7 20 84 151 300 330 377 400 478 479 792 894 949
19  19 39 57 76 94 100 200 240 244 255 463 573 645 671 676 682 857 893 949
11  27 60 119 186 241 284 366 556 666 814 820
4  2 221 314 367
5  19 240 276 573 941
25  34 54 92 94 151 154 183 211 213 218 255 286 367 384 426 473 479 496 592 611 645 893 894 931 976
72  0 2 4 5 6 9 15 24 29 30 35 36 38 39 61 68 74 75 79 92 94 100 109 111 131 133 148 151 160 178 180 182 183 188 200 203 209 211 219 255 284 296 300 313 377 400 426 468 469 492 495 505 522 555 581 675 704 730 770 777 796 797 828 848 854 857 893 894 902 912 936 949
9  4 52 530 554 627 723 807 830 895
9  33 70 87 164 211 220 496 613 977
39  15 17 20 22 24 26 30 34 39 54 78 92 94 130 131 154 203 219 270 313 377 426 479 495 573 579 613 627 640 645 675 676 792 828 857 893 894 901 949
10  13 130 141 203 224 381 509 730 796 932
21  4 48 65 80 82 161 203 211 292 294 325 352 400 442 493 620 627 645 912 980 982
9  0 81 190 336 343 354 472 732 993
36  18 34 39 46 50 78 92 94 109 151 154 183 188 197 255 313 356 377 400 426 431 473 479 536 611 627 645 765 796 848 893 894 895 949 976 982
8  24 120 180 322 405 455 608 777
2  0 367
11  42 77 98 122 159 244 448 573 671 682 827
9  36 104 109 133 211 313 522 579 647
4  7 330 791 949
4  27 43 186 366
22  47 79 85 105 133 148 151 162 209 252 284 296 354 377 426 611 676 730 757 848 893 949
8  7 187 264 299 494 761 763 984
9  17 89 130 242 252 478 522 894 992
13  20 22 69 137 255 315 360 426 496 515 675 861 893
15  4 52 130 161 184 203 313 325 400 439 481 506 561 645 848
11  5 27 284 495 716 766 796 854 901 902 976
3  1 344 914
13  47 94 203 284 313 339 431 545 675 728 730 894 969
19  8 21 22 25 64 154 255 360 426 468 496 716 730 744 796 861 887 893 933
10  49 91 164 196 220 256 421 613 938 982
23  38 39 79 92 94 100 105 148 183 294 377 400 495 503 505 573 611 627 645 796 857 931 949
31  2 12 18 39 94 95 117 129 130 151 160 167 178 183 189 193 207 239 245 255 346 442 482 495 581 645 716 792 935 936 949
26  0 2 4 5 30 136 160 188 203 211 252 271 313 354 400 431 581 627 640 675 730 740 796 848 936 982
11  35 47 75 94 151 284 372 796 894 904 976
20  35 47 74 79 94 131 151 172 182 284 360 377 424 426 645 796 806 894 931 935
11  42 200 255 553 573 676 682 918 932 949 982
3  57 448 573
52  0 23 25 34 50 54 88 92 94 95 103 109 134 151 154 172 182 183 197 203 211 233 255 270 273 286 313 365 377 426 479 522 581 597 611 627 645 675 676 704 716 730 770 792 820 848 893 894 901 949 977 996
54  6 16 24 31 39 47 61 71 75 85 92 94 105 133 148 151 160 162 170 180 188 200 203 211 245 252 255 270 284 294 295 328 377 391 400 426 431 442 504 505 532 573 611 645 788 796 828 857 887 893 894 935 949 982
4  52 161 439 481
7  53 190 305 336 343 880 993
14  52 114 149 161 205 320 376 454 493 582 619 620 645 912
7  28 138 191 228 341 363 796
54  0 2 4 5 6 7 8 9 12 14 16 32 41 96 121 145 146 151 195 197 203 211 224 245 247 255 257 270 298 377 380 431 478 479 496 505 522 536 564 581 645 704 730 740 796 828 848 857 893 894 936 949 982 992
21  61 79 105 133 148 151 160 162 296 354 377 384 391 505 573 581 611 645 730 893 967
14  29 39 94 151 156 176 181 183 294 434 730 931 936 949
7  49 139 211 220 359 401 496
17  0 78 103 151 154 183 194 197 255 286 508 609 645 730 792 796 949
5  63 242 259 773 992
7  19 99 223 370 573 781 982
4  70 542 571 690
59  0 14 24 25 34 38 39 46 47 50 54 71 78 79 94 105 115 123 131 133 148 151 154 160 183 188 197 201 204 211 255 262 270 273 281 313 367 400 431 478 536 546 581 611 623 627 645 704 826 857 861 885 887 893 931 936 949 976 982
6  27 226 284 409 645 700
66  0 1 2 21 23 25 34 35 39 42 46 47 50 54 68 71 72 74 75 78 79 86 92 95 109 131 148 151 160 182 183 197 200 203 211 229 255 270 284 295 313 360 377 380 400 431 436 468 495 496 505 522 581 611 645 676 704 780 792 848 894 904 912 931 949 977
55  2 4 12 15 17 25 30 34 72 78 94 109 130 131 144 151 154 160 162 178 182 183 203 219 239 242 252 255 270 313 353 377 400 445 486 495 496 497 522 573 581 611 645 704 730 770 788 792 796 828 857 893 949 977 982
20  14 32 84 121 145 217 270 479 548 564 581 611 646 654 704 796 806 848 857 949
12  38 101 150 216 294 522 563 665 792 895 916 935
9  57 159 448 573 605 671 745 827 928
10  90 124 370 444 544 573 645 714 899 982
22  16 19 39 42 47 71 131 151 200 255 270 468 505 536 627 645 655 675 857 893 932 949
6  97 118 150 285 895 935
6  9 15 144 237 513 645
24  0 78 88 134 151 154 183 233 252 255 270 273 384 597 611 645 676 716 730 806 891 936 949 996
3  58 277 647
31  39 61 71 79 85 92 131 133 148 151 160 162 203 245 255 284 294 296 377 400 505 573 581 611 627 675 772 796 893 894 982
14  39 110 130 200 240 269 386 645 676 730 792 828 848 857
6  33 198 211 478 536 813
22  4 112 160 182 183 188 197 211 252 270 271 294 377 640 676 730 786 788 806 857 902 949
47  0 2 5 6 25 36 47 54 58 78 94 95 133 151 154 178 182 197 211 219 255 313 431 446 495 496 522 579 581 597 612 627 632 645 660 687 701 704 716 792 848 894 935 936 949 972 982
15  39 106 200 236 240 287 386 442 499 551 599 676 792 848 949
32  0 2 4 5 6 14 16 24 29 32 38 47 113 131 151 160 162 183 255 282 367 400 431 505 548 564 676 796 848 857 893 935
18  0 2 4 16 24 108 151 160 211 285 294 324 380 396 495 499 857 875
9  2 6 111 245 367 400 440 447 645
9  82 149 275 320 454 620 645 674 878
17  92 131 201 204 231 281 283 374 385 546 581 623 705 826 885 897 939
12  12 18 125 151 160 255 566 704 782 848 857 894
1  72
6  101 143 150 279 742 935
4  43 132 284 981
3  55 572 696
15  0 14 84 96 145 197 211 564 581 646 793 796 806 848 982
5  57 448 573 604 671
30  14 40 92 131 148 155 160 197 219 255 262 293 313 400 431 451 537 581 645 651 715 730 740 748 848 854 893 901 949 959
8  99 335 444 544 573 645 714 982
3  116 160 566
9  8 234 255 286 377 669 796 850 951
10  31 133 135 160 428 541 645 848 936 976
8  2 16 151 160 505 648 675 931
6  72 167 189 573 638 730
60  0 2 3 4 5 9 12 13 15 17 23 24 30 39 50 51 63 65 72 95 106 131 151 162 183 197 203 211 240 245 270 284 325 332 333 377 380 398 400 442 478 479 495 499 509 536 561 573 579 611 645 704 716 796 828 848 857 893 949 962
45  14 24 39 47 50 75 92 94 95 100 105 111 115 123 130 148 151 160 182 188 197 203 211 219 239 245 255 286 367 377 380 398 400 442 486 505 522 536 581 675 796 893 894 949 982
5  119 208 261 388 981
41  0 4 6 26 31 36 38 39 47 58 61 79 85 92 105 109 127 148 151 160 165 178 188 211 252 255 284 294 377 400 469 477 505 522 581 627 645 730 769 806 931
23  0 23 78 103 151 182 183 211 255 273 479 522 527 581 611 627 645 675 704 730 793 796 893
5  127 160 428 893 932
9  73 142 211 294 323 354 431 581 645
10  64 163 315 360 426 496 515 581 634 675
7  83 191 228 341 460 796 860
11  87 220 265 394 443 496 522 536 771 893 977
1  31
2  51 733
3  136 354 676
4  118 432 812 911
17  9 13 15 25 95 102 176 180 185 242 333 495 513 522 622 645 949
16  32 84 96 121 197 245 255 280 492 505 564 581 646 796 848 893
7  84 197 270 298 400 581 586
8  27 152 172 251 559 645 739 806
44  14 47 61 71 79 85 92 94 105 123 131 133 151 155 160 162 165 174 178 183 211 245 255 270 281 293 294 360 377 505 573 581 611 616 645 675 717 730 757 797 828 857 901 961
5  82 114 320 619 779
15  38 39 97 101 118 160 285 330 665 672 820 832 857 895 935
123  0 1 2 4 5 6 8 9 10 11 12 13 14 15 16 18 19 20 21 22 23 24 25 29 30 32 35 39 41 46 47 54 61 72 74 75 78 79 84 85 86 88 92 94 95 100 103 105 109 111 112 116 128 130 131 133 134 148 154 155 160 162 172 176 178 180 182 183 188 197 200 203 211 252 255 281 284 300 313 324 325 330 360 372 377 384 400 425 431 477 478 496 505 536 573 581 597 611 627 645 648 675 704 730 772 777 786 794 796 802 820 843 848 857 861 868 875 893 902 932 935 949 972
8  27 147 172 251 365 559 716 806
8  0 11 160 190 343 377 828 862
53  0 22 34 46 50 54 69 78 88 92 95 103 109 151 178 183 194 197 203 211 219 252 255 270 313 377 383 426 431 495 505 522 579 581 611 645 715 716 730 757 792 796 828 841 843 848 887 893 894 901 949 974 982
22  14 40 123 148 151 160 210 255 262 293 313 400 426 451 453 539 645 675 717 730 876 982
13  9 29 86 173 176 181 294 429 645 735 931 936 949
5  34 177 380 479 949
6  17 160 461 491 581 796
6  57 98 448 573 671 827
108  0 1 2 4 5 9 11 12 14 15 16 17 18 20 21 24 25 30 34 35 38 39 40 47 72 73 79 85 92 94 95 105 108 111 112 116 123 125 127 128 131 133 135 148 150 151 153 155 158 162 182 188 203 211 230 242 252 255 262 270 285 294 296 300 313 330 343 354 360 377 380 391 400 426 428 442 461 475 477 479 496 505 522 533 539 559 566 581 627 645 675 676 730 769 770 772 792 796 806 820 848 857 893 912 932 949 980 982
7  52 65 80 82 306 439 561
43  6 61 79 85 95 105 111 130 148 151 160 165 172 203 245 255 270 295 332 354 359 367 377 400 420 442 478 492 496 573 581 675 676 704 757 788 796 828 857 893 901 935 982
6  137 289 315 360 426 496
14  49 70 169 196 220 255 402 414 492 613 645 788 857 977
17  133 148 162 192 245 255 270 400 422 505 529 675 688 697 792 828 964
5  34 183 219 273 377
9  72 129 178 371 573 645 730 792 868
8  21 197 246 255 522 645 693 893
9  164 196 220 414 478 492 613 645 977
3  79 438 505
6  1 11 211 431 581 599
23  5 27 75 78 147 151 152 162 183 197 203 219 255 284 365 377 559 597 645 806 814 894 945
8  156 248 338 387 403 583 658 931
4  148 254 717 730
24  15 17 176 180 225 242 252 270 333 358 377 427 478 505 522 597 613 644 645 757 793 857 894 980
35  4 9 15 17 21 24 29 39 86 144 151 156 175 180 200 224 225 235 252 255 300 333 360 384 478 495 522 622 645 757 792 931 949 965 980
4  157 479 919 949
41  0 22 39 47 72 95 109 133 148 151 154 167 183 194 200 211 240 242 252 258 313 380 426 477 522 573 579 581 611 645 730 750 784 792 820 828 848 868 894 912 972
2  21 495
37  8 15 16 17 24 47 55 79 144 151 175 176 188 200 224 235 242 252 300 313 328 395 400 426 478 505 522 592 645 653 689 757 850 887 895 901 949
13  25 29 39 86 156 211 253 294 316 581 730 936 975
62  0 2 13 25 30 47 75 78 94 95 108 109 131 134 151 160 183 188 197 203 211 219 224 242 245 252 255 262 270 278 312 313 333 360 377 380 423 431 468 478 479 495 496 505 522 536 581 607 611 640 645 675 676 730 740 770 792 796 893 912 949 980
87  0 2 4 5 9 12 18 20 22 23 25 29 34 37 38 39 46 47 54 71 72 78 86 88 92 94 95 103 108 111 130 134 148 151 154 166 172 178 182 188 194 200 202 203 211 219 240 255 262 270 273 294 300 330 345 377 386 400 442 474 478 479 505 522 536 627 645 676 686 703 704 706 730 752 757 792 806 848 861 893 894 901 935 949 961 976 982
4  65 329 631 817
1  144
6  43 60 241 272 366 666
4  62 299 494 763
55  0 5 11 12 16 20 22 25 30 31 47 54 73 79 92 108 131 133 151 160 180 182 183 197 203 211 214 219 252 255 270 284 291 294 321 343 377 380 400 408 426 431 478 496 522 536 632 645 675 704 769 792 893 894 905
3  72 129 601
11  0 53 81 153 249 343 354 377 505 581 862
6  28 83 138 341 796 847
4  165 270 415 422
2  72 936
18  88 154 178 183 200 203 211 240 252 255 286 377 400 442 645 710 982 994
13  84 197 246 247 255 270 367 377 479 611 645 740 893
15  70 164 169 220 222 297 379 421 492 613 614 664 680 982 989
75  0 1 2 4 5 6 9 14 15 20 21 27 30 39 54 78 84 88 92 94 108 109 121 123 130 131 145 146 151 154 168 172 182 188 195 211 219 245 246 255 262 270 284 285 313 330 333 367 377 380 400 417 426 431 478 495 510 536 559 564 579 581 611 645 676 740 793 796 806 848 893 894 901 980 982
6  107 211 278 478 536 898
3  21 215 935
43  5 7 16 19 20 21 39 42 47 76 79 94 100 106 110 151 176 178 180 183 194 203 224 240 255 284 386 400 426 495 510 573 581 599 632 645 730 759 839 857 932 949 982
6  92 115 337 546 885 897
7  183 203 252 262 400 627 675
93  0 4 5 6 7 8 9 10 15 17 20 21 22 23 30 34 38 39 47 50 51 52 65 68 73 78 79 84 94 95 105 130 131 151 154 160 162 172 182 183 188 194 200 202 211 214 215 219 224 238 252 255 270 284 286 300 313 325 377 400 420 426 431 442 461 475 479 495 496 505 560 573 581 611 620 627 645 675 710 730 757 796 828 848 893 894 902 905 912 932 935 949 977
9  92 115 255 546 667 705 721 885 897
5  82 376 493 626 912
5  8 252 255 360 887
6  72 442 482 495 581 716
4  132 261 388 985
13  29 36 47 61 211 252 284 426 627 854 893 894 982
7  155 255 262 400 426 453 516
109  0 1 2 4 8 9 11 12 14 15 16 18 20 23 24 25 29 33 36 37 38 39 46 47 49 52 58 73 78 79 84 87 92 94 107 108 109 112 121 130 131 133 134 136 148 151 154 160 171 178 181 182 183 188 194 197 198 203 209 214 219 220 239 240 255 260 278 284 285 286 294 313 325 333 359 377 380 400 426 431 442 477 478 495 496 500 504 505 522 536 564 581 627 645 710 730 792 796 848 857 887 894 898 931 949 951 961 977 982
3  3 285 853
10  46 255 327 367 384 473 479 592 704 837
11  22 188 203 211 239 255 377 400 426 585 809
12  21 199 203 377 400 540 581 611 622 785 893 935
3  97 665 792
6  96 484 704 806 848 857
9  46 399 473 592 645 747 835 893 894
47  18 21 22 34 36 39 47 50 95 109 123 131 154 166 172 182 183 188 197 203 211 239 246 250 252 255 262 270 286 377 400 407 433 522 536 573 581 645 704 710 748 792 848 893 901 949 982
28  33 49 70 87 139 164 169 196 211 239 255 256 265 286 379 414 426 478 492 496 613 645 788 893 949 977 982 989
1  44
5  196 421 613 680 989
3  90 573 781
35  0 1 4 5 7 9 13 15 26 51 84 176 180 182 200 203 227 252 255 330 360 377 381 457 492 505 560 573 581 645 730 740 769 857 961
14  13 15 30 175 176 235 384 478 505 522 645 792 793 857
3  27 93 284
7  5 224 232 381 528 936 961
3  83 138 341
9  94 270 284 302 431 468 558 848 936
10  160 252 426 522 535 736 796 848 894 992
8  115 283 374 385 623 803 885 939
1  227
8  78 103 419 611 645 716 893 996
7  126 317 471 775 798 850 951
17  15 30 176 180 225 242 252 360 377 478 522 592 645 730 823 857 901
14  110 240 287 318 345 386 442 596 599 627 676 792 848 949
8  9 102 307 397 513 645 778 787
4  203 270 286 627
30  0 12 17 18 36 72 95 131 211 214 219 220 246 250 252 255 274 286 313 328 377 442 581 645 661 675 857 893 894 982
35  0 16 19 39 42 45 106 110 130 178 183 194 200 211 236 255 270 284 286 345 373 377 380 386 431 442 499 581 645 676 710 730 828 848 949
5  43 186 462 666 869
38  15 17 24 63 89 95 144 160 175 178 180 182 235 252 278 313 333 360 478 495 522 592 607 627 645 730 750 784 792 796 894 902 905 932 936 949 982 992
7  18 308 349 357 505 519 645
4  42 57 448 957
49  0 2 3 4 6 7 12 16 18 39 72 79 84 105 113 130 131 145 148 162 165 182 197 255 257 270 280 285 360 377 400 416 417 495 505 573 581 592 611 627 645 675 796 828 857 893 901 949 982
28  2 21 168 195 197 219 239 247 250 255 257 270 280 284 286 367 377 442 495 496 522 531 592 645 740 788 893 922
13  84 195 246 250 255 257 270 377 564 613 893 931 946
6  173 338 387 403 467 583
3  190 343 862
15  219 239 246 247 255 270 280 284 332 377 442 478 573 613 749
6  147 152 365 559 615 806
60  4 8 9 15 17 24 30 36 61 63 73 79 95 103 108 133 151 154 160 175 176 178 180 182 188 194 202 203 206 209 219 224 230 235 239 242 313 360 377 400 478 492 495 496 522 573 581 592 597 607 611 627 645 730 757 792 806 848 935 982
8  29 181 316 392 449 581 800 822
1  174
150  0 2 4 5 6 7 8 9 10 11 12 14 15 16 17 18 19 20 22 23 24 30 32 33 34 38 39 40 42 46 47 54 64 69 72 76 78 79 84 88 92 94 95 100 103 105 109 111 116 123 126 131 133 134 145 148 151 154 155 160 162 164 165 168 172 176 182 183 188 194 195 197 200 203 204 206 210 211 213 214 219 220 224 239 240 245 246 247 250 257 270 278 280 284 285 286 313 325 327 332 360 367 377 380 384 400 414 416 420 426 431 468 477 478 479 485 492 495 496 497 505 522 564 573 581 592 611 627 641 645 704 725 730 740 757 788 796 806 820 848 885 893 895 905 932 936 949 951 961 982
3  70 220 982
30  2 39 84 245 246 247 255 270 280 288 295 367 377 416 417 492 495 496 505 581 592 611 645 740 796 828 857 893 931 961
2  178 972
2  89 773
3  211 294 568
6  132 208 290 388 973 985
32  0 12 14 38 40 92 123 155 160 182 183 197 202 210 219 270 286 293 334 400 442 536 581 607 627 640 645 675 740 752 796 854
3  24 310 377
5  7 62 538 761 838
12  33 139 220 304 394 476 536 567 741 796 854 893
12  0 2 3 4 15 17 270 285 326 505 912 949
7  9 35 400 425 600 786 828
7  0 21 22 437 522 650 902
4  106 386 792 828
112  0 2 3 4 5 6 7 8 9 12 13 14 15 16 17 19 25 30 32 34 39 50 78 79 84 92 94 95 96 100 103 108 130 146 148 154 160 162 165 175 182 183 188 192 195 197 203 219 229 238 240 245 246 247 250 255 257 262 266 273 280 284 285 286 295 302 326 330 332 333 360 367 369 377 380 400 416 426 431 442 468 478 479 486 495 496 505 522 536 581 597 613 627 645 654 688 757 786 788 792 796 806 848 857 893 894 901 902 912 949 982 998
11  4 73 108 294 354 400 581 640 676 730 796
2  186 666
32  23 34 78 92 103 134 166 183 270 280 294 295 326 330 377 426 442 478 505 527 581 611 627 645 676 704 855 857 893 901 949 998
5  239 286 645 857 982
5  114 557 620 645 943
10  45 340 342 458 534 543 598 649 707 941
3  104 575 647
18  182 198 211 242 255 286 294 351 377 380 418 478 498 536 645 730 749 905
1  118
23  145 245 246 250 255 257 270 273 284 295 332 377 416 492 495 592 613 627 645 704 848 893 949
10  92 115 148 151 581 623 828 885 931 977
3  111 367 793
7  115 231 374 385 623 826 939
71  2 4 5 6 9 10 15 24 26 27 29 38 43 47 61 66 68 74 75 79 93 94 105 119 130 133 151 172 188 197 200 203 209 211 226 229 240 246 250 255 270 280 302 332 372 377 400 416 426 442 464 478 495 505 556 581 645 675 716 730 757 766 786 796 814 848 854 893 901 936 976
41  0 1 3 4 11 15 17 20 23 24 25 38 101 112 150 160 197 211 212 245 255 266 270 313 326 380 505 522 581 592 645 675 676 730 857 887 894 895 912 935 949
62  0 2 4 6 7 8 9 12 17 26 38 39 46 78 88 126 131 194 203 211 219 220 238 239 240 246 255 262 270 274 278 295 300 311 325 330 373 377 380 400 414 442 473 478 491 496 504 505 536 548 581 592 611 613 640 645 669 675 792 796 905 982
7  110 236 386 569 599 632 676
4  257 350 521 577
4  163 301 360 496
2  261 985
7  188 294 303 400 426 675 848
1  52
14  123 148 155 262 400 442 479 526 565 580 581 645 713 825
58  2 4 5 6 7 18 21 22 25 29 30 38 39 52 71 79 86 97 105 108 112 133 136 148 156 160 181 183 188 211 260 271 273 278 291 303 354 359 377 380 400 426 477 495 498 505 522 568 581 645 671 730 769 796 857 931 949 982
29  0 1 2 79 94 162 257 270 273 280 286 313 330 354 377 416 464 492 495 505 573 581 613 645 675 704 730 893 901
7  47 61 85 105 160 377 505
6  196 379 492 613 614 989
3  84 146 581
3  62 187 364
36  0 4 9 15 16 20 26 29 30 38 41 47 151 160 176 180 183 203 286 330 333 343 377 400 431 442 495 505 581 632 645 685 785 796 854 902
4  289 360 416 495
12  229 270 284 400 431 464 505 581 645 810 893 936
10  291 294 354 359 400 404 573 676 796 854
6  265 355 394 796 854 893
5  81 336 816 880 993
2  161 679
5  237 319 347 513 787
5  243 349 357 505 982
2  22 413
1  263
2  286 864
3  182 377 423
71  0 2 4 5 6 7 8 15 24 25 34 36 40 47 50 54 58 65 68 73 78 92 94 95 109 123 151 154 155 160 178 180 182 197 203 211 239 242 252 255 285 295 354 359 360 377 380 400 442 492 495 505 522 581 607 613 627 645 675 676 704 728 730 752 792 893 894 895 949 977 982
1  44
7  64 137 163 360 426 496 894
3  181 253 581
2  234 850
1  236
2  307 513
4  82 114 149 619
6  16 188 456 630 645 704
3  24 55 576
2  136 410
7  112 151 518 794 802 848 875
15  2 3 4 35 52 65 130 151 203 211 255 286 400 442 675
13  266 270 273 285 442 502 505 887 895 901 912 949 998
6  213 255 367 384 479 806
17  0 2 4 8 15 17 79 180 239 377 505 645 676 730 828 887 951
3  184 631 817
62  0 1 2 4 5 6 7 8 9 11 12 15 16 18 19 20 21 23 24 29 32 34 41 59 150 151 160 183 197 224 270 273 286 295 300 333 360 384 400 478 492 495 496 504 505 581 613 627 645 654 675 704 730 792 806 848 893 901 936 949 976 982
3  17 727 783
25  9 13 23 29 130 162 250 255 270 280 284 377 400 416 478 492 495 613 645 688 704 848 893 936 962
34  4 9 15 17 29 39 130 144 175 176 182 197 211 242 270 300 330 358 377 384 478 495 505 536 581 613 622 632 757 792 931 949 979 980
5  262 442 581 645 752
2  124 573
9  53 81 305 411 673 732 816 880 987
2  201 795
4  173 248 467 583
2  68 720
4  276 501 543 649
8  28 83 138 191 228 412 450 860
3  276 543 649
17  0 53 81 153 160 188 190 249 300 354 377 378 581 675 732 862 880
2  67 849
8  183 236 240 386 676 704 710 949
3  72 657 949
2  307 787
1  29
7  4 18 243 308 357 519 645
1  288
6  278 380 478 498 749 857
2  52 375
5  95 486 788 930 982
30  0 1 2 53 61 73 85 136 142 160 162 190 271 294 295 303 313 343 359 377 400 492 496 505 581 645 675 676 848 880
4  304 394 625 796
5  16 39 54 473 512
7  18 243 308 349 519 645 949
4  175 333 478 980
23  0 87 162 211 294 303 313 354 368 377 400 420 496 522 561 581 645 676 757 788 796 848 857
63  0 3 4 8 13 15 21 25 64 69 75 94 137 148 151 160 163 176 182 206 224 235 242 245 252 255 270 289 301 313 315 330 367 377 384 400 416 426 461 464 479 496 505 522 579 581 592 597 613 627 645 675 730 792 796 806 848 861 893 923 931 936 949
3  40 594 717
1  23
3  28 83 857
1  299
13  78 152 172 251 426 676 716 806 814 894 901 935 945
4  27 43 60 186
32  0 2 6 44 46 56 92 111 113 131 162 195 197 213 246 255 257 270 282 327 360 377 384 400 440 479 492 645 793 806 828 893
4  359 400 561 636
3  270 406 478
4  90 99 781 899
3  167 694 868
10  4 74 151 284 400 479 848 894 948 976
5  240 286 380 414 420
9  115 231 283 385 623 790 826 915 939
1  352
4  82 205 493 912
130  0 1 2 4 5 6 7 8 9 11 12 14 15 17 23 24 25 29 34 38 39 41 47 50 54 61 71 75 78 79 84 85 94 95 105 108 126 130 131 133 148 151 153 154 160 162 166 172 175 182 183 188 190 194 195 197 203 211 214 215 219 224 235 239 240 245 246 247 250 252 255 257 263 270 273 278 280 284 286 294 295 296 300 312 313 328 332 333 343 354 359 360 367 380 398 400 416 431 442 478 492 495 496 505 522 540 581 592 595 597 613 627 632 640 645 676 703 704 785 792 796 848 893 894 902 905 920 949 951 982
1  343
12  196 220 297 393 421 492 496 613 730 822 854 989
47  0 2 4 5 9 20 22 24 34 84 94 112 130 131 157 160 178 182 188 197 211 240 255 270 278 285 286 294 313 351 373 377 398 400 426 478 479 499 522 581 592 645 710 792 796 848 949
9  1 9 13 51 224 227 492 786 936
4  37 505 738 935
8  154 426 436 441 522 579 893 974
35  0 2 4 46 85 103 151 176 213 225 255 327 330 333 360 367 400 478 495 505 522 581 592 597 613 640 654 675 703 792 806 848 893 936 949
7  115 231 283 374 637 915 939
28  4 5 9 11 16 17 31 39 106 110 183 200 236 240 269 287 345 400 569 599 632 676 709 710 792 848 935 949
6  173 248 403 465 583 931
4  132 208 261 746
2  20 483
6  6 10 20 792 883 951
9  31 79 85 160 430 505 522 581 893
4  253 435 449 581
6  379 492 613 635 894 989
6  139 265 304 355 567 796
10  15 180 497 653 689 757 792 887 931 983
1  112
5  237 513 552 662 778
15  4 17 130 131 377 380 470 536 581 704 794 796 848 949 982
6  218 473 480 592 893 894
126  0 1 2 4 5 6 8 9 11 12 14 15 16 19 20 26 34 38 39 41 47 52 54 65 71 73 79 92 94 95 105 111 113 123 130 131 133 146 151 155 160 162 165 180 183 188 194 197 200 202 203 210 211 214 215 219 245 252 255 262 267 270 271 284 286 291 293 294 300 302 303 313 325 330 332 354 359 360 367 368 372 377 380 384 386 425 426 431 442 478 479 495 496 505 522 536 539 561 569 573 579 581 592 599 613 627 632 645 675 676 688 730 792 793 796 822 848 854 857 876 893 901 935 936 949 982
1  87
4  164 414 478 492
7  173 248 387 465 583 708 931
3  303 712 760
1  55
1  369
2  219 522
3  188 426 431
1  93
1  323
3  336 673 816
1  341
1  309
15  164 169 220 255 286 373 402 420 478 492 505 645 848 871 898
1  192
27  245 255 257 270 280 284 295 301 332 360 377 464 492 495 505 592 632 645 703 718 730 766 792 848 893 894 962
6  197 245 257 492 505 611
2  278 645
3  233 584 889
13  6 162 203 255 359 373 414 725 757 796 848 905 949
7  70 196 222 379 492 511 613
3  165 192 589
5  182 312 581 770 846
1  75
27  0 1 2 6 9 11 12 14 16 32 35 151 267 400 431 451 496 514 524 645 704 792 828 848 857 894 949
93  0 1 2 5 9 12 14 16 21 22 24 25 26 29 31 36 37 38 39 46 47 50 54 61 64 69 75 78 79 137 154 155 160 163 178 180 188 197 200 203 209 210 211 214 220 230 255 270 273 284 291 294 315 360 365 380 383 400 408 431 436 461 496 505 522 539 579 581 592 627 645 675 676 716 730 757 792 796 814 820 828 843 848 887 893 894 901 905 936 945 949 976 982
2  175 857
13  0 2 21 127 135 160 496 570 719 848 893 932 936
2  156 821
1  391
66  0 4 5 9 11 16 18 22 29 30 32 38 40 54 68 73 79 84 92 94 109 111 123 136 151 154 171 182 188 197 203 211 229 240 255 270 300 302 377 400 408 425 426 451 461 495 496 520 522 524 547 581 611 645 676 691 704 715 786 793 806 828 887 893 936 982
3  143 812 955
2  219 748
3  86 677 730
3  392 449 581
11  0 94 383 426 496 522 523 579 617 796 992
4  268 522 650 902
2  170 505
7  65 80 161 481 506 561 990
4  113 367 645 793
3  383 893 902
68  0 1 2 4 5 6 9 10 12 16 24 30 35 52 72 79 110 130 131 160 162 183 194 203 207 211 236 239 240 246 250 262 270 273 284 286 293 300 313 325 326 334 377 400 478 479 504 505 536 581 599 613 627 645 703 704 716 730 740 792 796 799 828 861 893 895 905 949
6  139 496 522 524 771 932
8  99 124 544 573 645 714 929 982
5  17 34 95 495 954
6  109 466 627 686 900 982
2  113 489
9  57 77 98 122 159 244 573 628 827
5  253 392 435 578 581
3  341 488 860
16  14 123 155 425 431 487 492 496 514 581 611 645 715 793 828 848
2  24 624
3  40 155 210
4  82 114 663 684
1  55
3  321 630 645
2  224 801
5  276 598 707 824 941
1  9
1  138
14  158 160 203 360 426 431 495 496 504 579 581 645 796 935
2  241 666
2  42 949
15  284 295 302 360 416 492 505 581 645 703 848 854 893 894 962
4  387 403 583 931
2  446 900
3  248 338 583
12  0 47 69 94 100 182 229 255 270 655 780 893
4  47 133 675 866
4  4 398 505 581
3  234 833 850
2  0 53
14  46 54 213 218 286 356 399 480 536 574 592 629 913 949
1  183
3  160 203 522
5  265 536 741 767 901
12  26 133 151 160 178 211 255 294 522 581 932 949
94  0 3 4 5 6 7 9 12 15 17 20 25 26 29 30 38 39 41 63 84 92 107 130 151 162 169 175 176 180 182 183 188 197 198 211 220 225 235 242 250 252 255 270 273 278 284 286 330 332 333 351 358 369 377 380 384 400 402 414 442 479 495 498 499 504 505 536 564 579 581 592 597 613 627 640 645 646 703 704 749 792 796 806 823 848 857 894 895 901 905 936 949 962 982
63  0 2 4 9 12 18 20 22 23 25 34 39 41 46 50 54 78 84 96 130 134 157 160 177 182 183 195 203 213 255 270 293 327 360 367 372 380 400 442 478 495 496 522 527 581 592 611 627 645 675 704 740 792 793 806 828 848 893 894 895 936 949 982
3  399 473 592
6  65 80 439 506 561 990
5  72 207 525 581 716
1  389
3  217 758 806
3  38 255 522
10  95 131 270 353 505 522 581 627 788 982
2  451 944
2  450 860
1  447
1  39
6  17 158 286 581 597 934
63  0 1 2 11 12 14 16 20 24 36 39 47 145 162 164 169 196 220 224 252 255 257 280 295 297 313 330 332 354 367 377 379 381 393 402 414 416 417 421 451 464 495 496 504 505 514 581 613 627 645 676 704 792 793 806 822 828 848 871 893 894 936 982
6  4 52 82 205 376 912
2  62 187
91  0 2 4 5 9 12 17 20 21 24 25 29 30 38 39 47 50 66 71 72 94 95 109 112 130 144 154 176 179 182 197 200 203 207 211 242 245 246 252 255 257 270 280 284 294 295 300 301 313 330 332 333 377 384 400 416 431 445 461 478 479 492 496 504 505 522 524 536 550 579 581 592 611 613 645 704 716 792 793 796 806 848 854 857 893 894 901 931 935 936 949
99  0 1 2 4 5 9 12 17 21 22 25 30 33 34 35 36 46 49 64 69 84 87 94 95 109 137 139 151 160 162 163 182 188 203 211 220 246 252 255 257 270 286 289 315 330 354 359 360 377 379 400 425 426 428 431 436 443 451 461 479 492 495 497 504 505 522 524 570 579 581 611 613 627 645 675 676 715 719 730 753 757 792 796 822 848 857 861 893 894 895 905 932 935 936 949 951 977 982 997
15  4 8 15 17 25 36 95 255 395 496 522 757 936 982 997
8  25 278 294 351 478 581 645 749
9  13 110 112 130 240 380 478 522 848
4  0 5 211 536
3  340 543 649
1  326
3  38 71 522
31  0 1 2 12 14 16 20 79 211 286 330 442 461 478 492 495 496 505 522 536 581 613 640 645 703 724 792 796 851 894 905
134  0 1 2 3 4 5 6 7 8 9 10 12 15 16 17 18 20 22 24 25 29 30 31 35 37 38 39 47 71 79 84 85 94 100 105 111 128 131 133 145 148 151 154 160 165 170 175 180 182 183 190 203 211 224 225 243 245 255 257 266 270 273 284 285 286 294 295 296 300 302 308 313 326 328 330 333 354 360 377 382 384 391 400 414 416 417 426 438 442 464 470 478 486 492 495 496 504 507 522 536 564 573 581 592 597 611 613 627 645 648 675 676 686 730 754 777 792 796 806 822 828 848 850 854 857 893 894 898 905 935 936 949 982 992
4  65 439 481 561
6  505 564 645 676 893 894
4  88 609 645 722
3  51 130 848
7  12 20 197 200 517 839 857
1  421
3  39 356 872
12  9 102 144 237 307 319 397 522 552 645 949 982
9  39 425 451 492 524 581 611 704 828
3  64 137 836
1  210
2  510 857
8  324 621 794 802 848 893 912 949
6  4 243 349 357 692 912
6  431 524 691 704 828 893
2  288 683
112  0 1 2 3 4 5 6 8 9 14 15 17 20 21 22 23 24 25 29 30 38 47 58 63 78 84 94 95 97 109 131 133 134 139 144 154 160 168 175 176 178 180 182 183 188 211 219 225 230 235 242 246 252 255 268 270 285 294 313 359 360 377 380 383 384 391 400 407 426 431 436 437 443 475 477 479 485 486 495 496 497 499 503 504 505 513 523 536 564 579 581 597 645 650 675 676 704 736 792 796 848 857 893 894 895 901 902 935 936 949 982 992
8  0 436 522 536 579 650 963 992
14  38 425 431 443 495 496 514 520 611 645 704 828 894 895
3  482 581 789
3  293 565 825
5  134 273 479 581 894
1  227
2  165 726
2  48 895
2  246 953
5  0 6 39 79 831
4  5 160 559 806
2  276 941
3  230 796 992
64  0 2 4 5 6 7 8 9 11 12 15 33 39 54 84 92 100 107 130 131 139 151 182 183 188 197 198 211 219 262 265 270 278 286 333 398 400 442 473 476 478 495 500 504 505 522 523 567 579 581 592 611 613 633 640 645 676 792 796 901 936 949 977 992
7  123 593 610 642 651 670 756
2  264 761
16  1 11 12 14 40 155 160 400 426 581 645 675 730 857 876 949
4  215 377 581 785
1  127
4  91 571 690 774
5  276 340 342 501 649
5  99 124 444 573 982
3  68 762 969
7  92 115 201 204 705 885 897
5  431 678 711 806 893
16  0 4 5 6 29 32 96 111 286 549 611 704 731 788 806 848
6  0 26 548 611 704 731
3  495 592 645
5  110 599 676 796 949
5  397 513 606 645 982
1  76
1  48
6  2 6 47 590 848 877
5  43 284 702 814 942
2  275 645
1  229
13  5 27 147 152 160 172 197 251 533 645 796 806 935
5  26 203 224 581 645
10  65 130 161 359 368 400 439 481 506 990
3  10 818 893
2  97 895
26  32 84 96 111 121 145 197 211 247 255 478 505 507 522 579 581 645 646 676 796 806 848 893 894 936 949
3  293 526 825
5  12 24 116 125 160
5  265 394 536 613 796
2  260 294
10  287 386 400 599 632 676 709 710 848 894
4  428 496 719 848
4  91 542 602 690
1  120
63  1 2 6 16 17 19 24 26 30 39 42 45 50 57 71 76 77 79 85 90 95 98 99 105 122 124 129 130 148 151 159 162 167 178 200 203 219 223 224 245 250 252 255 295 303 335 400 444 448 505 544 581 645 671 675 676 714 730 781 796 894 901 995
1  473
1  277
1  322
1  288
2  449 581
34  0 50 58 109 130 154 178 197 360 383 400 426 436 461 478 495 496 522 523 536 564 581 592 611 645 676 796 806 848 893 894 902 935 949
1  293
170  0 1 2 4 6 10 11 12 14 15 16 17 18 22 25 26 29 30 32 34 38 39 47 72 73 78 84 85 92 94 95 96 105 109 115 121 123 131 133 134 136 137 145 146 148 151 154 158 160 162 171 178 181 182 190 197 200 203 207 211 215 219 224 239 240 245 252 253 255 257 262 270 271 273 281 284 285 286 293 294 295 298 300 302 313 316 330 333 334 343 354 359 360 377 380 384 391 392 398 400 423 426 431 435 442 449 451 461 464 470 477 478 479 482 486 491 492 495 496 498 504 505 514 522 525 527 536 539 540 560 564 573 578 579 592 597 611 613 623 627 640 645 654 675 676 704 715 716 730 736 752 785 789 792 793 796 806 822 826 848 855 857 893 894 932 935 936 949 977 982
1  82
8  173 248 338 387 403 465 467 931
2  419 699
1  214
1  146
1  0
1  19
3  422 947 956
2  555 848
3  10 792 936
58  1 4 7 11 12 16 24 30 46 180 213 218 235 242 245 246 252 255 257 280 285 286 360 377 380 384 399 400 416 426 473 478 479 480 495 505 536 550 579 581 611 613 627 645 676 716 730 792 796 806 822 893 894 895 905 931 935 949
3  537 865 882
4  361 659 717 844
3  377 848 940
3  236 643 676
31  0 2 4 17 78 103 109 151 172 175 252 270 360 377 384 478 491 505 522 581 613 632 645 650 704 716 792 806 848 857 935
6  276 458 618 707 824 941
23  0 1 2 11 14 16 31 110 171 200 236 287 386 400 442 551 569 632 660 676 792 893 949
3  267 768 828
1  189
1  571
2  0 887
1  122
1  98
1  552
9  182 242 252 262 313 645 675 730 792
5  10 24 55 730 936
3  88 508 949
4  537 651 670 756
74  0 8 9 12 14 16 18 20 23 25 30 34 46 54 61 71 78 79 85 92 94 95 96 103 105 130 134 148 151 154 178 182 195 197 203 215 233 245 252 255 257 273 286 417 431 451 479 495 496 505 514 524 536 548 549 579 581 592 640 645 704 716 792 796 806 848 857 887 893 898 901 931 935 982
4  5 109 716 796
54  17 30 49 50 70 164 169 175 196 220 222 247 250 270 280 286 295 297 313 330 332 333 360 377 379 384 393 400 421 442 478 492 495 496 504 505 536 567 581 592 597 627 632 645 676 680 730 792 796 822 854 894 902 989
4  196 297 776 986
1  251
1  148
2  436 840
4  598 707 824 941
3  82 149 320
7  52 82 114 203 275 645 905
1  518
12  4 21 24 29 144 176 215 333 668 734 757 848
12  92 115 231 281 283 374 581 654 704 803 885 893
1  452
3  355 796 879
2  205 912
88  0 1 2 3 4 5 6 8 15 21 22 25 30 34 36 48 50 52 54 71 73 78 92 100 105 109 133 134 151 160 183 202 203 209 211 236 238 242 245 252 255 262 270 273 280 313 330 360 377 400 426 442 446 478 479 486 492 496 505 581 592 613 632 640 645 654 675 676 681 686 687 695 703 729 730 792 806 848 857 893 894 900 905 909 949 977 979 982
1  448
2  473 913
3  321 456 645
4  184 329 817 842
28  0 1 5 11 16 109 188 200 287 300 333 377 386 400 416 569 597 599 613 627 645 660 676 730 792 848 894 949
4  536 645 796 926
1  137
1  393
1  368
2  385 915
2  129 730
3  3 652 848
35  0 2 4 5 8 16 30 50 73 108 182 262 271 286 377 384 478 504 536 581 611 627 645 654 675 686 698 703 716 752 792 796 806 893 908
2  255 874
1  537
2  596 676
4  175 757 931 949
214  0 1 2 4 5 8 9 12 13 14 15 16 17 18 20 21 22 23 24 25 27 29 30 34 38 39 40 42 46 50 52 54 65 71 72 75 78 79 82 84 85 88 92 93 94 95 99 100 102 103 106 109 113 114 123 124 127 130 133 134 136 144 147 148 151 154 155 156 160 164 167 168 169 172 175 176 178 180 182 183 188 194 195 197 200 203 211 218 219 220 224 225 233 235 237 239 240 242 243 245 246 252 255 257 262 270 273 274 275 278 280 284 285 286 293 294 295 300 302 313 321 328 330 332 334 349 354 357 359 360 367 377 380 400 414 416 418 425 426 431 440 442 444 451 456 461 464 478 479 492 495 496 498 504 505 507 508 513 522 524 536 539 550 552 557 559 560 564 573 579 581 592 597 607 611 613 620 627 630 632 633 640 654 660 671 675 676 682 704 714 730 752 757 781 785 792 793 796 806 828 848 857 887 893 894 895 901 905 935 936 949 976 977 982
14  20 32 96 121 145 478 564 676 796 806 848 893 924 949
3  58 104 277
9  0 5 128 151 505 675 704 731 796
6  276 340 342 501 543 873
8  268 437 522 523 597 764 796 902
4  123 537 610 670
5  3 639 796 848 936
6  15 180 395 887 895 901
21  14 32 96 270 330 384 581 623 627 640 645 660 675 676 703 704 806 848 893 902 936
3  100 468 893
2  33 808
1  346
1  173
3  594 717 867
10  109 599 632 645 654 704 792 793 894 949
2  239 906
1  397
1  454
1  196
3  97 150 216
5  43 186 241 272 462
1  204
1  622
2  126 286
4  537 610 651 921
13  42 57 98 122 159 294 573 645 793 796 827 857 893
1  150
3  336 411 816
2  114 863
86  0 1 2 4 5 6 13 14 15 16 20 21 23 24 29 30 38 40 47 50 64 68 73 78 100 105 128 131 134 137 148 151 155 160 162 165 182 188 202 203 239 245 262 284 285 286 291 295 313 325 330 343 354 360 384 400 426 469 479 496 505 522 539 573 581 607 627 640 645 648 654 676 704 730 752 792 794 796 806 820 828 848 857 893 949 982
86  0 2 4 5 9 12 14 16 18 23 29 39 42 50 61 76 78 94 103 106 108 110 111 142 160 162 182 183 197 236 240 271 273 285 287 303 313 328 345 354 359 365 377 386 400 426 431 492 496 505 507 522 536 551 564 569 573 579 581 592 596 599 613 627 632 643 645 646 654 675 715 730 792 796 806 820 848 854 857 893 894 902 935 936 949 976
2  434 730
2  547 711
1  306
4  196 222 613 989
2  627 900
6  42 57 76 645 781 982
1  521
1  454
1  300
9  183 446 505 627 640 752 806 843 857
4  109 627 704 848
5  165 270 332 400 962
2  180 395
5  91 542 571 743 774
4  431 520 828 892
1  519
1  168
2  371 868
3  627 703 982
1  120
1  165
2  640 752
1  584
1  93
1  109
2  556 942
19  2 183 377 384 416 442 464 478 504 627 640 654 695 724 792 848 857 893 949
85  0 2 4 5 12 14 15 18 20 23 26 27 30 32 47 78 84 92 94 95 96 109 116 130 134 151 162 183 188 213 217 219 255 273 280 295 313 321 330 332 345 377 398 425 431 442 478 479 492 495 514 520 522 524 548 549 581 597 611 623 645 648 654 660 675 687 716 730 731 757 788 794 796 806 820 828 848 857 893 894 901 902 936 949 982
5  115 204 546 885 970
6  0 2 12 37 183 976
6  276 458 598 618 824 941
2  403 931
4  386 569 710 949
12  194 203 211 219 240 345 380 386 569 709 848 949
2  547 678
2  404 760
1  293
9  99 124 444 573 645 752 781 893 982
17  0 123 154 431 451 496 581 676 730 792 806 811 822 857 893 902 949
36  0 2 5 12 39 66 69 72 78 103 109 130 152 154 207 233 284 365 426 442 482 495 581 592 597 611 612 640 704 796 806 893 894 901 935 949
9  40 148 155 174 361 594 659 730 867
1  416
6  428 496 570 845 848 936
1  339
2  204 885
1  508
3  48 755 807
6  0 504 703 792 936 976
9  6 255 420 757 848 905 931 949 961
1  529
2  331 783
2  68 313
1  627
121  0 1 2 3 5 6 7 8 9 11 12 13 14 15 16 17 19 20 21 23 24 25 26 29 36 37 39 40 47 51 61 68 69 73 78 84 85 86 88 95 103 106 108 123 129 133 134 148 151 154 155 160 167 174 178 181 182 183 200 203 211 224 235 240 242 252 255 271 278 284 285 294 295 313 328 330 360 379 400 416 426 434 442 496 505 539 573 581 592 607 608 613 627 632 638 645 675 676 677 704 715 717 769 792 793 794 796 804 822 848 857 861 893 895 901 923 933 936 949 976 982
14  0 26 548 549 648 704 737 796 848 884 888 902 935 949
3  53 336 343
1  141
4  622 757 848 920
4  29 156 931 949
9  230 522 581 796 806 848 881 894 988
8  731 796 848 884 888 902 935 949
1  382
4  27 147 806 966
24  0 4 5 73 84 123 182 195 197 224 246 255 257 262 442 479 752 792 796 806 857 893 922 982
2  265 476
1  118
1  690
3  69 861 893
3  98 870 928
1  388
1  218
4  123 219 433 901
5  250 278 351 478 498
3  178 242 792
4  4 12 18 782
18  183 262 313 334 581 640 645 675 686 698 714 740 796 806 843 848 949 982
1  496
4  505 856 917 935
2  723 807
2  537 610
49  0 2 4 5 6 8 9 13 15 24 61 148 154 162 175 176 180 183 203 252 255 270 284 333 359 395 420 426 496 497 622 644 645 704 725 734 796 841 848 857 893 901 905 931 949 961 965 979 982
1  484
3  7 20 200
2  404 712
4  7 62 264 538
1  545
2  62 187
2  650 796
1  54
6  66 284 416 796 814 854
2  476 901
1  600
8  133 160 188 224 294 730 792 893
6  47 78 95 160 182 423
2  139 443
3  105 151 160
3  89 259 992
2  542 690
3  234 798 850
1  614
12  0 2 4 9 24 35 47 55 151 505 858 936
3  237 397 805
1  149
3  94 468 904
10  90 223 370 573 645 682 714 893 910 982
9  0 2 4 12 18 116 751 857 893
2  331 727
6  15 178 242 792 894 958
7  215 300 377 540 581 645 806
9  9 15 108 151 267 270 284 381 431
3  237 307 347
22  0 2 4 10 79 95 108 162 164 220 246 255 270 353 359 486 548 704 806 857 893 982
2  525 581
3  374 907 915
3  7 59 949
118  0 2 4 5 6 7 9 10 15 17 18 20 21 24 25 30 34 36 38 39 41 50 72 78 88 94 95 97 106 109 110 154 160 165 167 176 178 182 183 188 211 216 219 225 236 242 252 269 270 286 313 330 333 360 377 380 384 386 390 395 400 416 425 426 442 478 479 492 495 496 504 505 522 536 581 591 592 597 599 607 611 613 627 632 640 645 660 675 676 703 715 724 730 740 750 769 784 793 796 806 822 828 848 857 861 877 893 894 895 905 931 932 936 949 951 962 976 982
35  0 4 9 18 22 23 39 121 134 175 197 225 282 367 400 431 440 451 479 492 495 581 645 660 671 730 792 796 806 848 857 893 894 901 980
11  151 324 398 518 675 704 730 802 848 893 949
1  337
154  0 1 2 3 4 5 6 7 8 9 11 12 13 14 15 16 17 18 20 23 24 25 26 28 30 32 37 38 39 47 51 54 66 69 71 73 74 75 79 83 84 88 95 96 105 111 121 126 130 131 134 138 145 151 154 158 160 162 182 191 197 203 211 230 242 245 255 257 262 265 270 271 284 286 294 300 303 304 355 359 360 377 380 394 398 400 420 426 436 442 461 478 495 496 504 505 522 535 536 551 559 564 567 573 579 581 592 611 612 613 625 633 640 645 646 648 650 652 671 675 676 704 716 730 731 736 737 740 752 757 764 766 792 793 806 814 843 848 854 857 884 887 893 894 901 902 905 912 932 935 936 949 976 982
3  47 148 828
3  234 775 850
3  442 861 893
1  253
1  457
5  151 324 518 794 848
2  231 623
1  730
2  778 971
78  0 20 27 32 75 96 103 108 121 133 147 152 160 172 183 197 217 251 252 255 270 327 330 360 365 367 384 431 478 479 484 492 495 505 533 547 548 559 564 579 581 592 597 611 627 640 645 646 654 675 676 686 704 715 716 736 739 740 752 785 788 792 793 796 814 820 828 843 848 857 893 894 901 931 935 949 976 991
3  48 723 755
2  656 890
1  214
1  302
2  715 949
2  143 432
1  107
18  43 172 284 365 426 556 766 796 806 820 843 848 854 893 894 935 936 976
1  27
5  305 336 411 673 880
3  184 329 631
1  562
1  16
32  0 2 7 13 15 22 26 27 34 38 43 78 150 151 160 178 255 426 675 676 704 806 814 828 843 848 857 893 935 949 976 991
1  429
22  0 1 16 29 31 253 379 400 492 496 505 581 592 613 715 730 792 852 854 857 895 951
2  235 478
5  458 598 618 707 941
3  293 526 565
7  92 115 283 374 581 935 939
6  57 98 159 448 671 937
65  0 1 2 4 9 11 12 15 16 17 21 22 25 35 38 47 50 79 84 95 106 130 148 153 154 162 165 178 203 240 245 257 267 269 281 328 367 425 426 431 442 451 479 492 505 514 520 524 600 645 675 691 704 792 797 806 820 843 848 887 892 935 949 951 976
1  10
1  48
1  532
1  150
1  471
1  10
1  218
2  515 999
1  213
3  5 7 264
4  200 510 857 901
1  617
4  154 757 893 901
1  631
16  151 154 426 686 752 796 806 814 820 828 848 893 901 935 949 976
1  594
2  719 936
2  423 903
1  191
156  0 2 3 4 5 6 7 8 9 13 14 15 17 20 21 22 23 24 25 30 31 32 34 36 39 47 54 61 65 73 78 84 94 96 106 109 110 111 116 121 123 127 130 145 151 154 160 178 183 197 203 211 217 219 229 230 236 240 252 255 270 280 284 291 324 330 332 354 359 360 372 377 380 384 386 398 400 414 416 420 425 426 428 451 464 478 479 492 495 496 499 505 509 518 522 548 555 564 569 570 579 581 590 595 597 611 622 627 632 639 645 646 652 654 675 676 687 703 704 710 719 725 730 731 734 736 737 752 757 792 793 794 796 802 806 814 820 828 843 857 888 893 894 901 902 905 920 932 935 936 949 961 968 976 977 982
1  344
15  0 5 8 126 180 234 317 471 505 775 798 887 901 936 950
1  504
3  822 857 895
1  212
29  0 2 25 29 36 47 66 123 209 262 265 284 300 303 304 379 400 464 495 505 613 676 766 796 814 822 893 936 976
2  273 581
2  754 917
115  0 1 2 4 5 6 7 8 9 11 12 13 14 15 16 17 18 24 25 28 29 32 35 38 39 40 42 47 50 71 79 84 92 95 96 100 106 108 111 112 116 130 148 150 151 160 162 164 175 200 211 217 224 225 235 239 245 257 270 273 274 285 294 351 359 363 400 425 427 478 495 496 505 510 517 522 539 581 597 611 627 645 671 675 676 686 703 704 715 730 740 757 782 788 792 793 796 806 820 822 839 848 852 861 888 893 894 901 904 905 932 935 949 951 982
1  777
5  0 4 5 24 960
4  138 341 450 488
19  23 25 30 64 69 92 151 183 360 442 496 730 744 792 799 857 893 932 949
5  0 153 190 249 343
1  674
1  311
2  593 882
1  469
3  659 717 886
5  151 167 178 371 694
1  241
1  745
2  414 492
1  512
1  649
1  641
3  112 151 324
6  14 40 155 400 539 949
4  6 555 792 949
1  114
1  625
6  81 305 336 343 354 816
1  736
2  593 865
1  390
7  731 737 796 888 902 935 949
12  92 115 201 204 231 255 281 546 623 705 721 970
1  867
38  0 2 4 5 6 7 8 12 16 25 69 79 92 154 180 206 211 285 326 328 395 426 431 603 611 645 653 796 828 850 893 895 901 905 931 935 949 976
10  731 737 848 857 884 893 902 935 949 982
1  419
1  808
1  103
2  691 828
170  0 1 2 4 5 6 8 9 10 12 14 16 18 21 23 24 25 29 30 31 33 34 35 36 38 39 40 42 46 47 50 54 61 64 69 78 79 84 85 92 95 100 105 111 123 130 131 134 135 139 145 151 154 160 162 168 182 183 188 195 197 203 209 215 218 219 220 233 239 245 246 247 255 257 265 270 273 280 284 295 302 304 313 330 332 360 367 377 383 384 391 399 400 416 426 428 431 441 442 464 468 479 492 495 496 505 507 518 520 522 547 562 564 579 581 592 599 611 623 627 640 645 646 654 655 671 675 676 703 704 714 715 716 730 740 744 757 769 781 782 788 792 793 794 796 799 806 814 820 841 843 848 854 857 861 887 888 894 895 901 902 905 912 931 932 935 936 949 976 982
111  0 1 2 4 5 6 9 12 15 16 17 18 20 21 22 24 25 29 30 34 35 38 39 41 46 47 50 54 63 68 74 75 78 79 84 94 105 109 116 131 154 172 175 178 183 188 197 203 209 211 218 230 239 242 270 285 313 315 365 372 377 393 399 416 425 426 464 478 479 492 495 496 504 505 507 522 524 527 564 569 573 579 581 592 613 627 632 645 660 676 704 716 736 784 792 793 796 806 814 848 857 893 901 902 904 905 932 936 949 976 992
33  4 8 25 38 48 54 97 101 150 180 255 285 313 326 442 478 479 496 522 524 530 563 592 645 653 730 792 822 852 887 893 935 949
2  2 3
4  115 201 204 546
8  0 9 34 198 211 414 505 611
3  99 370 927
4  446 466 627 681
64  5 15 21 25 30 34 39 50 66 78 123 148 154 162 180 183 197 219 235 245 270 273 284 295 326 330 365 400 426 476 478 495 522 536 573 611 645 653 704 716 730 748 757 767 793 796 806 839 841 843 848 850 857 887 893 894 902 905 935 949 951 976 977 982
41  15 16 20 22 30 47 66 108 151 203 242 268 270 300 377 437 441 522 579 613 650 654 676 704 715 731 737 796 848 884 888 893 894 901 931 932 935 949 976 982 989
1  846
7  74 94 780 857 894 932 949
39  0 5 8 22 188 203 242 255 278 286 377 420 426 442 478 496 504 505 592 620 627 645 725 757 792 796 848 857 887 893 894 901 909 931 935 949 951 961 982
1  661
1  790
1  640
3  627 905 949
2  781 982
2  143 978
28  4 5 9 17 47 52 82 94 160 178 182 203 205 266 270 285 326 376 493 518 519 626 796 893 932 935 949 980
4  473 629 949 982
1  67
4  374 385 637 790
1  97
2  754 856
3  76 932 982
2  177 949
3  377 734 848
1  670
2  246 740
3  360 730 976
1  646
2  5 27
1  633
1  899
2  98 745
1  444
1  353
54  0 2 12 18 21 22 34 36 39 46 71 75 86 92 94 128 133 156 173 176 211 247 257 281 294 333 360 387 395 403 465 495 583 592 611 644 708 725 735 757 792 806 887 893 902 905 932 935 936 949 961 977 982 989
40  0 2 4 5 9 15 21 34 51 76 100 135 151 160 200 203 242 255 428 443 477 496 581 792 796 848 857 861 893 894 902 904 912 918 931 935 936 949 982 989
2  69 730
1  491
70  0 2 11 24 36 37 72 75 79 97 101 109 111 118 150 151 162 183 199 203 215 252 285 365 382 386 400 461 495 496 505 522 559 579 581 592 597 611 645 676 716 731 737 754 796 806 814 820 826 828 843 848 857 884 887 888 893 895 901 902 905 912 931 932 936 939 949 951 976 982
82  0 2 3 4 9 10 12 13 15 16 18 21 23 24 25 29 38 39 47 72 73 84 86 92 103 109 127 156 181 193 227 229 242 255 284 302 330 332 360 381 384 400 426 428 431 478 479 492 495 496 497 505 522 536 564 581 591 608 645 652 654 676 704 719 724 730 777 792 796 814 845 848 850 854 893 894 931 932 935 949 976 982
1  827
1  70
7  115 231 283 374 385 826 935
1  595
8  45 276 458 534 598 618 707 824
3  556 702 952
1  275
1  487
3  172 365 426
1  247
2  589 956
1  372
180  0 1 2 4 5 6 7 8 9 10 11 12 14 15 16 17 18 19 20 22 23 24 25 26 29 30 32 34 36 38 39 41 42 47 50 54 59 61 71 72 76 78 79 84 86 88 92 94 95 96 100 103 108 109 110 123 130 131 144 151 154 156 157 160 176 177 180 182 183 200 203 211 219 220 236 240 242 245 255 266 270 273 280 285 294 313 326 330 333 345 346 357 360 377 380 384 386 398 400 420 425 426 442 463 473 477 478 479 495 496 505 513 518 522 536 539 551 564 579 581 592 599 609 627 632 644 645 646 660 675 676 703 704 709 710 715 716 725 730 731 735 737 752 757 791 792 794 796 806 811 820 828 843 848 857 861 876 877 884 887 888 893 894 895 901 902 904 905 909 912 913 919 931 932 935 936 961 972 976 982
1  850
19  7 8 9 13 126 211 234 255 328 377 390 496 792 822 828 857 901 905 935
1  942
1  531
1  445
1  432
2  589 947
1  244
1  784
1  123
1  859
17  5 24 25 39 148 183 211 224 227 255 257 725 757 848 905 931 949
7  130 332 416 464 478 688 792
2  523 992
1  165
3  24 176 757
1  739
1  85
1  848
2  68 545
2  705 885
1  805
5  109 151 178 258 949
2  261 985
3  154 383 982
1  181
47  0 1 2 4 6 8 11 14 16 27 31 34 46 54 66 74 92 127 183 284 330 372 426 645 676 706 724 730 792 796 806 814 820 828 843 848 854 887 893 894 901 902 923 935 936 949 982
23  12 39 49 78 94 95 139 164 169 203 211 220 281 313 496 536 581 627 645 848 901 931 982
1  911
6  0 4 5 333 627 757
10  52 160 175 176 182 197 333 358 793 912
2  119 132
110  0 1 2 4 7 8 9 12 15 17 36 39 40 52 54 70 73 76 79 84 90 92 95 99 105 109 121 124 131 154 155 160 162 183 194 196 197 200 209 211 219 220 239 242 245 252 255 256 270 274 286 294 308 313 330 353 377 398 400 426 431 444 446 478 479 486 492 496 497 505 513 522 544 552 581 611 627 645 675 682 695 704 714 730 740 752 757 781 788 792 796 848 857 888 893 901 902 905 910 913 918 931 932 935 936 949 974 976 977 992
1  395
1  62
4  208 261 290 973
1  614
1  336
1  736
11  196 220 222 297 379 393 613 680 902 931 932
3  439 481 561
4  5 27 806 820
16  0 63 84 89 230 242 436 505 522 523 535 536 773 894 963 982
3  53 81 305
1  194
1  573
4  34 78 103 233
2  496 497
3  270 273 326
1  836
