1000
10  10 209 241 405 697 718 848 868 906 981
16  19 28 29 103 365 366 428 429 548 568 620 651 727 831 857 878
12  36 67 254 256 284 289 526 550 770 882 892 909
7  160 286 596 646 656 726 990
5  119 250 535 868 948
6  456 542 648 677 679 938
5  219 367 397 607 936
2  754 821
7  18 125 238 348 437 545 634
9  117 137 351 359 488 707 835 849 941
12  0 12 157 170 218 235 642 659 678 735 948 967
8  188 285 370 591 618 702 886 992
6  10 70 89 166 200 324
11  66 97 159 161 295 381 467 632 714 879 941
11  102 152 276 283 368 597 621 633 641 645 677
8  193 358 688 753 803 892 930 948
9  89 398 604 635 640 695 799 878 940
13  30 40 106 189 259 287 309 422 520 575 789 865 963
13  8 166 197 289 406 493 504 614 720 777 810 963 997
8  1 191 215 251 289 576 642 860
13  118 206 286 320 411 627 655 705 712 776 911 935 964
16  321 403 544 554 578 657 700 736 802 812 817 888 906 962 987 997
11  62 140 151 278 418 470 612 670 689 701 958
17  73 107 188 189 195 220 221 292 394 420 526 582 735 850 924 939 941
9  129 237 289 363 474 551 678 767 838
11  187 218 236 307 319 499 559 817 926 960 974
9  68 165 193 228 367 385 408 553 905
13  107 117 225 249 387 395 433 444 676 731 885 901 950
11  1 170 346 371 424 549 620 888 912 927 953
11  1 156 297 372 377 599 770 850 870 904 970
8  17 176 473 674 706 762 932 946
8  335 376 612 683 690 701 885 941
12  120 140 250 303 391 417 555 639 692 771 857 996
8  168 264 303 466 595 705 955 989
7  215 314 472 731 767 785 962
11  54 78 103 148 408 542 629 647 819 835 999
10  2 106 160 198 228 339 415 522 744 765
5  237 369 509 716 946
13  84 94 118 138 295 353 508 628 689 717 831 897 971
8  46 133 237 465 597 657 659 884
11  17 112 186 292 536 631 644 736 744 790 853
13  71 233 308 333 354 396 447 454 541 543 652 855 897
8  70 274 357 387 568 586 713 845
7  73 76 416 597 725 785 901
7  298 300 314 529 547 685 818
6  107 524 730 800 810 981
14  39 94 133 138 139 269 318 334 377 549 641 743 865 902
4  391 428 552 642
9  272 387 474 539 723 868 887 889 973
6  172 347 508 738 839 848
8  93 198 242 542 577 793 812 867
9  347 364 456 652 806 877 897 910 973
6  139 146 447 546 562 722
8  112 135 313 362 427 461 952 968
9  35 90 265 313 506 731 776 922 969
12  124 164 203 311 344 677 720 838 851 906 910 991
5  137 367 381 638 985
6  234 266 531 731 955 994
6  77 173 602 792 796 995
6  227 300 332 495 747 829
10  421 429 488 516 519 708 783 929 941 942
5  181 227 441 611 909
9  22 198 226 264 324 395 430 566 901
7  134 180 241 531 624 652 837
11  86 147 159 184 271 285 433 468 580 699 835
9  83 109 365 512 590 631 762 818 833
9  13 420 573 644 828 870 871 885 965
12  2 115 225 232 247 267 495 606 822 925 935 988
8  26 109 183 344 582 608 634 694
10  184 348 469 572 580 599 641 881 934 970
18  12 42 90 156 166 175 207 214 269 309 315 318 388 573 694 871 893 919
10  41 222 363 384 635 753 757 785 868 915
17  82 184 245 267 271 301 319 536 559 664 746 780 793 801 809 961 962
8  23 43 92 327 360 529 530 541
8  108 323 600 638 655 724 820 848
12  189 268 274 291 335 391 424 589 600 637 672 798
12  43 261 303 364 511 624 661 797 840 885 919 975
11  58 130 335 348 392 450 476 686 723 798 824
12  35 123 154 179 205 320 335 525 613 638 699 902
8  105 222 487 490 513 697 741 811
13  194 196 456 481 534 541 602 689 772 806 830 851 898
9  356 359 415 437 583 779 919 960 998
12  72 135 192 265 307 404 428 519 538 747 828 835
10  65 100 213 236 413 622 624 859 905 975
9  38 141 218 232 371 397 410 822 902
6  165 438 443 683 753 922
13  64 252 290 346 399 488 506 547 601 614 738 740 819
11  97 179 186 212 237 239 472 567 624 814 828
10  258 267 371 668 716 858 882 901 912 924
10  12 16 214 396 442 513 602 631 694 696
9  54 70 377 637 666 708 723 848 962
12  109 151 244 379 450 471 494 670 702 709 766 961
12  73 157 349 431 439 530 563 633 653 781 948 982
11  50 94 95 102 184 333 552 560 750 826 928
14  38 46 93 228 233 287 437 452 501 774 812 838 955 984
6  93 124 317 666 688 718
4  190 270 439 896
8  13 87 530 559 662 783 919 948
13  179 478 508 559 572 579 663 722 723 808 859 879 953
12  103 109 152 264 266 406 480 711 813 871 875 929
8  83 157 354 470 480 634 692 999
13  115 454 665 694 753 799 828 845 896 909 918 948 950
9  14 93 294 299 418 567 922 969 979
19  1 35 99 210 215 303 343 362 387 435 443 517 568 583 645 689 756 791 808
11  186 253 261 334 513 519 585 744 886 987 988
12  79 153 224 379 525 586 870 871 874 881 940 959
12  17 36 229 231 325 330 420 430 640 829 974 977
6  23 27 45 408 423 732
9  74 170 378 398 642 645 685 800 956
11  65 68 91 99 132 288 438 546 600 640 752
4  120 568 620 915
8  222 449 481 614 746 834 855 911
9  40 53 355 371 396 459 468 534 804
12  124 136 161 162 199 294 364 412 529 558 583 825
8  205 278 517 631 727 744 797 869
16  67 101 136 162 184 305 365 515 570 601 668 729 750 763 781 985
7  164 192 411 705 708 727 906
13  9 27 367 382 434 482 560 719 728 731 784 831 942
9  20 38 249 439 484 718 814 864 974
5  4 183 278 825 878
11  32 110 126 131 255 387 411 707 835 912 987
11  292 296 427 461 542 706 731 770 906 951 974
10  201 340 460 465 586 706 726 806 831 934
9  78 433 435 456 657 709 774 959 973
5  55 95 113 519 919
6  8 195 650 678 687 822
8  120 259 323 385 440 532 578 629
9  154 421 428 653 761 765 770 784 826
13  165 180 220 267 305 464 470 659 666 805 939 965 985
14  24 174 276 467 620 624 672 699 859 880 922 943 947 985
9  77 133 188 311 398 424 563 782 790
10  120 142 213 246 310 496 601 615 690 775
8  109 151 168 257 441 606 682 945
12  39 46 130 173 253 289 302 377 438 731 766 931
6  63 202 216 511 662 742
13  53 82 225 262 289 387 389 597 705 765 917 929 975
14  113 115 175 208 447 452 647 667 674 723 781 798 882 930
18  9 56 139 209 220 221 304 365 404 426 513 617 626 732 778 781 929 995
8  38 46 517 554 620 745 838 886
15  46 52 137 240 283 319 392 421 439 590 591 705 892 993 997
12  22 32 178 319 334 337 620 672 708 722 748 923
5  84 208 320 599 891
12  131 230 267 360 406 630 646 701 747 877 906 989
7  380 394 565 657 659 759 876
6  269 281 349 375 672 918
6  265 311 319 453 528 981
8  52 200 324 358 421 679 931 976
12  64 181 182 299 394 395 399 498 508 564 673 978
7  35 397 457 639 670 685 962
11  151 215 313 435 682 811 823 835 852 918 930
10  336 378 418 522 754 785 787 795 862 882
15  22 91 132 149 168 179 216 360 441 492 538 592 719 862 979
10  14 99 373 394 625 686 713 866 927 931
8  105 234 271 606 673 725 818 912
11  78 127 272 393 434 481 510 738 835 946 993
9  234 498 661 689 743 834 836 910 985
11  29 70 361 365 460 491 571 574 588 666 768
10  10 92 100 300 311 549 563 817 828 875
5  244 722 829 858 895
14  13 64 189 318 325 378 437 487 592 761 834 878 935 997
9  3 36 361 365 401 625 734 910 914
15  13 113 216 277 327 359 383 393 396 414 457 719 725 735 931
10  113 115 247 286 425 431 507 685 710 739
9  228 267 419 524 678 736 744 844 868
13  55 116 178 351 450 478 677 699 740 830 882 900 974
12  26 85 128 232 332 400 500 557 890 917 965 989
15  12 18 70 190 240 324 335 451 531 611 617 656 678 679 823
9  190 239 296 413 538 570 610 849 852
7  33 132 151 172 957 978 989
7  210 333 818 961 970 987 992
9  10 28 108 210 363 499 507 605 837
11  222 238 433 584 716 736 790 827 897 916 945
9  49 168 370 540 652 672 708 900 915
16  58 133 188 199 239 263 277 441 447 631 679 701 770 802 903 935
10  129 240 470 578 687 722 786 867 923 948
13  70 136 221 246 356 419 460 479 522 580 726 881 932
8  30 338 349 459 489 546 843 964
12  195 289 363 405 408 456 695 702 746 804 825 883
11  140 164 189 218 233 251 374 398 582 668 867
10  78 87 98 151 491 606 633 649 660 946
10  63 128 308 481 550 588 782 783 825 952
11  61 147 319 339 356 359 375 557 655 837 922
8  147 200 250 317 387 585 661 935
9  68 119 236 439 508 524 562 702 950
15  64 69 72 93 115 206 281 333 468 485 605 847 872 933 991
6  197 345 367 528 600 638
10  40 87 104 200 225 331 732 806 874 927
10  25 259 370 398 527 542 705 727 928 937
10  11 23 130 173 243 259 387 546 667 851
20  17 23 75 159 178 262 311 349 413 472 568 662 663 713 739 920 944 949 973 995
11  96 166 167 195 409 412 518 595 703 965 971
6  19 452 474 548 609 941
8  82 116 486 507 520 688 689 843
8  15 26 369 404 679 857 882 965
10  80 266 326 548 555 612 698 793 796 873
10  23 125 177 190 301 540 579 726 924 953
8  80 280 368 381 402 546 605 973
9  18 185 239 265 281 486 696 927 976
9  36 50 62 319 393 415 515 554 878
4  113 173 284 800
15  12 146 182 186 276 277 308 388 399 487 519 524 594 750 818
11  122 306 330 393 480 560 612 761 798 873 880
9  134 308 351 359 451 609 623 771 976
8  55 240 294 660 662 792 910 918
8  232 415 504 648 719 787 883 933
9  78 114 236 262 555 746 870 921 988
8  20 184 251 333 360 387 426 560
8  70 223 409 457 520 655 869 948
14  136 141 291 305 417 465 482 509 593 619 760 798 870 957
14  0 137 280 289 290 444 480 501 622 630 665 686 694 931
9  103 169 170 234 319 380 495 590 951
11  242 302 323 448 456 538 752 794 811 818 827
9  87 217 218 377 555 702 734 870 903
7  83 131 687 754 778 795 818
9  70 89 338 608 654 674 804 813 816
11  19 34 103 149 282 299 303 557 597 934 946
12  134 151 161 246 364 411 412 539 578 766 873 981
7  212 314 383 385 627 734 915
16  10 25 84 178 212 231 252 471 474 487 560 564 625 701 833 912
13  6 346 368 431 602 631 717 813 854 910 925 941 970
10  23 128 137 459 518 525 705 713 799 998
13  23 137 175 295 340 394 536 564 583 805 811 838 897
10  71 79 111 171 285 368 511 624 708 964
8  207 305 355 451 715 760 842 848
11  105 238 367 474 516 554 569 580 807 904 922
14  27 67 135 186 357 426 427 430 445 605 690 908 916 937
6  62 408 428 460 525 554
10  59 61 549 554 682 755 773 876 884 966
14  26 36 94 163 231 381 400 403 441 464 674 702 764 973
7  106 354 544 551 591 764 977
8  142 340 361 402 606 819 831 864
7  106 218 228 424 618 674 989
10  67 84 165 204 279 569 693 715 762 799
16  41 94 178 292 301 304 383 423 537 615 659 713 740 777 803 873
14  57 153 155 210 336 354 420 537 604 608 666 771 983 984
8  10 418 530 548 613 699 825 967
20  25 83 183 205 253 334 341 433 465 497 504 516 546 553 598 791 824 868 931 979
11  24 37 39 87 269 429 461 626 687 803 815
8  8 171 224 533 669 714 743 902
12  87 167 173 197 338 352 436 513 564 875 894 966
13  139 166 174 203 340 426 430 438 466 628 723 729 844
10  0 63 393 397 476 650 880 921 947 975
10  50 211 336 398 559 564 634 734 837 905
9  188 294 336 376 460 531 711 951 968
10  91 158 480 628 679 711 741 816 919 998
12  72 299 322 388 550 552 580 657 746 790 895 906
13  131 175 216 293 316 391 395 519 564 839 889 904 962
12  67 162 249 272 298 336 438 756 774 914 950 992
12  289 363 421 427 493 628 634 639 641 675 922 991
7  27 118 247 300 312 597 832
12  4 32 182 263 335 343 443 491 793 825 961 984
13  19 178 206 275 353 466 554 582 664 675 693 921 996
8  86 218 298 313 577 593 832 838
8  104 133 236 386 507 710 920 948
7  2 337 390 531 813 850 938
13  120 282 451 472 511 553 572 674 752 779 797 843 927
5  2 317 447 566 969
12  132 263 282 348 406 559 638 730 808 897 958 987
7  88 271 274 381 497 856 858
8  17 126 187 188 424 600 723 738
4  480 684 704 736
12  76 104 355 458 587 662 714 899 975 988 992 998
13  135 189 205 351 472 501 570 610 630 737 792 844 956
12  173 250 257 345 351 404 461 574 640 814 856 984
12  33 62 99 347 403 483 675 693 849 871 955 968
7  54 82 145 197 452 588 590
5  57 99 194 509 550
13  67 72 88 128 142 163 477 503 540 702 794 889 971
10  75 342 401 415 641 708 751 755 829 961
10  46 70 144 237 303 425 561 631 645 809
14  96 330 391 416 560 564 565 648 702 790 887 928 967 979
15  64 72 153 258 371 396 421 422 486 508 515 596 664 665 942
15  48 154 247 310 398 402 411 427 433 485 553 561 778 874 881
10  489 504 640 705 727 741 762 840 853 971
12  42 75 258 309 311 340 541 569 603 648 788 814
10  251 278 341 345 367 506 526 569 689 841
8  14 129 200 409 450 466 529 671
10  161 173 200 371 385 402 450 569 721 835
8  22 114 119 275 362 497 625 738
9  232 325 350 403 670 709 734 810 831
5  196 209 741 757 926
6  144 184 197 664 698 723
9  215 255 257 346 446 482 706 707 889
12  14 139 334 338 461 537 724 786 922 934 952 964
7  2 199 288 711 772 857 901
8  11 64 222 408 547 680 885 925
12  3 20 162 288 326 333 500 624 774 784 787 904
8  17 94 431 641 680 681 856 987
8  109 284 286 291 362 848 867 916
11  2 18 19 24 133 135 177 209 248 622 663
8  86 209 320 487 731 884 946 993
7  75 208 288 383 661 695 715
14  23 40 121 233 339 379 404 424 728 735 765 820 847 890
3  246 635 699
13  102 113 203 243 369 469 470 475 613 716 808 812 980
8  13 38 221 332 480 554 560 729
12  121 167 431 452 471 472 667 715 855 902 927 995
14  29 449 451 514 590 698 771 807 814 848 849 902 906 979
7  44 247 252 414 567 591 982
11  102 147 215 245 531 641 915 952 954 969 974
13  44 59 157 249 412 465 545 619 620 757 877 959 968
9  72 195 233 308 428 567 581 647 697
9  133 211 425 496 577 660 714 719 835
9  32 33 76 103 215 269 536 562 713
8  137 233 330 411 432 521 762 892
8  115 128 208 223 598 776 865 900
8  201 348 407 467 473 505 823 830
6  25 82 424 628 809 954
8  41 180 200 202 301 700 787 895
12  17 70 274 360 421 568 663 672 679 692 709 939
5  131 272 334 445 960
12  55 130 145 157 189 274 375 551 579 678 750 760
9  249 399 438 461 763 798 827 902 919
10  53 54 149 252 340 372 531 534 787 941
12  34 44 217 422 486 622 773 804 926 939 970 996
7  70 411 500 650 752 792 951
11  246 499 538 556 597 639 645 680 733 748 877
10  95 182 256 407 520 602 634 800 856 944
10  46 70 159 370 382 480 829 833 874 921
11  25 72 139 140 145 181 198 210 444 479 964
17  20 78 141 290 325 379 426 433 440 481 545 560 586 656 662 689 749
10  21 339 436 446 578 731 814 907 912 936
6  245 349 463 470 483 492
9  74 126 211 476 507 570 658 672 887
11  12 62 146 166 381 499 574 620 704 934 997
11  106 159 279 320 616 688 702 825 911 986 987
5  194 286 346 438 781
12  73 161 368 538 616 660 734 739 744 816 823 957
11  367 402 446 699 700 746 778 833 836 851 914
7  424 454 578 655 719 790 906
12  106 201 270 304 364 637 744 806 809 859 919 969
5  186 348 550 615 786
10  59 165 295 392 419 433 575 596 698 982
12  41 93 169 184 206 286 335 442 551 600 698 844
11  46 104 140 236 283 310 354 363 426 534 851
18  31 75 77 78 166 250 333 392 414 445 492 560 571 651 754 784 843 978
8  150 234 242 243 247 483 546 940
10  140 254 407 425 437 452 557 640 686 751
11  176 214 239 283 458 647 690 797 882 965 986
10  36 181 292 321 362 451 601 639 651 682
11  122 221 230 240 274 313 405 672 760 921 956
10  236 275 403 571 615 672 707 794 931 990
7  268 373 385 533 551 677 851
10  103 250 380 386 492 506 658 688 710 827
10  55 68 370 488 536 626 627 701 768 986
7  185 263 275 475 593 848 998
14  28 86 219 282 326 402 706 859 890 891 919 981 985 991
10  49 51 264 379 406 419 500 586 897 899
15  8 69 77 257 306 331 368 424 460 618 640 654 821 847 924
16  92 144 176 189 322 403 429 563 591 750 757 813 819 908 937 961
8  279 516 599 635 697 788 924 992
12  9 164 202 262 263 457 544 559 665 677 702 826
5  239 506 692 828 951
9  38 251 360 480 517 658 704 717 900
12  41 100 229 234 334 525 554 555 574 645 896 954
9  112 223 261 523 581 634 651 782 876
13  81 175 181 363 378 469 541 561 620 630 840 962 977
9  42 225 390 453 467 604 637 734 974
5  15 146 422 747 952
9  9 81 161 181 202 441 666 939 967
9  73 142 151 206 309 353 441 470 516
8  156 160 230 477 589 616 655 689
13  53 103 278 288 339 442 559 574 610 632 696 769 980
12  24 71 170 177 248 334 356 424 530 741 825 978
9  51 76 113 216 330 410 788 912 992
14  1 65 115 137 156 160 491 537 555 575 687 769 951 959
10  1 459 464 467 587 623 766 899 933 958
12  6 26 56 117 185 224 275 328 433 766 918 979
16  14 196 219 222 327 348 468 470 555 559 683 834 856 886 966 999
6  37 193 294 460 661 951
14  11 172 187 318 344 404 440 484 515 588 752 781 866 975
13  28 84 88 112 271 277 377 533 558 697 709 768 802
6  29 313 443 529 671 979
9  152 342 577 584 737 910 932 959 996
4  178 546 787 854
8  144 181 311 572 714 793 868 883
6  31 243 487 711 725 732
11  29 46 90 133 212 371 414 675 686 781 916
11  108 150 159 356 708 752 802 868 890 925 955
9  91 105 292 320 347 588 637 775 813
14  143 210 343 440 474 492 632 689 774 810 865 888 906 969
13  13 56 196 228 258 324 524 641 693 717 720 904 948
7  117 318 544 783 804 833 952
14  161 217 233 291 387 449 517 584 614 670 685 799 825 883
7  71 387 668 721 854 965 999
18  26 126 217 277 342 465 475 481 608 628 693 709 741 800 812 925 956 995
7  253 343 545 567 646 867 940
17  27 42 48 103 120 135 182 188 206 383 384 521 584 604 630 655 743
7  70 200 245 477 691 730 785
11  135 417 419 461 479 500 512 630 726 765 873
10  254 357 460 463 482 489 621 791 858 998
13  32 47 75 246 270 522 566 585 727 740 909 927 980
11  77 139 332 335 514 586 610 700 708 822 826
9  154 161 198 201 241 412 436 450 641
10  23 143 147 152 221 519 758 775 776 970
12  27 62 147 246 452 514 563 636 654 674 687 841
13  41 89 112 161 271 427 560 568 620 701 797 916 986
4  6 84 148 241
20  16 108 130 178 187 242 272 434 456 482 699 724 734 775 798 799 808 823 853 966
16  86 147 200 312 495 510 570 616 763 793 826 830 859 956 974 975
5  165 228 420 429 718
9  160 268 462 598 649 690 713 776 893
17  196 230 272 277 328 346 450 478 579 686 715 721 766 848 852 906 997
9  21 228 264 279 341 349 418 439 822
9  82 137 193 263 292 370 766 851 950
12  0 177 340 434 490 537 674 678 840 865 932 940
9  18 99 142 257 347 528 594 627 679
6  306 317 337 648 762 902
10  26 35 107 177 226 285 463 541 895 925
9  190 207 276 573 713 736 761 798 888
7  84 364 411 545 604 659 735
15  20 116 120 216 272 304 315 410 417 438 458 533 714 860 929
14  113 190 216 300 393 541 550 620 712 826 868 877 940 999
8  83 167 189 504 696 715 841 943
7  161 298 335 377 625 649 981
10  36 81 198 204 268 450 466 587 617 764
8  43 270 460 516 776 815 894 984
10  32 208 389 411 483 526 598 660 923 934
8  22 102 150 235 403 571 835 938
10  163 175 332 347 389 460 556 870 872 966
12  23 66 106 234 400 445 463 514 743 822 915 920
13  60 127 139 146 248 271 309 551 729 746 754 763 787
6  17 271 314 358 579 810
5  107 233 695 741 900
19  28 75 130 231 259 292 307 329 348 363 455 474 513 582 628 781 896 982 990
8  162 269 302 337 635 703 774 836
11  137 206 225 240 320 334 428 474 542 605 842
10  53 121 225 248 272 396 556 753 890 929
14  1 47 82 127 226 301 426 617 698 764 901 926 940 959
9  1 60 237 349 400 717 734 751 933
10  62 106 225 240 720 741 862 874 944 970
11  92 162 219 287 296 537 549 733 856 888 971
6  304 452 654 734 899 920
13  27 64 123 171 236 272 320 332 367 437 644 682 942
12  117 154 398 405 441 450 458 466 483 511 910 989
9  103 123 149 468 528 560 668 910 924
10  239 321 393 443 458 496 526 571 677 921
10  8 81 94 159 337 433 630 643 714 744
14  85 109 133 240 247 312 326 411 504 528 684 760 785 823
13  92 96 118 139 183 403 473 529 668 685 917 935 970
8  126 320 370 380 673 703 749 953
17  61 132 151 173 228 359 360 434 450 511 596 602 697 799 825 859 920
8  89 333 362 589 654 729 784 789
8  85 103 250 372 436 527 599 780
9  27 209 319 466 536 569 591 609 854
9  225 310 335 420 514 680 790 851 920
9  282 321 328 469 674 718 900 931 988
9  41 52 136 173 256 697 761 891 924
9  211 499 582 634 672 739 752 847 912
10  111 297 383 646 684 703 712 775 942 961
19  77 91 164 276 277 393 402 415 434 441 465 483 493 547 595 698 706 904 978
12  166 202 223 255 297 339 478 756 803 875 896 997
9  94 136 191 265 296 337 395 432 781
9  145 357 576 640 662 693 777 910 937
7  41 101 329 549 593 648 950
6  424 515 573 709 816 941
12  5 51 80 123 177 211 398 460 660 680 753 773
10  148 161 207 351 528 780 810 849 883 999
12  261 338 411 434 436 479 520 527 624 681 774 838
14  112 176 220 366 684 693 697 700 716 845 884 941 948 971
11  122 156 175 226 243 348 369 390 416 419 456
12  53 121 237 263 283 312 389 678 743 879 917 991
11  401 465 504 586 631 688 813 890 891 951 952
7  322 390 408 420 549 661 737
8  128 228 366 577 580 585 709 913
13  39 122 208 236 300 385 450 462 468 528 586 606 614
17  33 240 251 276 415 434 444 517 548 589 594 605 781 790 793 866 896
10  13 129 306 357 366 468 563 641 670 786
13  64 112 184 368 435 465 467 493 616 666 696 835 892
9  69 294 356 446 682 698 742 753 804
14  22 100 128 174 294 322 360 368 558 671 675 811 933 968
8  91 218 296 536 596 636 903 990
9  34 87 189 255 262 296 740 780 802
13  30 306 439 539 648 683 782 786 802 846 962 986 998
18  24 48 191 218 224 380 424 426 586 632 652 736 756 817 819 969 974 997
9  294 345 385 603 643 725 748 762 849
9  77 241 323 527 553 554 692 703 930
10  267 361 388 583 617 639 697 829 855 965
14  98 164 402 451 495 573 659 685 741 792 801 809 978 981
7  175 319 389 458 545 665 938
15  99 100 201 209 244 260 295 318 353 482 499 759 789 814 900
12  80 111 154 180 320 385 622 640 645 848 880 914
11  117 208 282 390 398 480 513 625 642 677 781
15  264 322 336 417 434 450 488 491 504 520 576 748 797 800 856
4  118 370 567 966
8  184 272 507 647 707 728 838 934
17  192 197 271 314 530 559 629 638 744 793 803 832 876 937 983 985 986
9  79 159 200 218 290 376 605 739 926
6  9 60 86 344 483 681
3  176 273 390
4  79 405 607 633
14  156 179 250 365 483 500 616 694 740 770 785 813 896 931
7  151 322 335 343 380 932 949
8  18 248 450 468 588 648 747 872
7  91 580 602 775 781 957 979
10  59 67 210 399 478 498 702 720 877 961
6  131 302 436 575 877 962
4  236 258 278 617
5  147 155 495 761 866
12  25 170 316 324 448 480 534 620 683 768 774 959
9  165 286 315 347 389 491 808 864 865
7  94 209 262 571 811 885 887
4  549 564 660 989
8  267 505 510 597 717 820 822 898
18  18 204 236 273 413 438 462 483 522 587 618 630 666 675 691 766 831 935
8  306 503 559 648 758 790 853 903
11  54 86 275 343 352 632 801 808 851 891 925
9  162 170 192 253 323 485 642 681 983
9  38 49 98 147 183 271 650 934 949
6  37 208 266 532 872 925
6  154 399 503 681 764 853
12  76 134 222 255 434 441 597 686 702 720 845 854
8  65 389 578 646 746 976 981 996
11  79 89 104 137 239 424 482 650 851 858 930
8  297 392 395 420 445 721 745 800
8  115 198 271 370 455 568 768 967
12  60 224 236 350 360 416 686 716 722 919 927 963
9  103 114 138 353 383 466 525 717 890
9  190 220 583 611 632 702 745 754 895
11  60 82 104 124 200 246 394 669 733 754 816
10  17 192 207 317 458 483 647 672 792 884
6  304 387 597 769 772 831
9  36 150 175 391 504 592 699 903 967
5  355 561 644 966 982
9  45 163 183 200 381 535 576 652 866
10  78 105 220 226 354 517 680 721 754 989
11  2 23 275 417 436 549 660 786 845 857 921
7  187 443 458 476 796 883 905
8  145 185 406 435 438 457 465 803
11  44 73 113 276 372 439 544 747 771 825 930
10  73 92 97 235 363 486 595 746 813 915
14  57 63 166 243 254 299 313 546 556 702 724 755 939 995
8  126 509 584 711 727 800 848 888
9  238 342 371 411 588 589 624 787 895
10  80 112 313 334 499 540 818 932 970 981
8  4 524 588 599 627 629 687 699
10  40 72 221 303 344 444 471 539 695 703
11  233 234 283 365 405 431 538 659 769 792 801
12  82 151 167 211 316 327 537 579 667 818 862 908
9  48 216 473 536 598 769 886 897 969
5  172 195 267 534 706
14  41 73 80 274 356 408 412 702 723 740 798 809 901 956
8  5 35 50 121 187 426 865 871
2  41 619
10  21 229 351 382 529 556 621 817 889 913
11  8 300 320 386 410 479 646 819 822 842 980
16  52 109 176 188 196 236 336 374 531 722 733 774 829 933 934 977
9  44 86 285 450 593 657 674 793 845
9  1 191 194 235 466 556 620 668 844
15  28 46 157 227 431 454 463 502 526 671 709 782 786 809 948
12  2 180 245 266 331 412 774 777 785 845 865 914
9  24 229 311 333 342 421 732 846 871
6  47 93 245 677 759 901
9  26 236 255 272 476 771 857 926 973
10  21 138 198 224 226 227 251 295 354 476
12  32 194 205 212 354 365 368 594 706 775 802 837
8  316 419 427 531 544 548 567 896
8  165 181 215 337 580 670 672 960
8  113 371 470 637 686 708 963 981
16  25 72 97 98 242 257 351 362 368 486 505 686 795 803 902 971
14  93 117 201 206 218 270 295 320 335 396 435 757 944 980
6  269 272 356 523 854 860
6  52 183 303 749 870 950
10  92 130 157 349 395 467 673 883 914 992
12  147 218 221 239 242 246 270 502 632 760 853 863
7  143 270 590 603 776 810 893
5  62 256 391 569 824
13  87 102 298 301 386 484 556 638 689 712 730 739 759
12  1 42 103 110 189 309 396 515 577 737 899 927
15  224 232 274 275 277 444 566 633 691 752 795 799 814 819 927
8  115 167 262 323 399 606 610 933
11  156 335 341 418 436 501 733 756 820 823 986
10  69 98 255 375 707 720 757 840 852 984
10  66 70 409 455 478 690 786 813 814 823
10  156 263 324 354 362 603 662 785 859 928
8  17 332 365 496 663 726 866 878
9  19 453 483 524 788 869 882 922 997
8  50 252 302 373 464 568 610 837
10  21 126 174 216 321 329 512 867 893 972
11  98 195 311 402 422 538 602 806 816 913 979
12  64 69 175 224 245 464 494 557 701 725 857 996
7  301 355 588 670 741 766 866
10  23 68 178 251 424 448 708 738 906 955
7  81 103 113 221 477 518 764
14  171 373 383 387 532 591 642 662 681 729 744 826 881 992
9  104 182 391 464 648 656 701 916 997
12  42 105 122 320 347 392 462 465 474 836 911 977
7  261 366 415 504 672 754 844
13  156 180 265 370 379 493 533 535 581 760 894 925 976
11  75 361 442 466 533 639 674 747 781 794 899
10  65 139 210 265 297 565 597 758 806 934
13  11 139 229 298 349 444 584 598 643 688 742 759 888
10  151 159 522 727 778 831 921 966 974 998
5  208 252 345 454 547
8  200 406 466 555 597 620 744 887
6  33 190 450 530 954 989
8  3 271 332 441 471 648 773 863
14  14 39 43 135 215 249 316 503 511 521 590 594 618 754
11  236 305 401 417 539 591 666 683 815 885 954
16  29 69 141 350 443 535 603 655 782 788 838 839 891 948 958 983
14  74 75 109 185 259 333 848 878 883 898 900 918 970 994
9  86 115 131 339 777 782 788 969 972
15  58 80 89 219 317 441 494 579 634 665 770 786 832 921 974
10  274 475 565 574 599 624 773 778 837 845
7  16 234 357 387 410 793 948
8  170 184 196 225 426 466 487 942
10  67 132 153 179 230 465 570 917 924 990
6  6 490 704 729 749 777
7  68 214 234 385 633 706 731
5  191 202 444 651 880
11  167 262 362 392 570 577 637 642 780 863 873
7  61 166 518 629 686 692 759
8  22 31 194 201 644 686 929 933
6  78 235 294 802 932 971
9  18 86 111 383 465 709 779 802 955
8  131 233 331 341 758 785 988 991
8  325 327 361 399 468 491 835 989
8  137 166 415 428 477 497 621 728
10  11 231 348 504 597 670 692 819 842 922
8  208 300 543 763 789 827 839 971
14  1 28 110 129 138 140 300 324 356 396 412 499 548 594
11  14 390 544 617 639 783 858 888 917 920 954
8  83 209 289 314 481 685 840 862
7  202 366 698 742 791 792 891
16  63 76 83 87 129 222 286 458 533 603 641 700 789 947 972 992
10  152 160 218 278 414 482 741 783 801 882
10  137 237 344 647 709 734 757 784 905 999
7  20 217 344 406 535 908 939
12  38 240 244 248 307 385 424 677 738 830 842 968
6  35 126 486 535 611 936
14  142 209 262 356 387 389 437 504 640 742 843 887 925 991
15  40 65 89 114 173 219 269 462 672 682 844 852 930 942 957
12  13 362 380 474 506 518 564 802 821 867 909 956
12  14 92 179 490 569 608 658 810 868 904 905 942
11  8 68 100 242 248 317 355 448 602 698 766
8  16 71 293 350 425 695 898 994
4  395 471 782 975
10  75 90 330 357 379 558 610 710 820 982
8  56 74 78 185 257 486 567 969
13  32 148 248 316 339 477 589 621 873 896 935 936 967
14  16 106 109 263 273 337 348 453 481 630 678 696 714 745
14  14 46 69 248 268 287 299 381 393 467 624 643 815 824
12  10 19 47 108 482 507 584 610 716 801 816 844
7  437 475 591 641 672 884 979
9  40 66 433 523 612 666 708 772 781
12  14 103 108 269 316 354 481 689 812 874 924 988
10  3 142 386 449 512 545 684 726 920 991
10  35 136 301 338 485 520 626 730 745 924
14  5 204 270 274 407 454 473 493 505 585 596 709 765 935
6  179 401 414 789 834 960
11  125 241 315 508 513 681 732 776 864 909 986
7  1 335 339 355 609 711 850
10  41 51 63 172 474 524 727 775 823 980
3  92 127 737
12  214 348 395 432 442 684 732 760 772 854 932 960
10  20 74 181 207 329 361 387 599 933 971
7  3 166 320 585 795 809 963
9  21 39 123 143 245 547 668 730 795
10  323 343 353 633 709 710 718 738 957 966
16  10 39 128 143 233 410 478 537 703 739 757 812 837 894 925 999
13  179 203 302 327 417 456 502 526 692 710 711 724 731
10  76 155 182 291 369 463 749 862 900 979
12  97 134 189 203 261 320 453 574 584 803 859 901
10  98 189 289 309 575 679 724 725 995 999
5  72 251 271 281 879
10  101 209 271 351 479 602 734 749 757 893
14  90 95 128 156 234 359 468 504 598 644 697 747 807 846
9  136 188 296 538 776 818 840 929 932
10  88 115 178 384 435 439 548 657 820 846
9  238 519 697 735 828 831 896 915 988
14  22 91 148 279 383 467 557 581 618 699 837 899 936 987
7  276 372 470 549 702 760 994
18  75 129 140 144 172 309 323 340 341 448 520 557 587 631 643 707 778 893
5  147 153 440 563 789
15  30 136 214 228 231 255 395 405 446 547 589 732 766 846 864
10  248 251 264 377 470 504 701 767 974 996
4  27 683 799 918
10  5 14 55 164 342 351 436 482 552 628
12  10 24 125 163 166 311 405 461 640 701 964 977
12  5 146 166 173 193 244 309 406 663 775 816 886
8  285 287 316 445 456 525 689 919
8  287 458 488 507 510 584 650 734
9  132 149 227 339 433 469 631 761 917
16  31 85 368 473 499 598 676 686 713 722 817 901 904 925 926 989
8  260 438 449 459 646 654 849 927
12  44 108 148 162 383 439 478 622 756 819 825 840
16  77 152 209 337 377 402 511 516 558 559 611 612 683 817 882 983
9  125 174 213 237 365 395 535 831 947
8  15 95 192 325 343 462 591 875
15  22 38 80 103 155 192 275 320 361 380 567 645 680 701 959
8  31 131 225 338 401 573 702 982
7  388 504 569 735 904 951 961
11  32 100 309 352 476 611 618 660 700 847 963
9  232 251 264 381 385 453 459 739 888
7  68 70 89 101 209 491 844
12  16 177 291 423 536 635 708 810 811 819 883 908
10  89 197 362 413 468 640 701 713 747 919
14  0 79 301 350 371 441 447 459 477 666 669 705 812 994
11  194 281 297 332 333 428 450 469 623 634 955
12  64 78 129 164 235 293 328 398 522 535 670 823
8  21 308 328 392 459 624 692 772
17  22 31 142 173 218 344 396 580 585 675 678 689 696 779 806 905 973
19  11 91 177 183 212 228 267 270 325 351 495 511 518 531 541 671 690 770 850
11  190 425 440 449 476 536 659 717 767 780 896
7  260 324 353 607 710 778 948
10  20 33 116 135 139 187 220 273 697 961
10  30 121 122 282 346 450 540 555 608 966
10  9 120 282 341 485 572 672 906 957 970
17  60 90 116 140 172 222 268 378 392 558 582 644 695 735 845 930 985
17  91 123 279 309 371 385 455 464 549 614 626 648 658 829 832 913 940
11  162 253 343 637 658 660 704 885 912 931 955
12  99 243 244 284 376 532 651 660 742 784 950 956
8  20 412 449 567 811 900 903 906
14  42 152 189 220 233 303 401 409 683 696 792 905 906 922
10  13 238 261 302 375 411 437 640 747 988
8  223 232 291 296 402 413 744 857
12  37 88 171 294 459 516 642 806 822 867 892 901
8  38 219 353 381 429 503 517 703
10  0 95 118 400 446 658 790 832 877 931
12  117 151 161 204 302 329 770 808 809 881 905 947
9  18 55 381 430 495 511 572 854 894
8  277 384 402 514 525 782 908 991
10  52 98 140 158 174 516 546 683 928 976
14  48 77 90 98 136 240 259 281 541 790 793 796 920 994
9  74 283 398 531 660 663 786 809 884
9  43 153 161 376 475 580 663 816 967
9  3 122 175 195 389 575 646 934 959
10  1 114 116 187 273 391 532 592 652 812
5  117 292 485 617 849
9  115 240 295 421 442 584 607 787 837
12  45 257 388 567 647 657 739 757 769 927 962 965
13  27 34 54 57 117 121 133 290 321 608 660 802 898
8  107 137 186 376 551 650 654 674
6  316 431 519 546 571 774
17  160 212 217 242 279 327 357 398 429 432 626 665 681 757 785 926 970
10  10 23 161 292 410 669 691 708 875 944
11  21 40 163 171 260 409 474 740 831 846 940
7  262 373 463 568 653 807 911
10  49 86 154 259 278 582 628 658 822 863
10  162 189 327 448 487 567 659 693 730 917
11  86 164 233 391 472 491 541 736 798 957 970
13  79 244 273 280 363 385 423 430 478 581 625 822 992
7  134 469 591 623 630 711 989
11  46 155 238 387 420 461 794 797 813 838 886
16  36 40 104 114 163 327 330 437 486 584 594 715 782 883 928 935
9  138 514 518 640 647 807 820 894 978
15  72 111 177 205 245 328 421 512 530 791 848 884 893 942 992
13  59 82 142 358 493 529 589 666 696 714 769 785 851
6  140 316 475 483 768 859
7  320 440 562 607 661 665 992
6  93 115 200 311 349 897
7  268 337 429 771 822 878 916
11  109 211 255 315 370 378 448 569 908 931 971
10  15 71 85 101 427 456 469 843 930 975
13  7 150 213 335 421 518 519 525 587 597 762 835 849
7  227 268 531 760 788 822 913
11  103 247 451 474 571 685 768 820 824 880 984
13  71 280 300 349 560 572 626 659 665 730 734 909 951
6  394 505 590 615 779 920
8  143 480 552 567 591 611 945 947
13  208 223 311 340 438 564 588 654 671 755 849 911 969
8  127 159 201 409 447 498 682 797
12  30 65 232 273 304 407 475 754 774 895 911 925
8  115 312 399 421 619 772 790 840
6  228 229 415 428 510 583
7  36 127 135 292 389 648 893
14  91 133 216 366 367 402 404 504 581 634 674 813 843 846
6  24 34 675 703 832 910
9  156 344 371 499 515 748 756 811 960
9  362 365 521 537 539 730 747 879 916
14  2 29 121 127 173 491 602 702 719 798 878 894 937 947
8  32 202 234 297 529 553 751 930
9  80 284 521 644 654 700 763 959 972
8  227 314 456 596 603 778 826 842
14  94 123 247 286 380 425 458 499 546 550 733 762 880 937
10  131 379 394 398 449 494 555 652 679 949
13  20 54 305 394 401 416 565 650 667 829 898 908 999
6  18 233 453 550 601 607
11  137 213 272 328 592 603 672 704 773 932 999
7  81 255 614 701 758 794 955
7  72 443 457 472 610 703 898
17  92 115 136 137 326 370 377 424 452 466 482 494 589 644 848 919 923
11  130 180 355 473 549 599 601 636 721 744 921
7  60 97 180 382 621 625 965
11  117 127 286 335 442 626 711 826 833 991 993
12  34 43 71 150 388 438 491 550 574 615 734 747
12  174 283 331 467 473 526 549 573 602 724 922 981
13  150 204 286 308 313 374 421 533 729 844 898 909 928
11  274 350 364 576 599 601 755 799 839 859 861
8  17 442 480 619 624 649 673 899
18  40 130 171 245 270 329 445 466 505 718 723 763 851 881 910 917 983 985
8  103 236 390 623 746 805 823 912
11  58 203 262 315 478 520 537 623 713 817 958
13  50 72 194 250 375 399 466 486 547 604 723 910 932
7  211 267 341 589 743 779 850
9  150 213 559 569 656 657 867 911 923
9  58 194 527 723 870 896 903 926 996
12  76 114 255 338 396 483 743 761 866 877 895 909
11  75 77 136 201 208 312 398 409 541 740 770
13  16 101 220 232 383 398 441 569 676 788 869 916 935
9  45 108 199 317 385 483 514 532 928
8  72 478 506 537 625 642 876 912
13  21 173 371 378 472 473 555 613 614 632 731 806 823
11  15 233 237 451 486 528 559 662 815 819 862
7  112 177 214 314 382 469 867
4  128 221 791 814
14  51 80 122 186 330 579 590 701 716 802 860 899 956 972
7  224 297 666 737 745 828 957
12  98 103 257 294 398 500 506 719 819 894 926 993
12  72 269 307 330 478 541 549 656 719 724 836 986
11  18 45 279 380 422 457 565 633 695 857 937
13  79 149 211 221 470 501 695 712 768 837 953 980 991
11  21 50 94 294 385 645 659 697 727 816 981
15  99 214 219 254 349 379 462 491 530 573 743 766 854 861 979
11  87 118 263 274 297 321 480 569 573 805 993
10  237 416 598 641 803 835 858 900 908 935
10  214 244 327 455 519 579 642 679 725 812
9  21 25 157 474 544 683 686 792 873
12  44 65 153 169 200 211 213 534 538 667 937 962
17  35 86 230 349 474 545 569 618 685 695 803 808 845 890 945 949 967
10  74 292 503 571 637 668 745 756 903 958
4  7 348 632 852
13  67 84 125 392 403 420 503 545 716 738 741 751 755
13  149 166 306 327 398 438 571 573 652 699 791 802 841
6  77 236 566 641 756 877
15  113 119 177 180 235 250 325 363 383 441 529 685 832 859 942
10  93 127 351 392 399 412 584 773 784 986
9  171 211 312 343 619 846 889 930 944
12  66 82 87 101 157 352 669 807 843 897 911 938
11  59 106 158 268 318 477 546 709 776 894 990
7  80 164 306 399 628 853 933
14  1 38 117 122 230 279 504 521 592 669 687 736 852 987
9  249 252 486 602 709 718 767 825 844
7  65 218 318 328 382 784 981
7  111 155 159 368 649 855 992
14  9 35 64 82 120 149 154 277 302 418 468 616 754 815
6  155 328 425 586 809 884
11  63 170 181 242 555 577 603 659 670 729 811
13  24 55 94 138 221 252 458 485 599 743 867 870 966
6  49 246 599 619 788 991
12  76 273 356 405 572 622 667 685 763 853 886 952
9  275 395 413 823 842 918 929 958 981
9  223 426 545 618 628 773 841 875 917
8  176 192 255 335 630 753 766 828
12  163 240 262 333 548 587 631 642 694 787 832 934
10  42 101 459 511 526 547 550 603 708 819
9  473 551 666 668 674 736 766 827 895
5  184 292 348 448 692
16  0 49 74 90 223 288 297 345 402 481 532 600 746 781 966 975
10  9 167 264 297 457 475 684 728 754 760
7  23 29 254 651 702 794 960
12  55 80 188 328 334 342 404 445 506 513 747 790
8  149 167 402 572 631 821 831 899
10  40 273 398 505 510 564 830 840 866 944
10  219 374 384 444 511 561 654 720 813 924
6  41 111 296 477 834 986
8  258 263 287 317 368 431 483 969
17  1 32 193 284 526 553 580 715 810 860 882 892 897 907 930 944 963
8  88 158 258 390 513 621 815 904
12  83 98 129 330 346 399 441 574 662 748 788 825
6  19 411 561 806 857 961
4  788 813 890 918
7  150 151 430 538 622 661 803
7  564 596 610 738 883 892 946
6  118 230 500 650 674 902
9  17 46 305 380 405 500 542 550 961
9  152 370 466 498 524 575 581 797 853
12  50 174 178 288 386 578 632 716 795 804 838 898
11  0 4 48 71 163 236 375 378 412 633 933
6  114 207 576 799 925 990
14  29 66 105 205 208 212 419 562 796 838 880 889 916 968
8  66 70 99 105 264 542 551 912
6  184 419 493 509 965 978
8  194 201 216 233 389 610 639 817
8  105 186 272 318 430 645 975 993
9  99 157 239 451 688 735 842 908 998
5  143 227 355 486 801
10  51 142 300 316 412 495 496 718 797 824
10  1 16 119 159 198 575 600 751 770 881
7  13 98 461 664 769 884 996
9  129 201 241 481 609 756 774 870 913
10  69 105 175 272 584 719 790 878 891 905
15  2 88 136 150 164 193 338 576 625 686 857 907 916 933 948
11  177 204 375 383 457 527 563 600 695 744 863
10  39 227 290 459 520 643 724 746 836 879
9  27 31 66 76 285 501 598 710 918
8  11 104 138 368 539 679 743 840
6  48 270 323 501 594 630
9  21 28 380 409 431 532 591 621 693
7  48 246 267 282 544 827 870
9  165 292 346 378 427 462 517 819 861
9  141 346 447 462 506 599 623 881 892
10  2 15 139 304 468 716 857 863 891 992
8  70 401 565 578 665 672 746 765
10  239 416 588 659 720 745 770 808 829 955
10  158 245 308 408 518 533 762 797 846 992
12  96 101 354 424 451 466 491 556 639 669 703 796
12  38 41 51 171 221 257 347 539 750 828 857 938
10  80 503 600 635 731 776 780 787 867 920
11  261 347 366 432 568 589 670 789 806 852 951
11  164 172 305 353 423 446 480 600 661 712 815
12  27 43 62 88 284 428 541 552 662 683 716 957
10  46 78 84 238 296 297 312 407 559 864
9  173 212 471 505 522 712 796 820 993
13  29 224 246 286 381 450 633 683 691 858 912 958 969
10  26 83 242 527 626 633 701 713 719 881
15  0 21 55 116 121 142 245 297 329 380 402 582 707 712 713
3  321 857 882
13  225 349 538 627 695 721 752 776 815 875 922 929 958
12  2 61 101 391 632 650 757 787 797 941 965 981
15  51 55 155 160 203 219 373 434 435 453 767 790 793 927 941
9  20 111 325 586 737 760 762 795 828
13  28 88 120 153 218 321 364 448 710 791 801 871 904
7  464 544 579 709 755 880 992
6  160 247 328 481 550 563
8  71 110 172 217 299 420 530 669
14  171 225 288 377 396 585 751 769 799 870 882 943 948 979
12  135 165 439 461 606 621 682 739 790 842 943 962
11  101 144 149 203 367 600 676 841 861 885 930
14  70 76 81 97 124 244 312 330 346 516 680 696 781 920
14  189 253 420 432 441 445 621 646 723 758 898 919 963 987
10  205 241 251 318 340 436 526 592 602 782
15  54 85 102 129 181 224 248 283 576 618 713 786 908 961 997
6  140 174 417 781 795 993
11  23 88 195 348 350 435 447 606 645 647 854
16  67 219 285 378 385 408 506 509 588 630 659 683 762 869 927 974
12  25 280 314 428 487 553 683 734 796 808 943 989
16  28 152 186 197 255 296 391 516 568 569 684 730 910 925 940 978
8  93 187 270 574 722 744 787 800
11  60 99 135 137 411 427 612 667 841 908 998
16  15 136 149 476 513 529 631 708 753 771 827 857 918 943 952 999
13  133 146 152 161 209 236 341 446 491 710 718 752 967
12  30 175 373 405 492 534 613 654 667 778 793 948
13  184 204 366 429 470 546 570 612 655 830 868 882 970
12  69 122 215 283 324 417 485 508 546 590 726 844
12  20 67 159 173 182 439 504 639 648 744 799 815
5  6 321 629 639 670
11  187 225 349 453 486 770 774 810 818 981 993
6  5 254 418 479 828 897
8  23 128 309 314 359 531 627 942
10  16 105 336 386 405 412 428 709 736 927
13  9 13 23 31 60 191 219 313 455 459 909 910 965
12  60 117 271 433 449 605 631 633 746 825 939 971
6  129 413 916 917 926 930
8  189 317 430 560 735 827 853 857
4  132 171 759 819
7  30 37 154 179 215 290 863
7  129 241 624 687 719 759 770
21  4 10 15 92 97 101 174 207 253 381 459 549 599 604 704 882 916 932 960 978 986
5  189 492 508 775 819
8  27 101 183 247 404 454 562 711
11  121 210 243 315 352 365 369 462 691 757 899
10  53 180 283 299 358 382 462 840 930 994
5  28 98 195 440 811
6  299 307 354 595 598 621
12  33 57 94 264 378 582 614 698 710 779 894 966
9  108 262 340 385 399 541 632 711 806
12  168 208 327 494 631 658 707 740 807 901 960 985
9  22 257 366 599 792 820 841 904 908
10  105 123 300 365 373 428 499 689 726 772
10  25 81 310 557 649 654 768 850 948 957
14  72 91 169 250 268 349 449 495 691 705 860 865 922 991
12  21 34 72 90 148 246 356 473 496 730 818 917
8  17 18 516 558 656 692 857 920
8  20 176 222 283 319 678 982 997
13  66 128 165 190 193 338 384 477 730 783 872 909 941
13  227 239 368 398 419 484 523 592 658 706 838 848 955
11  10 235 270 359 515 522 639 725 819 931 998
7  53 243 264 300 470 628 870
13  54 102 256 299 330 380 474 539 601 638 760 856 904
14  29 69 169 219 314 394 430 439 534 600 707 734 740 933
12  38 190 267 273 431 459 559 613 619 655 752 942
6  578 601 624 772 806 988
9  48 51 123 189 196 228 553 701 985
13  25 106 118 121 164 299 357 399 474 592 602 675 925
11  76 83 135 241 261 370 399 636 753 848 874
6  146 197 202 512 588 722
7  106 229 356 546 586 678 980
10  147 168 335 363 450 478 745 872 927 948
13  102 151 236 270 297 367 372 494 579 643 661 813 916
8  294 362 391 545 560 652 811 977
16  0 45 145 216 346 414 478 512 534 558 786 812 833 841 909 937
8  92 298 332 424 523 637 690 964
6  234 486 507 599 686 790
7  94 234 250 263 416 572 756
11  56 115 128 129 155 346 486 708 790 957 973
12  325 338 344 396 473 486 571 650 809 826 855 948
10  21 104 120 169 257 287 325 670 831 920
11  67 104 205 261 446 615 645 669 714 972 998
14  33 142 165 168 231 434 502 525 595 616 683 742 926 992
7  3 341 424 471 606 829 869
13  55 184 248 346 461 615 630 646 721 784 811 839 961
17  11 169 247 261 350 364 563 584 624 741 746 749 834 892 895 913 989
10  139 154 290 784 808 814 874 903 923 937
7  57 600 635 671 697 723 952
7  58 137 189 296 385 531 663
9  32 251 314 373 512 580 675 796 879
12  18 21 139 159 324 402 451 474 576 585 922 964
12  81 220 244 261 345 390 473 592 875 929 967 988
12  35 100 368 384 412 457 626 659 663 776 778 930
