1000
11  80 248 257 274 513 520 536 595 836 920 994
9  95 159 181 311 354 391 556 565 676
9  72 139 671 677 814 818 820 874 887
12  69 152 197 230 357 527 635 712 747 770 832 962
7  36 320 565 778 906 910 938
7  178 358 486 601 694 738 935
8  231 282 330 536 597 767 865 927
4  23 31 42 412
13  105 138 211 377 402 425 427 538 676 746 800 929 984
8  210 348 356 464 737 814 816 916
10  61 104 109 232 335 753 792 794 945 946
7  196 282 651 716 905 928 965
8  267 276 310 501 765 774 862 893
10  266 281 460 478 542 625 717 790 881 913
8  160 167 172 179 502 648 735 781
9  165 209 324 383 406 636 643 677 778
5  55 83 548 696 904
10  78 88 229 341 490 591 679 695 698 814
16  233 239 251 294 316 365 373 575 617 634 699 702 821 830 886 985
6  94 642 647 757 910 936
10  187 373 411 601 679 701 713 717 949 981
8  25 103 368 519 522 778 861 896
6  166 276 292 338 345 880
13  7 143 151 308 388 427 445 477 482 523 567 609 891
10  27 406 638 648 660 670 686 780 885 972
12  21 211 223 240 246 251 312 500 701 781 916 958
9  93 425 510 577 657 665 678 785 887
12  24 165 169 177 297 386 404 413 718 738 836 843
9  78 186 336 368 519 555 652 694 944
15  49 115 126 184 195 300 345 391 425 466 637 647 669 800 942
10  171 175 439 534 650 728 729 790 807 989
9  7 38 269 271 480 560 813 857 997
9  53 79 127 241 287 414 652 767 788
8  189 292 410 563 676 776 843 881
8  54 125 268 326 356 449 686 852
12  130 138 178 199 278 383 429 518 796 829 906 967
15  4 47 56 58 198 224 235 333 511 671 693 754 835 929 988
9  140 317 496 529 562 603 651 677 864
8  31 109 188 334 366 417 695 822
10  115 225 253 332 358 385 630 900 982 986
7  150 264 467 617 650 685 839
11  42 54 171 298 365 369 624 688 865 872 877
11  7 41 147 291 364 650 658 781 913 914 978
14  51 82 97 107 130 437 562 602 632 662 783 876 957 959
14  86 259 525 576 719 732 762 782 800 851 898 920 934 987
11  49 289 341 378 502 534 664 678 742 856 921
13  82 122 181 194 247 364 382 483 548 631 738 881 888
12  36 206 220 409 414 437 669 778 839 905 968 998
10  179 189 286 444 468 598 629 845 944 967
8  29 45 130 240 268 279 517 883
6  323 344 351 460 836 929
12  43 58 102 326 330 364 380 426 543 589 655 982
11  145 160 168 249 254 487 657 743 911 940 948
12  32 148 336 481 530 601 617 692 700 757 890 940
9  34 41 168 210 217 563 569 798 958
12  16 67 107 159 213 227 242 308 711 713 745 857
6  36 119 420 468 597 984
9  207 246 430 613 804 828 878 918 998
6  36 51 307 570 668 980
11  75 94 101 197 430 448 481 571 592 895 919
3  397 585 604
12  10 112 145 241 377 395 595 665 683 711 768 817
9  76 202 238 240 282 674 805 918 971
13  156 167 251 307 311 330 460 506 668 690 764 926 983
13  211 257 304 342 374 457 493 674 733 755 767 915 921
7  135 272 312 328 492 640 914
11  74 92 97 288 296 478 494 508 601 742 927
11  55 93 177 246 260 276 297 366 522 698 938
6  185 193 202 796 817 930
8  3 199 212 292 309 346 655 929
11  130 199 200 309 399 547 783 854 933 943 977
10  191 304 349 413 416 448 577 700 720 779
10  2 262 268 272 325 398 543 673 775 987
9  228 252 390 552 560 564 602 790 924
9  66 413 497 521 532 625 661 858 956
10  59 91 116 167 202 403 651 712 819 983
7  62 522 561 633 852 981 988
9  197 401 560 655 675 796 818 943 971
12  17 28 236 243 268 271 433 550 753 816 943 996
14  32 178 220 252 305 388 444 514 599 647 655 692 755 907
11  0 143 313 460 466 489 670 686 829 834 954
4  211 360 440 453
12  43 46 118 377 538 627 711 716 725 821 948 993
6  16 439 455 636 674 778
11  146 188 225 329 335 485 520 601 626 833 984
7  135 229 434 591 627 733 933
20  44 95 99 127 145 164 221 335 358 360 380 388 484 574 575 608 767 860 881 894
9  235 460 499 580 753 876 907 912 913
8  17 231 299 654 726 828 831 895
11  104 161 204 263 276 500 613 741 866 950 977
6  192 404 425 746 853 936
15  75 113 201 203 275 585 618 652 749 802 822 849 893 896 948
8  66 218 261 263 268 376 569 684
8  26 67 218 223 546 562 725 801
9  19 59 177 238 344 363 579 617 682
13  1 86 205 285 294 449 475 540 600 642 653 733 913
7  325 371 398 762 765 940 981
9  43 66 291 330 405 683 802 849 943
4  338 345 623 643
11  86 236 324 382 384 443 564 739 788 934 948
11  158 216 250 475 574 615 793 861 877 931 945
12  59 299 362 398 411 436 684 805 811 874 898 938
11  51 208 277 356 417 459 498 585 800 920 991
12  21 140 155 336 386 496 508 634 774 883 900 950
15  10 89 115 348 381 442 466 515 559 572 729 731 789 804 888
11  8 176 178 381 387 476 680 809 827 883 962
10  158 274 611 700 719 720 737 754 956 993
14  43 55 114 257 323 412 482 509 596 608 712 778 895 900
5  133 414 438 733 771
11  10 38 146 184 204 212 215 243 275 425 648
5  135 412 495 611 969
11  220 235 368 394 409 449 459 511 592 840 917
9  61 242 278 467 587 633 642 803 836
7  91 266 707 768 813 951 953
5  107 323 349 425 712
14  29 39 104 209 213 230 283 389 437 537 645 686 817 938
13  75 204 267 280 406 421 451 469 492 539 802 906 947
3  766 791 886
12  82 197 201 256 435 446 560 561 623 839 898 919
9  56 295 375 442 482 610 650 670 899
4  142 248 697 969
13  195 200 428 429 502 504 693 745 751 827 908 973 978
5  46 135 295 849 916
2  200 897
9  254 293 448 544 588 884 904 942 951
10  34 141 145 158 267 433 628 749 768 810
7  29 401 429 593 609 978 981
10  32 86 178 272 293 354 504 565 872 885
4  268 422 690 963
14  157 207 234 256 377 497 586 735 758 797 815 822 829 983
17  35 43 49 70 186 217 226 252 354 440 475 500 658 663 668 755 899
10  343 418 430 489 518 644 647 725 884 969
6  290 330 386 397 470 933
10  108 232 272 407 479 691 742 752 963 979
6  285 464 657 757 765 829
9  65 85 110 122 153 226 354 607 749
15  252 340 352 458 604 657 764 781 800 818 828 919 942 950 982
9  266 267 316 663 733 739 763 860 867
12  8 35 146 302 320 656 670 756 759 791 820 864
18  2 245 315 337 412 482 487 595 708 713 782 828 864 895 926 929 950 984
12  37 103 145 339 344 444 489 643 676 761 781 887
12  125 159 267 268 335 451 499 771 855 865 900 993
6  120 191 564 569 853 907
10  23 80 222 467 478 556 644 674 798 832
7  462 577 583 653 667 820 989
12  52 61 86 125 140 189 226 250 474 516 810 973
11  84 109 138 193 275 334 500 506 570 828 868
8  42 357 475 519 559 698 893 999
10  53 190 214 553 591 653 701 775 801 888
7  245 324 483 524 651 767 845
6  40 211 236 449 636 709
8  23 210 508 512 696 777 817 845
12  3 388 390 489 492 504 649 705 730 791 963 989
3  135 422 834
11  163 404 469 474 498 580 582 720 755 946 948
6  103 342 564 717 726 921
9  63 428 731 735 758 836 838 913 963
6  129 319 587 743 829 924
10  100 106 125 264 376 499 533 600 775 789
18  1 55 141 172 179 196 230 310 311 340 385 476 553 636 705 714 806 959
4  14 52 340 706
11  89 232 261 278 285 353 383 393 413 775 960
13  215 424 493 505 528 529 547 621 672 690 730 755 897
10  154 196 238 518 538 625 658 721 738 815
6  86 364 687 930 957 988
8  15 27 343 400 517 688 701 867
7  22 217 219 323 455 494 775
12  14 63 75 202 234 255 289 385 387 403 820 831
15  52 54 317 347 350 376 558 586 637 721 780 894 915 921 969
10  27 292 295 486 557 721 751 862 863 962
11  188 265 272 306 376 544 628 737 808 852 857
7  30 41 609 694 778 862 907
10  14 159 180 369 379 595 596 616 885 912
11  224 293 472 482 584 750 762 767 864 894 902
10  180 223 233 289 312 361 505 564 880 928
7  30 202 214 499 512 534 585
8  105 184 206 585 636 674 676 816
13  27 67 94 270 292 307 316 409 610 676 730 926 986
16  5 35 79 105 127 189 192 305 434 593 665 679 745 859 933 956
9  14 48 159 267 400 754 796 908 960
15  172 174 271 386 423 467 474 503 539 544 607 615 694 773 901
8  1 46 495 532 617 784 904 969
15  219 328 361 409 520 539 556 565 592 704 758 779 790 879 887
9  203 329 333 368 383 394 453 520 951
7  29 109 176 340 616 809 854
17  68 195 276 380 435 517 539 560 604 607 634 683 697 774 860 958 992
9  28 130 247 360 422 736 817 855 877
7  20 264 473 682 724 929 960
8  38 84 170 338 547 910 978 990
9  33 48 145 178 802 815 859 876 962
11  148 193 253 290 372 424 427 463 510 533 813
10  71 142 287 505 521 541 625 641 660 682
10  90 178 193 304 555 594 635 640 695 810
11  68 146 190 192 222 227 236 313 419 557 778
11  46 208 248 297 327 388 755 759 915 943 975
14  29 121 185 230 266 274 479 550 596 609 634 646 850 887
9  11 159 163 429 544 651 888 937 945
9  3 59 77 118 203 427 696 722 762
8  36 249 414 558 590 622 833 984
7  35 69 70 546 579 785 969
8  70 121 123 252 253 593 700 743
6  91 118 525 688 892 902
11  62 68 75 167 175 573 598 857 915 973 999
8  91 183 197 406 529 748 780 810
9  89 109 116 294 376 534 620 887 895
6  95 242 440 690 705 994
5  47 176 279 562 898
10  57 129 218 288 404 620 802 837 849 962
14  102 194 219 300 325 333 359 487 542 554 737 767 788 824
10  15 115 304 557 560 800 803 928 975 999
10  9 54 151 216 227 440 617 707 714 933
13  8 25 64 81 150 235 299 683 754 782 861 875 925
11  69 109 289 301 324 400 408 431 588 714 927
8  55 115 297 345 353 382 530 811
12  148 175 250 279 431 528 583 592 639 696 848 991
12  109 162 252 259 323 425 544 623 754 831 835 988
11  100 210 288 315 395 452 528 583 734 867 984
13  54 130 166 243 284 311 351 587 615 630 699 755 968
10  92 93 207 247 300 454 529 632 901 906
10  166 182 208 227 275 366 542 672 771 906
10  47 79 111 232 307 577 738 787 808 996
12  86 236 240 429 433 534 665 695 740 802 815 952
9  143 193 301 312 420 464 582 678 921
11  25 93 174 506 523 555 718 783 867 973 985
9  36 173 244 363 485 549 633 737 759
11  39 84 281 309 584 602 650 673 845 857 950
11  130 135 145 241 295 358 412 444 689 796 816
10  55 193 210 219 379 492 551 657 702 987
6  73 296 566 613 630 753
13  17 85 355 363 380 442 574 635 674 766 861 914 935
15  3 115 159 195 271 490 525 612 617 786 806 925 939 970 972
7  6 88 467 483 543 581 987
12  10 133 161 220 241 367 459 767 799 811 938 992
5  18 174 538 922 987
10  129 167 293 503 524 532 547 679 697 739
16  36 87 111 211 328 367 371 376 454 482 522 536 739 787 825 862
18  78 99 150 193 221 263 279 281 360 413 495 549 609 650 682 725 820 897
10  317 455 470 473 526 675 690 722 864 988
7  62 94 163 490 540 833 935
6  18 249 694 909 915 919
11  25 49 62 221 341 604 647 668 787 803 828
12  32 61 226 232 291 320 369 581 674 789 894 998
9  55 112 205 288 358 557 743 779 815
9  78 109 217 289 291 484 489 716 895
6  224 683 761 780 802 843
5  139 149 458 614 655
14  25 57 67 247 260 266 287 433 663 738 809 833 909 910
12  46 186 218 246 251 311 314 534 581 741 891 996
10  0 120 194 363 624 712 762 825 904 995
10  52 198 239 255 369 488 705 769 987 991
10  100 145 214 505 538 560 564 634 815 915
10  18 25 63 247 502 510 528 924 925 997
12  73 79 130 136 200 215 425 657 792 931 961 991
10  39 190 200 260 376 383 486 493 666 887
13  52 124 270 377 505 525 607 623 625 652 663 812 837
9  167 249 332 466 568 591 714 717 879
13  118 129 294 435 472 513 666 714 720 790 804 926 993
9  0 64 107 574 634 684 705 709 780
12  266 278 306 342 459 704 757 762 824 924 958 967
7  44 215 328 528 616 700 925
5  67 246 253 367 891
5  92 161 437 830 976
9  72 512 621 641 682 728 746 758 962
13  89 92 236 304 315 517 647 693 769 844 849 891 972
9  40 158 187 335 422 432 743 761 989
11  170 410 417 464 477 499 517 754 845 874 969
13  13 113 137 195 246 258 301 645 648 682 745 882 988
9  12 116 125 137 141 179 281 386 946
13  34 49 72 78 92 128 141 340 675 733 806 930 958
15  31 354 401 421 490 539 677 723 738 754 851 852 907 993 995
14  177 254 325 345 389 396 475 503 513 697 728 745 807 886
11  31 78 180 230 499 609 753 810 896 963 980
9  65 72 127 133 170 370 371 617 896
6  321 352 539 587 642 949
9  0 106 195 293 427 566 811 935 939
9  91 109 146 219 311 343 360 512 952
13  12 22 67 89 185 433 460 540 620 675 735 760 772
8  102 280 316 323 447 453 482 504
8  35 112 161 258 567 627 738 822
10  49 206 214 236 314 402 593 623 649 924
6  116 277 563 755 762 924
13  13 225 236 267 373 656 719 761 792 842 902 903 917
10  6 11 62 479 510 603 876 888 905 953
9  115 298 376 425 491 874 884 936 983
7  217 361 438 717 790 824 927
9  95 134 161 567 601 627 628 701 917
9  48 340 356 437 470 534 549 618 912
10  32 191 246 384 429 441 470 548 616 748
11  66 207 216 242 348 386 658 686 709 970 986
10  45 167 174 212 243 330 483 575 859 905
5  132 190 311 874 957
12  42 97 241 243 394 395 544 589 729 846 931 947
10  22 33 69 169 177 326 393 422 907 956
12  124 127 173 234 274 298 348 517 675 747 796 957
12  18 95 204 256 300 311 344 372 441 469 565 700
14  119 122 169 226 391 455 461 794 841 884 917 972 973 988
9  66 228 325 373 517 545 633 657 773
12  27 67 194 213 316 342 354 468 513 680 834 864
12  41 283 293 369 413 419 479 508 592 597 619 993
8  88 101 211 399 472 703 801 952
14  29 208 218 294 338 383 467 519 771 787 851 899 905 923
9  212 222 266 392 466 499 809 822 849
7  138 501 767 793 802 923 998
9  324 375 469 537 609 699 703 734 790
10  64 71 192 209 263 466 612 628 643 891
9  79 178 372 405 458 462 591 608 885
9  170 258 335 393 500 534 796 875 956
9  58 63 177 220 416 770 895 933 959
9  23 55 356 443 459 609 669 758 820
9  69 70 225 316 318 513 606 656 796
8  12 159 365 384 505 549 681 928
16  1 63 159 217 247 275 290 294 528 581 594 597 633 666 871 873
16  25 65 174 222 321 338 459 576 615 620 624 649 805 824 935 943
8  80 193 423 476 526 787 969 997
11  247 279 360 374 594 623 641 869 884 921 941
10  139 216 263 579 681 724 726 871 890 987
12  18 137 177 277 297 309 408 554 630 662 912 963
7  37 168 237 426 539 736 752
7  309 529 575 613 617 755 878
10  157 485 535 574 640 653 676 709 797 817
12  4 138 241 382 420 537 564 602 658 798 854 994
7  273 312 484 558 783 833 944
2  746 806
16  50 107 114 166 215 277 328 376 471 481 633 699 739 798 816 881
13  15 99 149 212 303 374 495 551 603 639 885 891 966
10  72 96 208 270 296 697 719 791 849 901
11  34 51 292 397 445 506 617 653 706 818 998
9  194 423 534 579 689 815 870 948 976
9  65 182 235 259 323 563 641 843 918
9  84 183 416 438 487 695 718 907 926
13  6 51 63 97 132 289 376 509 519 640 688 746 871
5  367 434 574 600 866
9  39 255 393 438 493 666 777 812 975
7  36 183 208 652 707 835 935
9  38 146 344 382 404 544 593 675 944
14  10 84 86 141 264 306 344 498 697 735 751 806 947 970
11  28 53 103 356 531 603 641 741 744 946 967
8  139 509 546 621 715 822 840 889
13  22 98 188 300 312 347 478 508 527 582 912 944 974
7  140 343 604 795 885 892 945
16  136 159 160 184 268 286 447 484 572 614 650 731 788 843 879 910
11  17 45 240 348 583 619 637 645 856 939 978
13  64 155 258 297 369 391 437 468 763 824 827 872 930
10  131 165 275 339 476 554 618 659 849 987
13  50 94 140 294 334 335 363 578 601 624 641 712 836
9  22 29 98 213 270 690 823 828 868
5  69 379 424 544 747
10  168 338 383 462 500 518 527 710 739 916
9  9 104 288 293 341 741 781 909 962
6  71 114 446 509 648 820
11  168 372 399 420 519 537 639 687 701 710 995
13  50 217 495 531 584 606 667 691 783 795 798 861 957
6  136 273 470 530 820 996
13  161 213 398 400 441 448 461 477 779 784 798 804 907
13  1 127 130 135 269 297 374 502 684 691 701 761 977
2  229 754
15  9 34 102 286 308 336 446 509 553 566 639 769 909 910 920
14  3 147 400 422 481 523 566 662 676 715 730 783 808 847
10  5 39 86 226 242 558 625 707 767 893
8  208 427 469 496 564 731 872 879
11  81 86 186 236 275 314 484 525 742 754 870
6  174 182 284 652 744 748
8  101 430 441 606 772 785 825 995
12  94 224 229 248 344 366 385 428 510 667 677 777
10  42 46 51 164 669 685 784 888 895 959
8  18 41 310 425 579 585 731 735
13  38 67 219 363 367 374 426 523 573 576 672 747 999
8  232 235 260 331 366 421 513 803
14  21 28 111 183 392 467 494 518 692 728 750 758 760 763
17  41 172 241 249 298 342 429 448 459 675 677 692 708 768 920 971 998
10  272 464 488 561 587 687 708 793 802 983
11  96 235 272 416 421 432 592 765 953 957 983
10  190 294 305 350 591 732 740 803 885 920
11  18 20 281 296 375 562 746 758 811 829 956
16  64 314 324 354 366 419 461 523 550 605 614 646 752 834 939 998
10  119 303 373 504 600 604 611 700 869 913
16  92 158 168 170 204 235 253 283 323 330 491 508 622 728 956 977
12  8 61 82 129 254 497 558 661 821 905 928 969
6  45 486 496 755 895 949
8  172 227 346 435 501 870 895 943
11  51 86 185 229 385 560 611 628 687 711 840
12  104 105 385 455 520 595 688 700 740 813 909 978
12  46 99 213 320 334 487 504 563 638 644 684 974
11  15 35 161 183 253 300 347 527 635 785 903
12  99 287 310 549 623 629 738 741 877 915 938 991
17  39 159 167 363 380 381 408 411 547 550 575 581 598 764 779 817 836
10  27 103 132 180 267 288 540 565 654 782
6  105 167 414 616 658 972
14  23 79 86 152 194 392 593 725 795 812 949 964 978 985
8  115 270 397 574 613 660 722 774
7  73 152 538 730 798 876 965
11  1 29 295 342 671 702 703 704 771 832 839
9  301 368 388 448 468 476 743 813 895
11  161 292 306 332 426 477 531 736 818 834 875
10  111 183 291 486 502 578 676 693 737 806
13  61 216 291 430 643 651 678 735 750 845 865 925 939
13  270 522 566 612 712 732 775 801 804 884 906 961 995
9  60 132 326 389 399 406 567 847 893
7  72 96 101 353 459 497 611
10  70 299 350 397 464 583 648 661 786 842
9  165 179 212 353 357 403 575 833 967
4  77 126 269 706
10  8 279 548 635 737 741 773 833 903 922
5  75 167 400 513 958
12  27 90 154 207 334 542 627 653 654 720 872 886
8  97 305 422 755 808 856 894 905
10  15 24 116 203 397 418 534 671 745 981
9  133 567 570 679 811 828 831 863 887
13  212 316 385 418 485 585 682 701 708 752 753 756 940
12  47 111 177 182 570 663 686 704 838 878 905 910
10  33 265 483 577 647 652 704 907 984 989
10  20 101 385 642 689 723 788 806 820 851
10  7 107 110 139 226 423 597 612 813 861
14  27 71 74 161 236 298 689 703 752 766 783 826 842 885
11  32 47 108 198 387 422 424 459 760 874 880
5  450 552 637 687 824
16  71 307 329 371 423 462 465 551 585 590 636 717 735 823 925 974
10  38 102 265 571 603 711 719 727 814 995
9  131 406 408 523 677 739 830 848 985
11  193 298 374 457 467 475 598 682 942 944 949
8  56 222 320 350 423 667 934 953
15  116 269 367 371 426 442 468 487 610 632 699 746 813 842 984
12  128 153 186 264 292 357 405 414 552 580 596 640
14  180 313 327 412 416 420 536 559 572 582 639 682 720 810
9  162 190 346 414 485 545 826 853 964
13  8 26 29 90 109 114 215 252 283 365 456 641 710
10  51 317 366 393 421 472 475 552 591 761
10  8 23 190 197 274 359 623 626 732 915
4  121 156 363 893
14  35 121 126 196 221 287 369 518 528 550 637 689 786 907
11  57 59 131 362 395 472 639 643 679 806 870
9  212 214 466 562 706 715 835 916 966
4  264 371 641 837
8  78 125 221 246 276 482 546 716
7  85 178 331 864 895 917 970
8  118 185 256 379 600 646 794 906
6  101 449 491 565 719 918
14  43 47 115 261 286 342 541 630 645 747 848 857 957 986
12  108 284 329 332 467 504 564 631 684 741 832 940
7  30 83 495 592 641 734 920
9  81 130 205 210 460 470 570 728 978
4  287 294 353 362
10  104 119 229 421 531 587 712 730 870 891
9  99 308 454 492 766 843 883 925 993
11  48 79 140 226 460 634 706 762 888 907 911
7  23 326 538 694 791 868 941
5  118 349 356 474 555
10  277 340 466 655 767 829 888 938 952 995
13  59 71 124 353 369 392 465 562 655 671 762 774 871
10  34 95 111 150 436 524 588 600 907 981
9  415 460 473 480 482 498 529 713 769
5  116 141 484 571 601
9  216 457 500 511 621 815 841 880 959
10  81 183 277 472 515 517 606 676 978 999
8  218 235 443 470 480 522 540 705
16  83 166 237 295 381 497 522 562 692 711 782 785 824 833 856 974
3  425 786 902
10  64 419 452 477 484 486 503 887 925 962
7  136 245 305 506 726 929 958
16  102 111 232 258 308 312 369 398 414 547 607 644 795 797 842 889
11  13 50 63 80 87 276 440 444 450 688 991
10  295 353 374 619 628 820 866 893 951 952
8  144 305 347 416 531 629 685 770
9  190 519 550 553 599 647 681 818 928
10  9 134 222 265 370 399 535 652 779 963
11  416 448 477 688 705 729 735 779 818 904 997
10  29 80 104 255 301 304 431 447 950 984
11  40 112 143 180 231 300 368 419 438 543 553
11  48 56 297 342 392 421 503 511 710 793 985
12  116 154 294 303 359 615 671 697 718 858 861 897
16  132 237 286 287 352 440 454 485 561 574 680 796 866 950 963 989
5  323 524 634 761 872
11  173 256 299 426 430 453 606 675 839 955 977
10  187 237 450 491 556 649 650 701 708 764
9  145 154 180 446 627 760 791 912 941
11  95 100 130 147 270 419 426 477 604 818 867
9  105 159 313 343 392 526 920 945 969
17  23 265 353 393 457 465 475 507 559 567 597 723 770 865 878 954 974
8  13 66 143 338 688 786 911 980
6  133 195 282 298 632 767
11  31 450 454 501 618 675 681 763 850 894 904
9  53 59 323 357 511 608 717 873 918
14  23 107 119 139 173 235 277 433 450 500 554 892 958 981
11  46 149 231 289 410 544 602 714 835 931 991
10  86 243 321 340 360 451 457 541 728 863
12  84 224 319 408 424 470 500 725 807 935 994 995
12  5 169 253 378 394 457 575 627 714 746 908 981
12  52 139 208 329 382 421 527 551 610 644 787 992
7  249 370 697 747 800 823 856
6  80 131 140 152 243 797
9  17 230 238 269 514 522 560 607 667
12  283 376 436 473 513 543 579 754 854 900 934 943
8  65 116 152 227 443 650 726 791
9  64 162 253 332 543 546 590 932 949
6  66 166 368 503 731 909
13  110 181 236 324 351 439 605 612 849 934 958 964 973
9  37 103 359 378 598 605 790 933 964
10  74 129 377 398 455 562 584 671 736 769
11  102 154 335 450 506 516 793 884 896 903 937
10  87 141 158 175 265 271 301 537 691 988
14  25 89 130 146 306 347 452 482 485 614 691 733 842 891
8  12 302 379 480 540 598 752 935
14  14 45 121 251 354 394 616 653 687 721 728 836 849 891
7  180 234 270 457 468 494 931
16  121 127 152 277 375 382 438 544 582 632 700 704 894 943 976 981
10  162 174 191 250 254 310 620 660 872 976
11  63 146 223 326 458 498 746 885 905 951 967
7  477 651 792 794 796 848 899
10  66 103 151 298 338 376 602 633 987 991
9  107 330 337 349 356 592 631 808 940
13  26 190 251 282 363 567 715 730 746 752 837 894 986
12  36 111 452 468 481 519 521 579 613 696 742 951
12  151 175 262 275 664 723 762 888 891 931 943 978
18  0 256 270 297 309 367 403 491 544 577 617 645 808 857 876 880 973 999
3  79 490 790
6  104 453 782 877 920 967
5  145 498 567 772 822
10  49 165 185 263 265 293 296 453 520 976
10  35 131 163 347 368 429 520 530 765 918
13  21 28 147 300 330 350 463 511 542 545 595 742 862
12  0 84 182 183 381 517 518 557 876 890 914 943
4  74 191 511 715
15  21 67 76 235 396 454 455 490 524 585 656 681 730 847 879
10  23 223 357 366 374 418 531 552 804 991
8  149 234 449 471 522 837 954 982
8  44 201 230 254 360 630 740 876
8  237 313 476 575 595 748 844 968
8  3 338 347 383 487 616 617 732
13  162 214 216 251 259 311 429 605 734 782 890 915 988
13  37 162 203 218 318 450 628 646 669 693 731 787 861
6  53 213 352 518 617 656
11  336 351 393 442 462 523 575 760 878 929 974
8  74 181 234 635 780 828 868 992
6  158 190 739 819 903 943
13  30 45 175 204 221 247 286 306 327 406 595 802 929
4  319 464 598 661
10  0 6 235 423 555 770 793 841 884 979
11  115 303 320 350 499 676 704 821 897 962 963
10  8 82 163 233 250 390 445 749 786 896
15  116 180 182 185 269 273 317 589 719 726 743 831 859 976 984
14  95 238 276 386 454 501 623 657 763 767 799 840 845 883
11  191 437 484 607 616 649 701 883 916 931 996
7  13 208 219 404 519 763 885
10  51 72 231 467 491 493 678 756 790 926
17  124 170 180 196 215 291 334 346 483 504 513 551 563 584 602 698 795
6  296 424 519 634 846 868
10  93 199 337 433 493 639 659 717 740 802
10  70 162 188 234 385 459 580 655 681 775
9  16 46 287 402 612 627 792 934 937
7  224 236 286 310 384 577 894
8  78 195 374 385 429 463 616 890
10  227 324 416 487 544 699 727 744 776 887
10  73 415 422 426 523 679 732 780 797 921
8  148 159 356 463 467 758 789 941
9  208 316 343 482 617 718 750 864 898
10  28 192 223 446 536 588 699 792 927 983
6  1 143 182 473 807 885
7  169 193 209 242 520 780 791
8  168 198 321 358 377 640 653 923
7  104 147 423 477 881 932 950
14  31 73 77 118 185 209 250 380 490 662 684 702 735 957
9  76 118 370 470 567 701 792 874 982
12  37 43 93 206 373 431 448 455 497 688 867 949
11  33 54 280 328 382 544 695 729 730 775 897
10  73 99 142 155 174 250 320 359 438 849
10  1 4 127 182 294 386 436 736 868 932
9  228 274 356 357 396 754 808 853 969
16  23 278 285 397 407 477 510 516 561 676 688 731 756 786 808 927
5  255 746 813 935 999
10  54 92 142 593 681 736 754 769 824 920
11  58 146 407 409 440 630 667 750 882 928 929
8  59 417 451 633 635 657 929 933
5  104 340 423 754 866
8  202 366 587 674 929 954 978 991
13  86 100 229 257 319 331 389 470 578 668 697 880 988
10  18 86 289 318 385 400 486 526 531 833
7  44 312 366 714 820 835 916
12  26 71 144 220 410 513 549 616 684 784 871 917
8  344 394 574 635 653 796 859 878
12  94 199 315 327 365 491 511 596 751 768 867 952
11  87 154 422 547 636 641 656 690 833 912 972
13  231 241 247 311 385 630 737 786 834 847 888 889 968
11  154 222 338 423 504 585 685 716 798 820 916
6  144 214 216 341 399 762
8  173 225 351 497 544 603 638 641
16  60 91 102 175 176 365 408 416 522 582 622 718 870 932 964 997
3  129 168 627
9  112 157 217 273 370 442 573 614 831
7  124 212 449 555 645 739 883
8  51 291 539 691 712 740 748 881
10  198 416 493 721 765 787 882 889 904 976
12  17 85 148 255 305 372 426 616 646 649 881 987
12  59 111 182 214 298 371 439 509 625 765 818 863
14  126 178 200 279 334 388 569 621 718 720 722 790 801 856
4  192 311 314 911
11  0 61 139 172 381 519 526 534 642 708 989
7  107 172 195 422 579 605 792
12  6 56 298 311 412 477 654 663 696 700 780 828
12  48 202 385 419 496 501 535 645 757 786 904 947
5  79 463 667 803 838
10  95 158 331 375 435 449 602 616 699 894
9  5 20 53 66 84 285 344 451 921
12  43 73 225 320 483 508 544 600 667 759 826 884
10  37 282 324 336 417 584 857 888 892 911
11  60 136 185 240 339 375 475 629 722 764 920
7  374 495 496 528 596 708 745
9  309 351 362 453 472 774 800 848 923
13  135 180 185 254 459 490 541 636 651 733 796 805 844
5  86 107 305 481 949
11  23 126 171 195 236 271 303 308 706 885 915
6  119 177 421 487 848 963
10  106 110 375 380 398 745 844 867 941 976
10  230 304 396 412 495 548 631 744 799 885
8  57 89 228 318 389 511 780 891
11  245 340 374 500 587 632 657 714 751 798 961
8  100 180 217 312 469 781 885 892
19  172 184 259 287 387 502 527 541 550 577 591 600 664 683 751 881 952 991 999
22  18 40 53 94 181 210 230 272 318 326 513 527 530 554 657 676 807 827 863 876 914 963
9  91 286 343 480 648 685 748 882 891
5  298 341 461 633 638
9  204 207 276 312 505 633 638 898 931
11  162 262 337 452 593 644 809 812 818 866 919
8  198 376 585 658 839 912 930 933
11  98 118 215 254 279 314 384 427 540 631 857
7  41 248 312 344 671 725 749
11  13 74 163 191 254 358 592 680 827 837 873
4  84 427 678 891
15  82 85 278 285 404 474 486 548 586 761 762 835 914 935 986
10  125 170 285 304 380 461 529 795 901 987
10  48 384 462 604 637 659 699 718 759 816
11  39 217 228 316 437 525 570 581 673 887 894
7  46 438 509 612 623 722 934
11  43 218 421 479 504 614 668 786 858 938 970
14  76 112 224 296 311 323 508 571 619 620 687 739 791 866
10  18 103 185 195 250 257 444 471 545 913
11  3 192 229 383 402 532 571 578 799 871 956
13  15 83 150 159 176 416 580 607 679 683 738 758 916
10  29 168 341 415 429 629 690 715 728 970
7  24 382 584 619 620 726 818
12  214 324 350 356 423 430 546 644 734 760 789 830
11  65 192 319 330 422 558 703 846 871 927 971
16  191 262 314 328 336 344 425 432 439 580 584 870 924 966 983 992
7  19 95 112 273 411 595 877
14  15 98 140 304 395 430 647 685 711 851 871 891 933 974
7  131 143 382 459 487 621 639
15  115 266 341 437 513 588 598 651 741 745 751 765 832 942 989
10  195 374 435 529 591 689 699 783 841 875
13  19 29 79 131 240 263 410 463 643 661 723 865 978
14  14 24 109 266 349 399 618 657 739 785 903 919 973 997
10  152 279 312 473 541 591 773 832 834 996
11  30 40 42 119 225 236 340 473 492 723 856
12  11 37 75 149 196 395 507 607 645 838 867 910
12  28 32 91 254 333 361 410 464 783 955 959 966
10  95 144 148 319 326 404 502 558 578 688
8  88 386 404 597 665 733 919 940
14  51 69 77 79 245 447 448 547 688 705 800 875 896 940
10  138 281 309 522 530 580 768 838 898 952
18  26 52 134 136 227 252 296 540 571 614 617 648 685 687 776 786 922 930
10  42 130 163 288 320 387 622 740 905 968
10  343 546 629 711 751 817 851 894 911 921
7  24 191 389 505 677 854 887
8  74 377 399 535 647 804 874 959
5  43 316 357 560 859
7  130 137 246 254 409 597 788
8  45 512 616 806 918 934 956 995
6  26 61 178 221 654 897
7  253 256 311 332 768 784 997
10  144 351 363 420 490 570 599 602 781 913
9  58 63 130 240 574 632 800 959 965
10  29 47 308 364 529 778 792 801 888 962
7  24 80 119 138 690 809 961
10  2 36 391 406 448 469 497 624 781 850
5  162 219 366 674 871
5  72 225 630 719 912
14  62 64 83 143 176 229 241 573 672 867 871 878 914 937
10  77 237 268 276 293 334 369 472 480 696
17  1 8 33 140 176 177 319 357 394 453 537 567 617 796 798 850 867
11  2 15 37 269 363 369 418 660 781 804 828
10  26 45 222 395 543 626 890 906 943 995
13  17 20 178 234 407 430 552 636 742 795 869 921 941
8  105 297 470 625 691 698 777 788
10  310 315 463 480 522 547 569 687 881 906
11  94 187 191 236 262 266 408 419 423 784 841
10  61 97 185 211 244 616 636 812 928 982
10  92 101 257 354 382 438 560 577 882 951
11  40 364 462 582 618 643 657 785 813 848 873
8  24 34 80 115 288 409 808 916
11  164 350 370 380 415 502 633 657 681 798 895
13  41 165 201 330 381 460 465 478 562 567 653 655 955
12  226 327 411 413 429 646 706 762 767 806 898 991
16  63 128 162 205 237 345 580 637 670 708 716 747 760 775 807 935
9  133 351 354 499 500 589 680 938 965
9  53 79 368 369 455 699 718 888 951
7  36 121 263 394 529 735 979
8  5 28 171 180 239 445 829 844
11  17 38 192 221 329 563 744 830 848 898 902
10  16 151 197 214 511 597 675 726 856 988
16  120 185 234 270 325 335 469 488 574 747 754 788 824 860 874 918
8  17 67 147 544 680 798 887 891
17  18 217 303 323 421 551 555 600 629 646 692 752 757 817 870 887 977
13  53 71 106 200 259 294 375 381 504 597 913 920 952
15  20 25 148 165 285 350 354 408 473 541 561 891 924 941 966
8  18 227 391 560 730 882 972 984
5  299 303 391 413 640
9  182 258 391 409 410 504 537 705 969
11  152 159 205 249 257 454 465 655 704 770 937
14  160 326 401 431 444 609 689 712 757 842 850 863 891 895
4  113 210 333 358
9  139 369 370 408 473 595 605 690 907
8  150 257 288 319 770 844 979 996
7  347 350 425 468 739 753 857
13  55 61 82 380 417 455 643 659 716 720 803 879 909
17  3 75 107 114 248 344 396 442 589 706 783 786 795 822 910 926 930
6  20 55 139 450 930 963
12  159 210 212 255 256 483 486 576 614 805 807 892
11  337 357 431 510 521 637 794 867 904 958 983
11  11 82 243 433 582 690 711 884 902 904 911
11  13 20 155 255 284 416 481 546 812 937 951
10  27 223 329 469 554 585 593 629 692 849
10  44 106 281 325 417 436 539 673 884 998
9  71 106 154 256 404 423 593 711 957
8  163 168 169 502 590 770 809 999
10  197 237 389 593 604 631 764 776 916 937
10  269 411 477 512 647 650 737 753 808 858
5  187 315 756 824 922
8  82 93 131 236 388 485 624 957
12  88 155 315 458 492 539 638 696 877 925 961 985
6  417 551 817 864 894 900
12  30 262 270 368 376 440 484 502 637 776 861 885
8  30 104 291 465 563 781 807 809
15  152 162 177 357 390 442 510 522 563 702 758 856 867 897 982
10  104 156 340 359 365 494 529 567 954 990
8  44 372 396 427 527 552 904 906
9  64 85 95 108 137 268 500 607 654
9  216 303 439 528 639 855 873 907 912
14  14 129 156 276 335 365 395 416 465 560 693 754 810 835
8  186 317 393 497 565 569 830 931
15  9 106 170 208 224 394 402 581 723 814 845 868 892 940 990
14  5 27 46 163 220 246 269 278 384 636 773 799 810 902
14  99 137 234 235 323 347 418 533 588 633 648 710 809 886
8  221 372 381 525 546 589 658 847
12  89 247 336 348 384 402 438 645 807 868 944 976
11  45 66 133 360 511 519 679 841 861 882 895
9  52 157 200 242 264 392 539 747 763
7  336 361 551 612 695 770 847
10  55 121 178 266 270 406 605 611 645 765
14  8 90 262 322 330 373 421 486 506 510 568 831 923 957
11  3 293 346 366 437 488 690 697 743 837 939
8  203 287 361 526 589 618 761 911
8  91 125 135 538 624 774 776 885
8  173 368 395 554 570 811 822 953
9  121 169 335 579 614 616 645 659 862
9  133 317 374 408 413 501 510 699 916
10  10 78 87 228 271 408 710 723 759 897
20  36 106 179 211 215 265 269 355 360 491 566 569 572 697 735 866 867 882 927 959
12  64 79 130 154 162 194 217 280 318 378 405 917
8  138 408 543 567 724 820 925 936
8  19 53 134 258 598 699 706 825
12  129 156 182 262 308 368 373 553 636 730 852 982
10  138 194 224 602 629 753 861 920 941 951
8  276 368 414 474 531 639 690 880
9  140 244 264 281 354 426 471 627 748
15  44 96 173 197 248 258 280 444 448 512 583 627 689 774 985
11  137 342 368 480 540 542 743 787 796 848 933
8  63 136 385 473 604 722 803 985
10  12 96 134 371 518 590 592 645 745 973
5  117 229 413 443 944
18  6 32 64 86 149 173 208 232 302 358 447 479 540 689 789 857 860 877
7  61 113 125 369 579 656 666
8  249 263 356 450 497 569 800 938
12  3 307 462 477 536 705 709 721 744 803 866 933
9  108 141 219 300 391 783 790 805 868
4  276 362 516 949
8  180 296 402 649 738 822 823 934
11  12 103 185 389 448 606 749 762 835 874 890
10  72 148 158 161 166 396 547 563 690 954
11  33 551 657 722 728 749 782 790 851 907 980
4  151 332 363 680
12  4 15 21 47 83 107 171 193 669 812 876 990
10  71 182 242 353 385 464 465 786 860 911
14  24 168 203 244 257 532 552 557 597 613 814 815 831 873
15  14 25 42 136 140 348 615 667 671 677 729 785 932 947 985
8  44 139 211 386 455 515 528 776
12  43 70 223 321 351 357 413 646 652 712 771 859
7  181 353 364 577 666 682 891
11  26 199 362 383 455 648 685 781 790 940 987
15  230 399 429 456 478 538 567 581 598 632 657 712 779 932 985
11  220 235 240 300 313 487 529 590 763 829 984
9  32 99 208 340 411 663 680 697 895
8  104 158 241 553 639 767 951 953
15  13 30 73 182 256 284 303 496 514 543 593 771 776 785 944
12  117 138 152 325 445 474 492 557 633 930 945 999
13  10 252 281 507 548 555 561 596 669 855 939 942 980
9  100 302 370 468 498 536 910 912 968
5  10 295 435 507 715
10  339 351 388 459 544 628 679 712 809 990
16  35 68 77 179 226 293 306 309 470 507 578 607 676 763 923 930
6  129 319 459 489 552 884
15  54 143 320 323 351 353 390 582 614 676 687 698 803 897 993
7  232 540 612 635 738 841 933
13  8 29 44 102 136 209 488 606 655 668 769 818 842
9  93 148 299 396 593 669 899 959 966
12  91 97 116 189 207 221 244 302 370 534 546 837
11  112 209 240 367 372 599 711 764 770 798 961
10  57 104 256 353 396 523 661 677 912 974
8  62 101 312 607 714 771 831 986
11  159 230 268 322 335 394 411 430 664 689 861
9  30 270 485 556 617 690 714 729 741
15  170 220 357 405 509 513 566 567 686 723 863 943 969 992 997
12  105 184 246 301 621 670 721 729 739 795 862 981
9  125 145 192 203 271 423 735 738 871
7  101 213 232 274 373 407 750
11  254 332 388 621 683 717 778 819 859 927 998
11  31 113 190 381 392 412 421 568 685 906 929
8  2 9 17 417 737 780 843 971
9  129 163 189 221 242 250 327 452 780
9  9 78 176 226 323 629 860 899 911
12  61 68 115 151 186 319 385 659 699 727 871 901
13  2 77 136 326 393 463 465 475 592 621 638 800 878
3  75 533 812
14  2 138 144 167 236 308 349 352 411 461 576 582 756 951
5  18 82 377 537 957
11  38 91 129 278 301 337 516 712 750 773 871
8  345 416 488 773 879 882 914 926
11  208 258 284 312 342 415 455 569 697 724 990
6  235 248 362 757 956 989
7  413 424 602 872 880 886 942
8  105 121 342 617 625 828 883 988
13  57 88 136 139 146 240 345 407 532 597 677 827 898
12  35 80 129 134 157 373 447 694 787 891 924 987
8  18 261 418 639 695 736 976 997
11  88 167 215 407 539 587 746 780 805 917 990
7  3 143 391 438 645 649 988
12  84 198 238 246 321 400 402 455 575 580 918 977
11  80 153 297 374 393 581 649 865 888 921 952
9  36 215 333 431 483 576 627 735 774
9  0 27 50 112 156 344 385 502 849
9  207 254 432 510 524 625 747 802 885
6  156 409 599 651 656 913
6  40 47 118 391 472 622
5  111 337 380 540 897
8  295 452 536 646 682 742 799 911
8  281 399 413 421 459 500 706 800
9  27 33 244 328 340 443 814 899 928
9  263 526 607 611 694 709 858 946 970
10  48 149 151 225 265 395 540 737 866 914
5  291 545 640 907 908
9  357 397 522 581 740 744 927 937 963
10  214 418 437 507 606 610 685 695 763 852
17  91 97 122 207 263 301 325 343 495 502 564 718 836 880 888 908 965
7  195 480 671 676 706 851 886
10  44 269 300 411 643 659 776 850 973 974
8  34 76 170 269 758 848 888 898
8  90 142 424 566 867 898 917 934
7  70 184 320 491 660 939 984
8  141 186 734 792 862 913 917 956
9  45 341 405 455 488 593 650 696 730
15  31 55 170 202 225 437 513 603 623 710 767 891 933 960 996
7  74 469 632 723 844 871 937
8  178 189 289 539 578 662 783 812
9  86 137 185 697 767 779 816 864 891
13  21 100 211 229 351 412 469 529 728 742 759 806 993
9  12 169 171 235 519 751 809 855 894
8  169 407 484 592 617 706 808 979
11  37 138 139 173 237 297 434 554 727 860 924
7  6 41 141 395 477 647 834
10  89 331 461 470 572 621 633 754 770 845
20  137 165 216 223 475 562 579 611 651 674 676 715 730 754 853 875 884 936 943 964
12  146 345 445 532 545 565 737 741 771 873 903 977
4  314 375 679 904
10  327 360 379 430 442 585 641 699 881 905
15  311 315 330 448 577 635 640 643 672 674 810 817 822 858 882
11  41 127 342 359 404 471 505 826 874 944 948
8  311 481 625 685 734 780 868 888
13  2 101 265 283 290 414 561 661 697 774 872 951 967
8  211 306 393 646 655 867 903 936
12  43 87 189 282 390 513 520 525 617 778 963 983
9  41 100 186 384 515 642 726 767 940
12  57 318 409 477 531 578 674 818 899 925 965 986
7  182 255 340 359 522 711 823
10  22 174 414 452 513 574 760 826 849 997
11  13 33 46 86 323 559 589 591 616 681 870
11  266 570 590 618 684 702 742 754 823 871 976
9  49 103 105 443 540 541 588 827 934
14  124 131 283 295 314 396 498 536 602 716 719 797 867 950
17  24 127 172 305 324 339 372 413 506 542 556 609 612 615 728 749 837
11  18 117 270 404 739 826 850 887 976 978 994
17  2 26 140 182 195 204 253 407 457 551 630 660 698 699 886 950 982
18  46 104 148 196 282 364 444 447 512 581 603 669 692 834 849 852 873 976
5  337 459 581 590 890
9  53 315 520 528 550 678 774 889 981
21  23 247 260 263 304 324 442 500 502 512 613 618 626 643 698 701 706 784 829 857 860
7  201 339 482 603 615 714 737
7  12 91 147 358 397 428 461
15  86 168 173 241 405 480 504 510 549 600 630 659 727 862 970
17  59 88 107 139 204 243 307 364 378 379 392 434 687 706 742 788 923
9  21 91 271 272 498 538 655 901 959
13  123 162 236 469 537 563 665 730 753 798 840 899 914
13  44 101 118 206 554 620 656 689 695 828 852 853 982
10  119 130 300 507 801 816 843 878 897 911
7  39 103 107 141 491 727 932
9  180 218 325 628 817 896 909 942 946
8  173 201 281 456 695 716 738 995
9  281 383 402 498 533 648 868 875 906
13  16 124 181 248 465 480 590 598 715 716 732 869 951
12  11 47 282 289 300 377 405 409 506 658 870 909
12  4 35 116 218 219 396 435 678 681 732 813 903
18  79 87 142 171 269 292 329 353 410 429 444 449 708 734 776 846 959 970
5  121 179 486 846 849
10  239 246 348 356 381 494 711 901 905 958
10  4 19 188 246 340 356 409 651 712 793
12  52 444 478 594 603 659 716 748 779 816 841 899
12  87 172 286 316 338 474 580 622 673 734 793 804
11  13 42 87 95 156 375 634 667 700 838 855
10  42 65 229 520 617 627 674 823 845 897
10  64 168 194 202 239 250 384 427 528 609
12  9 25 122 347 431 541 576 582 636 686 722 752
10  111 281 285 295 434 577 755 831 853 855
11  57 62 328 436 481 518 664 697 833 973 997
8  59 118 136 239 621 648 654 975
15  0 44 102 356 369 372 439 476 515 569 604 700 759 968 981
12  45 64 155 168 222 314 552 601 659 679 834 954
4  233 402 657 724
7  300 302 558 606 746 796 895
11  73 157 251 258 279 280 641 701 829 864 967
11  211 230 251 259 395 416 443 457 726 756 878
9  63 139 177 256 329 543 712 823 998
11  6 66 212 284 555 567 640 754 812 847 947
12  11 174 209 310 377 463 570 683 843 930 955 990
13  8 36 50 69 139 187 458 531 534 570 571 573 813
13  68 164 268 342 622 657 712 713 791 796 928 970 985
10  100 252 291 483 503 512 541 620 736 939
8  493 559 565 585 781 786 900 951
15  70 85 132 178 210 307 496 571 622 643 763 770 799 857 961
11  44 99 420 491 495 548 631 664 773 853 883
12  5 229 238 274 312 333 485 501 568 627 690 953
6  19 90 283 756 867 875
9  196 498 548 674 705 717 722 847 858
10  4 67 101 115 232 384 447 632 691 769
9  230 274 341 374 395 747 792 854 931
12  52 53 96 408 438 509 654 655 737 785 877 996
8  314 445 474 553 611 679 701 759
10  29 124 136 419 645 792 826 901 958 974
15  70 77 78 97 194 312 379 491 504 512 520 533 678 808 867
10  28 48 321 334 338 419 741 766 790 872
6  10 100 196 339 476 791
7  10 154 267 336 844 901 971
6  116 291 335 598 781 927
8  52 82 91 99 154 327 872 993
10  20 273 378 388 419 493 562 608 772 985
10  89 103 136 139 225 466 470 559 884 887
15  113 124 183 461 506 511 684 692 717 759 789 820 874 904 932
10  221 275 299 447 461 579 616 656 700 834
7  113 282 371 420 750 789 935
8  80 477 524 573 731 775 921 971
4  472 652 688 928
11  74 106 178 292 306 373 376 635 664 825 855
12  43 164 290 293 351 371 437 560 720 725 746 821
13  25 54 185 258 268 403 458 482 495 715 909 942 986
14  43 159 307 364 452 652 661 668 754 801 896 907 992 994
4  161 179 187 857
8  252 396 614 670 726 803 933 978
11  3 105 169 189 207 262 348 457 537 669 994
15  128 133 152 156 271 316 464 470 537 610 617 713 847 876 993
6  388 424 495 496 585 867
6  11 390 668 691 849 878
6  324 431 641 652 701 801
9  35 48 258 336 400 506 515 874 924
8  47 217 526 581 658 793 920 969
14  110 120 131 168 181 199 265 313 377 476 566 704 808 968
10  230 288 335 434 632 637 844 894 907 930
7  62 77 369 640 814 946 954
7  24 230 263 295 387 580 702
11  121 145 202 223 295 495 513 648 765 851 918
10  338 382 416 455 477 531 643 804 851 942
4  194 209 332 919
13  261 327 504 505 517 539 590 611 741 830 882 886 888
8  70 89 354 376 472 699 833 868
14  42 121 126 188 341 381 388 440 453 512 573 647 886 961
6  133 536 693 709 863 989
5  58 271 478 776 792
13  20 76 96 126 406 449 482 486 504 809 890 920 989
10  39 51 136 524 561 683 730 758 887 898
10  63 75 129 283 370 371 555 641 715 876
13  8 56 84 139 198 216 410 421 466 539 702 787 854
12  18 223 388 418 468 726 762 764 781 786 930 949
10  39 177 288 437 510 627 805 878 958 991
13  44 72 227 231 233 249 315 343 508 591 628 785 829
13  36 76 164 215 237 266 295 499 528 574 696 827 832
11  30 144 152 264 410 470 595 645 825 979 981
8  188 731 737 778 795 824 831 928
13  102 214 249 252 384 460 483 508 523 573 616 689 986
7  185 232 487 532 641 808 959
11  82 106 141 256 269 298 443 798 861 948 963
7  0 205 320 485 886 959 962
11  248 269 350 362 396 417 447 485 664 678 902
9  78 220 247 352 541 649 709 857 940
11  31 251 313 465 585 648 666 808 830 880 918
10  47 57 241 302 326 369 374 719 812 926
10  147 202 209 366 453 513 568 616 721 791
