1000
12  18 63 159 255 287 397 469 547 595 620 637 678
9  58 190 227 228 229 326 328 534 932
10  117 150 151 189 255 285 591 812 827 877
13  11 32 63 135 184 231 275 300 518 559 822 839 865
7  417 423 687 720 780 889 926
7  272 372 374 513 791 916 974
9  86 186 258 267 297 442 485 585 720
14  26 89 166 168 310 331 358 410 473 613 627 690 696 846
8  246 310 331 410 558 608 714 929
16  233 256 283 351 394 432 574 624 655 658 748 882 893 931 947 982
10  12 215 291 306 510 797 805 877 901 976
17  3 120 207 258 285 321 407 456 480 488 494 630 733 826 847 970 995
8  10 105 365 406 485 725 866 879
13  19 100 196 224 276 299 373 439 452 572 774 935 967
10  28 99 154 168 291 440 572 704 787 887
10  22 88 123 249 527 630 707 733 818 980
10  35 158 289 530 562 659 708 807 829 883
10  188 242 363 396 469 475 497 586 808 930
10  0 105 190 367 516 527 592 678 891 899
11  13 23 56 123 245 271 415 522 712 826 900
11  35 69 160 161 395 416 427 821 862 901 945
12  40 130 235 334 448 536 636 666 687 787 889 969
9  15 24 47 176 191 292 498 515 670
10  19 259 274 405 480 490 669 671 756 809
15  22 42 77 160 328 396 551 567 596 735 783 793 806 845 949
13  43 78 124 172 210 306 361 370 439 604 732 766 918
7  7 45 160 168 216 961 963
13  137 258 278 351 460 479 528 556 622 640 641 738 978
8  14 161 430 736 822 892 908 973
10  64 151 161 165 315 560 581 615 632 927
12  34 50 81 198 345 664 740 783 930 933 937 984
10  38 61 114 246 270 472 632 924 935 993
10  3 68 556 640 773 794 797 844 858 909
11  233 279 395 397 502 566 567 693 774 830 994
12  30 40 341 404 553 597 607 680 725 730 769 965
13  16 20 75 155 315 318 395 434 531 783 814 886 994
6  71 131 608 617 747 836
8  61 356 534 545 715 866 869 924
8  31 134 138 409 523 549 628 963
11  191 209 256 456 514 544 610 712 840 894 962
3  21 34 623
6  203 333 469 846 955 999
9  24 59 108 181 391 704 807 853 928
8  25 141 446 666 818 913 965 985
10  179 229 317 328 461 575 638 805 814 983
10  26 216 217 293 319 320 469 479 545 652
10  238 256 295 345 444 479 539 642 646 679
6  22 354 421 795 805 931
7  86 127 161 623 652 883 921
11  131 263 346 376 420 499 675 813 967 980 994
20  30 114 250 492 520 562 576 584 606 676 698 703 714 764 832 856 861 898 923 983
10  139 206 231 247 359 524 528 634 651 759
4  144 554 708 724
8  225 275 352 626 671 862 864 981
10  205 223 230 346 723 729 738 740 779 874
14  66 254 354 371 383 415 469 496 513 680 725 738 779 795
10  19 63 69 70 86 184 245 268 325 873
8  116 429 486 520 528 766 803 898
16  1 78 129 155 256 276 319 326 362 418 429 526 597 683 715 902
7  42 122 184 327 413 511 750
12  75 215 413 461 512 534 655 823 905 935 989 996
9  31 37 203 322 730 910 932 938 949
12  126 178 292 416 434 506 622 669 781 800 878 984
16  0 3 56 163 199 249 467 572 634 670 719 827 864 902 908 928
13  29 105 151 216 287 458 553 555 667 803 873 891 996
10  102 132 136 190 202 420 597 688 845 923
8  55 67 133 198 478 483 542 548
11  66 68 188 244 246 286 607 694 755 806 907
12  32 67 114 294 368 470 607 810 853 856 863 874
12  20 56 116 128 189 357 430 436 460 930 942 969
12  56 267 312 452 586 589 630 688 689 745 920 955
6  36 219 290 539 576 598
16  104 142 258 287 312 355 357 407 486 691 719 768 778 844 944 954
11  162 219 226 254 319 576 728 754 773 789 883
7  78 312 378 450 701 704 710
10  35 60 241 350 398 580 588 694 906 961
9  185 225 261 375 387 488 770 988 995
10  24 107 245 283 355 381 391 573 780 807
11  25 58 74 216 382 388 427 698 711 781 911
4  483 615 923 980
11  90 176 231 322 349 381 569 629 676 750 760
11  30 83 227 420 466 506 531 570 726 851 899
13  107 130 137 333 478 497 525 531 640 660 666 944 966
10  81 101 154 224 298 481 594 724 797 846
8  450 519 603 644 663 877 914 933
4  179 308 382 972
10  6 48 56 103 120 320 465 553 649 959
4  141 163 549 724
11  15 113 232 360 372 380 422 438 534 842 959
10  7 169 200 428 575 615 749 785 923 952
8  80 324 363 486 489 605 779 991
9  176 222 452 483 495 609 640 651 916
6  279 478 503 542 564 769
11  99 191 252 283 308 332 480 723 747 884 985
10  236 303 322 377 383 390 564 566 698 833
3  346 674 679
11  193 195 217 299 399 558 783 804 872 934 941
9  201 341 572 617 760 812 883 943 965
6  168 418 584 643 646 837
10  14 93 111 246 505 601 604 621 643 872
9  13 401 413 414 419 549 577 731 997
17  83 143 179 185 223 301 391 419 532 700 727 873 874 899 931 939 995
8  65 184 480 674 686 707 796 997
12  86 189 345 376 397 428 468 607 731 740 823 954
9  72 329 430 436 529 598 832 836 991
9  12 18 64 116 164 408 449 676 741
12  132 669 767 791 800 847 871 938 939 971 972 973
16  77 82 157 343 351 368 419 464 514 522 678 681 814 867 930 997
9  42 134 249 271 338 492 716 887 896
6  178 338 521 575 634 956
8  388 560 594 616 748 812 838 887
6  99 605 626 681 886 931
6  181 183 189 482 555 596
5  88 231 730 817 872
15  31 50 68 157 168 213 229 247 449 519 759 775 871 932 952
7  157 326 523 631 727 958 981
13  57 69 105 209 282 347 442 480 579 611 807 820 945
11  2 135 157 237 299 406 587 592 788 896 941
5  133 289 495 740 992
9  182 226 326 339 357 621 770 896 934
14  11 86 155 180 258 306 503 562 605 761 777 843 879 925
11  127 139 251 433 477 491 745 779 812 901 904
12  59 184 296 484 546 744 780 827 836 848 933 948
9  15 19 152 226 227 331 474 707 817
5  25 435 617 725 879
5  451 674 745 890 916
15  62 127 247 348 394 401 501 551 601 628 676 732 749 882 913
13  48 121 126 191 217 232 296 509 652 671 688 756 962
10  69 309 339 355 628 674 715 792 821 965
12  58 174 376 377 389 434 572 614 674 698 802 972
14  21 82 209 270 281 337 455 493 610 652 699 710 883 933
11  36 49 173 301 338 452 536 629 709 923 989
14  65 106 154 230 343 409 527 577 699 702 851 867 944 970
13  66 118 248 354 365 401 451 687 723 751 786 818 928
10  38 108 294 413 419 651 704 713 789 875
12  3 117 253 404 564 627 637 644 652 697 914 931
9  65 181 231 398 574 679 797 825 993
9  27 82 239 280 412 617 668 901 974
11  38 242 342 378 415 429 439 483 631 635 982
8  51 121 306 403 555 565 635 908
7  175 428 462 680 809 845 937
7  43 87 238 292 491 510 614
19  72 197 224 259 302 358 482 519 531 542 558 660 687 728 730 750 840 957 974
8  101 175 193 398 471 634 935 973
14  52 216 263 412 536 582 612 661 665 770 793 910 986 990
7  170 171 235 292 370 448 909
6  168 385 446 454 747 796
5  174 431 556 859 869
13  161 194 295 410 413 467 574 575 621 758 766 888 969
9  256 364 375 404 444 686 802 876 944
7  2 279 360 441 588 646 956
14  2 29 64 155 187 224 257 300 433 465 516 673 926 959
7  123 205 574 752 773 835 962
6  260 438 451 530 562 882
12  14 83 132 206 310 375 395 460 563 807 808 826
13  35 58 120 151 420 504 713 744 801 842 844 870 992
10  266 299 461 658 663 673 803 827 895 905
9  107 114 115 117 161 214 433 447 860
11  16 341 423 533 654 708 791 864 915 976 990
12  0 190 305 658 669 683 787 829 854 880 918 921
12  20 24 26 180 262 335 481 488 521 558 705 859
11  20 28 29 48 148 157 182 361 438 708 861
9  73 233 383 625 709 770 857 880 993
8  63 87 212 304 396 525 646 865
11  105 272 316 353 399 521 614 615 647 708 726
12  29 206 218 249 251 381 397 596 824 908 926 986
11  7 169 191 201 314 403 518 522 809 825 948
6  251 431 524 703 918 940
15  7 14 26 98 114 146 230 321 424 720 723 773 799 985 996
11  89 166 485 512 518 609 624 626 656 788 959
7  145 224 238 449 529 834 871
12  145 239 337 381 449 481 516 611 649 680 691 923
7  25 474 556 597 683 688 702
7  131 242 469 526 564 673 893
7  129 147 386 416 462 832 983
12  140 143 243 251 354 494 546 685 728 761 824 847
11  22 80 91 308 484 567 574 627 745 769 881
13  222 364 419 537 594 604 620 752 769 836 838 886 888
12  62 109 224 227 234 574 604 621 632 761 809 929
16  44 85 101 284 346 362 394 473 475 579 595 692 698 742 778 922
16  120 160 243 365 474 486 577 579 601 661 685 701 738 756 781 940
10  42 112 136 483 632 775 808 837 971 992
9  119 161 202 266 311 334 426 439 727
12  112 342 372 384 415 458 673 690 724 754 776 784
11  3 56 59 102 122 214 380 467 586 627 703
6  76 101 336 805 852 999
8  6 337 363 373 459 586 686 868
6  151 296 360 715 775 835
11  17 67 348 425 452 481 736 751 755 798 954
16  2 69 103 112 277 434 437 474 486 488 734 737 813 853 911 980
11  1 18 65 159 203 338 417 743 749 852 913
14  22 39 93 127 166 221 353 417 524 684 701 851 891 896
11  250 289 493 504 542 614 733 857 875 882 955
13  96 143 503 504 508 608 677 710 738 838 895 943 954
10  148 246 295 298 419 422 513 723 793 840
8  96 337 516 544 742 813 855 865
7  13 221 237 351 552 835 894
11  142 372 431 538 790 817 831 847 854 863 996
12  30 66 203 215 326 395 402 413 688 725 778 865
16  63 204 247 263 277 317 415 453 458 567 686 813 820 855 941 991
9  89 210 351 405 506 532 733 794 808
9  97 166 420 564 716 740 774 959 967
7  65 182 222 293 462 906 990
7  41 61 190 198 544 567 583
11  199 351 393 396 721 741 745 779 790 809 812
8  54 152 242 464 728 895 936 990
9  51 154 165 411 509 743 853 872 997
11  11 532 616 645 652 737 763 787 803 959 976
8  301 313 352 720 788 793 955 973
15  39 116 130 328 369 386 429 517 596 634 725 893 916 935 982
10  25 200 327 370 425 436 474 763 863 898
10  225 239 320 356 441 478 628 655 894 995
6  163 347 411 739 762 998
9  114 239 261 356 369 632 694 704 774
11  157 184 448 573 653 714 760 795 818 857 957
14  10 60 198 220 259 266 269 344 371 486 533 548 722 757
14  26 45 64 78 144 292 303 317 493 521 639 667 846 939
7  45 96 127 406 416 649 847
10  165 353 425 475 530 723 738 827 876 885
5  71 73 474 578 881
8  215 276 347 447 655 701 832 889
5  191 196 275 785 921
9  91 177 202 279 308 362 586 587 902
13  54 101 231 283 436 484 526 578 672 766 807 911 970
16  13 83 142 151 170 178 248 318 339 405 469 471 541 704 853 939
8  53 76 211 258 310 451 549 733
16  73 119 123 405 425 430 532 579 682 718 765 766 771 780 894 990
8  1 81 123 178 501 649 790 880
11  1 246 311 368 480 597 629 663 718 804 957
10  1 44 114 401 415 456 552 778 833 889
8  54 132 168 334 514 670 708 773
15  3 51 80 113 136 223 470 513 523 544 585 704 875 879 929
7  88 127 671 814 864 901 979
6  9 33 162 375 635 747
17  178 313 352 560 571 588 610 636 644 684 700 772 792 822 927 985 994
8  21 145 325 369 390 635 662 795
15  94 284 312 362 509 567 581 583 600 673 726 753 851 957 979
8  117 196 279 493 539 617 819 892
14  46 141 170 322 539 571 664 741 776 810 840 849 863 904
12  137 171 211 213 248 491 517 611 639 714 900 901
6  467 503 541 601 661 971
9  75 345 354 409 503 529 647 983 987
7  17 138 173 205 475 551 978
11  175 180 280 371 516 561 634 727 769 937 977
7  67 283 289 358 388 571 602
12  19 56 77 363 386 413 464 477 662 738 795 954
10  8 31 67 99 194 228 369 612 791 912
10  51 114 126 199 521 583 647 733 914 989
11  133 224 239 357 363 403 422 630 753 934 999
11  15 63 108 165 292 647 717 730 742 884 990
7  50 192 263 558 667 729 842
9  121 165 167 175 428 517 569 732 804
5  93 462 615 640 815
6  135 355 391 546 738 808
4  55 73 442 456
8  0 2 312 600 776 822 951 958
21  9 39 46 58 149 274 290 334 383 509 546 556 666 683 698 747 801 837 865 874 948
8  151 258 457 574 587 598 630 646
18  6 11 27 72 120 225 257 324 336 421 527 533 618 699 825 837 935 980
10  23 142 215 347 563 602 756 868 912 993
5  153 317 371 375 597
6  76 213 419 475 592 870
7  160 321 334 506 559 744 787
14  49 144 199 250 304 312 314 395 420 472 598 688 689 790
6  277 367 439 513 826 879
6  329 334 650 738 849 867
12  156 182 215 282 449 501 571 670 784 793 856 889
8  6 70 328 458 570 647 742 816
15  56 329 361 383 425 436 444 452 557 622 686 784 806 807 898
4  215 466 625 788
14  31 130 526 532 608 614 625 645 714 728 772 785 833 979
8  19 108 364 391 472 521 840 959
10  5 164 350 526 653 659 669 707 956 979
6  328 439 572 677 838 995
7  23 256 545 643 711 848 966
11  3 53 221 444 486 622 687 718 752 806 829
12  13 58 220 479 516 548 552 639 653 772 943 996
9  189 199 264 314 405 644 841 848 973
7  27 311 366 384 612 661 767
10  33 92 150 222 237 303 313 398 989 992
6  137 243 475 591 696 906
2  130 938
9  116 266 474 649 715 807 908 920 994
14  9 77 93 223 244 369 514 540 656 741 758 790 823 912
7  179 236 289 394 425 612 829
8  2 11 382 486 488 503 791 880
8  67 287 403 448 473 787 930 978
12  0 64 72 286 310 446 511 793 804 810 878 989
7  384 471 506 652 769 912 921
12  16 118 192 244 284 295 307 677 740 771 775 965
9  71 256 380 382 493 726 745 829 840
10  10 14 317 375 553 656 681 796 825 854
14  22 62 141 145 216 249 442 461 554 567 708 815 835 836
10  45 202 340 359 491 570 595 617 728 770
7  68 134 439 509 673 780 855
9  46 148 194 289 370 542 568 631 858
7  122 127 187 358 601 781 914
9  6 460 546 668 739 804 814 933 986
11  83 194 393 426 491 643 646 667 805 834 953
11  13 96 117 156 333 352 575 646 805 896 942
6  3 151 615 741 850 993
11  101 131 208 370 411 422 550 764 796 890 907
6  142 326 511 557 571 847
8  94 216 279 403 478 611 906 928
11  163 263 311 331 549 592 702 703 745 861 997
7  159 466 470 488 577 882 950
8  10 25 120 139 534 621 631 975
7  289 692 726 815 910 914 997
12  85 93 176 222 326 352 551 582 752 914 915 938
9  128 315 329 464 523 542 602 635 815
9  7 8 154 225 287 378 535 900 914
16  182 228 278 304 338 352 362 413 466 611 682 690 824 842 955 983
15  70 72 74 236 255 263 359 380 421 506 566 678 721 732 927
10  208 234 279 384 394 462 533 724 851 871
9  166 263 277 600 617 696 813 865 891
10  29 35 309 384 421 746 751 790 836 908
9  164 424 438 454 461 467 670 717 906
9  44 199 216 260 291 373 503 599 979
11  35 224 423 442 480 513 563 623 704 726 919
12  45 58 73 355 385 693 735 748 794 892 904 997
7  45 86 211 481 492 545 624
8  11 168 262 450 567 666 833 932
9  61 80 94 238 344 558 744 756 767
9  342 345 441 488 520 603 649 887 911
8  90 258 371 401 632 660 701 869
7  56 235 546 580 751 838 874
12  1 58 115 119 198 302 308 404 439 465 603 865
11  59 210 336 342 443 539 709 833 879 910 971
14  1 24 44 209 267 273 475 676 718 728 843 902 963 970
7  104 265 268 309 522 763 861
8  354 374 380 540 611 647 698 767
8  7 8 123 304 336 640 933 999
10  93 452 604 662 663 694 751 967 978 983
13  41 82 299 377 415 446 531 534 712 792 796 810 896
11  21 182 230 256 262 265 511 687 696 840 883
11  160 496 525 527 629 643 864 875 900 901 909
8  185 258 327 331 344 349 540 576
18  130 171 186 195 473 474 508 532 615 664 693 767 820 842 939 950 980 997
10  108 109 131 190 311 586 702 805 821 928
6  119 128 224 437 454 728
5  293 359 635 702 873
7  34 97 158 592 644 651 810
12  138 183 323 327 351 375 476 619 733 743 761 776
6  107 132 389 887 898 901
9  215 322 336 389 416 541 633 743 849
8  30 46 103 241 323 655 816 986
9  49 54 95 179 348 497 562 563 807
13  116 212 220 259 390 502 527 546 588 694 787 795 856
11  126 188 346 459 485 538 598 637 795 856 960
6  80 336 360 385 667 758
7  75 272 495 557 680 846 901
11  9 27 107 196 200 204 342 498 608 684 736
13  53 208 234 299 308 311 378 414 423 500 573 898 959
6  164 191 218 537 636 770
12  47 55 133 175 241 330 364 489 541 616 640 831
8  72 77 128 253 319 381 599 692
10  37 211 213 366 409 501 524 721 806 869
11  69 72 119 248 394 433 461 878 881 918 945
11  7 142 244 296 372 382 669 726 821 852 955
10  51 293 312 340 372 618 726 838 873 969
13  88 150 187 349 451 618 699 718 776 827 875 912 937
13  25 161 268 375 452 455 491 525 581 676 686 731 914
8  58 179 222 236 311 576 782 967
10  17 90 186 245 248 525 550 694 896 932
12  149 177 271 354 375 423 534 546 758 779 818 840
8  12 133 180 383 446 572 716 750
5  278 356 458 493 926
9  18 264 397 505 542 581 659 943 992
6  68 107 228 387 870 919
9  209 213 235 246 283 527 715 903 917
17  25 145 210 295 301 429 453 475 481 519 670 680 687 773 828 897 954
11  55 215 243 260 324 514 572 632 719 815 928
14  5 88 183 197 358 359 373 502 698 729 754 858 914 993
10  13 186 317 372 487 511 600 712 865 946
11  5 330 457 565 590 593 640 725 751 832 995
15  76 149 154 233 260 291 342 361 364 468 607 746 760 899 935
8  49 103 129 607 611 709 870 948
9  94 129 333 682 721 725 737 823 855
9  74 138 310 352 407 503 528 676 696
4  577 783 820 887
14  88 184 290 312 330 384 420 480 502 615 636 785 855 857
11  77 80 165 171 355 392 528 567 627 866 997
10  78 85 285 290 358 389 392 574 585 801
10  55 94 162 256 268 365 431 582 845 867
11  183 278 288 313 315 380 516 666 953 955 998
11  146 319 349 401 498 537 571 705 716 769 837
15  174 209 245 456 469 474 495 674 700 713 780 782 817 864 894
8  76 368 563 667 683 702 862 879
8  78 110 244 442 617 626 968 995
13  129 343 344 382 476 511 560 588 593 673 860 902 983
5  94 235 347 619 920
8  42 77 101 253 271 465 486 713
6  381 382 404 491 811 836
6  204 298 416 457 629 724
10  9 126 179 284 313 357 505 678 839 969
8  20 33 35 154 198 263 460 764
9  17 24 163 204 442 505 648 943 950
10  0 33 103 165 367 509 710 785 957 994
10  75 136 143 279 555 586 608 965 988 999
7  96 164 416 522 706 736 815
7  500 547 774 784 844 939 971
11  100 126 133 229 324 385 418 461 583 741 923
8  198 508 529 536 683 755 820 887
9  139 166 248 286 303 410 614 777 977
8  34 135 149 326 392 583 854 870
11  23 200 224 226 277 417 508 640 680 808 830
10  12 117 217 491 506 557 576 819 843 994
11  11 72 378 471 618 647 689 918 933 951 959
9  105 462 501 521 596 613 662 779 822
12  38 132 241 356 469 542 658 675 705 755 909 929
7  7 8 148 403 778 794 948
6  206 212 301 442 564 580
7  137 144 453 471 804 865 919
15  59 60 100 134 148 198 245 311 477 479 526 822 903 935 941
6  100 352 432 841 871 999
13  19 55 138 183 199 229 333 665 667 735 755 859 926
11  20 62 174 217 344 393 399 584 773 820 964
11  4 190 191 405 441 477 490 558 750 753 899
5  58 98 401 884 988
14  100 101 107 134 177 194 261 616 622 675 725 848 893 942
15  49 65 81 155 201 263 380 466 511 536 704 747 853 856 862
11  47 258 312 315 467 491 554 629 828 879 912
8  88 194 248 301 536 546 750 830
10  4 158 318 352 364 499 570 572 627 871
6  168 316 551 583 668 980
15  188 210 218 226 268 284 482 492 499 507 542 622 868 947 995
7  182 298 496 531 575 684 821
9  20 78 456 487 874 884 924 967 978
8  89 103 140 251 595 800 875 947
9  57 58 138 209 370 691 698 790 915
9  28 69 104 226 610 725 805 954 959
13  147 167 197 383 539 605 635 654 687 770 799 812 853
12  9 414 454 555 636 652 723 736 776 790 963 991
10  121 151 157 357 519 577 644 703 749 752
12  35 62 129 189 442 488 686 721 736 853 895 947
5  124 508 654 658 684
10  69 104 210 223 268 681 722 816 857 949
6  189 339 608 774 833 854
9  88 153 161 316 463 633 715 761 955
16  13 25 138 182 264 273 294 326 463 534 681 715 749 759 784 877
6  14 452 533 672 731 929
8  150 211 323 417 511 634 671 970
15  6 116 254 292 318 388 396 411 434 483 522 575 886 964 994
6  327 508 514 625 678 692
15  46 149 268 275 558 596 629 637 658 695 757 790 819 912 993
4  552 914 939 989
11  43 146 287 333 365 487 593 666 700 888 956
6  157 220 480 832 910 972
7  21 145 214 286 511 716 720
15  105 114 170 171 266 451 496 522 527 664 805 873 880 892 964
5  74 84 321 662 776
10  125 133 153 225 360 449 610 756 778 892
12  13 70 91 131 188 268 332 361 440 454 847 943
8  199 370 412 539 623 905 914 982
11  146 316 339 432 452 456 675 817 845 893 947
10  130 361 456 460 513 733 781 832 916 931
12  11 39 229 254 386 427 454 455 458 470 490 719
8  257 374 393 574 713 810 831 923
12  64 183 199 267 366 456 533 718 761 828 937 946
6  186 348 514 529 828 886
11  27 69 154 297 395 455 498 508 573 587 974
17  44 60 156 292 316 357 401 488 535 619 686 828 839 872 910 990 993
11  140 174 202 252 313 408 656 670 687 700 724
8  438 439 624 729 768 782 818 878
10  107 205 245 309 514 737 851 891 894 977
10  86 151 326 391 508 627 711 728 834 913
8  81 269 305 311 420 841 880 983
11  63 148 184 240 316 421 722 739 901 928 961
8  103 375 577 594 615 656 729 886
15  0 17 41 45 55 173 224 386 409 613 658 685 762 766 816
9  68 231 305 456 516 525 533 622 748
9  143 224 288 407 412 507 729 761 829
8  31 263 271 475 528 600 653 705
9  7 179 286 337 505 506 697 793 956
13  123 172 180 189 210 219 282 337 386 507 637 712 822
17  17 179 218 242 261 280 328 370 472 504 605 688 909 924 983 984 998
9  342 389 481 485 648 655 720 961 997
12  121 245 413 417 508 521 557 675 819 865 883 971
16  66 82 92 211 303 482 558 602 640 651 699 769 833 855 916 978
9  27 45 46 276 413 607 663 668 983
13  11 23 93 102 116 228 318 380 447 544 600 674 794
11  83 160 171 188 320 370 476 508 530 648 808
13  112 142 425 478 489 520 557 599 789 844 845 892 933
11  66 79 91 138 181 442 492 534 556 687 900
10  122 176 223 547 655 667 787 896 899 954
7  6 12 169 348 476 544 990
13  57 72 90 180 189 215 275 285 391 543 627 645 803
6  373 427 446 592 671 731
20  11 76 160 189 285 305 323 434 461 527 541 564 683 694 718 801 829 847 859 956
10  90 354 482 592 636 681 730 771 850 855
5  23 417 456 771 889
14  121 141 239 293 298 361 392 406 421 497 518 702 706 942
8  50 108 320 425 483 678 744 900
11  130 192 216 237 290 366 557 782 825 834 895
7  11 175 719 743 868 883 969
7  91 118 350 386 724 875 976
12  55 335 426 449 567 646 678 795 839 926 984 997
9  17 82 346 491 540 563 620 634 923
9  22 351 385 460 516 597 607 621 728
13  49 423 425 535 552 573 576 594 632 852 902 914 991
9  352 400 662 713 802 876 917 954 977
6  126 227 266 356 408 687
8  33 347 372 380 536 724 922 968
12  92 120 193 240 241 285 317 378 664 699 862 901
6  155 192 193 475 811 830
13  99 367 394 396 473 642 691 852 881 902 909 930 997
13  62 81 200 262 288 312 406 473 597 702 774 869 998
5  425 471 474 571 727
14  193 337 402 405 435 443 460 465 477 481 599 629 689 904
9  127 206 236 256 294 397 515 546 822
9  10 141 580 717 855 891 939 959 976
12  59 287 302 334 373 389 420 441 448 651 658 790
9  60 169 580 586 700 760 781 843 872
12  5 55 194 231 264 318 455 546 762 811 880 980
10  39 107 230 283 371 443 459 464 735 881
3  22 509 976
14  18 151 171 195 243 276 384 470 498 742 744 762 941 967
6  209 239 251 519 684 896
14  3 166 169 491 531 566 577 583 636 654 836 848 909 927
12  84 114 142 370 433 517 718 766 882 926 947 986
16  50 57 323 482 521 534 577 611 618 712 777 786 798 863 892 948
18  109 160 164 216 247 271 408 477 520 571 582 592 705 732 789 894 897 978
9  19 107 166 329 399 442 449 667 725
11  38 115 231 309 552 557 574 721 811 986 999
8  51 167 191 356 612 757 910 991
8  82 163 335 361 363 470 599 639
12  58 173 223 270 272 413 534 594 641 656 691 821
16  15 18 132 258 335 347 369 449 488 570 707 842 912 914 921 978
7  27 51 57 378 381 472 615
9  104 170 241 402 459 534 682 750 990
10  16 153 218 481 592 596 603 635 831 859
9  35 81 82 142 333 426 518 778 942
12  101 200 207 226 270 337 610 619 653 685 898 994
11  158 215 258 313 440 458 470 717 753 771 864
18  1 37 60 88 306 333 364 439 483 520 526 529 650 681 759 820 837 993
9  310 461 499 542 709 825 863 881 960
15  21 131 144 402 420 422 502 576 583 694 697 735 775 786 817
4  177 353 385 787
6  197 348 574 660 754 867
12  46 71 237 238 327 431 453 643 823 909 977 983
7  283 330 336 497 589 701 996
6  224 240 344 354 488 690
14  66 92 142 192 295 309 367 409 425 535 582 762 884 892
3  486 553 633
12  39 195 203 231 480 485 568 601 701 733 850 993
8  37 45 274 320 578 638 926 990
14  122 175 253 256 297 325 347 364 422 509 513 709 774 914
8  0 400 484 701 715 814 873 996
5  66 215 276 691 913
5  38 87 100 225 304
8  301 363 645 667 676 704 921 948
9  24 126 242 308 424 701 711 729 850
13  196 229 276 445 499 523 631 684 733 783 817 839 877
8  34 64 86 291 543 626 722 934
7  52 292 421 694 707 883 921
9  64 112 139 398 432 616 679 698 751
12  27 32 147 172 256 483 623 719 736 830 878 903
9  268 302 350 406 477 482 493 523 836
14  8 96 142 160 250 322 417 444 478 568 630 811 892 958
5  3 262 603 622 630
8  29 110 234 389 720 729 752 900
7  243 608 701 776 837 844 847
8  16 50 120 153 346 620 899 965
11  154 259 318 346 387 497 566 586 861 943 984
10  92 94 135 173 201 411 488 624 886 936
3  139 374 839
7  33 94 312 518 563 847 929
14  24 33 176 199 203 236 292 321 381 496 680 721 856 870
7  295 544 558 642 747 844 995
5  80 251 573 803 981
9  81 267 293 423 527 682 731 784 978
12  234 238 244 266 302 385 507 521 572 625 755 840
12  13 14 63 97 129 273 365 371 423 571 900 981
12  77 214 352 460 499 569 593 676 684 843 906 963
17  9 136 148 152 176 178 257 382 457 523 538 630 688 692 701 767 805
12  44 89 109 148 299 426 442 595 714 776 852 900
14  50 71 73 336 362 406 499 536 696 796 834 871 994 999
13  100 132 180 305 379 433 468 518 520 591 706 787 913
9  219 223 545 579 644 647 650 763 901
8  116 179 180 226 578 611 764 897
9  75 325 411 510 512 593 719 961 965
7  29 236 361 367 748 787 951
11  144 308 383 521 542 728 745 790 814 862 932
8  203 236 247 401 404 424 518 536
9  50 98 416 603 604 624 793 799 934
7  6 231 382 603 717 794 887
18  17 70 184 186 222 338 398 512 563 621 626 653 692 822 854 861 953 996
10  117 222 257 460 602 765 775 874 917 942
7  75 150 234 347 389 817 967
10  70 540 609 620 632 716 782 830 865 867
6  374 594 633 673 782 791
6  2 280 577 635 813 975
13  18 117 261 304 341 487 489 521 530 600 727 780 809
9  374 389 446 573 580 605 652 821 986
9  83 110 177 468 499 526 590 641 848
10  0 179 293 428 575 631 674 700 850 924
11  24 112 165 209 408 444 530 613 917 948 969
11  34 58 65 172 228 260 498 506 621 669 744
8  71 104 257 263 348 741 876 921
7  317 355 482 508 525 874 940
15  236 255 314 373 472 480 592 633 639 669 672 787 852 930 935
11  99 126 180 240 296 544 689 708 800 856 865
8  244 259 309 478 587 764 766 966
11  84 323 326 530 559 584 585 742 762 858 995
7  25 99 177 178 332 584 888
9  90 111 120 431 475 593 618 658 959
3  50 904 990
11  34 67 68 103 375 376 479 498 657 748 971
11  8 36 193 270 351 398 437 561 704 710 802
9  91 169 589 614 630 699 772 804 820
13  39 130 234 430 451 532 624 701 759 848 903 920 949
13  116 171 239 303 311 330 376 520 579 648 810 915 962
7  144 246 278 284 524 650 710
8  7 408 469 596 661 711 723 929
10  129 141 164 192 270 403 609 848 981 986
11  29 79 89 164 252 300 337 380 468 528 978
7  110 207 354 419 555 626 806
12  36 97 124 137 237 293 314 388 702 782 844 895
10  258 359 360 407 520 605 644 708 824 935
7  342 390 461 532 725 904 979
8  0 177 497 562 589 740 880 930
12  99 119 148 178 306 498 586 597 744 750 840 856
15  27 62 268 275 419 425 470 559 731 768 779 786 870 875 938
5  40 48 318 453 556
9  9 169 320 463 564 584 610 668 764
7  162 269 270 443 571 725 840
10  53 111 169 388 553 586 616 651 711 766
11  7 135 176 184 381 423 465 486 803 937 945
9  38 126 128 211 630 747 782 910 939
13  80 131 228 335 393 421 444 508 637 698 832 905 992
13  11 15 70 248 257 558 559 574 609 628 680 692 722
12  115 138 295 306 552 595 767 909 969 972 978 983
12  29 31 178 181 213 324 371 499 589 640 711 822
9  344 438 543 590 600 728 884 932 935
8  51 63 109 143 209 243 441 497
9  138 139 233 235 309 340 431 530 591
8  21 234 353 380 432 489 518 637
13  0 135 348 444 474 629 636 645 663 882 908 916 939
7  44 545 727 752 853 906 984
8  216 239 276 525 600 666 719 825
13  27 32 82 91 252 331 354 374 405 478 632 791 972
14  27 526 594 646 679 683 692 694 796 797 836 876 971 991
7  46 505 568 657 776 882 937
9  98 99 274 298 335 539 834 838 924
11  84 135 234 277 341 433 578 618 699 729 844
9  207 270 486 550 637 856 880 986 995
11  46 98 150 163 257 298 299 496 641 700 785
12  164 241 247 249 267 330 407 578 729 901 931 998
11  396 476 481 611 761 774 798 881 974 985 996
10  86 171 217 227 282 323 874 895 911 913
6  265 534 578 612 731 743
10  51 91 134 341 478 511 626 917 956 984
13  45 48 127 130 135 207 288 432 593 662 854 917 965
10  214 272 276 472 532 586 727 757 878 956
8  158 431 435 518 693 793 798 829
10  9 60 211 220 345 476 484 689 780 945
9  169 283 291 462 468 526 721 759 932
5  607 642 664 765 946
9  9 156 159 409 435 444 469 511 605
10  16 272 367 719 760 836 865 880 916 930
5  82 142 324 538 985
11  144 180 240 278 613 783 821 825 900 904 940
9  235 245 332 408 450 500 652 757 857
10  84 156 228 332 479 637 666 674 700 890
9  30 238 337 449 503 657 840 919 986
5  144 415 738 751 883
13  21 43 82 256 321 384 446 639 663 705 819 848 976
12  64 216 250 298 349 387 415 484 522 550 677 878
11  137 297 424 479 624 672 697 727 737 992 993
12  23 62 106 159 272 358 597 600 784 794 901 908
10  22 63 230 266 316 370 462 724 866 896
7  23 53 127 232 441 487 887
6  223 440 600 668 713 803
14  151 156 173 183 236 294 389 590 675 721 752 863 894 900
12  95 102 125 128 129 386 480 595 663 721 858 933
7  49 409 419 454 477 673 944
14  50 80 105 126 328 361 378 550 573 677 893 961 969 970
8  193 273 289 667 676 727 804 825
10  0 18 107 312 394 443 492 496 896 951
9  46 95 136 555 641 695 755 764 993
13  34 55 140 171 350 370 405 567 630 741 766 825 857
10  107 111 291 436 439 489 534 752 807 826
7  226 311 377 529 570 793 888
17  58 159 172 256 387 402 488 641 753 774 840 851 902 934 962 963 993
9  191 234 351 426 435 517 552 573 981
7  175 180 469 532 847 897 960
8  102 149 186 199 268 361 434 461
15  4 21 133 142 275 334 370 431 462 483 501 717 748 796 972
9  65 70 127 172 198 263 475 574 970
9  70 263 407 508 601 655 713 787 790
9  7 183 311 541 820 854 860 896 939
10  72 171 429 505 526 548 693 694 699 757
10  179 307 355 443 574 586 630 641 695 776
11  33 319 337 654 691 725 727 790 888 915 979
16  67 75 213 332 347 363 488 536 554 641 691 734 805 849 960 994
5  444 679 692 802 936
9  7 280 314 334 378 576 839 864 894
7  135 473 536 668 818 897 908
15  50 78 94 129 179 256 330 372 429 555 629 781 840 902 937
13  130 132 258 360 478 503 609 644 691 795 872 979 993
11  101 234 386 446 462 512 595 646 663 701 970
13  74 180 191 220 324 540 544 547 551 561 574 610 700
12  132 172 304 338 340 387 491 506 617 851 943 982
6  50 167 184 304 433 718
14  14 42 74 134 213 224 231 318 420 550 608 717 740 813
9  160 385 409 472 521 666 822 843 918
4  399 491 577 919
8  15 102 123 272 527 554 709 964
13  16 52 158 161 164 230 292 601 618 769 925 955 976
9  131 162 327 376 535 546 707 815 920
11  74 130 193 397 608 612 740 879 930 970 997
9  78 274 465 551 613 626 632 731 846
11  19 39 333 373 474 520 731 863 866 910 984
8  134 155 386 391 457 500 672 689
8  8 50 214 239 270 575 779 873
12  37 58 128 187 282 369 438 439 547 845 874 895
9  108 201 365 385 448 589 770 898 946
15  249 316 510 533 585 687 704 731 783 785 902 904 929 958 979
11  226 228 275 328 360 458 488 519 703 748 794
12  63 72 371 456 494 556 580 639 659 785 868 886
10  4 6 168 208 448 476 560 798 880 900
13  204 312 356 377 434 523 567 656 673 674 770 902 998
6  215 436 467 553 630 784
12  54 93 133 168 194 218 432 613 728 776 830 884
11  52 83 87 183 313 393 462 495 502 670 950
20  12 34 55 124 198 209 374 377 419 430 522 619 625 693 819 825 829 881 896 913
13  81 164 236 290 307 318 358 359 808 888 902 964 989
14  101 115 182 243 507 592 638 653 668 677 693 801 803 990
18  73 142 175 205 270 293 328 339 465 498 582 633 723 762 856 862 894 928
14  54 250 372 463 468 471 551 560 644 647 774 799 856 941
9  34 61 113 142 249 489 834 983 988
14  100 103 361 440 487 570 622 650 711 712 717 817 874 951
5  25 126 251 312 521
10  11 15 192 200 225 247 342 455 544 552
5  189 694 818 822 985
10  24 319 415 514 536 772 773 781 855 905
9  28 188 351 399 432 434 556 751 911
10  189 207 377 464 668 766 820 842 861 965
12  27 54 55 180 193 218 245 253 265 665 771 954
5  212 297 467 817 831
14  30 54 103 118 201 289 620 704 710 808 915 951 956 964
14  105 204 238 283 300 401 598 680 820 823 825 831 886 887
8  179 195 249 267 516 603 840 857
8  190 206 342 344 494 650 772 845
10  122 155 262 322 492 516 597 621 751 863
13  70 121 125 176 204 290 304 582 815 826 828 908 924
3  315 375 979
10  36 93 146 233 256 420 568 628 938 946
10  9 110 319 470 581 607 687 718 847 911
8  89 126 190 433 439 834 959 960
11  59 80 142 365 417 422 529 621 763 776 927
13  133 188 315 325 332 374 555 665 736 744 753 805 935
12  152 177 275 308 433 560 638 673 681 778 810 876
9  236 248 417 533 683 751 783 865 986
6  73 183 372 538 808 875
8  67 188 402 409 415 571 679 771
6  23 127 180 259 322 451
10  215 444 524 653 662 691 779 789 856 862
9  148 283 349 364 759 872 876 968 969
7  51 114 439 534 610 656 758
9  80 97 214 375 512 659 763 783 852
12  120 175 178 342 438 458 471 648 884 887 936 972
11  212 469 513 516 542 603 728 782 883 916 920
10  207 210 329 578 750 760 869 913 939 972
11  50 301 395 579 602 624 679 809 907 976 987
8  226 587 657 782 861 898 905 911
14  25 57 148 223 226 469 519 602 626 680 737 819 876 917
10  106 278 322 330 337 574 631 878 899 938
4  72 463 622 841
9  34 92 176 177 243 288 385 478 708
11  76 119 144 162 293 353 431 716 721 884 961
8  226 289 489 490 533 738 755 920
10  234 270 276 609 735 743 792 821 908 935
10  32 73 152 168 230 370 416 735 903 957
13  13 33 201 213 400 437 506 546 648 683 729 829 927
7  114 181 187 289 536 587 886
14  183 238 255 342 360 432 450 561 575 642 692 723 750 845
6  120 403 520 810 972 979
10  72 179 198 229 410 451 531 752 833 911
12  54 55 90 121 204 364 408 622 714 757 919 976
11  4 77 122 226 294 386 592 655 817 895 984
8  62 78 180 296 455 512 698 735
12  362 386 463 493 589 590 617 628 762 765 811 902
14  24 30 35 96 379 552 661 717 753 760 804 820 878 900
8  183 266 268 400 439 570 669 722
9  89 221 270 380 397 646 717 719 878
6  133 520 536 622 913 939
18  14 21 159 207 262 286 347 484 537 577 581 600 689 850 905 978 987 989
8  117 169 208 269 845 966 974 997
9  73 134 482 521 757 791 850 852 917
14  197 204 227 263 283 315 429 432 444 511 582 689 693 866
11  5 106 158 246 285 590 640 789 944 993 997
7  128 234 333 772 858 889 903
13  24 144 194 208 266 287 473 584 654 682 830 906 966
11  32 200 319 410 480 585 669 718 799 823 943
9  47 55 214 235 245 347 348 496 699
9  102 146 291 301 333 576 641 687 994
8  10 32 83 136 641 822 883 893
7  188 520 648 654 720 825 981
5  168 431 584 729 794
5  62 106 428 601 916
5  155 256 382 488 727
7  129 149 500 608 695 815 910
11  57 64 156 207 486 569 627 672 727 832 917
14  96 228 251 287 297 412 609 677 783 883 889 893 925 987
15  10 44 47 185 298 299 338 430 449 574 694 751 826 852 935
7  24 67 268 275 356 616 903
11  16 42 77 116 154 223 268 282 346 681 856
14  17 154 181 200 253 405 481 726 740 754 837 881 910 983
7  23 140 166 178 204 592 764
10  68 238 287 333 341 457 611 752 777 969
7  392 504 513 523 558 782 900
8  2 97 110 121 204 431 840 928
10  49 189 195 199 314 591 704 814 884 906
11  35 44 107 232 297 547 582 813 851 881 904
11  252 292 307 309 371 399 709 745 802 918 954
7  267 345 436 469 855 869 946
18  113 123 197 386 454 536 552 588 731 739 780 824 828 883 901 943 964 970
11  15 43 133 214 364 463 697 734 854 884 988
9  237 406 444 477 666 725 766 826 985
13  116 199 337 379 402 416 534 609 690 737 741 783 909
11  20 128 338 358 426 526 593 661 772 850 913
15  3 28 234 255 408 413 474 509 586 632 705 734 797 856 885
9  60 103 283 377 539 741 794 832 902
8  165 175 311 618 817 843 890 973
13  136 166 258 291 493 535 639 661 677 680 725 741 798
10  11 19 154 264 681 745 805 819 942 984
8  2 63 122 156 218 360 867 993
7  370 421 458 459 461 745 817
10  16 159 275 284 290 471 488 654 725 774
11  33 405 422 504 556 589 723 793 854 876 884
8  197 354 457 530 739 741 940 982
10  50 104 174 220 374 447 455 629 803 823
11  94 229 270 321 327 437 478 778 918 931 988
9  170 298 465 493 576 643 730 749 864
6  152 187 196 292 844 958
14  36 104 122 177 292 315 392 518 557 641 659 884 969 996
9  98 181 256 258 385 534 561 808 901
8  110 177 193 273 325 359 643 952
9  3 394 461 496 552 565 696 861 975
17  39 142 194 238 271 290 334 364 571 621 625 664 683 698 742 812 860
5  277 414 466 768 930
8  88 155 250 311 337 527 737 965
8  120 328 406 512 573 705 824 868
11  32 72 155 400 482 561 568 617 644 835 855
10  24 65 140 383 454 482 715 743 776 788
6  7 41 83 216 350 711
16  11 106 175 197 217 302 452 488 561 566 685 748 870 873 883 990
12  122 274 277 419 518 594 610 614 666 864 953 990
5  238 265 344 694 991
11  300 489 544 551 595 787 789 821 858 861 960
10  81 132 191 236 313 464 683 702 814 938
11  185 190 358 499 505 575 600 760 789 805 902
9  42 68 189 206 224 420 431 434 638
10  159 197 291 404 437 586 652 690 818 830
14  195 199 294 377 380 478 489 510 735 816 844 885 890 963
17  50 68 266 347 348 420 567 601 621 645 728 729 757 807 822 879 912
8  162 192 214 380 436 662 680 742
9  32 295 372 603 674 792 850 891 923
6  147 160 415 488 530 937
6  157 389 690 840 895 950
12  50 161 304 329 563 586 737 765 839 850 914 948
9  20 53 387 420 503 582 728 757 893
9  68 197 210 238 520 535 673 712 744
12  53 63 158 232 335 386 533 696 834 848 893 957
16  3 163 195 198 256 314 326 373 412 477 589 601 659 753 966 989
9  12 37 381 670 712 790 880 974 981
8  107 132 265 383 538 589 827 911
8  186 259 425 494 719 843 869 942
10  37 147 324 356 506 763 816 868 876 935
8  155 261 368 376 404 567 622 847
7  106 114 170 313 414 423 576
9  96 99 113 206 461 512 699 758 938
11  56 64 101 340 359 449 547 714 847 874 977
12  54 68 101 256 325 427 587 599 649 715 731 873
14  134 192 231 335 360 428 495 622 754 881 938 939 948 973
12  149 218 500 598 641 752 758 766 830 869 906 992
7  2 10 84 439 552 960 998
11  62 287 357 463 556 653 667 767 783 785 897
11  12 120 124 231 264 327 387 421 710 856 999
13  159 162 227 285 449 466 513 620 645 659 720 866 978
12  176 219 357 505 514 535 648 725 808 814 875 943
9  9 126 153 192 305 519 637 642 945
16  16 48 73 97 130 334 477 494 554 665 762 797 804 817 847 919
13  93 249 418 427 542 633 723 761 770 813 818 830 836
3  218 822 855
10  35 111 177 442 459 468 564 719 741 775
11  14 108 110 323 343 379 402 585 671 741 761
8  148 177 446 604 682 693 726 928
9  4 21 220 229 266 490 792 804 933
6  125 301 663 824 855 981
8  18 64 191 314 464 510 858 980
9  28 237 319 449 451 482 520 542 558
12  9 173 209 419 454 676 797 804 862 864 959 989
10  39 196 211 226 386 464 521 673 696 728
11  156 193 205 434 493 617 649 715 780 860 936
13  108 117 119 191 299 333 363 484 517 670 678 690 725
6  370 521 579 685 697 878
11  50 57 210 268 343 352 532 716 765 900 939
8  18 81 101 375 417 484 562 767
15  19 239 310 335 483 492 560 572 575 661 673 720 783 811 898
16  10 20 121 137 232 239 335 343 350 467 503 578 647 669 817 837
18  58 63 222 328 389 499 505 683 698 717 721 726 782 823 852 904 938 972
9  369 413 556 610 773 792 806 925 989
10  121 238 319 508 606 619 661 717 814 902
8  60 156 453 629 735 765 787 967
10  75 202 280 303 316 573 638 793 813 876
4  67 301 764 967
11  28 63 139 165 282 315 637 669 697 745 772
12  32 145 335 409 475 505 518 539 631 820 919 939
12  61 144 307 327 447 461 524 628 712 802 808 937
10  78 189 223 323 649 736 748 765 778 867
9  246 259 283 288 360 421 444 527 856
14  43 126 190 465 548 577 649 725 763 786 821 952 972 987
16  84 135 247 296 307 308 310 361 372 445 453 499 527 546 861 936
6  158 308 429 611 693 740
11  5 91 125 209 455 478 637 659 762 800 931
9  369 500 587 596 651 652 766 789 803
9  25 159 167 357 407 705 815 833 945
9  318 368 412 664 706 779 883 909 962
7  70 282 390 610 709 762 771
8  48 159 221 288 527 550 554 598
2  179 502
10  50 65 79 89 131 171 401 457 497 858
8  31 37 427 475 595 643 745 995
4  120 708 804 903
8  4 151 165 366 415 496 519 545
6  29 234 312 518 750 774
10  42 63 133 303 338 371 467 728 812 888
8  8 178 231 409 440 566 613 717
11  17 30 69 107 286 505 600 620 659 710 841
10  9 47 101 111 135 455 647 833 916 933
9  1 61 114 321 363 582 633 656 977
11  30 84 122 130 297 331 407 482 674 889 931
7  96 119 248 553 584 683 990
17  13 31 60 143 209 258 375 413 600 618 633 751 772 805 869 954 957
9  205 564 695 761 895 914 947 952 990
10  30 140 243 360 458 627 642 698 859 910
11  61 106 281 308 622 747 767 851 872 875 902
16  101 106 216 224 337 400 445 510 628 637 690 763 786 875 898 909
5  167 180 599 661 831
6  96 117 199 413 516 729
9  69 299 419 491 531 587 826 868 947
11  97 193 276 367 396 452 563 702 794 817 881
7  72 82 132 149 675 791 966
8  20 116 357 627 655 882 918 964
6  373 458 657 716 747 816
8  9 425 428 434 454 519 936 942
10  122 166 256 376 410 520 550 596 861 875
4  24 61 436 610
5  305 337 396 724 860
6  255 407 581 678 731 740
5  89 114 838 913 936
6  298 384 586 848 955 994
12  72 103 188 193 245 370 430 484 500 738 815 935
10  41 70 192 208 311 358 384 438 708 953
11  109 150 272 446 473 488 651 653 740 976 982
8  142 214 228 236 397 773 864 935
5  115 255 558 717 835
15  86 88 151 169 201 207 271 352 407 430 510 605 749 893 994
9  348 535 685 694 749 850 877 981 994
7  26 75 467 476 580 676 770
6  39 127 152 611 683 919
7  26 38 328 432 573 683 855
8  416 442 449 707 726 740 817 945
11  34 43 97 128 289 398 562 580 652 737 842
8  82 274 602 788 793 865 944 985
11  13 49 201 332 362 427 516 588 905 907 992
3  388 502 758
12  21 69 148 359 394 494 596 631 676 758 810 836
12  11 132 223 328 441 676 688 700 710 817 982 992
8  106 181 240 327 400 477 607 641
12  85 106 129 447 631 640 687 761 763 777 902 913
9  28 106 143 208 277 824 875 978 992
7  5 137 142 460 648 788 866
3  306 591 839
11  10 158 207 495 510 515 666 708 764 779 956
8  243 403 464 500 539 873 932 989
15  27 242 286 332 427 478 521 527 570 615 631 787 880 973 999
11  232 236 270 272 317 619 693 699 717 746 777
9  15 49 79 189 258 337 424 513 891
10  53 115 569 572 614 684 798 866 890 960
9  9 138 209 453 702 831 956 970 992
14  44 50 174 241 311 332 389 466 475 479 539 631 730 808
11  30 62 475 496 563 638 651 712 780 826 993
9  43 93 168 234 648 660 734 819 966
11  144 165 297 345 519 523 593 614 645 664 753
5  241 764 787 804 913
6  76 398 418 730 818 833
13  60 131 247 279 287 445 726 787 865 893 903 977 992
16  144 158 202 205 226 249 461 485 529 545 606 727 847 848 934 936
8  90 104 199 432 499 524 641 849
13  118 155 181 279 367 629 668 876 967 970 973 982 989
17  31 136 162 259 300 372 444 461 534 544 668 679 683 699 791 827 984
15  33 35 49 234 282 397 406 442 532 576 694 796 953 959 960
12  11 76 101 211 273 374 388 425 568 603 645 924
11  60 64 168 197 276 540 547 586 648 836 997
16  100 102 107 206 304 307 319 337 381 476 496 505 710 788 791 996
7  212 384 475 506 647 721 877
10  41 185 248 331 398 414 523 576 879 978
