1000
2  143 579
14  17 62 131 196 210 212 275 449 489 618 702 850 856 934
17  30 57 115 236 339 401 430 454 523 556 777 793 830 857 867 897 984
7  26 351 425 459 488 610 763
10  42 273 277 342 430 478 548 617 752 983
8  125 176 648 675 864 946 947 952
11  8 190 243 448 473 491 546 600 645 805 813
12  93 343 388 426 583 597 618 642 748 853 867 897
14  6 62 88 102 180 330 354 364 661 749 758 774 825 832
11  18 94 363 379 384 391 398 450 468 575 638
6  32 36 49 501 667 962
16  22 51 59 77 114 364 375 388 447 647 681 824 861 877 880 904
11  62 70 302 307 448 471 514 685 933 940 996
8  284 354 504 613 692 720 891 985
12  27 64 69 83 109 416 452 671 724 741 907 981
7  159 270 272 421 731 971 990
11  95 97 100 186 274 327 443 709 817 833 972
14  1 126 133 191 299 397 431 451 641 644 716 723 815 980
11  9 27 47 67 190 195 205 428 645 710 974
9  130 208 219 348 525 731 740 903 953
18  36 128 202 260 298 307 521 575 588 663 742 798 856 857 920 944 972 978
6  73 158 284 345 612 904
9  11 78 144 208 398 629 720 764 960
6  219 232 379 520 536 783
14  98 155 192 483 503 543 560 609 679 788 814 846 849 962
5  79 109 187 324 497
11  3 461 478 532 621 836 846 908 956 963 995
9  14 18 252 367 505 561 615 801 979
7  132 205 281 357 383 471 951
11  37 209 291 304 399 472 569 625 654 676 710
9  2 41 201 336 405 453 738 784 914
5  63 108 119 392 645
7  10 76 144 316 453 640 806
9  135 238 363 387 394 613 670 774 805
12  40 269 396 478 661 662 694 720 773 825 836 885
7  135 206 768 797 904 997 999
13  10 20 147 402 412 449 468 539 694 849 850 911 965
10  29 49 72 226 427 488 516 519 683 728
13  205 252 265 425 439 529 561 631 708 788 809 810 843
7  65 127 183 645 646 776 946
9  34 96 200 364 396 740 778 800 887
8  30 76 181 340 491 715 813 945
16  4 113 202 249 259 313 430 560 567 709 718 777 796 927 968 995
12  70 219 256 260 360 393 414 631 717 776 854 979
6  209 244 344 462 651 839
13  73 143 252 288 473 530 604 777 826 845 856 905 987
6  132 471 660 695 764 870
10  18 114 159 164 234 288 299 772 777 849
14  198 299 308 428 432 454 565 573 630 735 811 886 891 898
13  10 37 81 91 311 399 526 643 723 757 789 795 917
2  112 439
8  11 84 251 468 528 619 649 688
12  122 134 154 155 237 249 377 471 682 731 762 779
11  80 177 272 412 435 527 573 581 679 686 710
11  60 179 199 273 314 663 808 821 857 859 947
8  189 460 510 574 721 776 894 966
17  178 299 315 318 347 357 368 428 468 516 519 589 762 771 864 867 994
12  2 59 107 435 453 464 639 747 832 843 854 892
10  101 153 300 394 442 497 541 754 797 946
22  11 57 79 107 140 159 162 300 352 380 383 386 416 442 509 520 540 548 774 792 863 895
16  54 155 171 202 227 244 358 376 418 455 481 568 659 726 807 980
12  145 316 323 557 602 688 738 815 840 850 887 903
8  1 8 12 123 458 522 632 701
11  31 238 271 361 376 512 580 639 701 812 905
11  14 265 330 430 465 508 639 687 781 953 969
8  39 445 704 759 837 866 924 935
8  137 260 325 345 676 706 897 914
10  18 126 164 242 356 431 495 561 887 933
6  99 187 234 275 362 883
4  14 168 520 844
13  12 43 128 194 253 286 378 384 535 656 660 764 827
12  74 246 280 338 362 398 532 744 780 822 840 948
8  37 234 342 412 597 661 677 883
11  21 45 100 145 267 656 718 765 789 867 985
15  71 131 345 456 498 533 575 576 728 732 835 887 941 945 964
10  176 272 329 425 472 504 528 752 756 982
19  32 41 174 193 305 371 377 404 436 440 483 606 623 766 807 827 906 974 994
11  11 104 122 123 173 362 519 546 630 702 804
9  22 147 213 280 311 679 723 933 979
10  25 59 333 399 444 501 521 540 694 968
13  53 103 466 469 473 477 500 635 673 731 779 810 998
8  49 83 165 243 410 414 956 978
10  291 557 594 625 632 639 823 911 926 949
11  14 81 187 234 254 333 542 588 659 731 788
9  51 125 392 401 736 772 853 915 949
3  397 450 910
12  208 246 315 392 424 430 512 600 659 746 916 999
14  140 297 358 398 433 434 518 749 754 782 829 835 907 944
11  8 248 451 520 601 669 675 722 760 846 852
5  119 205 321 578 685
9  162 288 362 408 439 617 718 839 880
6  49 350 353 519 683 812
7  129 213 313 340 665 702 983
12  7 94 131 158 257 275 580 595 711 730 814 859
17  9 93 113 220 304 318 321 390 407 427 454 469 644 708 750 908 921
17  16 132 234 250 330 385 425 430 469 496 529 557 700 707 819 953 955
9  40 137 141 181 287 343 356 393 623
11  16 154 231 268 288 330 453 573 672 954 999
16  24 128 150 168 173 243 311 333 464 471 609 610 815 827 933 948
10  68 170 293 431 464 605 716 742 768 965
12  16 73 110 143 208 221 546 560 568 621 750 995
5  58 117 382 417 547
7  8 122 171 286 355 470 988
10  80 359 390 508 563 668 759 840 848 982
3  77 523 954
10  210 248 416 433 518 543 561 646 865 909
6  117 176 241 315 413 777
12  57 59 203 218 255 293 316 543 636 780 944 966
11  31 141 452 474 499 563 579 744 817 902 962
15  14 25 157 287 348 362 425 479 523 630 671 707 723 773 836
9  100 126 204 250 308 349 863 972 986
12  204 205 233 423 659 720 757 790 845 914 964 985
13  50 131 145 480 488 561 619 699 772 861 904 982 992
17  42 94 275 329 339 502 573 583 665 721 736 829 911 924 929 939 952
16  11 47 135 183 188 196 212 266 484 493 510 554 569 746 935 982
6  2 400 406 646 830 837
11  123 168 345 399 526 575 699 703 911 930 951
8  101 106 340 631 716 738 792 883
12  342 375 382 402 559 576 636 651 800 882 959 974
11  31 89 244 401 474 525 606 639 760 927 935
8  269 449 494 617 863 885 918 926
14  144 336 342 521 572 576 619 672 772 791 866 869 897 955
10  52 77 102 215 216 236 346 465 662 834
12  62 77 116 195 215 344 438 508 511 534 616 661
6  262 266 504 605 692 788
7  5 84 282 586 697 819 934
12  17 67 110 227 302 611 620 721 749 751 835 953
15  39 143 244 417 469 502 526 560 596 642 733 883 972 980 990
10  20 70 98 459 544 713 719 759 811 960
8  92 240 272 502 531 903 907 942
7  19 173 306 410 420 843 993
10  1 74 93 112 433 458 625 755 764 895
10  28 46 95 205 228 323 500 784 960 965
8  17 164 174 190 407 467 567 874
8  52 263 362 561 604 686 779 978
14  33 35 114 240 260 273 275 387 433 470 590 785 947 991
10  220 315 329 555 675 737 823 896 973 979
10  66 96 161 235 288 428 545 656 661 821
10  178 179 387 400 438 525 577 735 836 895
9  149 161 306 314 371 651 864 950 965
14  59 87 305 310 396 401 437 479 524 580 647 659 823 944
6  96 108 366 708 807 974
10  216 326 370 441 458 615 755 784 855 988
11  0 45 100 127 208 215 291 344 367 522 565
12  22 32 121 352 372 407 566 592 610 647 757 874
13  61 73 112 304 333 402 409 455 470 571 674 739 888
7  390 431 572 594 600 644 737
13  36 78 152 199 232 297 379 688 726 735 784 833 934
8  206 404 421 607 795 983 997 998
15  139 340 391 505 628 718 741 753 761 783 795 798 886 927 957
10  98 197 377 408 669 826 848 903 932 979
8  166 510 753 761 769 845 847 935
6  147 329 633 866 918 982
8  58 224 226 359 415 536 889 923
16  52 97 241 252 338 392 432 488 500 504 513 564 606 682 820 907
12  24 52 60 186 225 269 335 449 648 815 893 951
11  171 212 319 379 425 541 598 629 729 780 899
12  109 206 288 337 373 461 509 556 567 587 715 828
7  21 93 356 403 442 630 772
11  15 47 59 168 566 616 705 733 738 800 863
6  300 513 552 585 599 638
17  137 139 200 372 380 497 512 641 698 707 758 796 811 853 880 883 960
6  59 90 230 547 558 834
8  245 296 399 475 793 800 872 992
7  47 67 133 525 596 695 836
4  81 272 716 735
14  151 195 205 424 535 552 575 592 612 668 704 856 961 973
8  732 742 781 790 824 858 913 971
17  69 98 116 159 250 268 387 467 551 587 658 676 695 808 821 856 937
7  292 392 547 558 563 732 774
10  99 224 237 315 565 620 687 728 860 996
14  60 102 156 175 237 275 316 343 415 439 488 805 926 933
6  460 479 584 696 877 933
14  77 98 130 306 362 497 621 652 771 779 828 894 933 936
7  76 133 339 372 550 671 856
9  171 217 253 339 599 815 842 884 904
18  5 75 106 178 180 191 450 451 459 474 492 607 813 855 858 941 954 958
10  53 368 399 478 503 554 556 779 783 955
10  56 138 176 188 365 465 552 587 641 782
10  54 138 194 229 237 327 446 543 625 680
11  8 176 403 414 487 505 607 933 959 984 995
8  41 96 446 518 818 860 904 941
6  272 307 413 741 789 935
10  39 114 230 586 603 756 777 829 868 981
7  196 321 326 442 509 598 700
4  573 764 864 933
10  16 155 262 264 367 463 574 671 781 841
9  25 68 83 228 597 622 741 866 882
12  114 178 253 312 374 380 453 567 572 791 949 972
17  55 241 323 354 378 395 437 450 491 600 635 700 726 775 830 935 960
9  6 18 133 206 274 740 917 925 937
11  17 176 336 397 475 506 520 584 597 602 874
9  24 210 237 326 491 556 693 801 930
9  76 276 326 369 430 606 631 901 951
14  70 179 291 306 434 478 550 738 775 776 863 955 967 968
4  18 123 166 824
11  1 114 184 229 535 596 598 748 764 858 921
12  150 248 281 448 460 619 620 721 744 746 748 908
10  48 247 590 624 720 723 728 749 809 886
10  54 147 285 351 494 530 532 696 774 885
13  40 161 268 438 445 558 664 694 695 791 794 880 905
7  30 583 761 771 795 813 819
7  20 42 60 223 418 522 903
8  107 307 328 384 397 773 820 904
12  110 111 207 267 340 386 507 599 618 715 836 967
14  18 28 38 89 111 132 166 397 461 465 679 703 834 900
16  35 148 157 190 244 366 406 439 512 529 572 684 696 699 780 816
11  204 242 375 387 412 571 732 744 819 960 984
13  19 22 86 100 143 380 575 587 692 712 733 814 920
10  29 44 311 384 385 451 481 706 738 870
11  1 105 192 349 359 363 396 414 441 825 829
9  297 500 523 687 765 766 834 881 991
8  1 114 156 494 547 573 626 672
10  78 92 259 512 562 651 773 779 950 968
6  499 761 807 832 860 940
10  122 123 143 301 355 554 647 809 872 954
11  122 142 472 586 647 772 779 805 806 889 947
5  175 451 508 663 979
7  107 253 413 693 707 759 859
10  19 23 43 421 518 611 662 693 974 977
5  94 136 311 403 692
9  100 372 394 479 501 573 707 857 866
7  302 487 493 662 678 740 831
5  202 300 368 750 867
8  153 170 311 338 350 743 764 820
7  155 256 462 512 536 580 837
13  37 153 236 277 341 344 384 458 471 586 624 907 913
5  60 126 417 917 976
3  132 187 418
9  179 196 296 346 387 416 476 879 892
8  162 183 234 344 485 565 588 745
10  97 267 421 462 514 714 778 784 957 959
5  23 147 355 699 903
5  111 489 515 648 955
12  47 68 72 83 95 230 622 722 744 848 893 981
11  137 269 302 338 376 441 485 513 707 720 791
6  2 122 226 392 751 929
9  52 170 171 179 192 311 315 388 857
7  33 63 294 403 531 696 993
5  475 517 580 619 639
11  129 135 247 416 526 574 732 850 872 885 998
13  106 154 189 335 516 594 602 713 757 794 852 904 914
8  67 207 271 298 463 560 574 723
9  6 81 98 269 368 408 598 888 931
14  44 60 119 127 206 273 348 462 543 624 715 761 788 896
8  163 535 645 666 670 727 935 989
17  71 86 276 363 390 446 525 527 569 575 667 670 704 856 859 880 919
11  198 240 421 448 581 753 882 895 906 920 993
10  88 105 197 255 312 322 385 663 783 786
11  42 52 288 319 346 404 511 607 675 688 816
12  95 110 168 353 368 576 577 755 919 945 957 967
7  51 322 334 389 602 667 890
5  27 38 45 154 781
9  70 175 188 218 297 313 458 893 986
4  83 602 775 955
8  107 248 388 548 717 914 915 983
11  43 225 294 396 401 442 469 564 629 655 834
10  93 507 556 576 659 762 778 780 908 947
4  326 336 383 727
11  42 213 425 453 500 547 636 674 811 837 951
11  20 43 66 135 356 492 542 666 705 769 830
3  473 478 518
17  124 186 298 340 364 383 467 493 567 571 576 586 624 653 787 799 998
9  134 361 455 589 673 689 739 896 986
10  186 447 485 487 516 589 669 698 768 772
10  38 64 407 417 545 554 755 890 901 959
11  114 124 341 478 512 545 604 685 713 875 939
13  73 204 231 369 416 430 458 511 522 524 525 533 626
5  97 168 200 713 879
11  34 120 155 235 243 363 387 440 650 691 698
8  15 278 335 393 508 711 900 936
11  63 242 316 377 432 616 628 709 742 765 947
13  15 53 75 129 165 182 282 431 480 706 707 723 975
11  4 54 135 244 289 319 740 751 801 940 952
14  16 190 335 448 476 514 519 639 646 654 828 851 895 935
14  1 68 93 113 135 171 509 512 549 630 683 692 875 878
9  193 246 517 605 701 750 834 887 989
7  4 226 318 345 524 535 948
7  270 479 622 632 667 774 914
7  365 388 507 574 676 718 927
9  71 78 292 653 680 720 854 896 903
12  28 197 352 395 399 556 569 584 620 816 859 952
10  125 272 325 499 500 515 631 789 830 846
5  435 668 918 964 972
5  13 21 324 472 531
12  199 400 440 484 551 559 572 591 632 688 800 887
11  70 102 529 577 601 636 669 715 890 931 965
10  96 109 386 410 524 732 763 900 917 931
15  45 47 90 97 137 157 249 289 338 439 451 488 632 736 800
8  273 288 431 743 869 888 903 955
5  533 637 692 767 904
16  29 82 143 194 318 351 371 444 462 523 578 717 817 867 883 952
9  169 280 313 319 521 528 554 620 974
4  99 107 452 711
11  238 256 319 370 493 514 547 594 620 765 964
4  459 780 857 978
10  163 229 380 392 676 691 707 767 944 994
13  87 147 211 253 355 417 490 564 655 829 852 977 984
12  20 242 262 374 375 527 548 656 750 824 828 925
12  17 47 48 56 314 489 591 608 616 887 900 943
9  58 59 160 223 496 612 623 642 673
9  215 314 328 440 491 514 519 640 811
8  12 126 222 235 559 615 632 769
9  326 435 647 697 710 759 790 840 988
6  29 94 145 616 746 748
7  76 140 306 385 527 541 803
15  130 139 173 194 305 413 483 485 545 549 665 676 705 750 777
12  12 20 182 203 324 339 527 593 626 634 662 971
8  48 110 371 655 702 748 757 861
8  372 439 649 704 916 954 981 996
9  140 375 448 476 588 706 829 834 879
10  49 78 98 209 220 224 237 593 674 690
6  188 248 632 682 919 980
13  42 92 253 292 445 485 507 619 692 735 748 964 967
16  54 139 299 301 510 553 559 593 620 670 719 771 784 849 893 959
9  56 86 106 136 170 237 750 915 953
14  32 61 107 171 271 377 444 449 504 517 527 563 609 717
6  513 545 572 585 681 805
12  56 94 277 291 370 373 533 609 859 885 978 983
18  156 249 273 292 294 412 422 473 493 654 694 781 811 857 886 940 959 997
8  359 478 646 766 780 781 842 956
12  89 94 184 324 406 719 730 756 787 819 832 886
6  248 251 624 737 809 826
6  61 132 189 399 581 744
11  25 284 307 321 597 647 747 851 862 867 947
8  66 282 418 528 812 824 844 968
14  142 184 192 193 258 303 483 523 571 592 648 837 917 944
8  16 179 372 479 784 793 818 936
5  203 301 516 556 776
9  75 113 136 152 440 448 701 702 720
12  8 64 95 97 338 557 721 762 765 851 896 949
3  669 763 833
10  384 471 531 542 611 702 758 839 920 996
8  79 83 98 145 602 711 956 984
7  251 349 494 529 660 820 890
13  155 241 270 274 363 559 629 644 786 791 826 933 986
12  30 121 191 258 366 381 470 535 608 682 743 970
14  157 339 369 383 402 450 533 546 598 699 706 775 892 931
15  71 154 224 235 288 330 411 456 520 573 707 737 801 818 894
14  2 113 174 175 307 337 345 352 516 547 704 765 830 890
14  41 92 117 149 204 262 415 464 480 534 631 644 646 769
9  226 266 438 586 645 684 779 926 978
11  4 72 118 121 372 553 725 771 781 800 816
11  7 96 171 375 613 650 671 782 839 901 913
12  44 123 143 226 230 412 516 528 720 728 846 904
8  21 66 74 116 277 339 429 589
9  122 229 249 390 499 608 707 879 926
5  56 493 500 651 666
11  19 109 244 406 410 452 784 814 822 960 990
8  110 210 334 497 618 871 885 943
7  91 224 527 574 631 758 831
13  3 199 291 496 514 583 686 688 705 706 925 928 976
12  59 144 281 339 390 457 573 596 701 809 832 916
11  91 250 387 410 413 499 637 651 813 905 943
7  8 13 189 650 820 846 986
9  102 215 232 297 420 440 472 752 968
10  67 96 158 260 537 604 668 713 859 870
8  28 56 358 645 681 696 763 813
10  60 87 357 612 628 730 808 835 895 972
9  103 153 210 320 676 735 780 947 983
10  43 455 495 564 623 678 746 820 839 841
6  63 263 439 471 540 999
13  68 71 77 90 109 134 173 441 698 738 746 923 975
8  9 33 210 246 269 335 405 579
6  8 11 40 262 588 811
8  178 279 373 656 718 761 785 949
8  141 206 336 481 512 561 624 696
8  27 143 186 432 436 493 661 701
12  56 177 223 243 250 371 514 640 746 813 830 913
7  193 267 337 563 819 853 882
4  142 294 318 602
16  76 139 291 308 368 385 448 505 551 674 710 829 885 909 963 967
15  144 161 174 221 309 327 342 389 425 445 677 744 841 880 912
11  157 318 365 450 480 522 882 888 891 906 976
11  188 298 401 412 470 540 544 683 921 948 981
9  11 118 207 298 310 343 383 649 909
7  60 63 235 567 759 847 943
12  52 76 150 271 316 498 519 538 601 637 757 939
7  70 189 492 535 641 663 990
13  9 23 147 156 464 516 630 677 697 887 914 933 993
10  59 161 188 208 296 468 536 674 746 855
4  336 409 725 802
8  101 118 431 677 698 717 856 896
14  28 59 258 262 337 375 621 660 694 745 773 864 933 963
12  9 70 203 209 226 332 427 471 799 841 855 944
10  95 209 248 305 371 444 504 723 798 963
13  59 204 287 412 462 566 604 678 698 809 817 901 999
14  33 135 138 168 207 229 269 353 595 747 817 828 904 973
9  7 11 237 255 279 543 571 840 882
11  251 372 395 590 682 757 759 785 791 860 942
16  94 103 146 246 346 352 451 474 539 644 651 725 791 852 907 952
5  9 149 433 612 830
19  31 84 86 154 169 236 296 481 528 530 534 539 540 635 661 723 730 762 808
9  43 96 270 404 453 473 624 722 955
11  33 58 221 410 427 529 612 749 806 864 925
16  189 281 389 400 449 452 498 507 525 539 559 645 688 884 940 952
12  34 40 140 210 256 585 799 888 907 932 938 990
10  17 85 191 203 205 442 482 782 899 916
12  9 22 71 87 434 633 657 659 764 790 883 987
19  29 49 79 116 163 177 281 323 429 498 517 519 671 774 781 833 837 937 967
8  115 138 285 395 611 621 686 760
10  2 84 119 140 256 374 520 523 735 859
9  36 118 145 337 481 577 720 732 747
8  158 180 220 238 549 625 722 955
7  76 148 249 393 449 690 786
7  30 363 408 549 783 855 968
10  115 206 321 348 493 705 814 904 918 927
9  94 133 144 265 611 710 751 936 970
15  90 150 243 405 425 499 630 643 701 748 917 958 983 984 998
9  145 381 499 537 683 719 769 856 919
15  81 130 287 348 353 394 471 535 628 636 724 789 842 848 860
15  338 438 568 597 615 626 673 698 708 771 817 856 872 961 992
13  36 53 72 207 319 344 374 386 418 462 669 773 835
10  106 182 218 306 353 525 695 760 814 978
10  43 81 180 210 445 510 512 534 662 931
10  153 171 340 416 467 512 735 805 931 947
13  14 59 105 229 240 267 415 485 595 669 781 879 929
14  101 127 227 265 297 479 611 628 648 711 722 881 907 957
12  60 202 228 325 412 427 533 538 630 727 761 799
2  655 688
9  130 355 443 487 852 874 890 936 947
12  15 148 219 231 247 559 576 676 779 780 833 959
2  319 797
3  111 436 622
8  86 166 438 619 753 788 972 979
12  3 38 75 95 109 156 259 372 408 652 684 692
8  7 429 566 687 738 784 797 938
7  37 94 384 394 418 611 857
6  18 48 56 137 699 758
12  345 399 426 474 527 605 625 637 776 846 966 978
12  2 4 42 64 86 95 193 267 460 528 657 920
12  17 67 99 146 272 289 382 518 699 736 907 929
13  48 154 271 367 436 466 599 661 683 783 887 944 953
10  87 105 131 135 391 660 699 746 892 895
8  87 194 398 471 582 608 908 925
10  53 57 283 303 445 614 742 829 894 901
11  76 367 423 432 621 647 653 883 885 943 951
6  140 189 750 756 761 995
17  123 138 200 341 411 424 469 470 506 551 647 737 783 836 895 922 939
13  38 50 90 171 206 288 309 361 452 481 595 692 841
7  76 269 285 301 329 355 681
11  142 210 235 362 658 680 711 720 841 908 938
8  58 59 158 184 256 397 637 932
5  16 420 754 882 985
8  79 291 316 385 607 656 790 907
13  65 200 313 372 414 435 507 577 726 729 738 798 927
8  179 181 246 618 622 786 913 970
12  11 264 457 553 712 726 787 843 883 884 976 995
18  6 12 197 247 274 310 329 371 462 463 645 825 854 892 945 958 981 998
8  1 36 120 155 316 395 404 804
15  9 85 176 189 337 373 510 665 730 732 737 752 786 957 996
11  17 88 176 209 217 288 390 752 771 830 846
12  14 108 293 348 395 439 540 620 735 757 891 975
14  30 32 57 97 188 259 393 527 689 754 777 778 920 937
6  2 48 94 522 830 980
11  60 145 263 360 475 479 599 638 729 833 876
8  74 338 462 470 506 655 908 920
6  352 447 653 803 890 910
8  62 131 142 226 253 267 765 849
12  3 128 176 295 468 557 675 689 731 848 926 940
10  55 172 197 430 519 535 622 698 926 939
8  26 157 205 587 592 787 818 822
12  44 225 231 244 291 386 412 448 456 834 852 967
9  186 242 448 583 672 689 914 965 973
11  57 98 99 340 379 657 806 825 874 974 981
14  64 122 178 205 469 491 559 578 641 702 744 848 866 983
6  80 432 893 956 965 982
9  133 168 262 415 522 527 695 792 825
12  9 36 51 56 380 459 590 709 794 813 938 985
19  80 94 95 127 256 438 465 488 548 565 573 637 645 646 694 799 857 872 937
10  102 135 145 336 374 438 456 478 728 976
11  12 28 46 52 98 226 332 361 384 410 434
11  29 75 216 284 355 509 513 769 926 928 949
14  6 45 80 261 319 393 495 542 628 730 788 887 903 975
13  108 119 176 390 429 521 535 540 647 744 807 903 957
8  163 191 239 455 682 719 863 926
9  229 274 310 488 639 702 735 765 823
5  80 548 714 748 916
14  4 26 34 177 194 261 266 320 470 483 764 847 868 990
14  109 140 172 221 278 327 417 455 510 514 798 844 850 861
8  112 272 340 373 546 639 816 826
10  60 209 366 392 402 439 514 614 728 743
8  397 687 709 894 926 933 970 978
12  24 76 306 326 478 492 574 651 734 786 912 987
4  114 285 694 896
12  230 235 264 306 313 416 517 532 811 845 873 917
5  586 613 783 967 981
10  180 222 264 420 565 647 813 851 865 868
12  3 37 112 154 171 288 469 476 532 669 828 977
11  1 233 299 540 657 685 758 813 923 953 960
9  297 498 733 737 763 837 922 973 991
9  6 41 189 192 301 465 650 772 845
12  176 260 378 483 552 646 662 724 748 787 874 939
14  114 222 262 294 319 347 367 406 496 637 761 764 779 994
9  120 199 212 334 671 807 838 921 963
7  67 360 473 514 660 858 956
11  95 300 351 493 513 563 639 657 749 893 991
15  25 58 161 173 349 523 544 617 735 742 745 762 797 864 917
11  74 377 395 399 490 561 633 669 720 754 852
11  108 214 282 346 353 408 409 542 581 666 683
12  80 132 154 211 259 282 347 589 631 728 752 799
9  10 79 221 525 535 715 880 882 890
9  113 127 129 547 605 774 877 888 906
4  24 177 628 912
11  13 75 124 154 316 385 579 596 722 881 927
11  27 149 180 371 506 518 565 718 899 915 942
10  191 438 456 505 530 748 771 832 869 993
14  204 257 279 313 395 445 509 646 673 674 682 727 911 960
8  64 103 123 217 270 531 698 756
12  59 157 184 275 472 507 575 747 776 844 854 929
11  55 114 151 314 414 450 479 585 757 860 879
4  123 249 267 748
14  63 86 161 206 213 225 266 275 366 414 415 725 762 766
13  154 160 235 317 472 496 699 734 785 811 832 865 868
14  12 231 274 294 301 351 368 479 481 495 580 633 665 870
4  233 282 537 889
14  37 56 241 264 328 339 344 379 597 618 688 776 836 866
7  239 276 316 399 485 720 898
10  87 105 181 219 261 431 505 667 900 968
15  37 56 77 91 274 301 377 399 460 531 607 687 800 842 886
15  23 59 69 88 191 338 401 550 664 704 709 794 828 877 893
8  20 79 121 292 474 610 793 938
10  62 143 202 267 373 454 467 654 757 995
17  2 104 109 211 291 326 401 497 541 683 691 707 775 783 790 898 982
6  140 267 277 287 671 958
11  19 119 138 164 246 267 395 413 501 657 734
8  49 116 127 240 614 837 903 973
17  53 246 298 305 307 316 350 429 453 467 533 660 668 694 830 844 978
11  51 75 292 325 344 392 430 649 691 904 963
10  38 95 206 286 334 394 543 611 669 686
8  45 199 392 506 584 739 810 934
9  129 238 284 332 508 519 626 897 991
8  26 71 199 485 488 688 741 839
12  74 267 290 318 337 418 527 619 646 651 758 916
6  123 340 392 414 856 948
15  70 166 196 245 277 336 378 410 460 474 501 564 633 915 991
9  23 153 225 380 582 685 798 993 994
7  356 409 515 601 868 869 991
4  377 418 590 853
9  36 390 392 395 540 623 680 870 912
12  59 79 361 374 392 452 474 489 539 555 719 941
10  58 156 305 523 619 712 714 771 904 910
8  83 260 332 473 499 661 735 887
14  24 105 107 179 244 388 529 596 597 792 919 927 947 970
8  128 374 497 627 695 699 935 977
8  137 265 266 306 317 748 821 848
9  6 77 100 337 480 558 693 754 943
17  101 162 169 212 259 294 339 502 563 617 658 708 766 845 887 904 934
10  4 59 255 298 469 477 626 795 844 866
10  275 306 403 405 592 869 898 953 955 970
4  174 194 520 691
7  168 285 371 438 570 802 966
10  160 166 178 492 616 621 635 756 940 957
12  314 342 447 633 786 801 843 849 894 925 943 957
10  114 177 215 265 292 691 820 885 970 992
6  136 540 622 784 830 948
10  2 157 177 192 257 281 328 557 860 916
9  61 82 95 330 459 556 613 644 933
7  162 169 200 546 562 590 992
12  118 285 302 314 335 395 421 465 588 595 651 897
8  24 42 100 127 242 786 852 935
9  27 38 67 105 112 134 366 498 710
8  213 558 566 598 647 726 757 817
10  103 108 169 316 369 496 547 619 846 939
7  154 256 297 360 535 759 801
10  48 143 170 230 469 487 505 599 917 970
7  144 159 386 426 562 790 911
8  42 133 157 188 262 376 867 886
6  60 100 411 592 651 829
9  29 114 246 281 675 684 727 921 938
1  551
14  145 207 262 326 388 595 613 663 738 756 853 862 895 927
11  121 146 188 206 285 317 618 697 758 882 981
15  48 53 97 113 185 212 221 338 352 469 730 782 789 826 982
9  55 186 240 242 279 350 483 725 927
13  9 20 74 116 166 208 246 509 711 776 862 915 932
12  74 118 121 250 257 262 421 684 826 852 908 972
8  138 250 286 402 445 689 725 902
7  89 291 465 641 765 829 980
8  0 108 363 504 644 690 792 875
11  63 93 140 225 239 514 657 720 764 845 981
9  53 247 323 499 658 660 665 756 797
3  434 536 879
9  7 113 201 351 463 623 655 787 805
6  172 191 281 530 601 725
11  160 317 396 510 592 662 774 922 923 938 996
11  125 183 216 226 262 341 486 599 649 658 804
9  157 168 178 208 461 678 743 793 961
9  20 83 230 310 364 559 608 660 738
9  56 263 264 345 500 641 705 715 999
12  135 198 389 468 538 558 616 756 763 775 818 952
9  285 299 600 622 737 745 840 875 921
8  144 166 326 461 549 568 585 717
9  307 311 314 609 656 711 800 894 978
8  82 146 241 294 609 618 628 955
12  93 387 416 439 559 571 611 636 776 886 905 969
11  127 164 196 352 504 543 597 776 824 871 950
17  7 72 187 191 324 411 516 543 596 610 640 709 793 814 932 967 972
11  156 184 196 243 337 562 634 640 901 912 994
15  160 175 204 432 455 565 586 620 678 755 786 826 827 832 900
12  6 86 146 189 591 605 609 709 852 911 957 983
9  88 286 377 537 584 680 717 739 893
9  61 191 241 251 254 333 370 903 938
5  183 632 723 811 926
7  45 134 266 356 386 734 918
8  99 124 276 429 502 600 638 771
8  76 119 154 193 828 841 849 878
9  148 176 180 249 444 519 927 929 973
9  299 336 346 434 588 633 736 954 962
8  24 98 316 318 593 594 600 817
12  3 98 144 521 597 666 669 785 859 860 914 947
17  126 219 332 400 407 417 427 529 595 615 641 691 711 798 840 884 980
8  21 166 300 358 391 394 929 978
7  13 33 343 486 557 571 697
9  435 481 526 623 650 653 671 693 741
8  27 142 302 411 611 743 899 903
14  123 159 271 299 304 552 590 687 693 703 807 847 972 984
11  4 90 120 497 547 642 667 688 726 735 771
13  1 7 204 349 446 516 572 594 622 746 844 893 956
17  51 112 121 197 239 313 424 533 541 563 629 680 688 702 815 933 971
13  126 170 197 281 292 294 314 452 599 632 649 802 806
10  26 100 173 383 400 436 552 660 949 985
12  187 234 278 423 446 460 555 591 618 868 928 973
9  76 96 300 360 539 583 614 670 811
10  198 226 244 262 322 366 393 664 715 802
10  29 82 131 179 403 429 627 738 872 907
8  212 267 307 411 531 548 764 829
4  544 625 813 837
11  149 271 358 410 417 473 503 594 643 713 808
7  22 156 256 335 619 642 798
9  48 77 109 158 275 379 408 418 979
14  38 43 117 193 282 340 350 500 765 803 909 913 915 986
12  62 82 278 285 288 302 312 603 620 697 922 964
13  152 398 498 514 535 553 608 642 771 772 803 883 920
3  307 598 988
7  80 189 392 552 647 703 931
9  107 118 259 286 410 595 698 799 923
12  290 353 377 429 442 469 493 661 698 714 733 806
5  9 160 455 605 655
11  57 63 64 82 119 239 274 476 480 496 789
8  32 301 368 597 598 729 782 866
9  17 161 178 378 465 578 589 611 687
9  7 127 300 617 629 633 698 710 987
3  49 408 628
15  17 94 146 335 340 390 557 579 668 680 735 738 740 865 949
11  6 18 31 39 245 341 357 395 448 469 933
16  39 105 115 274 320 340 469 492 507 533 717 743 766 833 922 955
15  11 140 144 215 216 303 324 436 438 474 487 562 635 790 998
10  5 155 233 326 417 656 682 710 839 955
7  51 309 375 528 586 620 766
7  269 343 354 491 614 742 893
15  44 118 139 213 347 353 390 483 533 559 568 760 768 800 882
3  173 425 740
10  262 280 436 457 614 738 742 914 933 959
9  29 274 319 522 663 739 861 893 918
8  256 297 308 419 456 583 638 904
9  70 73 137 298 365 444 593 648 735
11  398 430 464 489 496 525 580 748 774 939 940
11  168 441 547 581 586 744 795 844 887 949 968
9  60 83 86 111 140 257 398 722 824
13  46 70 334 383 433 495 527 581 588 621 666 782 959
12  8 34 72 123 137 367 392 432 542 637 894 920
12  34 122 219 222 307 414 492 585 717 747 873 934
8  20 54 217 248 378 571 654 732
5  200 520 624 833 861
8  92 113 306 450 514 581 689 735
12  245 260 347 499 610 660 697 709 720 807 858 905
13  10 246 251 278 518 617 682 789 799 822 824 893 983
8  103 166 283 356 527 644 674 827
13  88 150 264 286 331 412 416 488 498 529 610 691 821
7  33 245 246 314 623 837 853
13  14 109 174 186 343 399 494 524 614 779 814 867 999
6  97 121 212 463 735 751
6  80 263 300 411 507 855
9  145 259 311 371 380 507 668 906 911
8  5 88 136 249 459 569 683 979
10  29 66 168 279 296 306 359 421 853 968
10  72 372 379 382 679 730 827 865 913 970
10  222 360 386 587 599 713 747 749 794 832
7  24 53 78 205 677 743 825
10  179 280 441 539 601 619 644 695 941 951
11  11 317 357 440 728 745 854 927 940 959 964
10  52 154 312 336 389 475 507 648 667 695
10  37 91 275 374 409 432 499 523 675 721
8  206 341 425 569 576 775 831 977
8  12 89 266 489 536 945 967 992
9  53 134 351 400 529 690 753 860 927
10  64 170 211 426 482 519 616 641 804 848
15  51 61 147 249 285 351 395 419 516 532 617 619 764 893 926
9  263 453 459 463 577 665 721 807 845
9  311 404 579 686 699 728 835 837 849
10  269 296 523 528 550 554 611 669 765 810
11  13 124 208 220 275 290 313 425 439 960 969
11  192 218 219 546 614 616 704 721 903 970 979
12  34 36 79 200 319 383 469 484 527 802 864 870
12  46 164 168 200 413 467 544 680 682 698 857 983
8  172 199 206 238 357 366 938 981
8  125 303 379 572 613 632 666 993
17  161 264 269 362 382 386 411 460 508 636 637 642 695 838 901 953 974
13  112 116 206 232 337 428 431 433 513 544 690 735 744
6  95 184 189 753 809 962
11  62 63 276 329 352 367 408 760 803 823 842
12  1 77 92 308 329 332 465 476 619 860 911 986
7  116 205 616 635 742 771 967
8  65 166 246 309 339 520 693 990
9  159 260 306 351 406 589 923 965 981
9  66 209 272 310 337 351 747 793 803
13  95 109 161 218 221 235 272 296 338 346 523 789 954
6  38 94 141 411 547 733
13  16 42 271 468 482 520 597 600 666 792 842 880 946
16  18 29 53 303 371 407 561 642 648 721 771 781 824 870 942 984
12  93 270 293 333 417 441 575 593 611 723 775 945
8  208 447 541 889 922 948 970 984
10  128 241 266 268 356 628 678 829 974 997
7  231 477 541 637 761 766 803
13  41 157 204 244 286 501 589 624 762 809 958 959 995
8  17 99 117 165 767 781 909 944
10  43 255 291 316 382 592 601 646 662 898
8  42 73 90 149 279 365 505 834
10  128 314 321 409 475 540 765 799 891 957
16  13 22 34 111 198 235 280 329 344 402 441 498 517 580 666 929
11  55 113 126 197 330 683 689 693 710 805 846
12  88 234 393 403 417 504 659 768 795 858 885 922
15  17 49 78 109 198 242 272 385 392 603 711 728 845 883 914
5  14 410 492 768 946
9  342 381 390 512 574 577 584 946 965
9  60 147 189 445 447 562 617 847 935
7  245 258 418 507 569 847 974
12  37 74 170 198 344 470 481 500 681 690 723 872
8  156 445 455 640 824 825 898 930
12  93 321 358 392 450 473 573 677 806 835 852 918
7  15 19 52 80 83 459 794
11  74 167 169 207 240 287 402 450 663 794 993
8  127 159 208 490 637 708 777 928
11  483 513 525 604 810 855 867 908 930 975 994
19  48 138 147 165 313 359 401 415 452 476 497 542 617 644 656 665 672 699 785
10  84 113 288 431 608 748 754 798 949 988
9  136 146 322 338 438 450 490 591 794
16  30 61 117 159 194 209 362 426 445 571 588 625 644 653 910 936
7  145 263 530 601 654 836 938
7  19 40 190 222 273 644 652
8  14 149 182 187 532 614 885 972
10  20 99 167 271 435 497 650 653 703 876
10  224 289 336 481 587 615 646 679 955 964
12  71 108 197 207 234 323 372 465 474 658 699 838
7  230 383 497 591 681 875 931
10  86 114 197 304 360 362 368 380 433 618
11  57 324 387 402 509 662 678 706 906 946 959
15  7 196 197 304 308 313 408 477 492 506 511 545 657 736 840
10  8 87 126 198 394 496 678 796 962 963
10  94 100 223 276 298 306 315 437 774 960
8  126 236 273 407 672 758 824 930
9  4 75 355 450 451 500 794 919 994
8  149 151 247 424 686 700 818 859
13  58 87 443 453 498 546 736 790 818 823 866 924 975
9  131 142 250 265 599 806 876 885 904
9  75 183 321 437 508 552 571 581 590
14  49 111 144 241 308 377 389 452 510 522 562 805 822 868
11  8 161 332 350 428 489 533 572 751 863 876
14  65 103 128 218 303 376 389 564 779 786 859 870 935 996
11  88 119 400 413 651 701 765 802 877 879 971
12  149 151 201 214 244 365 418 437 493 714 762 874
10  52 56 257 330 392 497 512 715 761 974
8  3 287 331 357 490 590 860 959
19  22 46 70 131 185 196 224 398 478 493 580 626 688 852 869 876 882 906 912
19  73 211 271 294 330 339 458 476 578 631 691 719 760 771 797 828 832 912 939
11  76 211 320 512 547 646 649 714 784 939 971
5  290 296 716 836 928
7  35 99 264 651 722 724 888
9  151 260 302 340 409 472 783 924 996
2  840 986
18  56 173 201 314 342 411 451 506 541 605 617 633 703 710 765 822 829 993
12  47 84 112 121 158 216 264 491 633 797 889 904
8  34 109 203 213 383 412 788 880
13  8 33 59 169 199 278 399 502 585 657 750 865 973
10  189 194 254 337 523 590 684 711 825 963
13  39 43 55 194 328 429 509 516 575 595 596 857 929
10  2 42 45 47 106 183 306 453 733 891
8  40 231 257 453 783 854 960 986
14  52 80 134 173 177 213 216 341 421 493 671 759 782 858
9  71 107 156 206 257 295 320 359 421
14  64 167 186 252 319 320 342 399 416 710 716 785 847 854
10  87 178 343 397 573 640 660 779 861 995
14  23 149 177 248 405 432 438 486 523 769 778 792 843 973
11  30 132 142 147 231 314 327 348 426 555 766
10  135 365 389 513 610 735 781 858 865 939
13  248 335 404 446 450 483 553 560 599 759 811 920 954
11  262 321 447 461 492 583 811 828 857 884 934
11  24 38 83 124 244 424 473 773 811 817 903
11  49 73 182 282 410 573 639 667 707 912 987
10  111 167 303 398 444 523 566 647 754 920
11  121 188 200 235 335 389 390 801 930 941 952
12  59 117 467 543 579 709 783 836 849 954 992 993
10  2 163 327 521 587 597 706 850 949 968
10  200 241 468 520 678 731 732 737 752 903
9  49 148 149 201 548 658 722 919 953
6  42 161 749 840 857 954
11  35 58 422 426 497 581 765 772 803 893 949
10  20 149 385 445 479 536 611 629 736 816
10  262 384 396 418 469 500 636 667 719 901
10  40 118 159 163 285 288 342 519 593 651
8  27 192 273 338 553 564 791 946
7  381 551 620 624 694 760 967
9  305 457 631 633 701 706 714 797 963
6  77 449 586 687 898 954
12  6 33 171 216 317 415 583 721 757 918 929 982
10  32 216 394 464 620 637 730 755 842 968
10  60 76 141 214 474 494 616 666 689 918
5  54 168 358 392 628
9  38 198 215 322 352 386 700 715 813
8  38 80 530 691 734 860 899 935
15  48 128 161 259 301 319 364 485 513 603 623 786 787 788 860
7  63 91 325 873 938 949 968
17  6 41 176 201 353 357 368 468 487 489 627 809 829 945 954 978 987
8  24 93 208 348 406 413 597 671
10  17 61 98 155 175 619 855 909 968 990
8  206 249 281 342 480 798 837 838
9  16 108 291 386 387 411 562 609 788
9  181 327 338 461 590 753 754 856 958
9  95 125 201 207 321 369 870 930 947
9  154 203 224 334 354 360 554 926 942
7  54 137 168 545 669 886 988
8  71 348 461 667 757 771 896 946
8  82 136 140 476 701 754 830 891
11  11 167 195 298 325 596 659 667 710 729 751
10  8 34 210 448 464 467 679 729 775 935
11  45 150 322 335 480 573 576 599 900 937 973
8  70 76 98 599 668 677 900 960
12  157 173 274 298 387 488 520 606 765 787 860 926
16  87 113 183 210 297 310 371 435 568 578 626 713 771 813 837 840
18  2 115 189 260 282 339 368 391 451 454 527 555 823 861 921 932 946 952
4  222 350 684 981
12  8 57 214 321 352 506 513 599 678 765 838 992
10  16 147 331 399 421 455 646 664 847 940
11  122 162 205 211 256 276 310 462 718 917 920
7  74 87 126 358 412 690 730
13  26 34 109 138 164 204 438 516 739 767 792 840 861
14  65 115 225 259 326 399 490 526 627 670 690 816 829 891
5  494 698 744 816 832
10  44 90 332 343 360 532 648 924 967 988
13  61 71 103 303 388 591 611 748 770 796 829 836 980
7  186 360 372 384 439 441 606
9  175 320 410 519 701 709 806 902 967
8  38 57 130 447 553 783 856 858
8  69 325 479 509 527 548 618 658
10  45 111 151 485 491 547 580 689 723 957
11  24 26 88 282 344 354 429 451 563 721 988
9  151 376 478 616 726 727 781 833 856
15  103 150 234 410 459 465 545 687 850 855 869 884 961 979 985
12  24 36 47 314 458 553 606 690 792 859 873 967
9  1 36 61 240 479 793 848 907 978
9  274 324 330 487 881 904 942 961 988
12  88 241 297 390 420 462 498 560 576 600 730 764
9  7 84 161 369 538 571 670 676 880
10  43 57 280 448 509 681 778 781 906 927
10  142 176 380 384 405 673 734 815 848 954
16  1 20 45 166 168 174 246 382 409 411 534 818 843 847 891 905
13  2 20 54 221 237 295 319 427 469 695 776 787 796
10  167 176 196 495 666 722 779 785 843 901
13  54 93 218 246 281 318 356 401 610 753 759 849 862
16  170 181 214 389 410 510 556 610 686 702 763 810 811 828 877 916
12  11 112 308 479 654 664 782 830 836 882 892 934
5  324 571 575 859 919
8  59 110 120 159 194 475 758 957
9  5 56 139 185 383 394 497 694 987
9  105 487 513 644 677 774 785 882 946
10  65 121 152 187 221 465 516 548 640 754
13  2 7 56 73 223 291 324 567 671 734 875 968 987
8  183 478 487 513 537 622 757 964
7  121 289 506 537 549 764 848
10  46 209 356 514 539 694 710 759 819 962
2  349 596
9  163 215 240 411 469 625 728 987 990
5  485 662 812 849 984
9  133 144 191 420 464 492 761 884 979
7  266 275 579 591 745 867 894
7  455 742 755 758 764 881 927
9  11 172 502 520 760 860 880 941 977
2  275 606
8  229 268 310 346 416 510 582 760
12  11 90 161 200 246 372 501 709 773 853 877 927
6  211 417 504 851 876 900
14  118 187 247 369 373 388 443 501 572 651 764 861 865 984
11  68 72 117 127 161 291 398 436 447 633 723
9  175 395 447 611 787 848 874 959 988
14  34 120 199 240 318 349 371 436 554 722 741 755 916 973
9  48 149 198 319 321 519 567 595 821
13  40 61 67 74 276 285 299 379 432 473 542 547 658
8  145 243 289 373 396 502 768 967
5  153 216 515 712 772
10  251 265 286 334 339 420 457 501 956 964
13  13 48 373 452 719 777 823 837 856 895 915 917 988
6  57 229 337 433 448 861
14  155 234 253 314 466 496 520 601 618 650 654 667 688 797
10  55 173 338 435 482 553 593 661 875 952
10  59 131 138 247 274 358 433 438 571 891
8  136 244 263 280 330 382 484 822
6  2 7 66 121 531 559
7  48 517 523 549 717 729 804
6  156 397 505 615 810 906
9  205 270 287 299 518 599 826 827 881
9  193 265 343 386 435 598 698 799 858
4  108 577 842 976
18  19 61 129 150 202 232 280 289 473 474 526 602 615 693 788 794 931 966
21  11 21 35 112 175 181 203 241 290 344 387 406 528 541 547 655 755 772 851 954 971
13  45 63 200 353 595 666 856 938 947 948 950 967 991
10  76 247 373 502 674 747 764 854 899 931
12  14 87 129 154 226 390 396 417 431 444 625 850
9  26 94 197 257 434 441 456 576 734
8  105 371 375 631 716 815 942 958
5  85 457 541 738 963
10  36 82 113 116 507 566 600 674 702 953
10  372 483 503 539 598 764 765 789 933 952
7  167 226 343 368 446 631 677
11  30 66 111 241 255 278 379 463 610 653 723
8  84 255 315 505 535 575 631 891
9  86 309 352 397 477 533 556 860 885
13  49 190 227 287 326 408 485 497 565 834 891 926 945
9  120 152 283 406 604 654 730 805 807
9  246 250 312 409 543 752 795 862 967
12  20 208 247 332 430 453 456 633 661 786 790 834
8  94 196 374 494 569 591 830 970
8  438 490 585 632 646 712 722 962
8  153 362 489 585 636 705 924 940
7  65 113 754 769 839 923 929
7  190 298 351 394 434 553 946
16  82 120 171 341 346 459 460 472 475 482 603 688 820 828 917 975
16  42 119 149 279 406 445 504 543 571 574 607 681 686 854 876 880
5  351 472 622 733 767
11  113 236 416 431 509 607 612 720 776 805 924
7  116 192 729 734 751 791 819
10  243 286 287 337 414 415 635 745 903 906
6  150 396 442 575 597 830
20  12 67 78 98 171 172 173 180 185 335 379 383 482 557 619 645 653 912 970 974
9  1 125 147 530 547 662 787 861 971
14  65 114 119 151 182 189 245 274 544 560 726 759 810 825
6  173 270 327 407 420 738
6  168 190 399 453 469 826
12  396 426 441 468 521 569 585 602 696 739 812 905
11  113 266 377 438 460 492 563 657 765 766 785
13  12 214 273 319 395 459 552 657 681 833 923 949 974
7  74 176 181 540 680 791 877
8  129 389 505 710 820 851 909 953
7  299 349 353 376 436 546 553
13  20 87 107 140 296 326 384 432 716 985 991 993 994
8  41 74 250 448 685 711 813 917
12  5 39 58 709 724 725 747 801 822 830 865 925
15  5 54 135 216 257 271 324 359 415 420 543 610 819 905 988
8  71 98 277 374 534 555 712 905
14  82 84 188 330 365 472 621 644 658 736 793 797 812 940
4  139 213 596 905
7  28 116 155 193 259 436 680
13  5 113 273 281 291 390 395 590 791 830 894 912 979
12  19 64 95 126 315 432 489 549 698 795 911 942
15  97 104 176 215 309 608 707 786 792 796 804 813 855 904 978
14  95 121 177 194 233 254 289 393 403 549 594 646 648 743
8  26 81 320 333 466 495 618 890
13  149 231 250 417 450 474 552 553 600 719 845 863 983
7  176 408 448 524 715 818 909
15  118 180 231 265 314 319 421 653 660 681 715 747 763 884 990
13  22 128 132 161 189 207 348 489 507 692 750 778 827
6  166 411 587 848 851 989
10  10 24 108 608 700 749 870 922 972 975
10  26 371 383 385 494 528 749 775 803 910
10  74 111 283 294 313 632 681 743 868 890
9  36 99 132 139 286 463 466 705 725
5  55 107 429 551 903
18  194 204 250 313 371 399 462 486 597 685 703 802 839 842 849 888 905 919
15  42 79 194 213 325 355 405 518 658 676 793 806 812 815 867
3  64 595 692
15  336 407 446 482 543 549 554 565 677 693 712 921 933 979 982
8  15 167 307 619 760 766 904 934
13  16 20 110 127 188 283 358 424 576 597 616 741 962
12  136 166 387 463 490 526 607 622 774 783 826 885
15  18 76 118 141 219 292 464 698 713 727 762 933 940 980 985
8  272 362 452 473 734 754 926 962
6  227 351 373 447 470 902
6  219 297 488 544 684 877
15  20 81 134 295 318 341 413 429 482 527 593 612 813 850 954
15  27 43 78 136 150 217 424 630 675 693 848 874 952 970 995
9  17 60 127 312 454 578 611 840 974
14  14 183 234 309 374 448 464 486 572 580 696 705 831 997
10  75 103 112 114 152 466 523 573 805 970
12  4 92 148 255 318 359 408 465 600 667 695 957
11  2 180 207 297 333 408 616 710 712 873 882
9  13 73 111 443 468 621 848 944 974
9  110 253 263 335 354 631 702 770 778
9  45 398 483 642 789 813 864 867 872
12  102 142 303 634 736 821 839 846 851 884 891 947
3  245 276 961
11  15 127 348 378 396 478 704 815 872 959 992
9  135 211 490 496 531 535 537 905 944
9  112 163 411 554 558 685 792 832 990
11  130 238 247 379 506 536 697 732 771 792 944
9  56 76 296 493 536 598 734 752 944
10  26 42 100 180 437 447 522 715 782 979
8  12 170 309 332 450 585 759 769
5  35 148 319 713 981
7  80 148 240 262 408 448 647
7  35 86 97 361 386 589 671
