1000
3  264 543 781
11  34 174 271 284 371 385 390 578 684 686 984
8  59 97 214 352 383 412 864 902
14  45 53 156 241 256 264 326 342 409 445 565 835 945 955
12  293 355 363 430 541 620 744 770 801 903 925 991
5  115 128 242 661 826
4  244 502 822 934
8  49 65 336 699 798 884 907 980
9  269 301 425 521 739 910 940 945 979
7  228 389 469 487 499 583 829
6  90 125 190 194 215 956
10  387 450 465 489 583 804 810 813 828 899
11  161 175 206 277 343 556 568 646 647 908 927
4  384 399 523 889
13  65 69 160 189 196 200 252 265 296 456 509 790 877
9  113 176 312 400 572 614 775 779 896
12  26 244 283 289 388 407 516 603 641 644 854 955
10  156 270 300 305 319 450 695 783 825 992
4  206 351 683 999
9  155 202 219 438 518 580 754 874 884
17  23 26 33 66 195 199 245 399 403 412 595 729 843 853 856 871 873
10  148 276 499 687 707 746 758 826 880 904
10  115 221 652 658 714 733 734 760 815 821
12  20 156 172 246 440 579 585 592 623 728 899 935
13  84 150 160 215 246 363 398 452 464 675 782 900 924
7  137 260 475 532 537 566 667
7  16 20 123 226 354 525 745
12  243 287 452 542 604 631 707 753 878 892 938 985
9  34 68 149 341 389 671 688 737 750
14  68 124 359 413 431 586 614 640 772 845 886 891 940 980
8  363 403 428 579 621 693 779 820
12  157 230 263 452 572 614 621 640 671 681 836 875
9  49 63 188 202 227 266 386 538 631
10  20 272 470 508 511 585 610 665 947 950
17  1 28 231 288 293 317 320 363 458 563 569 740 781 782 847 869 937
12  161 270 322 450 455 464 560 642 680 693 736 853
3  337 445 473
8  63 125 374 419 421 434 612 977
12  123 194 299 317 452 512 720 736 772 886 945 954
11  48 108 220 243 250 268 305 464 704 957 987
9  49 115 126 141 218 568 683 724 899
9  124 188 370 400 427 429 504 595 934
10  142 184 196 260 277 290 456 714 847 960
11  48 130 151 164 374 560 577 956 972 978 996
11  203 259 284 351 358 445 483 647 714 888 980
7  3 47 103 406 517 691 993
14  98 217 245 287 347 410 566 574 616 640 644 687 842 888
12  45 243 320 596 729 732 759 804 866 892 986 987
7  39 43 461 544 713 862 961
14  7 32 40 324 400 401 405 419 459 640 675 732 779 852
10  115 182 472 564 684 753 787 882 964 970
11  153 185 217 406 437 450 456 462 594 766 823
12  95 106 137 138 144 376 698 741 777 873 907 972
12  3 122 152 228 273 307 364 400 413 478 636 887
10  163 283 310 349 398 437 457 550 585 779
10  208 333 413 454 573 582 629 710 877 940
8  208 228 252 483 511 568 639 763
3  65 824 930
11  97 121 372 407 432 516 554 626 704 713 858
14  2 62 101 229 344 395 455 624 667 672 699 886 958 988
8  355 415 532 673 707 740 848 946
11  234 235 279 321 505 565 594 622 729 773 852
12  59 70 224 255 301 421 559 619 655 674 843 999
9  32 37 281 286 517 527 559 734 905
9  155 202 274 292 357 593 770 778 959
10  7 14 57 76 137 357 358 507 536 803
6  20 99 477 509 717 855
5  205 228 624 642 785
10  28 29 79 106 210 609 668 732 880 907
17  14 71 135 282 321 332 335 635 640 687 700 705 715 785 806 900 959
8  62 146 320 406 427 470 723 957
12  69 127 307 312 360 546 548 613 645 671 789 795
7  279 297 372 385 516 729 918
7  350 374 503 545 565 620 827
10  124 208 493 556 598 715 746 778 812 986
12  270 282 300 312 416 517 613 723 726 744 835 851
9  65 264 322 558 647 656 690 813 988
6  258 328 429 548 602 721
7  202 498 713 722 774 926 941
8  68 264 330 527 608 838 891 974
7  131 140 301 386 390 430 472
10  213 361 535 652 675 705 766 908 918 956
7  289 521 530 639 731 789 971
4  243 621 892 949
8  24 183 406 515 624 671 710 842
15  111 145 224 264 358 389 407 424 534 560 721 753 790 861 926
10  171 249 518 522 714 730 740 785 808 884
12  100 130 308 330 414 501 681 759 826 845 856 969
8  246 378 634 655 716 727 866 974
4  170 319 542 737
9  10 99 574 577 583 663 758 762 888
8  119 236 306 392 474 653 734 997
9  155 546 550 563 567 663 735 797 911
11  530 569 790 791 796 871 913 931 946 964 995
6  203 289 571 732 833 853
17  52 101 212 234 320 358 527 583 584 590 652 678 783 886 979 980 991
5  319 664 715 894 922
8  2 58 165 224 363 826 843 920
9  46 162 227 466 488 584 592 758 787
13  66 90 225 246 272 332 401 608 815 841 921 967 995
8  87 101 127 144 152 164 370 724
12  59 95 100 118 219 368 507 537 589 666 795 869
6  190 338 668 677 687 940
8  45 118 130 277 375 626 687 877
9  187 310 397 510 524 554 733 815 962
8  200 636 727 736 769 784 870 879
11  52 68 205 290 420 514 584 595 637 641 660
10  124 129 216 261 274 315 384 415 556 888
12  39 130 158 195 253 370 433 435 561 902 911 998
8  150 345 410 483 587 766 794 975
8  302 338 431 443 462 545 710 720
13  85 138 365 370 519 653 760 765 800 806 894 906 959
9  293 354 439 471 574 600 626 758 810
10  15 310 350 543 555 620 672 722 940 963
5  143 167 335 362 736
13  5 22 40 50 233 261 359 673 819 833 855 898 949
10  136 255 275 287 368 387 462 479 853 928
6  204 345 777 806 841 986
9  101 103 136 171 180 655 701 912 929
13  91 257 376 410 509 575 625 663 679 700 851 920 970
11  181 184 381 397 459 586 602 681 768 829 993
9  58 126 532 751 794 846 878 922 959
8  53 174 270 283 343 607 776 912
8  26 38 266 380 456 594 681 768
10  29 41 74 107 150 157 504 559 792 888
16  10 37 226 262 353 356 470 529 593 664 725 771 825 937 939 976
12  40 121 144 421 527 667 827 858 896 921 931 938
6  71 100 325 747 842 887
13  5 161 164 359 376 449 493 567 657 724 831 919 960
6  107 592 671 749 941 952
17  43 87 103 108 219 304 362 478 548 556 657 668 731 768 769 844 990
9  80 133 210 386 389 539 613 957 988
9  224 285 290 320 439 583 675 854 911
9  131 258 280 317 332 624 701 759 950
7  292 311 395 427 645 672 897
10  69 181 194 318 320 342 828 831 885 973
4  116 118 416 610
14  25 52 65 180 455 541 550 567 647 701 715 853 865 993
13  52 111 228 229 298 330 351 555 649 721 745 788 855
5  197 538 718 882 965
10  80 231 266 322 329 340 489 749 841 872
11  40 188 237 272 391 534 542 586 594 747 874
13  42 194 263 264 309 377 450 512 560 693 802 884 904
6  114 228 291 701 713 999
7  52 100 126 423 719 740 938
5  85 312 545 732 918
8  70 209 449 480 496 626 698 701
10  176 183 413 486 597 625 797 884 959 979
5  21 272 288 564 766
14  28 282 300 379 434 524 599 612 615 627 693 706 844 909
11  24 109 124 203 444 469 556 626 757 813 963
15  43 285 288 445 446 455 470 510 522 691 709 784 870 893 982
9  53 100 253 440 498 638 716 888 952
3  51 335 744
9  367 402 414 669 677 843 869 965 991
18  19 64 92 159 183 196 450 490 567 595 600 697 732 735 762 792 888 927
14  3 17 23 357 398 430 569 572 601 697 727 765 797 992
10  31 124 256 287 476 505 716 809 872 917
4  108 173 336 979
15  155 221 246 281 324 390 599 665 681 705 716 742 781 804 821
7  14 24 310 394 435 696 968
13  12 35 128 186 199 205 281 294 475 493 605 641 730
3  98 438 847
7  54 318 399 437 476 673 898
12  43 100 128 196 450 477 523 646 856 865 869 989
15  97 174 201 261 309 322 327 362 513 584 645 709 759 832 848
4  436 786 800 814
6  114 188 199 462 565 628
7  201 211 643 673 750 903 912
14  229 273 298 355 456 500 634 680 694 749 796 870 919 993
7  89 181 598 732 764 857 901
10  86 118 326 353 374 406 432 567 834 908
7  23 173 462 590 607 749 891
8  158 172 249 531 691 748 806 814
10  1 122 165 251 358 448 634 747 787 863
10  12 385 390 393 613 709 810 882 938 991
10  15 147 297 420 609 730 778 790 811 939
3  480 502 797
7  240 339 486 624 650 798 983
9  356 411 432 526 537 624 644 781 865
5  118 137 911 935 968
10  120 135 170 276 419 455 474 686 881 968
8  50 231 324 553 703 810 845 923
12  84 147 155 297 347 421 527 604 684 780 810 913
7  42 120 232 321 409 567 890
10  51 393 445 636 695 701 741 767 889 938
9  161 194 225 269 326 790 852 948 993
9  104 211 247 671 891 904 935 967 971
11  32 41 141 167 232 266 341 592 622 681 739
9  14 457 535 567 598 680 830 885 988
10  10 102 267 489 526 582 746 866 920 975
5  355 701 837 867 895
7  224 324 384 396 589 728 893
4  585 708 758 975
11  10 38 135 142 186 240 301 611 633 875 913
11  20 108 325 384 409 453 622 680 697 725 973
11  14 42 155 164 356 538 621 699 733 801 868
15  139 202 301 381 396 513 517 556 608 610 756 800 878 934 964
17  212 320 324 361 382 436 477 583 595 654 694 718 840 911 943 945 952
14  20 161 167 236 248 318 327 330 373 403 657 769 927 954
16  14 105 286 408 451 514 533 548 575 589 592 682 738 743 845 875
7  165 168 356 394 425 512 535
13  19 32 64 78 197 331 355 394 411 745 770 914 967
16  44 94 150 213 214 298 312 597 639 660 678 752 770 771 806 906
9  117 237 563 573 610 686 794 854 900
9  67 106 161 403 505 526 596 600 721
10  12 18 488 573 624 642 652 658 675 880
5  291 703 952 957 960
9  55 56 74 426 716 813 822 891 946
5  146 240 273 332 980
11  68 131 232 317 514 621 768 848 892 910 916
12  168 187 245 320 388 427 556 734 800 847 928 999
11  95 198 214 352 378 392 667 788 792 977 995
13  81 203 264 461 482 585 693 711 715 777 785 868 871
15  2 203 212 234 254 473 481 486 500 560 567 652 674 801 846
9  10 24 259 386 427 473 490 595 974
9  107 226 420 485 486 591 725 815 962
16  46 51 227 229 277 374 426 519 566 576 579 607 632 794 830 999
9  40 319 331 379 535 704 733 770 860
10  19 101 130 255 298 342 728 829 853 937
13  39 256 259 337 390 462 591 608 679 744 822 829 834
9  22 159 303 453 467 520 521 708 982
7  335 433 493 495 671 703 805
4  236 542 594 792
13  62 85 97 132 192 330 430 470 569 715 773 903 971
11  99 186 226 299 462 741 873 875 889 905 912
14  26 125 216 225 329 331 372 401 440 514 814 917 960 970
19  32 98 217 247 313 329 403 404 413 460 579 591 613 776 799 816 843 866 960
16  9 53 56 67 138 143 246 308 501 567 603 632 655 753 973 994
16  59 138 169 217 231 269 319 348 377 444 459 656 658 744 870 919
8  31 406 510 536 563 642 657 674
11  34 140 182 229 266 375 571 692 754 810 908
14  184 188 210 303 341 344 385 413 639 700 814 829 956 967
3  115 372 697
11  61 95 214 345 482 614 663 715 756 776 923
15  61 274 332 354 362 375 562 582 716 737 740 752 773 816 897
10  91 199 223 257 336 496 520 798 802 900
8  141 204 330 785 819 841 873 999
10  284 350 494 568 700 709 812 855 870 961
7  624 629 656 668 677 942 991
7  178 194 209 425 580 631 728
11  3 288 373 530 630 676 692 767 817 920 958
11  5 332 336 461 496 521 542 554 600 914 967
14  27 39 47 83 244 356 432 705 713 841 890 971 978 979
10  6 16 243 315 409 509 797 802 817 860
10  20 46 211 342 462 472 481 859 930 949
15  23 24 88 99 159 228 251 354 547 685 734 785 898 934 988
14  187 227 249 409 424 503 656 659 700 715 734 758 881 899
9  199 327 347 381 411 547 553 683 739
14  86 173 247 407 439 525 529 534 629 713 751 771 816 969
7  39 288 358 483 558 759 772
9  174 246 461 533 567 692 694 763 850
7  14 56 486 581 721 783 856
9  108 152 414 436 467 711 727 878 908
8  214 268 442 598 602 835 870 969
11  62 116 219 374 391 428 446 476 503 959 966
10  3 157 220 449 523 525 663 700 905 948
9  119 236 404 486 536 625 659 685 716
9  77 133 312 584 746 771 804 902 989
6  44 215 220 349 513 882
10  25 42 285 346 356 413 583 586 806 831
13  107 115 165 267 270 582 583 610 663 728 745 768 935
7  125 274 309 623 646 657 713
5  31 142 584 601 755
16  0 3 76 79 85 142 213 457 514 564 635 750 801 832 845 919
9  14 475 488 557 569 604 625 839 844
12  32 123 140 188 231 459 610 639 662 757 891 956
9  190 261 268 489 505 577 622 761 911
12  39 254 267 314 396 417 442 534 551 591 685 719
8  8 186 229 286 482 529 924 953
14  17 35 75 122 261 287 374 467 489 567 758 850 865 904
9  1 296 352 475 497 621 674 826 881
11  33 99 141 148 290 378 379 454 523 635 892
14  53 169 209 364 427 479 520 540 571 638 800 837 870 931
8  64 107 235 262 599 675 744 797
7  116 349 375 484 607 655 712
8  21 181 605 696 702 814 821 832
13  12 42 103 217 288 378 497 501 635 697 742 793 909
8  315 473 639 675 806 818 887 969
7  61 72 290 294 403 715 819
9  133 360 651 686 697 741 771 875 978
8  63 159 161 720 808 857 906 974
12  69 75 149 300 301 545 560 701 838 895 970 977
9  16 54 122 325 529 674 732 838 993
14  1 44 238 330 354 452 459 487 495 506 640 916 972 999
10  132 151 260 321 467 595 614 615 720 940
11  63 200 269 300 396 431 509 579 654 723 916
13  27 46 116 157 270 352 369 442 485 701 757 836 883
11  34 148 151 241 250 277 678 844 880 923 944
8  16 82 94 338 502 863 899 953
18  42 106 132 272 279 366 375 390 395 458 504 564 623 675 718 803 868 886
9  143 207 379 494 583 667 770 802 822
8  64 134 442 465 498 574 719 939
11  4 34 112 298 345 508 624 691 694 761 823
4  161 279 308 674
11  344 359 371 393 445 474 660 671 884 938 975
5  14 271 419 884 903
15  72 176 183 439 445 543 701 706 750 756 758 916 923 962 969
9  138 169 203 219 293 554 646 900 919
9  38 225 431 488 723 774 806 866 911
12  17 75 149 282 286 432 455 568 664 720 788 844
12  8 62 80 194 197 282 410 802 827 883 904 961
13  110 322 340 511 526 534 641 661 673 699 914 941 949
4  221 232 468 952
12  130 331 373 441 580 704 708 760 773 852 873 884
7  17 39 381 554 644 676 735
5  91 487 752 791 922
10  53 71 428 655 663 684 725 747 965 985
14  87 228 294 350 360 370 446 609 654 677 698 769 885 949
5  142 165 262 513 806
10  54 104 113 160 423 524 563 653 745 879
5  134 395 519 935 955
13  15 71 75 145 203 258 317 322 367 373 477 515 579
8  227 340 364 404 439 609 621 845
6  268 463 611 737 743 926
8  107 244 278 373 384 465 602 911
3  635 691 813
10  34 38 133 210 312 389 445 501 920 941
12  135 163 199 346 366 393 416 449 471 510 528 671
13  17 89 96 218 229 601 708 786 885 920 924 968 969
19  34 47 70 95 132 135 198 211 384 394 455 462 518 586 645 666 667 749 964
13  61 69 184 285 335 369 400 453 456 529 678 764 823
10  35 76 140 165 302 312 330 364 449 457
8  375 413 503 608 654 807 892 899
13  49 159 182 192 198 460 541 600 668 746 854 855 952
8  127 195 283 338 569 655 681 935
6  3 171 186 457 726 877
11  165 199 248 484 489 507 535 710 754 793 816
7  77 368 457 565 678 684 890
9  140 226 227 334 481 627 646 872 876
15  79 87 138 199 224 237 284 322 426 695 721 728 820 847 969
10  202 218 226 304 396 443 456 555 623 910
8  69 99 133 209 235 242 465 911
5  55 665 730 858 905
11  329 404 426 433 458 477 604 613 747 937 972
6  69 114 153 222 321 582
11  7 158 236 242 418 698 743 747 800 950 970
7  36 220 395 687 842 854 976
14  102 110 289 325 352 362 505 514 525 643 690 807 899 975
7  178 392 538 551 604 686 765
8  140 302 313 377 412 612 811 930
10  28 188 232 352 464 472 645 848 851 897
7  3 135 219 245 719 926 935
8  12 122 402 417 420 489 575 579
13  59 232 295 356 363 426 479 511 537 742 787 804 895
9  109 117 234 293 381 406 576 697 992
5  260 318 665 843 898
11  46 183 248 391 400 452 463 581 753 866 878
6  229 525 613 785 825 860
16  54 259 275 367 466 492 560 621 629 648 733 826 869 873 891 898
10  73 113 238 308 415 431 440 840 864 932
11  18 44 138 447 589 647 649 651 748 878 999
10  2 212 271 287 338 341 510 783 936 975
8  125 171 475 538 633 656 727 757
10  26 112 235 246 284 395 509 515 705 740
10  4 60 169 191 202 446 634 678 894 928
10  125 179 196 201 243 260 344 614 635 657
13  64 65 156 374 425 476 486 499 520 659 758 895 934
12  44 65 85 95 174 250 414 724 901 919 981 992
10  29 115 128 295 365 570 729 804 883 953
10  71 280 308 392 404 502 631 810 852 891
8  81 198 562 618 647 791 839 979
11  114 130 165 235 338 375 569 728 838 850 911
8  4 24 30 34 97 344 591 618
16  53 273 313 322 366 390 423 605 634 683 745 809 820 896 940 983
11  111 359 525 548 657 672 755 882 883 927 985
15  290 318 364 367 508 520 529 564 643 686 729 752 788 928 983
7  154 312 349 366 546 723 926
6  101 116 328 540 583 717
10  287 321 379 452 511 526 565 596 672 877
10  41 100 108 111 308 466 498 643 666 668
9  1 295 502 660 671 703 822 864 964
13  58 72 226 233 374 443 466 468 542 714 853 897 915
13  199 241 304 312 315 400 405 544 588 607 772 893 911
16  37 43 73 171 217 255 270 357 372 419 563 676 741 743 785 861
19  103 231 235 275 290 323 362 432 434 460 543 590 648 672 712 721 800 926 964
7  52 119 128 391 551 689 926
13  142 229 340 517 518 603 626 633 759 769 819 831 944
9  88 212 272 277 478 528 561 605 844
10  149 218 272 291 369 597 664 754 823 996
8  123 495 518 568 685 789 817 913
14  120 197 248 305 345 389 461 594 643 813 861 883 949 962
5  198 451 553 910 929
6  2 491 620 646 788 954
14  13 107 192 195 315 320 428 443 536 548 562 721 833 896
5  1 72 175 232 684
8  32 80 131 215 554 785 875 904
9  11 116 397 455 522 729 734 783 907
7  16 211 421 527 631 653 861
12  9 28 85 131 317 381 483 673 901 938 956 990
11  1 80 159 175 220 290 364 618 824 928 970
11  141 255 347 376 399 407 423 557 683 709 980
12  91 212 339 360 400 597 610 690 706 790 807 838
14  175 185 295 318 534 537 618 694 789 845 900 914 931 969
12  160 201 202 320 557 649 652 734 826 862 867 993
17  59 134 290 311 337 354 574 618 695 699 701 708 822 885 889 975 982
10  192 197 268 286 331 559 567 662 827 949
7  104 120 387 620 738 760 991
11  24 54 156 464 523 552 555 814 907 910 972
10  13 20 163 391 478 488 558 580 730 923
11  15 41 49 53 321 347 373 392 509 537 887
10  49 99 226 415 416 583 585 660 741 961
5  154 343 611 832 999
12  20 30 199 205 227 279 720 736 799 804 820 982
12  227 257 313 334 360 407 459 529 650 817 927 993
6  49 373 632 713 714 873
12  45 51 70 84 171 230 345 488 581 589 700 881
10  16 58 85 249 391 404 854 867 893 985
5  200 527 611 721 996
8  3 184 195 244 247 421 666 697
10  46 109 119 301 531 602 638 642 692 838
8  179 202 248 505 582 869 892 965
9  2 20 340 469 507 728 738 831 979
12  29 53 55 147 227 232 260 323 527 538 630 991
7  87 154 253 358 441 449 844
7  60 107 350 401 548 644 774
9  75 136 318 401 558 611 735 791 803
11  268 343 420 447 482 599 692 722 809 848 920
4  336 525 632 921
11  37 49 181 296 374 559 571 645 678 778 881
9  106 176 216 343 417 430 678 723 741
10  37 62 126 183 388 409 448 600 604 792
4  548 580 674 935
12  144 310 364 391 567 617 637 681 856 880 899 973
8  85 247 766 797 818 842 896 950
11  8 201 240 357 462 528 544 560 610 835 991
9  208 217 330 334 344 497 639 680 741
12  41 70 134 211 215 273 451 454 495 746 910 948
10  30 255 307 384 475 580 631 678 704 897
13  41 77 433 436 464 534 675 869 913 919 941 982 991
7  4 80 156 224 420 531 794
7  29 110 286 299 350 576 768
15  58 171 179 243 300 375 465 499 537 586 635 684 717 805 821
12  108 222 334 429 493 542 609 656 829 870 889 924
7  37 149 375 435 690 785 967
14  108 160 434 445 523 574 586 598 669 825 852 888 950 956
8  166 198 253 429 452 620 635 907
12  51 54 163 476 579 730 736 843 871 904 942 948
8  19 162 478 514 688 727 812 879
7  112 132 249 297 313 770 957
12  23 152 226 350 442 500 650 773 869 877 977 984
8  304 414 496 555 725 783 849 984
8  254 268 287 292 440 552 740 872
12  110 331 372 384 516 654 697 731 764 787 924 953
11  150 229 493 504 547 639 717 719 721 864 932
15  3 36 44 151 185 295 297 317 435 588 628 694 699 740 754
15  151 255 308 355 469 508 526 680 690 702 764 937 962 963 983
6  351 417 581 688 832 879
9  174 421 602 619 705 835 848 912 984
12  128 146 256 318 322 414 516 582 783 839 883 889
11  11 17 35 51 142 155 164 651 719 760 796
8  200 382 427 492 542 649 770 982
14  24 27 31 38 284 347 369 436 514 712 722 815 947 980
11  195 221 321 485 498 657 696 719 743 761 972
7  55 272 427 459 698 798 870
13  35 59 137 151 181 300 320 387 498 561 869 952 978
11  14 42 51 123 169 321 331 651 829 913 958
10  54 189 264 322 326 328 495 542 552 736
5  34 290 334 577 872
13  49 120 229 266 284 404 454 622 672 769 857 948 991
10  227 324 375 567 578 614 874 899 926 950
8  48 213 242 251 381 469 702 908
17  51 110 116 167 172 220 225 245 320 425 497 509 526 753 756 761 980
6  314 347 702 725 871 949
11  24 35 39 341 398 429 513 516 782 838 967
14  11 292 315 332 432 507 545 635 741 757 806 826 950 970
11  98 349 370 372 546 686 747 872 940 948 966
7  221 253 270 285 661 666 951
6  303 372 516 557 867 900
10  9 150 412 446 461 595 789 823 976 992
10  33 70 125 151 224 700 733 792 803 937
8  112 318 558 708 761 796 899 904
9  50 80 245 341 514 576 693 743 926
8  36 214 215 278 655 772 853 856
8  91 181 295 613 890 900 908 925
10  25 161 265 271 353 428 480 520 786 914
10  157 163 255 357 437 604 626 737 748 777
17  66 164 198 312 334 488 579 593 638 661 825 841 868 886 915 964 972
11  53 130 378 399 438 577 606 723 773 860 942
11  116 273 344 550 637 747 794 800 811 929 977
12  146 177 475 486 492 590 613 616 707 854 938 966
7  214 245 329 611 722 730 984
7  213 234 269 417 549 674 864
11  44 56 109 250 389 665 804 833 866 894 980
6  275 327 767 817 837 891
10  216 287 453 523 530 589 614 717 958 970
13  147 178 214 216 252 257 357 480 649 710 750 935 998
6  9 284 306 619 661 891
12  98 206 265 299 399 406 477 513 523 779 783 929
10  11 140 190 267 270 327 343 686 813 858
6  155 215 542 603 614 931
6  383 591 687 756 937 941
9  349 451 480 515 705 810 840 845 915
12  74 128 161 222 433 444 518 563 675 764 821 884
10  238 291 528 536 537 544 638 693 876 926
9  222 284 380 427 457 536 565 676 998
10  146 236 242 441 526 547 607 613 780 788
4  271 277 426 462
9  78 152 292 370 453 455 704 817 972
12  9 21 357 432 538 626 647 681 688 830 857 995
11  169 214 440 501 509 563 592 648 739 802 937
9  87 228 277 317 500 522 550 683 821
11  6 177 289 360 371 514 555 597 820 875 896
6  73 247 255 323 745 974
7  41 124 290 444 541 559 592
9  61 157 205 267 338 411 761 794 805
7  284 611 723 771 840 856 942
12  65 101 327 412 465 596 656 698 718 825 905 931
9  33 293 366 446 633 638 639 912 929
11  14 66 119 244 286 354 400 462 500 743 841
7  104 151 230 318 352 653 959
10  33 56 302 344 369 551 703 720 805 903
8  38 142 201 572 709 732 792 940
8  165 197 259 309 464 488 596 705
13  106 200 210 226 264 338 438 452 472 502 625 702 863
7  84 312 354 492 942 992 996
14  16 58 72 443 449 464 468 629 638 676 751 871 888 977
9  45 63 75 197 377 623 727 809 812
10  19 86 320 377 380 493 624 689 862 933
9  111 217 311 526 574 577 841 860 956
10  221 236 273 357 366 475 530 555 733 769
5  8 82 221 242 904
10  86 151 387 501 529 551 644 800 803 927
10  13 164 256 272 398 435 485 488 699 749
10  104 149 310 540 552 633 656 744 773 827
12  26 249 256 338 348 365 418 560 593 626 679 709
13  179 190 205 302 369 446 462 496 519 639 735 851 920
11  63 79 95 126 183 388 408 413 687 782 811
9  318 378 425 494 539 555 570 636 865
10  125 249 269 283 321 366 404 522 719 769
6  82 93 241 485 520 830
5  173 410 430 561 667
7  25 60 121 633 643 878 914
6  200 251 568 613 768 878
14  85 141 249 268 302 393 429 615 704 733 766 767 811 969
18  81 189 201 218 327 596 624 654 664 706 737 742 752 784 830 865 932 962
11  65 230 257 384 494 495 553 624 644 847 917
12  25 101 179 344 393 400 432 494 617 656 777 890
11  32 139 196 339 353 413 499 846 870 871 906
8  131 528 546 604 739 806 891 911
9  273 368 524 779 818 842 924 933 989
8  4 137 324 504 568 575 633 681
15  27 89 141 223 242 372 433 451 457 490 762 821 893 915 998
10  0 113 297 375 646 672 679 697 706 925
11  48 373 425 494 773 797 820 830 845 918 998
11  73 110 145 282 465 554 622 725 745 801 891
11  71 92 367 466 539 648 674 759 788 854 900
6  246 248 444 496 715 758
10  71 77 130 200 365 384 415 422 601 872
4  482 637 817 888
9  54 92 137 479 501 565 979 993 994
10  268 339 376 511 522 609 638 670 888 898
9  398 442 457 524 554 618 749 780 821
11  182 248 382 536 578 705 723 742 910 945 985
13  58 104 242 298 305 386 545 552 570 622 721 924 974
17  113 138 331 398 441 502 520 528 561 575 598 640 682 723 836 890 930
15  12 74 107 130 150 197 211 581 603 622 804 869 870 885 935
9  265 391 394 468 579 624 867 885 904
12  76 250 399 416 471 570 583 584 691 710 756 992
10  62 63 124 396 419 504 658 741 817 927
11  35 43 85 142 214 282 349 425 525 788 995
9  108 378 455 531 555 773 801 955 988
4  235 361 384 938
12  34 92 204 230 310 374 493 500 707 747 779 912
15  50 148 264 290 366 604 606 714 776 797 814 841 850 884 925
11  3 61 73 167 328 369 495 550 603 915 963
6  25 46 217 674 797 838
18  92 128 137 155 171 184 189 214 228 251 270 396 423 460 613 641 806 813
11  12 40 56 238 300 380 533 541 846 891 894
12  34 93 156 224 265 325 362 574 606 678 947 995
8  359 528 554 558 811 880 937 963
8  94 231 273 419 596 635 808 824
11  15 31 156 512 653 739 762 806 850 937 957
8  55 204 206 589 636 720 731 808
15  46 90 112 292 395 435 519 569 629 644 732 733 809 859 968
10  119 200 343 541 555 641 663 849 862 997
7  217 345 431 472 734 760 811
10  43 90 267 458 478 519 746 817 827 989
10  1 460 553 615 626 780 835 859 874 928
14  23 30 217 227 286 312 343 437 477 557 616 626 832 958
13  19 240 304 399 422 428 610 611 632 848 879 948 990
9  252 347 406 447 556 617 863 903 998
12  55 190 235 261 335 411 449 585 672 712 754 755
20  9 11 90 95 132 198 260 261 291 368 401 558 627 629 736 737 760 761 899 977
12  95 98 106 165 258 263 558 637 652 667 713 825
10  23 33 54 193 213 401 582 755 782 853
13  29 120 141 260 320 432 435 629 702 703 736 854 883
6  109 613 811 845 914 935
7  373 445 678 801 891 935 991
13  101 192 200 351 406 485 573 609 624 761 882 894 979
6  95 172 375 480 708 730
13  216 220 227 268 363 491 597 605 774 783 840 882 946
9  23 98 129 188 200 500 504 826 978
10  64 125 477 525 596 604 653 656 693 783
8  51 61 123 141 223 381 671 950
10  20 41 106 155 198 215 285 469 642 847
12  47 205 369 507 513 535 571 593 697 706 855 883
10  147 203 379 392 502 591 695 730 747 905
10  74 170 189 254 435 555 719 839 941 972
6  149 159 274 417 761 824
7  112 155 205 242 324 421 832
7  156 263 319 548 634 647 928
11  77 120 254 315 410 448 669 700 782 839 901
9  16 228 377 490 556 565 618 882 977
15  27 183 265 334 339 421 476 539 564 593 683 744 781 969 985
8  161 276 364 378 591 628 652 967
9  478 564 569 642 644 812 826 879 978
11  122 172 217 275 373 496 690 747 817 827 879
9  79 99 197 220 323 850 896 991 996
8  68 176 308 313 433 551 589 817
15  33 136 197 204 261 266 392 425 580 616 623 643 736 928 930
10  194 314 402 408 416 481 506 580 631 824
8  37 149 340 644 823 861 872 886
16  71 75 131 175 227 334 348 474 480 496 533 567 587 759 942 980
12  15 29 31 234 285 356 460 485 490 768 954 972
6  149 285 534 578 732 979
6  46 480 579 610 729 749
10  423 537 581 647 689 727 752 783 910 917
9  361 363 390 393 395 552 603 658 697
6  62 448 487 820 905 983
11  4 73 113 383 397 436 641 700 843 856 935
14  30 31 83 196 210 271 313 349 664 739 750 821 845 900
9  61 188 195 267 459 545 554 556 671
9  23 262 290 331 517 610 672 928 982
19  59 67 84 133 178 179 206 239 293 518 535 536 557 589 700 725 752 886 977
7  119 147 257 265 514 787 934
16  58 103 112 146 150 377 476 499 525 578 579 682 818 834 843 963
6  149 329 583 685 744 777
6  167 445 605 887 891 999
9  55 239 249 349 516 574 583 586 954
3  241 413 952
11  27 32 240 360 388 428 611 657 687 699 944
13  217 228 405 418 580 649 684 697 738 772 792 811 957
11  194 353 377 508 524 532 541 676 695 910 971
7  88 169 174 355 364 601 858
11  69 264 272 277 316 356 432 436 465 571 715
8  53 105 185 528 573 660 771 815
7  106 423 479 549 584 922 964
11  152 273 410 477 494 508 516 551 779 809 887
13  56 82 203 232 266 278 426 444 508 526 735 827 862
13  29 31 46 49 69 284 555 747 753 807 841 847 972
11  16 106 161 302 567 575 620 703 737 808 924
14  35 67 206 230 410 595 606 691 703 724 745 755 762 999
9  168 338 366 370 381 532 610 803 824
11  16 46 179 305 415 522 536 574 606 612 953
7  71 134 165 320 341 419 891
12  12 164 262 298 329 383 543 707 733 771 802 946
12  12 44 76 137 351 361 499 601 617 710 716 991
9  349 375 500 546 693 704 705 778 941
6  138 351 394 451 486 632
10  178 404 440 657 672 743 788 850 914 947
6  280 351 450 456 686 828
12  22 81 95 206 214 394 584 605 714 775 923 926
12  91 111 310 388 510 572 593 701 714 860 881 910
8  198 286 308 323 443 535 836 854
11  62 88 118 228 275 307 325 473 782 889 899
15  76 229 239 247 353 433 507 524 537 593 663 680 703 732 961
14  128 130 199 230 262 356 365 453 631 650 708 724 881 938
9  22 206 229 559 618 825 881 905 926
8  247 257 357 666 767 781 810 894
11  106 203 295 371 401 636 726 838 858 900 983
8  5 302 467 477 487 675 684 784
4  266 396 892 913
13  90 92 119 234 256 261 307 575 656 693 761 900 903
13  96 125 300 379 535 621 723 797 839 893 920 951 960
6  33 159 333 346 483 740
11  101 320 370 409 467 659 691 814 817 960 978
8  25 59 126 212 291 320 531 584
6  68 102 130 239 324 370
8  154 435 602 820 848 906 974 983
2  551 726
18  28 31 71 84 129 187 222 295 318 371 594 622 696 816 832 854 909 990
15  59 113 134 365 369 375 459 543 582 623 650 784 819 841 968
9  60 115 163 168 302 389 888 964 967
13  62 214 230 271 283 294 422 482 546 566 744 825 889
13  24 49 81 132 206 274 278 290 429 493 661 721 824
9  241 305 374 495 516 633 708 873 990
8  102 154 239 308 681 877 980 987
13  95 203 288 321 328 355 419 420 428 569 588 849 977
13  119 220 525 543 819 833 845 869 882 930 948 956 983
10  35 169 189 195 426 446 656 692 703 714
16  31 87 120 123 159 188 325 423 499 541 677 723 730 837 920 927
4  200 555 626 794
12  18 40 248 364 391 501 604 828 855 883 919 986
11  1 50 183 307 328 385 432 632 661 707 797
9  246 257 268 380 627 769 884 966 993
10  1 181 204 280 339 366 466 489 651 708
13  21 46 69 102 103 337 491 527 631 792 883 908 937
9  28 438 447 499 753 765 858 942 957
4  376 518 617 944
10  76 338 392 434 446 607 758 862 958 965
10  45 151 173 293 316 558 642 666 756 980
8  231 241 251 410 417 680 852 952
11  30 35 142 149 213 472 494 593 648 663 818
6  169 198 251 293 393 445
9  17 185 330 395 597 633 701 836 960
8  160 276 453 671 748 756 888 968
15  155 156 195 233 277 280 345 409 443 543 596 618 632 785 914
13  52 146 308 336 454 507 717 718 747 816 889 910 998
11  7 59 196 302 395 445 523 631 837 922 953
15  69 119 232 238 247 256 406 470 602 620 624 707 868 869 871
15  118 133 137 143 146 185 191 282 287 297 395 653 695 892 900
9  276 446 461 463 514 586 778 818 921
12  182 207 222 371 511 586 641 642 656 680 734 759
9  39 58 218 304 428 498 534 648 987
14  69 81 159 243 354 448 492 513 553 648 747 839 954 960
7  149 297 392 535 543 596 903
9  21 27 60 480 563 646 684 700 953
15  193 221 304 319 395 471 590 657 676 686 813 836 893 920 989
7  151 165 175 238 391 512 525
9  55 84 110 327 486 558 647 841 972
2  213 253
6  275 375 452 582 870 888
12  48 58 78 143 243 249 262 405 584 756 891 989
16  22 42 44 86 372 405 564 652 653 680 724 866 873 908 916 923
12  69 74 96 137 213 224 234 247 279 547 635 973
13  88 152 157 159 208 235 257 647 778 779 875 882 923
9  66 368 432 444 485 698 735 825 885
7  139 198 290 507 698 841 879
10  144 268 292 342 444 450 453 529 598 882
12  38 110 281 285 300 403 511 573 725 750 900 990
18  77 85 138 205 252 330 375 384 408 444 554 675 747 760 761 835 907 976
9  78 113 417 452 481 746 793 852 915
14  70 75 286 299 367 420 478 506 553 555 664 681 778 853
10  40 100 128 358 642 657 714 736 868 936
11  125 195 216 307 441 463 545 624 720 741 927
8  75 326 660 670 733 886 958 972
11  88 105 156 253 353 438 517 617 780 906 999
11  23 192 219 240 261 330 362 412 866 872 989
17  20 47 61 72 359 366 387 616 731 739 790 808 883 936 953 968 979
13  86 161 176 333 399 437 481 590 597 681 756 772 997
7  82 130 443 573 729 939 945
13  47 49 68 94 145 155 170 283 512 574 615 656 739
17  22 104 196 218 349 470 520 534 574 646 726 743 781 870 906 926 938
13  22 63 91 211 246 247 387 394 576 703 760 853 884
9  92 155 305 416 526 639 717 898 985
14  35 38 105 114 403 437 457 583 586 610 724 797 897 998
11  28 89 235 314 476 535 583 641 766 976 996
7  200 397 412 632 918 921 974
12  8 188 248 500 539 572 621 729 732 835 869 994
11  34 60 86 144 235 354 442 445 665 924 983
13  52 185 225 280 374 401 420 426 465 559 725 828 991
10  159 277 344 535 553 772 812 881 922 973
10  200 314 336 374 453 472 509 650 733 907
11  4 75 153 220 229 274 524 604 627 674 944
13  26 138 202 261 310 364 503 545 642 777 853 964 976
10  21 74 190 258 324 427 577 722 944 950
21  127 141 174 307 334 336 466 479 563 597 607 640 698 705 721 759 789 834 896 899 978
6  173 351 476 696 769 867
11  129 140 169 172 320 523 552 616 796 910 987
12  28 168 264 297 486 621 720 788 882 905 948 958
8  121 249 516 757 801 833 844 899
13  203 235 306 366 535 617 624 767 783 897 914 963 996
9  27 50 85 228 347 462 640 688 758
11  19 231 327 379 445 582 774 863 874 996 998
9  263 365 582 585 642 770 788 811 905
13  197 234 297 462 491 558 691 696 713 730 779 848 910
12  150 266 287 353 465 751 793 851 892 938 975 989
16  21 90 98 112 193 247 270 297 357 547 690 753 764 801 900 989
15  47 87 133 165 250 377 546 613 703 747 767 822 883 915 952
10  22 111 304 397 450 576 583 721 734 766
15  267 293 453 462 471 505 583 589 599 663 721 826 833 897 977
9  90 155 542 572 642 829 922 923 985
8  56 251 765 807 832 862 873 969
10  170 321 443 446 493 758 822 932 948 979
5  111 156 339 688 763
11  51 81 109 148 424 534 737 760 780 790 827
7  185 241 484 534 659 752 759
9  120 123 130 210 261 431 533 614 896
11  105 130 199 308 377 459 520 529 685 748 965
12  4 64 202 203 218 291 439 451 755 798 833 977
11  125 203 249 258 280 506 636 646 778 786 824
12  29 38 250 373 473 632 730 742 773 786 884 961
12  61 224 235 304 440 478 524 544 561 772 874 934
6  78 299 415 591 754 984
3  15 652 891
6  122 227 234 564 830 923
9  52 117 213 476 537 627 745 937 973
10  64 74 176 419 648 702 716 723 771 995
14  15 30 49 54 488 540 563 638 716 756 795 837 839 959
10  183 496 552 578 727 766 789 820 886 904
9  0 34 159 179 604 659 733 968 981
9  24 34 464 527 585 602 655 872 935
14  17 95 252 352 387 441 449 488 591 593 617 752 936 988
6  105 151 535 661 672 875
15  67 69 86 213 237 246 348 374 386 434 697 810 902 944 951
8  166 319 475 771 772 886 965 995
9  50 98 174 344 443 625 948 959 962
11  138 212 300 366 383 496 546 560 650 750 755
8  71 82 380 393 469 747 780 975
10  14 85 93 176 186 392 729 766 817 863
5  93 306 361 416 806
9  124 155 212 223 421 470 512 632 687
6  277 327 722 757 868 986
12  109 121 204 217 430 479 505 682 811 816 863 954
6  71 101 779 856 910 982
7  93 169 450 471 749 915 989
16  92 147 156 177 244 274 424 544 564 566 664 684 736 799 922 986
7  7 178 236 454 770 861 924
6  227 403 797 820 876 881
9  111 166 197 211 273 336 375 479 522
10  4 196 214 264 545 561 588 751 758 927
13  142 236 244 291 301 500 646 880 887 905 933 975 992
10  65 290 416 470 522 643 871 887 913 969
10  11 47 159 258 344 359 403 483 556 933
6  222 432 505 511 921 938
15  69 111 117 173 203 260 278 299 309 465 539 567 572 791 857
6  323 338 392 640 763 919
7  86 281 571 573 641 729 901
7  157 364 417 517 574 638 901
11  11 112 175 182 183 231 360 492 659 785 889
14  176 340 479 527 534 570 576 587 632 755 794 841 923 973
11  74 238 438 517 606 742 818 842 853 867 992
11  11 76 150 208 316 381 489 567 708 921 991
10  166 173 226 232 276 398 564 666 843 906
8  22 99 104 216 452 636 888 926
9  227 235 249 327 671 698 794 869 975
14  241 244 380 404 484 498 549 559 577 607 609 666 790 881
12  278 424 540 626 693 702 812 861 880 888 902 990
10  115 237 279 377 672 679 946 967 982 985
12  30 330 364 403 502 544 619 669 780 799 947 948
10  22 159 276 432 493 501 542 552 621 835
9  6 208 220 291 371 395 759 764 866
7  51 293 321 379 469 612 841
10  57 390 571 599 611 643 675 771 832 961
12  17 125 348 435 477 507 584 658 674 717 905 935
11  5 21 87 97 271 349 394 465 592 606 761
9  73 126 301 396 524 577 607 639 766
10  11 135 651 683 741 874 939 951 979 982
11  9 120 219 220 232 433 456 762 837 965 969
8  189 217 499 530 535 544 776 977
5  128 135 260 377 412
12  165 264 276 402 447 579 600 671 763 824 843 977
8  94 115 384 483 679 751 761 770
7  171 220 626 747 882 959 997
11  3 75 254 425 448 578 721 739 821 918 979
6  31 287 555 654 695 708
8  191 273 484 681 699 779 829 850
10  79 282 283 362 392 410 464 566 660 969
8  265 361 449 598 602 664 705 779
7  198 350 492 506 591 882 929
17  99 117 140 237 243 477 509 519 564 640 672 710 718 811 823 851 928
8  46 84 127 337 424 540 812 918
13  20 62 97 154 227 346 437 620 626 814 832 926 981
8  130 149 265 288 300 378 414 751
13  29 87 182 200 264 313 393 492 544 587 621 679 905
4  121 214 538 568
10  34 42 162 211 330 536 595 640 867 957
10  60 165 210 341 417 448 580 669 756 866
5  441 575 678 889 975
8  251 270 362 564 572 608 650 837
9  75 119 341 526 757 841 863 878 980
12  49 61 186 304 360 435 692 722 873 897 950 953
15  20 35 94 116 137 219 372 473 585 723 734 745 812 907 960
12  16 132 204 324 337 407 480 546 586 654 671 976
7  66 115 138 238 324 596 683
12  20 87 164 252 423 473 506 620 795 868 912 988
6  170 281 459 499 806 934
7  58 126 333 489 634 660 688
3  245 574 578
6  218 244 348 478 519 653
8  85 374 381 388 612 798 818 948
8  48 394 518 575 639 690 763 866
8  174 289 514 581 754 790 794 851
6  2 350 371 444 482 916
8  137 164 179 270 528 535 906 964
14  47 88 190 227 299 347 483 714 728 822 848 862 868 981
9  191 394 407 468 557 748 812 847 879
11  196 213 290 477 700 724 793 856 866 936 941
15  34 101 154 164 349 411 429 440 455 556 679 700 739 816 870
16  105 151 169 229 238 254 273 433 454 538 556 712 733 869 874 914
9  20 93 213 437 463 516 538 700 803
12  140 157 329 442 458 466 548 612 728 782 881 895
11  20 52 225 237 304 349 405 676 714 763 852
9  19 141 460 578 754 773 828 870 919
11  31 194 200 225 280 386 502 716 784 938 975
3  329 494 799
8  14 55 103 326 369 440 677 924
11  27 121 197 253 347 351 532 533 851 972 990
11  105 310 438 447 580 606 607 718 867 890 982
10  21 68 206 288 423 570 802 818 890 921
14  181 247 271 406 419 653 657 658 742 799 817 872 898 992
16  50 139 175 259 365 589 591 603 679 716 719 750 834 840 897 912
14  287 301 359 365 381 449 586 596 683 687 729 759 941 972
14  7 19 86 142 147 295 296 304 493 564 685 734 772 966
10  135 189 308 319 395 556 557 717 935 990
13  29 38 59 95 290 477 612 624 726 780 786 905 981
9  53 127 278 400 628 638 802 803 945
22  44 46 90 107 124 152 155 435 516 549 551 673 696 712 815 818 896 931 963 976 992 994
13  13 185 225 395 433 449 655 674 698 810 849 918 994
9  184 243 328 474 537 555 879 880 916
18  29 79 172 187 208 266 349 360 484 487 539 545 568 588 628 645 713 775
12  27 47 83 210 272 323 411 662 701 757 983 994
9  151 192 373 407 542 664 708 957 989
7  96 111 355 483 568 589 659
5  191 282 344 357 872
10  15 126 364 384 424 502 608 747 768 888
10  134 235 341 372 428 736 752 761 852 882
8  115 163 246 346 349 551 735 881
15  11 23 40 247 289 323 338 423 460 471 583 655 747 751 957
15  24 69 204 236 298 393 468 474 546 621 660 663 701 720 758
7  170 358 389 602 808 809 939
6  2 108 258 785 818 905
8  4 168 224 296 511 581 663 706
12  21 142 187 270 301 386 437 471 521 557 780 909
15  63 225 256 333 507 597 619 658 750 755 802 825 845 886 902
9  111 203 281 538 669 727 733 814 865
9  7 52 68 387 398 436 721 743 853
11  12 81 171 231 253 461 474 687 714 983 988
4  149 277 671 904
16  8 210 331 382 398 427 553 617 633 653 698 749 756 795 929 948
13  92 108 132 180 198 267 299 315 332 362 373 539 939
9  118 122 168 225 448 508 563 856 882
8  93 183 194 380 429 456 662 803
13  202 242 302 393 475 532 587 650 697 752 870 915 995
10  372 477 492 542 565 722 759 796 914 980
8  210 284 286 297 714 864 890 928
4  157 226 536 617
9  72 81 145 544 738 835 842 889 982
11  128 169 229 264 298 358 429 683 807 874 933
11  97 119 190 241 317 319 417 526 664 681 708
9  99 126 418 702 738 805 813 880 936
8  96 121 306 637 699 742 762 797
11  182 234 288 297 399 652 714 716 762 776 811
11  24 269 319 433 443 540 554 641 740 798 877
4  4 474 543 564
18  78 85 314 342 367 375 376 460 472 494 652 658 733 815 843 935 942 967
11  12 155 199 365 404 522 559 681 725 801 994
12  116 211 355 366 390 578 601 610 623 841 916 967
8  118 382 479 488 508 840 910 964
7  57 245 340 555 610 679 983
8  93 126 273 393 490 507 888 968
4  350 444 535 764
7  518 540 802 804 919 972 998
9  6 41 197 246 357 625 773 857 975
17  23 180 187 261 311 325 342 422 486 556 587 588 620 782 825 885 926
7  352 724 729 783 868 921 988
12  34 125 219 334 446 470 491 500 570 572 687 777
14  27 126 144 175 185 295 389 480 562 657 733 757 805 875
7  125 176 292 731 828 901 911
10  8 29 55 102 113 285 364 466 512 957
10  78 129 302 317 429 491 598 648 868 883
8  239 437 478 506 515 613 688 926
2  198 960
7  288 377 631 689 744 746 785
7  3 8 38 198 553 731 887
6  60 93 208 591 646 819
5  33 452 569 650 820
15  186 256 427 437 459 466 580 679 750 764 787 820 861 910 958
8  83 115 245 302 308 381 396 463
11  33 133 336 424 435 460 465 594 746 852 994
4  467 664 785 828
10  129 152 198 207 303 324 455 630 692 759
9  269 289 359 443 644 699 707 729 852
7  38 199 383 614 629 705 794
5  3 16 311 561 999
9  10 43 81 232 266 389 435 519 679
14  39 70 131 207 439 572 632 688 847 893 899 940 964 984
9  59 241 456 485 579 690 726 750 948
11  64 69 111 121 147 255 510 779 787 834 989
11  42 128 207 226 227 664 666 695 705 853 943
7  48 238 301 401 656 772 824
7  104 216 297 381 446 535 787
10  113 150 446 565 570 626 752 888 982 992
13  50 93 197 320 371 375 477 637 673 745 865 929 957
8  139 154 307 411 690 769 786 829
5  255 466 480 685 884
12  99 187 202 232 242 434 464 605 673 819 926 928
10  160 180 181 319 574 672 696 729 781 931
14  87 249 254 278 297 319 330 393 534 604 763 803 829 838
8  50 119 226 282 336 390 465 485
5  82 187 224 243 633
16  43 52 284 334 398 453 477 498 598 614 640 710 726 878 883 933
9  135 195 228 423 715 742 777 811 985
8  79 88 215 281 503 554 669 738
14  109 190 193 295 338 352 395 757 789 802 816 849 875 934
8  125 337 469 721 737 745 854 888
14  37 212 282 440 479 516 583 603 624 678 761 770 830 832
8  43 243 280 455 592 606 666 747
14  8 95 147 158 243 361 412 550 589 615 729 764 828 835
14  7 29 44 95 209 391 452 462 483 613 677 691 851 915
6  358 781 843 866 886 984
13  151 221 395 403 429 451 623 795 819 828 879 918 963
12  178 364 366 446 619 660 669 679 740 892 908 930
8  1 440 441 448 481 774 957 981
10  27 307 365 407 553 604 735 762 819 973
6  47 74 117 683 793 797
5  39 47 677 704 749
10  59 76 131 189 246 561 783 856 908 936
12  164 258 540 577 708 713 728 757 758 796 893 959
9  130 389 580 671 676 720 818 878 885
15  4 95 154 175 239 397 413 425 429 459 588 608 647 741 813
12  17 156 345 358 469 515 558 802 812 881 888 963
10  45 120 137 169 186 283 394 404 550 685
8  228 550 739 888 889 892 927 950
9  93 99 212 499 560 569 778 786 914
8  43 379 408 515 608 737 752 754
4  91 575 730 834
10  108 486 495 542 544 581 698 736 754 933
13  18 62 143 211 217 237 284 351 402 628 642 727 955
