
***ForestFire:  GeoFire  Nodes:1000  StartNodes:1  Take2AmbProb:0
                FwdBurnP:0.35  BckBurnP:0.354  ProbDecay:1  Orphan:0
(1000, 6600)  burned: [1,7,1]  [0.02s]
1000
115  1 4 9 31 33 35 39 40 50 60 67 68 71 86 97 105 111 116 122 129 137 147 151 158 160 170 171 175 183 192 194 200 214 221 223 234 247 252 262 266 276 283 311 319 327 333 334 340 348 355 356 371 375 377 389 419 443 445 461 463 479 491 496 507 510 545 546 553 556 557 570 574 579 582 590 602 605 607 625 629 656 661 662 672 679 691 713 719 729 730 744 767 818 831 846 851 857 867 868 889 897 903 906 910 917 927 930 939 960 962 965 976 979 981 983
132  0 2 6 7 9 11 12 13 15 21 22 24 27 31 33 35 38 50 55 59 60 67 68 71 73 86 95 97 100 106 107 111 116 120 122 129 130 137 147 159 160 170 171 175 182 183 191 192 194 198 200 214 221 223 252 266 277 319 327 333 334 348 350 356 359 360 371 377 379 394 400 401 419 436 443 445 454 461 479 494 500 510 513 545 546 553 556 575 579 582 587 589 590 602 605 625 656 662 679 691 693 712 713 716 719 726 729 730 731 744 790 818 831 846 851 853 857 867 868 889 893 895 903 910 917 925 927 930 939 960 965 983
90  1 3 6 12 13 22 30 31 34 38 42 59 60 75 80 95 97 114 116 117 120 129 159 160 170 183 194 199 200 215 221 223 229 252 254 277 304 327 333 337 348 371 377 379 389 394 401 419 424 436 443 454 461 463 479 494 510 545 546 582 587 630 656 663 664 679 712 716 730 741 744 761 771 782 846 851 854 855 857 867 889 893 895 910 917 925 930 939 942 960
50  2 5 13 33 34 57 59 97 160 170 173 183 200 207 229 254 266 313 327 335 348 371 375 389 424 436 443 463 494 509 546 557 582 588 592 602 630 656 682 713 716 744 818 831 857 867 917 925 939 960
32  0 8 36 60 105 129 147 151 194 247 327 340 348 389 407 451 461 463 507 545 574 582 686 691 713 730 744 767 831 851 866 960
38  3 32 34 48 57 59 97 122 126 160 161 170 192 200 236 253 313 327 335 348 371 385 411 424 436 443 546 582 682 716 730 818 851 857 867 897 917 960
64  1 2 7 10 12 13 22 34 35 38 48 60 84 90 95 97 116 120 170 183 192 194 200 221 223 242 252 266 270 327 360 371 377 379 394 401 436 443 461 495 510 546 582 587 588 605 625 656 712 730 744 771 782 851 857 867 868 893 910 917 925 930 939 960
26  1 6 12 13 33 62 116 194 203 207 323 327 436 495 542 679 831 857 867 910 911 917 925 930 939 960
50  4 14 18 19 36 47 105 129 147 151 183 184 194 233 247 270 333 348 381 399 413 443 451 461 507 510 558 574 582 587 602 605 657 672 686 691 730 740 744 761 772 783 814 831 851 857 866 937 939 960
40  0 1 13 17 33 34 60 97 100 170 180 182 192 200 201 207 221 247 294 327 360 389 396 436 479 579 587 588 589 646 730 744 818 851 857 868 897 917 939 942
15  6 65 97 183 194 242 394 424 443 557 605 660 696 904 939
23  1 27 67 71 107 171 334 479 500 546 553 575 602 625 693 730 731 744 831 851 853 857 897
34  1 2 6 7 13 16 33 38 39 50 60 95 97 117 194 266 311 327 371 436 490 546 614 625 679 723 726 744 818 851 857 893 897 917
58  1 2 3 6 7 9 12 16 22 33 34 49 50 59 60 93 95 97 109 111 170 180 183 192 194 207 229 252 266 291 304 333 348 371 436 443 461 479 587 605 713 730 731 735 744 772 841 857 867 893 897 908 910 925 930 939 960 965
27  8 18 23 129 142 147 151 184 233 247 353 399 413 443 546 602 605 649 672 712 730 744 761 783 831 960 983
66  1 20 21 25 28 31 38 67 100 107 111 116 126 130 137 180 192 194 198 200 214 219 252 265 319 327 360 371 389 436 443 445 461 479 513 546 553 557 570 587 588 602 605 607 633 656 713 716 730 744 768 782 818 831 851 861 873 894 903 910 917 960 963 965 977 989
46  12 13 33 34 38 39 49 50 60 72 97 111 116 117 129 192 194 219 252 266 327 371 392 436 443 461 537 546 587 605 709 730 744 761 807 818 831 851 857 866 893 897 903 917 939 965
23  9 33 34 60 97 100 108 180 192 194 200 219 229 252 311 327 348 396 495 545 546 582 684
20  8 14 129 151 247 267 389 399 413 507 574 587 605 631 713 744 857 868 939 960
12  8 36 47 129 247 333 399 582 587 686 691 730
49  15 21 25 31 44 54 83 98 100 111 130 194 227 252 254 265 302 360 389 435 436 443 445 461 479 491 495 513 546 549 582 587 588 602 656 716 730 744 782 818 831 846 851 867 873 917 951 960 986
30  1 15 20 24 31 37 38 50 60 100 116 192 194 252 360 389 436 445 456 463 546 587 605 730 768 851 873 875 917 927
50  1 2 6 13 29 31 34 35 50 59 60 95 106 116 170 192 194 200 221 252 340 356 375 379 399 401 411 419 443 479 557 582 587 588 605 656 664 730 744 857 867 868 910 925 927 928 939 960 961 980
7  14 129 348 361 546 831 983
22  1 21 31 38 86 111 191 194 223 360 400 436 445 546 579 587 656 716 730 894 917 927
40  15 20 26 31 46 67 99 111 115 130 169 194 200 209 265 385 435 461 463 479 546 557 582 587 588 645 656 716 726 730 744 818 846 861 873 939 960 969 977 981
12  25 67 115 169 269 463 587 588 645 716 939 969
16  1 11 31 67 102 107 252 327 553 570 587 649 744 831 846 851
27  15 31 38 82 116 137 164 168 194 200 214 219 282 287 348 360 396 436 546 557 587 602 818 831 894 903 989
21  22 31 52 59 106 170 183 271 305 356 411 486 582 656 664 730 857 868 871 927 928
10  2 38 194 199 251 348 371 479 602 917
73  0 1 2 15 20 21 22 24 25 27 28 29 34 38 50 59 67 99 100 102 108 111 115 130 159 170 180 192 194 200 227 252 286 295 302 327 337 348 356 371 375 385 389 435 436 443 461 463 479 494 522 546 553 557 570 587 588 602 625 716 730 744 811 818 831 846 867 871 873 897 903 917 960
13  5 48 122 161 170 279 582 682 730 818 867 916 965
59  0 1 3 7 9 12 13 16 17 34 38 39 41 60 97 100 157 180 188 192 194 207 219 224 252 266 311 327 385 396 436 443 461 479 494 506 545 546 582 588 619 625 656 713 730 744 818 841 846 857 867 893 897 917 927 930 939 960 965
60  2 3 5 6 9 13 16 17 22 31 33 38 48 50 57 59 60 97 126 143 161 170 180 192 194 200 219 223 229 236 252 254 304 313 327 337 348 371 389 396 424 436 443 479 495 510 545 546 576 582 587 656 730 744 771 818 851 867 939 960
40  0 1 6 22 50 60 64 69 73 95 97 109 116 121 148 170 194 200 210 221 293 348 355 436 443 513 546 582 605 656 730 744 761 818 866 867 917 925 939 961
28  4 8 19 45 60 105 129 138 147 194 247 348 381 463 479 514 551 582 602 625 730 744 759 818 831 851 857 939
14  21 43 61 125 134 450 577 587 687 768 832 870 875 969
60  1 2 6 12 15 16 21 24 28 30 31 33 34 50 59 60 66 82 97 100 111 116 170 192 194 200 229 251 252 266 272 339 348 356 360 371 381 389 436 443 445 461 479 494 546 582 602 625 679 693 713 730 831 840 851 857 894 917 939 960
31  0 12 16 33 53 60 95 97 117 121 219 252 283 311 333 355 365 371 389 436 491 546 605 857 889 893 897 903 913 929 960
5  0 370 479 496 629
18  33 97 100 121 126 192 200 348 389 436 443 513 588 625 730 744 910 960
25  2 56 59 75 194 197 215 282 348 377 394 443 454 479 546 557 630 716 818 831 846 895 917 927 946
11  37 85 87 125 134 146 450 498 577 753 768
20  20 54 58 83 111 252 254 360 461 479 510 513 549 725 744 782 917 939 960 986
22  36 60 63 121 147 200 276 304 348 381 461 479 510 514 546 625 713 730 857 917 925 939
3  25 726 730
16  8 19 51 129 156 366 386 391 399 407 417 587 686 691 851 945
30  5 6 32 34 57 97 122 126 161 192 194 200 229 236 304 360 371 378 424 436 443 463 582 730 744 788 831 851 939 960
25  13 16 50 60 93 116 121 130 150 170 192 194 252 368 371 495 633 744 818 831 857 867 897 910 960
51  0 1 12 13 16 21 22 31 34 35 38 49 59 60 108 109 121 130 152 170 192 194 200 252 291 327 348 356 368 375 379 461 479 495 546 549 605 625 660 713 731 732 744 818 831 851 857 867 897 910 939
14  47 88 129 147 194 196 211 386 399 407 587 686 730 983
10  29 79 153 271 305 637 664 730 868 871
17  39 60 95 96 117 200 219 283 333 365 491 685 752 866 939 965 987
21  20 44 58 70 74 83 103 111 154 192 252 461 479 582 587 602 653 712 719 851 960
20  1 68 77 97 175 194 200 223 283 353 380 400 503 526 587 602 625 851 878 939
25  42 59 76 122 183 194 215 229 231 282 389 394 443 510 546 557 582 583 716 846 851 867 897 917 946
35  3 5 34 48 59 63 97 121 122 126 130 192 194 200 239 249 273 348 371 381 479 497 530 546 582 602 693 730 780 818 851 867 897 910 939
14  44 54 70 74 83 103 111 252 461 479 495 549 602 986
68  1 2 3 5 13 22 29 31 34 38 42 50 56 57 60 63 95 97 106 116 121 122 126 129 147 148 170 183 192 194 221 229 231 304 327 333 340 348 356 381 389 394 411 436 443 479 546 557 567 582 602 656 713 716 730 818 831 851 857 867 868 871 889 893 917 927 939 946
76  0 1 2 4 6 9 12 13 16 17 21 22 33 34 35 36 38 39 45 49 50 53 59 63 64 73 78 92 93 95 97 106 116 121 129 130 147 170 194 200 233 252 304 319 325 327 340 348 381 396 411 436 443 461 479 495 546 582 587 605 712 713 716 730 744 761 786 831 857 864 866 868 910 917 939 965
10  37 189 450 458 577 687 816 832 870 969
6  7 203 323 542 679 831
29  45 57 59 60 78 95 116 118 121 126 170 192 194 230 233 381 431 443 461 479 484 546 587 730 786 818 831 868 939
21  35 60 73 86 95 116 121 170 194 200 327 436 443 463 582 587 605 744 864 866 939
6  10 268 394 605 660 851
13  38 100 108 116 192 252 381 436 443 479 546 831 939
45  0 1 11 15 25 26 27 31 107 111 115 126 154 158 194 198 206 252 327 359 371 389 461 463 479 553 570 582 587 590 605 645 656 662 679 719 726 730 744 831 846 851 867 939 960
22  0 1 55 91 97 112 175 194 200 221 252 266 333 350 353 371 399 553 589 831 917 939
23  35 73 86 95 116 121 148 170 194 436 443 463 546 605 633 730 818 831 868 871 917 925 939
8  54 58 74 83 111 252 479 602
20  0 1 11 129 165 171 180 192 252 283 349 381 500 546 602 625 730 818 925 983
5  16 327 392 410 903
40  1 35 60 64 69 86 93 95 116 121 130 139 148 170 185 194 200 327 348 436 443 494 510 513 546 582 587 605 633 729 730 744 818 864 865 867 917 939 941 960
9  54 58 70 83 166 227 252 327 509
11  2 42 89 373 377 443 605 797 866 939 960
7  56 183 229 389 394 657 851
13  55 119 141 194 200 205 223 380 400 503 526 851 878
24  60 63 81 92 95 104 110 116 139 170 194 381 413 443 461 546 574 587 656 730 733 786 831 868
9  52 153 202 271 305 416 468 664 868
5  2 357 454 846 855
6  78 94 461 546 587 831
11  28 38 170 200 282 287 348 396 443 546 724
17  20 44 54 58 70 74 227 252 399 443 461 479 582 595 838 851 917
5  6 135 270 893 974
6  43 87 125 134 314 738
34  0 1 24 64 69 73 95 116 133 139 148 170 175 194 282 333 399 400 443 445 510 546 587 602 605 656 730 831 851 864 897 917 939 960
12  43 85 101 125 134 149 246 258 342 482 498 870
12  51 129 147 194 211 407 485 672 686 730 744 818
13  75 127 162 226 326 367 377 398 428 585 712 779 797
17  6 97 120 122 126 170 223 252 400 461 510 582 730 818 851 917 939
19  68 97 110 116 221 337 350 371 510 553 656 693 730 815 831 851 868 939 984
19  60 78 104 106 116 139 170 194 221 381 413 546 587 716 730 786 868 930 965
22  13 49 60 73 95 106 116 122 155 170 194 200 333 348 510 587 605 633 731 744 879 897
2  81 564
63  1 2 6 12 13 22 35 39 53 59 60 63 64 69 73 78 86 93 97 104 110 114 116 121 139 148 155 170 194 221 233 235 277 348 371 381 413 431 436 461 474 510 513 546 574 587 588 616 633 709 726 730 744 818 867 871 889 893 917 925 930 939 965
9  53 113 117 136 241 703 752 893 987
90  0 1 2 3 5 6 9 10 12 13 16 17 33 34 35 38 39 41 48 55 57 59 60 68 90 91 95 100 108 110 112 114 116 120 121 122 126 129 139 143 160 170 183 192 194 200 221 223 252 266 277 304 320 327 333 337 348 360 371 424 436 443 461 510 546 574 584 587 588 602 605 625 656 730 744 761 762 831 840 851 867 887 889 908 909 917 939 960 965 980
8  20 194 227 254 479 495 851 951
24  25 31 102 111 130 154 194 200 255 265 302 312 385 461 582 713 717 744 785 818 846 873 917 960
57  1 9 15 17 20 21 31 33 38 41 66 97 108 111 112 116 121 126 130 192 194 200 252 309 317 327 339 348 356 362 381 389 409 436 443 479 495 546 570 573 582 588 716 730 744 831 834 844 857 867 873 910 917 925 939 983 995
13  87 125 134 149 246 258 342 457 482 498 577 620 870
13  27 31 99 111 200 265 302 312 461 785 846 960 981
6  54 58 252 461 479 549
19  78 92 95 114 116 121 123 139 194 225 308 413 460 465 574 716 748 786 868
18  0 4 8 36 147 160 194 217 340 348 350 384 389 461 463 744 761 851
27  1 22 29 59 60 92 93 116 121 122 139 148 170 179 194 221 252 443 486 574 737 818 868 917 925 939 976
16  1 11 15 27 67 131 175 327 553 570 766 826 831 846 897 984
31  17 31 50 66 97 100 112 116 121 130 194 200 237 252 291 327 336 436 442 495 573 602 605 713 730 831 867 889 897 910 939
13  13 35 50 121 130 170 194 356 389 509 716 732 744
24  78 91 95 97 112 116 121 126 139 143 194 348 371 381 413 510 546 553 656 730 744 831 965 993
53  0 1 13 15 16 20 24 25 31 38 44 54 58 67 70 99 100 102 116 121 126 154 160 192 194 200 247 252 283 327 339 350 360 371 389 415 436 443 461 491 510 546 570 656 679 730 744 831 873 917 939 960 981
17  68 97 100 108 110 116 121 126 194 200 252 260 333 348 587 831 939
5  96 117 703 752 893
13  2 95 97 104 116 194 346 413 424 461 574 831 889
19  25 26 31 67 132 269 295 435 463 582 588 602 645 726 917 939 960 969 998
84  0 1 2 6 7 15 16 21 22 28 35 38 49 59 60 63 64 66 69 73 78 86 91 92 93 95 97 100 104 106 108 110 111 112 114 121 126 130 139 148 167 170 192 194 200 221 252 333 336 350 355 363 371 381 389 399 413 436 443 461 495 510 546 552 582 587 588 605 633 656 716 730 786 818 831 851 889 897 903 917 930 939 979 983
20  2 12 16 39 53 96 113 128 144 240 283 285 427 703 784 804 857 893 898 929
7  63 126 170 298 351 710 939
5  77 124 181 289 380
18  1 2 6 90 97 122 126 170 194 200 223 333 461 510 730 867 939 942
68  35 39 41 45 49 50 57 59 60 63 64 69 73 95 97 100 104 106 108 109 110 111 112 116 122 126 130 139 147 148 155 170 183 192 194 200 221 252 296 333 348 356 371 383 389 436 443 461 479 509 510 545 582 587 604 605 656 713 730 737 867 868 917 925 939 942 961 983
39  0 1 5 32 48 56 57 59 90 93 97 106 120 121 126 130 139 170 194 200 223 229 371 389 411 508 545 546 582 713 730 831 851 857 877 910 917 939 965
9  104 195 212 308 465 550 574 786 868
3  119 181 289
10  37 43 85 87 101 134 324 577 728 870
58  5 15 34 41 48 57 59 63 67 90 97 100 110 111 112 116 118 120 121 122 130 139 170 183 192 194 200 222 223 252 298 327 337 348 362 389 415 429 443 471 479 510 546 556 582 587 602 633 716 730 744 818 863 867 910 917 939 993
10  89 162 226 367 398 473 518 585 699 779
9  117 144 177 240 446 804 893 898 962
55  0 1 2 4 8 14 16 18 19 23 36 47 51 59 60 71 88 97 147 170 180 187 192 194 233 247 252 327 333 340 348 350 361 381 389 391 407 413 510 546 582 587 686 716 730 741 782 812 818 831 851 910 960 965 983
45  1 15 20 25 31 49 50 57 60 73 99 100 108 109 116 121 122 126 139 170 194 200 204 227 252 291 371 389 399 443 461 479 508 509 510 546 549 582 587 730 818 897 917 939 961
3  107 163 766
9  115 178 269 435 588 645 917 939 960
10  86 148 170 194 200 242 257 394 399 744
15  37 43 85 87 101 125 218 288 299 450 482 577 668 768 870
2  84 238
2  96 292
13  0 1 15 28 140 158 206 371 463 546 656 903 983
6  36 147 381 443 463 759
52  73 78 86 92 95 97 104 106 110 116 121 122 126 130 155 170 175 183 194 200 204 221 252 348 371 381 387 389 400 436 443 445 461 508 509 510 546 574 587 598 712 716 730 733 744 818 867 917 927 939 965 985
9  137 158 206 371 426 463 479 568 965
7  77 145 205 380 478 526 943
9  14 247 372 448 511 649 744 835 851
18  34 97 110 192 221 223 348 358 371 389 440 461 510 625 730 744 755 925
12  117 128 193 244 397 406 535 703 850 862 869 893
6  141 176 478 531 743 746
2  43 498
48  0 1 4 8 14 36 45 51 59 60 88 105 121 129 138 148 155 170 174 183 194 213 221 247 276 327 331 340 348 381 407 436 443 461 479 546 559 582 587 605 672 744 759 761 831 851 868 983
38  35 59 69 73 86 95 106 116 121 133 147 170 174 192 194 221 252 316 333 355 389 443 461 494 552 587 633 676 690 744 761 863 867 868 917 925 939 960
3  87 101 620
4  49 170 194 831
26  0 4 8 14 18 160 170 221 247 270 340 348 371 399 451 507 582 587 672 767 818 831 866 917 960 965
2  50 194
8  52 79 202 271 305 664 730 868
21  54 67 99 111 192 200 252 371 434 491 492 582 636 712 719 730 744 851 917 939 960
21  93 95 121 139 147 170 174 194 200 242 333 436 443 461 494 546 633 744 794 917 939
4  47 220 386 945
2  33 396
8  0 67 137 140 206 371 461 463
14  1 2 31 170 227 252 254 306 356 463 510 575 587 846
31  0 1 2 3 5 97 105 111 151 170 192 200 247 252 333 348 371 436 461 463 479 510 582 587 605 730 761 851 857 867 960
10  5 32 34 48 170 236 436 576 730 939
10  89 127 226 263 367 398 421 757 779 797
2  131 172
8  28 168 219 481 546 602 903 989
4  71 252 459 606
5  74 327 509 831 833
3  116 355 389
14  28 164 200 219 264 287 396 436 462 546 831 894 903 989
4  25 26 402 933
95  0 1 2 3 5 6 9 13 22 29 31 32 34 35 38 49 50 59 60 63 64 69 73 78 82 86 90 92 93 95 97 106 109 116 118 120 121 122 126 129 130 133 139 147 148 150 151 155 159 160 161 174 175 180 192 194 200 222 223 252 282 333 340 348 371 381 389 394 399 400 431 436 443 461 463 479 494 510 513 530 546 582 587 605 693 730 741 744 818 831 851 917 927 939 965
23  0 1 11 71 234 250 277 278 281 334 356 420 461 546 553 575 589 613 661 730 851 867 889
2  163 608
3  3 389 831
25  147 148 155 170 175 186 194 200 252 291 329 333 348 353 436 443 494 546 582 587 693 744 761 917 939
22  0 1 55 68 86 107 139 170 174 186 194 200 252 333 399 400 463 587 589 868 917 939
7  145 259 478 531 743 746 809
4  128 190 208 274
10  132 269 435 588 645 659 713 744 939 960
2  106 939
25  9 13 15 17 31 33 34 71 129 170 192 219 223 252 396 400 436 443 461 506 546 716 818 910 965
4  119 124 289 380
5  1 9 207 744 939
53  0 1 2 3 6 8 10 13 29 56 59 76 97 121 126 139 147 194 199 200 221 229 251 252 254 319 337 359 371 389 394 443 510 546 557 582 605 625 656 712 716 730 744 761 772 782 830 851 868 917 927 939 965
5  8 14 247 602 605
4  73 517 864 865
7  174 175 194 252 254 587 939
4  129 322 716 761
4  33 311 354 547
5  61 450 577 816 969
3  177 208 307
9  1 24 194 216 223 495 642 730 917
74  0 1 5 6 9 13 15 16 17 21 22 31 33 34 38 41 48 49 50 54 57 59 63 66 71 97 100 111 116 121 126 129 143 148 154 160 170 180 194 200 219 221 239 247 252 287 298 303 327 348 371 381 389 419 443 461 479 510 545 546 579 582 587 602 693 730 744 761 831 851 903 939 960 965
7  144 535 688 703 850 862 893
141  0 1 2 4 6 7 8 10 12 13 15 16 17 20 21 22 24 25 28 30 31 33 34 35 36 38 42 48 49 50 51 55 56 57 59 60 63 64 67 68 69 73 77 78 86 88 92 93 95 97 98 99 100 104 105 106 108 109 110 111 112 114 116 120 121 122 126 129 130 133 139 147 148 150 152 155 170 174 175 183 186 191 192 199 200 216 221 223 229 242 252 254 282 319 327 333 348 350 360 368 371 381 382 385 389 399 407 413 431 436 443 445 461 479 495 510 513 542 545 546 551 582 587 602 605 633 642 656 709 716 730 744 818 831 851 857 889 917 930 939 960
4  123 308 344 786
7  51 399 407 686 730 739 971
2  42 618
11  1 15 67 371 587 590 605 722 744 851 857
22  2 30 183 194 200 216 223 247 251 252 282 348 360 371 495 546 582 602 642 730 761 917
109  0 1 2 3 5 6 9 15 17 22 25 28 31 34 35 38 41 45 48 50 53 55 57 60 64 68 73 77 82 93 97 99 100 102 108 111 112 116 120 121 122 126 130 133 139 154 155 160 168 170 174 175 183 192 194 199 222 223 247 252 256 282 283 287 291 319 327 333 337 348 350 360 371 381 389 436 443 461 463 479 510 513 546 582 587 588 589 602 605 625 709 712 713 716 730 744 764 818 840 868 873 878 897 909 910 917 939 970 980
7  9 360 597 641 694 730 965
8  79 153 232 271 305 468 664 730
6  7 62 527 542 546 601
13  130 139 221 227 388 399 443 461 508 582 712 798 818
4  77 141 478 526
6  67 137 140 158 461 546
9  3 7 9 13 33 182 247 867 939
4  177 190 307 859
2  25 861
1  35
4  51 88 280 686
6  123 248 465 574 742 868
2  147 744
8  0 1 15 28 262 479 546 831
11  2 42 56 231 282 348 394 443 546 644 851
16  191 194 199 223 228 252 282 348 495 506 546 630 642 867 939 960
5  105 340 350 744 761
7  134 243 288 299 577 668 969
27  15 16 17 28 33 34 39 53 164 168 180 192 252 287 348 371 396 436 461 546 565 582 590 666 716 903 939
2  156 441
60  0 1 2 6 9 22 35 59 68 91 92 95 97 106 116 121 139 143 147 148 151 183 192 194 204 223 247 252 270 283 287 303 333 348 350 356 358 371 387 389 399 443 461 510 546 579 598 602 605 656 693 716 730 744 851 868 910 939 980 985
11  126 170 200 223 252 333 461 499 546 582 744
55  0 1 2 6 24 34 55 77 90 97 120 122 126 143 170 180 191 194 199 200 216 221 222 245 247 252 282 333 337 348 358 360 371 381 389 390 400 436 443 461 491 510 538 605 633 656 716 730 744 831 851 868 881 894 917
3  33 328 588
1  104
5  89 127 162 263 367
25  20 31 74 83 98 130 159 204 252 254 306 399 443 495 509 510 513 582 587 782 798 818 851 939 965
8  216 252 313 327 348 506 744 867
33  2 3 13 17 34 38 48 56 59 76 122 183 194 231 251 252 282 303 304 348 356 389 394 546 656 657 713 730 744 782 851 857 917
5  63 587 734 756 959
14  56 59 215 229 252 282 333 389 394 443 461 744 774 851
6  202 305 563 664 671 730
11  8 14 60 63 95 129 381 431 461 587 818
4  0 171 661 730
4  95 381 572 818
8  5 34 48 161 321 436 576 730
6  108 369 626 713 839 939
1  135
16  57 192 247 303 353 381 395 443 479 602 661 693 730 851 872 939
16  117 128 283 315 404 446 536 596 704 775 804 893 898 929 957 962
6  96 301 493 580 752 987
10  6 10 133 155 194 252 394 399 443 726
5  218 288 299 577 668
5  144 397 406 850 869
8  223 333 348 491 605 730 868 917
5  87 101 258 318 870
47  0 4 8 9 14 18 19 36 111 129 142 147 151 160 184 192 199 200 207 221 223 239 252 267 276 340 348 350 353 372 381 389 443 491 510 582 587 602 716 744 831 851 867 906 939 960 979
7  212 449 465 574 678 868 876
4  57 403 602 852
2  171 553
12  30 38 183 199 229 252 371 479 546 602 761 917
122  0 1 2 6 13 15 16 17 20 21 22 27 31 33 34 38 39 44 49 50 54 58 60 66 67 68 70 71 74 83 90 97 100 103 106 108 111 112 116 121 126 129 130 139 148 154 159 160 165 170 174 175 180 183 186 192 194 199 200 216 219 221 222 223 227 228 229 231 242 247 251 254 267 282 303 313 327 333 337 348 350 353 365 368 371 389 394 399 436 443 459 461 479 491 494 495 510 513 538 546 549 553 570 582 587 633 639 713 726 730 744 761 782 831 851 867 868 893 917 939 960 981
4  5 332 867 997
41  2 3 20 34 44 98 159 183 186 194 227 252 267 306 337 348 389 399 443 461 495 510 513 538 546 582 587 592 602 605 630 657 741 771 782 818 851 895 917 939 960
2  99 594
8  200 282 389 423 443 463 605 917
5  133 261 399 777 808
6  87 101 246 457 482 870
7  176 300 470 478 531 669 743
2  112 939
4  257 399 777 808
5  0 214 479 546 831
7  162 226 310 612 692 791 914
1  168
16  15 20 25 99 102 302 461 545 602 617 656 713 717 805 846 960
15  0 1 3 6 12 13 16 33 38 68 97 377 443 454 903
18  18 247 252 254 275 276 337 348 350 389 463 510 582 639 744 778 895 939
3  65 343 605
9  26 115 132 178 588 602 645 659 939
9  6 8 84 151 221 371 598 776 851
9  29 52 79 153 202 305 664 730 857
6  38 330 339 436 831 939
6  57 530 546 602 806 939
5  177 290 352 422 544
6  267 276 521 639 744 778
14  0 45 147 247 267 275 337 348 461 510 744 778 868 983
10  1 2 95 97 171 663 761 787 867 889
6  171 281 334 425 444 461
6  32 297 341 667 730 916
4  211 284 393 447
3  171 278 420
41  28 42 56 82 86 170 194 199 200 215 216 223 229 231 252 256 333 337 348 360 389 399 400 423 443 463 510 546 582 587 605 643 657 713 730 782 803 851 917 939 960
30  0 39 53 55 71 111 117 200 221 240 315 350 377 430 446 546 579 587 602 670 708 730 775 797 804 893 898 939 962 980
4  280 393 408 447
2  117 453
1  31
13  28 82 168 192 200 219 221 348 371 436 546 587 851
6  134 218 243 299 577 668
7  119 124 181 380 750 792 982
3  274 422 544
18  13 50 108 130 174 200 327 350 353 371 443 463 587 602 645 713 897 939
3  136 374 918
3  35 591 773
1  9
6  31 115 463 582 709 897
3  121 604 961
4  279 341 667 916
8  118 126 192 389 443 471 587 652
8  134 218 243 288 450 577 668 969
5  259 531 743 789 809
3  241 439 718
13  20 31 99 102 265 312 469 545 713 785 846 910 960
21  192 221 229 239 252 348 353 375 381 389 419 443 488 504 513 602 730 851 857 906 939
19  2 13 34 45 48 59 60 97 229 348 381 394 436 735 857 867 925 939 965
14  29 52 79 153 202 232 271 364 466 651 664 730 868 940
11  159 227 254 337 399 443 495 510 582 818 822
4  190 208 800 859
4  104 123 195 786
8  100 317 437 523 588 834 873 874
4  263 692 791 914
11  0 12 17 33 39 188 354 545 656 713 960
7  99 102 302 469 689 785 960
10  3 5 34 228 252 327 348 443 656 682
3  85 738 828
9  240 283 430 446 476 775 804 893 898
1  148
6  100 309 362 437 588 834
5  246 347 487 870 991
16  0 1 15 60 183 194 200 381 467 553 602 629 712 730 818 979
4  97 333 831 939
5  236 501 561 576 730
2  187 716
3  7 62 824
2  125 870
1  60
1  89
75  0 1 2 3 4 5 6 7 9 12 15 16 17 27 31 33 34 50 59 60 64 67 72 73 74 97 100 107 108 111 126 129 147 166 192 194 200 228 252 291 313 340 348 353 368 371 385 389 436 443 461 463 495 506 509 510 513 546 556 570 582 587 602 633 679 713 730 744 818 822 831 857 889 917 960
1  224
6  174 405 546 587 602 910
2  272 534
1  147
3  253 477 867
59  0 1 2 8 13 19 39 53 59 68 86 93 97 112 116 120 121 129 148 155 160 170 174 175 194 200 221 222 223 231 245 252 282 320 337 348 350 358 381 389 423 436 443 451 461 494 510 543 567 587 713 716 744 831 866 917 931 939 960
13  0 1 11 171 278 348 356 359 371 461 590 602 730
4  3 5 411 857
5  108 116 886 889 897
38  2 31 34 91 97 126 183 200 223 252 254 267 276 282 306 333 338 348 350 371 381 389 399 400 443 461 495 510 546 582 602 730 778 831 851 857 868 978
9  337 348 350 371 443 461 602 693 845
8  38 100 111 272 436 570 831 939
30  0 4 22 59 60 105 129 147 151 170 217 247 327 348 350 353 371 436 443 463 582 602 605 712 730 744 761 831 889 939
6  279 297 345 638 667 916
6  87 101 455 482 681 870
2  268 825
2  195 796
3  341 433 638
1  114
1  318
114  0 1 2 3 4 5 8 13 17 23 28 30 31 34 35 36 38 41 42 45 50 57 59 60 73 82 93 95 97 100 105 110 112 121 126 129 139 143 147 151 160 170 174 192 194 199 200 215 216 219 221 223 228 229 245 247 252 254 267 276 282 287 303 304 313 327 333 334 337 338 340 350 356 359 361 368 371 372 375 376 381 385 389 436 443 461 479 495 510 530 546 582 587 602 625 716 730 744 761 818 831 851 857 867 881 889 910 917 919 925 927 939 960 983
3  71 500 539
40  1 68 91 105 111 116 129 194 200 217 221 247 252 267 283 291 333 337 338 340 348 353 359 371 389 436 443 461 510 546 549 587 602 656 658 693 730 744 761 939
2  118 710
2  274 525
28  14 55 68 174 239 247 252 291 303 327 340 350 371 399 436 443 461 587 602 605 623 693 709 744 761 851 906 939
4  188 311 656 947
11  0 35 39 116 148 167 389 491 813 925 939
33  0 1 22 29 31 38 50 59 100 109 121 159 171 221 229 334 348 359 371 381 443 461 579 602 605 713 716 730 744 868 873 925 983
2  80 855
11  143 221 223 333 389 461 510 602 711 744 939
19  1 67 183 334 348 350 356 371 381 436 461 587 602 625 713 726 730 830 881
36  1 6 9 15 20 21 24 28 38 44 48 97 111 194 199 200 201 223 282 371 389 436 443 461 512 546 587 597 602 694 730 744 831 917 965 977
8  23 129 348 593 716 741 818 919
5  100 126 317 479 744
3  116 389 890
1  305
8  39 53 252 389 491 910 939 965
2  47 399
9  89 127 162 226 421 428 452 757 797
20  49 50 194 252 327 348 371 385 412 479 556 633 726 730 818 889 897 910 960 965
4  237 475 548 839
2  40 479
98  0 1 2 3 5 6 12 13 15 16 30 31 34 38 39 48 49 57 67 68 91 95 97 110 111 116 121 122 130 137 139 140 143 151 154 158 160 170 183 192 194 198 199 200 219 221 223 251 252 270 287 291 327 334 337 338 340 348 350 353 356 359 360 368 381 385 389 399 400 413 436 443 461 479 510 546 556 587 590 598 602 625 713 730 744 761 818 831 851 857 884 893 903 910 917 939 960 965
9  142 247 348 532 582 649 713 744 851
6  75 377 394 605 630 797
3  292 680 918
17  0 3 22 31 50 303 348 381 436 443 602 625 857 881 906 925 983
1  348
21  0 1 2 6 42 75 89 266 283 373 394 454 491 557 579 587 630 712 730 797 903
2  48 424
7  1 2 6 22 50 443 867
7  55 77 119 141 181 289 625
63  8 36 38 45 57 59 60 63 66 71 78 92 95 100 110 116 129 138 139 147 170 192 194 200 223 233 235 239 247 303 304 319 333 337 348 356 359 371 375 389 400 436 443 461 479 495 546 582 587 602 693 709 712 730 818 831 851 857 925 939 965 979 983
1  194
4  121 418 443 715
2  105 463
26  5 25 31 33 99 194 327 348 368 371 396 461 510 513 545 600 602 605 716 726 730 818 884 917 939 960
3  47 51 156
10  139 221 436 461 533 598 609 733 831 985
4  204 443 818 851
93  0 2 3 4 9 15 18 20 21 31 34 38 39 41 56 59 67 76 100 105 109 111 116 121 122 126 129 130 139 143 148 167 170 173 183 192 194 200 221 223 229 231 247 252 254 256 267 282 298 303 327 333 337 348 350 355 358 360 363 365 371 381 394 400 414 415 436 443 461 463 479 491 510 546 570 582 602 604 605 711 730 741 744 761 831 851 857 868 897 910 917 925 939
2  223 622
4  47 129 910 939
4  16 72 635 851
2  280 284
39  1 2 6 10 42 56 59 65 76 133 170 183 215 229 231 242 252 304 373 377 389 443 454 489 491 603 605 630 655 657 677 712 713 744 793 851 897 904 917
3  239 706 851
18  9 17 28 33 34 60 82 157 168 180 219 385 436 461 545 546 818 917
5  144 244 406 850 869
6  89 127 162 585 770 779
50  8 14 18 19 22 47 51 68 83 86 116 130 133 151 170 175 194 196 204 221 227 242 252 254 257 261 282 306 337 353 366 371 400 436 443 461 483 495 507 510 546 582 602 605 712 831 851 897 906 983
39  1 24 55 77 86 90 139 170 175 180 223 282 337 371 381 389 399 436 443 445 461 463 491 492 510 546 549 582 587 657 713 730 761 818 851 868 900 917 939
6  1 2 6 22 419 917
1  169
1  249
5  240 446 596 804 898
3  329 910 917
5  144 244 397 869 893
17  4 47 51 88 129 147 194 196 413 445 546 587 610 691 730 744 983
3  284 432 707
3  100 844 995
3  72 882 903
14  5 22 29 59 60 122 335 546 582 587 730 857 939 965
2  368 730
28  8 14 18 78 92 95 104 110 114 116 129 194 371 407 436 443 463 510 546 574 605 610 716 730 744 748 812 868
1  389
7  111 126 389 461 666 939 960
1  79
1  47
4  383 438 715 860
10  0 1 2 22 192 303 401 579 656 939
3  171 281 613
3  162 367 757
2  274 290
6  256 282 333 643 727 950
13  2 3 5 10 34 48 97 114 378 574 730 854 857
2  278 461
1  140
2  117 524
2  89 367
1  126
7  283 315 540 775 893 898 949
13  63 95 170 194 233 464 587 605 665 730 818 871 917
3  408 541 707
2  345 472
2  154 851
14  20 25 31 115 132 178 463 491 588 645 662 713 744 939
99  1 2 3 5 6 7 9 12 13 15 16 20 21 24 28 31 33 34 35 38 39 41 48 59 60 64 66 69 73 95 97 100 108 111 116 121 139 147 155 160 161 168 170 174 180 194 200 219 223 236 252 272 287 304 327 333 339 340 348 350 353 359 360 371 375 381 387 389 396 399 400 413 443 461 463 480 510 513 533 570 579 582 587 588 602 605 625 730 731 744 761 818 831 857 881 917 930 939 942
3  309 317 502
2  418 615
4  301 705 718 975
4  143 510 625 910
1  220
4  108 602 891 906
128  0 1 2 3 5 6 8 10 13 14 15 16 20 22 31 33 34 35 38 41 42 48 56 59 60 63 64 66 69 73 75 78 82 83 86 97 100 106 111 116 121 126 130 138 139 147 148 155 170 174 180 183 192 194 200 204 215 221 223 227 231 239 242 247 252 254 256 266 282 291 298 303 306 313 327 333 337 338 340 348 350 353 356 360 371 375 379 381 383 388 389 394 399 400 413 436 461 463 479 480 492 495 507 510 546 582 587 590 602 605 682 693 713 716 726 730 744 761 818 831 851 866 867 868 881 917 939 965
1  278
18  0 1 15 20 21 24 38 86 139 194 400 407 546 587 730 818 867 917
12  128 240 283 315 404 596 670 775 804 893 898 939
2  280 284
3  142 649 881
3  248 574 876
9  37 43 61 134 189 299 577 832 870
11  4 8 151 333 582 587 747 831 866 960 992
3  367 757 797
1  285
13  1 2 42 80 266 377 394 557 603 657 818 846 917
1  342
1  21
3  101 258 632
1  61
2  165 252
3  104 529 938
117  0 1 2 4 6 8 13 15 16 20 25 31 33 38 44 45 50 54 58 60 63 67 78 81 83 90 95 97 99 102 103 105 111 114 116 120 121 130 139 143 147 148 155 158 160 170 171 180 192 194 200 204 206 219 221 222 223 231 233 252 254 265 276 278 327 333 334 337 338 348 350 353 356 358 359 360 371 381 385 387 389 396 399 400 415 425 436 443 463 491 495 510 516 545 546 549 556 582 587 602 666 676 693 694 709 730 744 761 785 818 831 851 939 942 960 965 983
3  168 894 926
64  0 2 3 4 21 25 26 31 36 48 64 67 69 105 115 137 138 140 158 159 160 170 175 200 256 267 282 291 295 327 340 384 389 400 413 435 436 443 461 479 491 495 510 522 546 568 582 587 588 602 682 686 709 730 759 761 818 820 846 851 857 897 939 965
5  431 665 817 818 917
7  104 123 212 248 574 683 868
1  305
1  319
2  79 202
3  302 312 960
3  259 531 743
5  126 298 555 587 730
3  433 847 973
2  127 518
2  95 730
3  369 548 907
2  315 775
2  332 867
14  141 145 176 205 259 505 526 531 599 695 743 809 819 996
77  0 1 2 9 11 13 15 20 22 25 30 31 33 34 36 38 40 42 44 45 50 54 57 58 59 60 63 66 67 70 83 98 100 103 121 126 130 140 147 160 170 192 194 200 214 239 251 252 262 348 362 368 370 371 381 389 443 463 491 510 546 549 587 605 730 744 818 831 857 867 889 897 910 917 930 939 960
4  436 443 513 605
3  164 515 903
8  87 101 134 258 342 498 749 870
4  399 510 818 831
2  63 786
1  88
7  29 106 519 520 664 857 939
3  318 870 991
3  303 504 611
3  394 760 917
3  12 851 857
33  0 20 39 53 111 154 223 245 247 252 355 365 377 389 394 400 435 461 463 479 492 495 510 557 582 657 716 782 851 913 917 925 939
10  154 400 443 491 587 713 818 851 917 939
3  241 566 580
24  1 2 3 31 33 38 73 148 155 170 174 252 333 546 582 587 592 713 761 849 889 917 939 965
50  6 7 17 20 34 49 50 58 60 98 100 108 116 191 194 199 216 227 252 254 306 327 337 348 381 399 443 461 463 491 510 556 582 587 590 602 713 716 730 771 782 818 822 831 881 917 939 960 965 968
3  0 40 629
2  57 780
6  43 87 101 146 482 749
3  222 582 763
8  1 11 71 349 589 602 646 851
2  321 730
1  437
2  55 77
3  303 488 611
1  478
6  33 180 216 228 327 654
11  0 4 8 18 151 399 443 553 713 897 965
4  122 130 139 204
13  3 74 109 121 130 139 166 227 327 602 701 730 831
96  0 1 2 6 8 34 44 45 56 73 86 90 91 93 95 97 110 111 116 120 121 126 129 130 139 143 159 160 170 183 192 194 200 221 223 227 247 252 254 267 276 282 306 327 333 337 348 350 358 371 385 389 399 400 413 436 440 443 461 463 479 483 491 495 513 546 556 582 587 588 602 605 625 633 656 713 716 730 731 744 771 782 818 822 831 851 868 881 884 897 906 910 917 939 976 979
3  142 649 835
4  360 602 694 965
29  1 15 20 35 41 44 73 95 170 194 200 227 252 254 303 327 385 436 480 510 553 587 592 605 744 831 889 917 939
4  36 45 744 939
2  481 903
2  461 546
4  185 562 864 865
2  127 473
4  486 621 664 857
1  486
3  275 639 744
5  31 463 682 818 917
3  309 588 934
2  427 674
1  352
5  55 77 141 205 478
2  203 528
1  527
4  460 856 921 938
8  57 170 273 348 554 587 602 939
11  145 176 259 300 470 478 647 743 789 809 843
4  372 582 744 851
5  387 436 588 744 831
3  330 560 578
6  144 193 688 703 850 893
7  240 569 704 775 929 936 957
3  16 831 857
5  223 252 254 714 837
1  349
2  430 775
1  432
6  7 62 194 203 546 754
1  333
2  274 290
28  0 1 2 4 17 33 34 121 122 192 194 265 302 311 385 396 461 546 602 605 617 642 656 730 818 851 939 960
133  0 1 2 3 5 6 11 12 14 15 16 17 20 21 23 24 25 28 31 33 34 35 38 39 42 45 50 56 57 59 60 63 66 69 71 73 78 81 82 86 92 95 97 100 110 111 116 122 126 129 130 137 139 147 155 164 168 170 171 174 180 183 192 194 199 200 203 206 214 215 216 219 221 222 229 251 252 254 262 273 282 283 287 327 329 337 348 350 360 371 381 389 396 399 400 407 411 413 443 445 461 463 479 494 510 516 542 545 556 582 587 602 630 656 691 693 709 730 744 818 827 831 851 867 884 897 898 903 906 910 917 939 983
1  188
3  369 475 907
22  20 44 50 58 103 130 252 350 400 461 479 582 602 634 666 693 818 893 900 930 939 960
1  123
2  36 194
2  116 148
27  0 1 11 15 27 31 67 68 91 107 110 171 250 252 319 507 513 570 607 656 730 758 897 917 930 963 984
3  530 640 939
4  471 571 587 730
23  0 1 126 327 368 371 461 495 510 546 582 587 602 633 676 713 726 730 744 818 851 897 965
27  0 3 10 15 22 25 28 31 42 56 59 183 377 454 491 581 630 656 713 730 831 846 880 906 917 925 939
4  8 582 915 958
1  147
4  534 578 948 999
2  321 586
1  517
1  232
3  94 901 953
1  219
2  493 628
2  59 333
4  140 463 897 965
6  536 704 775 804 929 957
23  0 15 27 31 67 100 107 111 252 327 339 389 436 553 573 587 607 713 730 731 831 910 939
3  555 730 923
2  235 795
10  100 108 570 607 713 730 731 831 910 930
23  0 4 8 18 78 95 97 104 106 114 123 139 212 248 413 424 449 465 683 730 742 744 868
6  1 11 159 171 790 851
5  34 161 236 321 730
16  37 43 61 101 125 134 189 218 243 288 299 450 668 781 870 969
2  534 560
21  0 1 9 24 192 221 283 356 377 419 436 587 602 605 730 744 867 881 894 917 930
2  241 493
2  557 994
118  0 1 2 3 4 5 6 8 17 19 20 22 25 29 32 33 34 35 36 38 48 54 56 57 59 60 64 67 73 83 90 99 100 115 116 121 122 126 129 130 147 151 154 160 170 174 183 192 194 199 200 204 219 222 227 247 252 254 267 282 295 306 327 337 340 348 372 381 389 399 400 411 436 443 451 461 463 491 494 495 499 510 532 546 549 556 558 587 602 605 649 657 666 686 709 712 713 730 744 747 761 763 767 782 798 818 831 851 866 893 906 910 915 917 925 939 960 968
4  56 624 823 885
5  97 831 867 887 960
5  89 127 398 745 779
1  561
125  1 2 6 8 9 13 15 16 18 19 20 21 22 24 25 26 27 28 31 34 37 47 51 54 55 60 63 64 67 73 78 81 86 92 93 95 97 112 116 121 126 129 130 139 147 148 151 159 160 170 174 175 186 192 194 198 200 227 230 233 247 252 254 282 283 287 291 298 327 329 333 348 350 353 359 360 371 377 381 400 407 411 431 436 443 445 451 461 463 471 479 492 494 495 510 513 530 546 555 556 570 579 582 588 602 605 607 645 649 713 716 730 744 818 831 851 881 884 897 910 917 939 960 968 969
39  3 6 9 15 20 22 25 26 31 33 41 95 97 100 115 116 132 178 200 224 269 309 317 435 436 463 510 523 533 587 602 645 649 744 818 851 917 939 969
13  1 9 68 171 175 200 500 613 627 646 736 851 970
18  0 1 67 198 219 334 371 443 495 602 679 713 721 730 744 761 851 968
1  293
8  3 254 494 513 771 831 917 939
1  361
1  255
2  83 838
5  240 404 446 898 939
4  201 360 602 965
9  139 221 270 371 387 716 730 818 851
3  478 695 996
4  385 602 675 697
1  203
115  0 1 3 8 11 14 15 20 28 30 31 36 38 54 55 57 58 59 70 71 86 97 108 115 126 164 184 192 194 199 200 221 239 247 249 251 254 265 269 273 283 291 303 319 327 329 334 337 338 340 348 350 353 356 358 359 360 371 375 381 385 389 399 436 442 443 461 463 495 500 509 510 512 530 545 546 549 556 579 582 587 588 590 597 600 605 630 645 649 657 661 693 709 711 713 730 744 782 818 831 851 857 867 889 894 897 903 906 910 917 930 939 960 965 969
7  394 454 630 648 657 744 896
3  121 296 389
90  0 1 6 8 10 13 14 15 16 18 21 22 35 39 50 60 64 65 67 69 73 75 86 93 97 108 116 121 147 160 170 183 184 194 198 200 221 223 245 254 256 268 282 340 353 356 373 385 389 394 399 413 431 436 443 479 480 510 513 545 579 582 587 602 630 645 657 660 662 711 713 716 730 741 744 761 812 818 831 851 857 867 881 917 925 930 939 960 968 983
1  165
12  0 15 553 570 573 587 713 730 731 831 910 968
1  172
1  387
3  407 413 744
2  488 504
4  263 692 791 914
3  171 420 589
2  12 723
3  438 673 810
1  95
2  265 545
1  197
1  33
3  101 149 650
2  519 664
1  390
2  353 761
1  583
33  0 1 6 11 12 31 33 36 38 41 45 50 55 71 97 143 183 200 348 359 371 375 380 436 440 510 726 730 731 744 818 831 917
2  237 939
1  589
1  566
5  0 40 319 496 730
21  2 3 42 216 254 373 377 394 546 557 602 603 605 648 657 693 711 744 797 831 939
4  18 769 848 902
1  457
24  15 49 69 73 93 95 116 126 148 155 194 223 252 327 368 510 556 730 818 831 851 863 867 909
3  549 956 960
1  392
2  154 712
2  52 664
3  341 345 888
5  252 267 275 521 744
2  554 939
2  201 965
7  191 194 199 216 545 730 971
2  282 423
2  215 851
21  25 26 67 115 132 178 269 291 435 587 588 602 605 649 657 662 713 744 818 917 939
4  9 500 589 851
3  531 743 843
4  603 630 657 744
19  14 27 142 372 448 511 582 587 588 602 645 713 716 720 744 831 851 881 917
1  620
2  305 868
2  298 698
2  54 765
1  506
2  394 793
51  0 1 2 3 6 15 20 22 24 25 29 33 34 35 59 67 78 86 91 97 110 111 116 121 137 183 194 221 223 229 265 311 313 350 354 419 510 545 546 553 557 713 730 744 771 802 846 857 910 917 939
29  8 76 229 254 282 394 400 454 491 582 602 603 605 630 645 648 666 713 716 730 782 818 851 857 894 910 925 939 960
2  350 939
3  178 269 939
5  10 50 65 605 730
11  0 171 234 239 602 693 713 730 782 883 939
8  0 1 67 435 605 645 713 917
5  2 277 761 787 867
17  2 22 29 52 79 153 202 232 271 305 486 519 621 637 671 730 857
6  431 464 817 818 871 917
11  219 415 461 549 582 657 713 831 851 939 960
4  279 297 341 916
7  134 218 243 288 299 577 969
1  259
5  283 446 775 939 962
2  232 664
11  0 8 14 88 147 151 730 761 783 829 960
1  615
1  524
2  600 697
4  148 461 556 744
4  394 702 744 904
3  248 868 876
14  0 1 2 7 12 38 62 67 111 327 590 744 801 831
1  374
2  342 700
12  3 5 32 313 443 463 522 730 818 831 881 894
2  465 574
1  17
2  53 952
15  4 8 19 47 51 88 129 196 211 463 582 713 730 910 930
5  37 61 768 875 969
4  193 535 850 893
1  312
4  148 744 821 863
11  0 1 4 8 19 47 407 546 827 884 897
5  263 310 612 791 914
24  1 11 38 57 91 170 174 192 221 239 338 350 353 381 443 461 546 549 602 630 661 709 851 939
6  201 360 461 512 842 965
4  478 599 809 996
1  10
2  600 675
1  652
1  127
1  681
2  509 730
2  677 744
9  96 113 117 144 193 535 804 850 893
7  240 536 569 775 804 929 957
1  439
2  395 851
2  408 432
1  283
19  16 95 194 200 295 353 381 461 463 546 582 602 693 730 807 818 906 925 939
2  118 351
8  358 389 602 605 630 744 857 939
25  1 2 6 14 54 60 89 139 154 183 200 204 319 340 377 381 394 399 582 636 730 761 831 917 939
77  0 1 3 4 13 15 18 33 38 45 50 59 60 99 108 121 122 178 200 229 237 252 265 282 291 302 311 327 333 356 359 371 372 394 400 435 443 492 494 495 507 510 556 557 570 573 582 587 590 602 605 607 645 649 656 657 661 662 666 686 716 721 730 731 744 761 818 831 846 851 868 881 910 917 939 960 968
1  538
3  383 418 858
59  1 2 3 5 15 20 24 25 26 31 42 56 59 60 92 100 104 109 116 126 129 139 180 183 187 194 200 219 221 223 247 322 333 348 356 361 385 413 443 491 495 510 587 598 605 649 657 713 721 730 744 761 818 831 851 868 917 939 965
3  99 265 960
2  301 439
8  0 1 54 67 154 851 924 960
2  649 744
8  590 713 716 730 761 818 899 917
3  198 744 836
2  12 614
1  82
1  44
21  1 12 25 46 67 95 115 242 252 359 368 385 443 556 625 730 731 873 881 889 927
2  423 950
1  125
8  0 1 73 730 744 801 864 917
190  0 1 2 4 5 6 8 9 11 13 14 15 16 19 20 21 22 24 25 29 31 32 33 34 35 36 38 41 45 46 48 51 52 57 59 60 63 67 69 71 73 78 86 88 90 91 92 95 97 100 108 110 111 116 120 121 122 126 129 130 139 143 153 154 160 161 170 171 183 191 192 194 196 199 200 201 202 221 223 229 232 234 236 239 245 252 271 279 282 283 303 305 319 321 327 334 337 340 348 350 356 359 360 368 371 377 381 385 389 400 407 411 412 413 424 431 436 443 445 461 463 471 474 479 495 501 509 510 545 546 553 555 556 557 570 571 573 574 576 579 582 587 590 598 602 605 607 625 629 633 642 656 657 660 661 664 672 682 686 701 709 712 713 716 721 726 729 731 744 761 783 801 818 831 846 851 857 867 868 897 910 916 917 925 930 939 962 965 971 981
21  1 11 13 50 93 436 510 570 573 607 625 713 726 730 744 818 831 846 889 910 965
2  50 109
4  78 139 387 985
1  230
3  13 304 857
1  589
4  106 121 868 976
3  85 314 828
1  196
4  8 761 814 937
9  2 129 170 254 361 389 605 744 983
3  212 574 912
10  145 176 259 300 470 478 531 647 809 843
156  0 1 2 3 4 6 8 9 11 12 13 14 15 16 18 20 22 25 27 31 33 34 35 36 41 44 48 49 50 60 64 67 73 88 93 95 97 99 100 105 109 110 111 126 133 139 142 143 147 148 154 155 170 174 178 182 183 192 194 198 200 213 217 221 222 223 228 229 231 247 252 267 275 276 327 333 340 348 350 353 356 358 360 362 371 372 389 394 407 413 435 436 443 461 479 510 513 514 521 532 533 546 556 574 579 582 587 588 590 602 603 605 610 625 630 639 645 648 649 656 676 677 679 690 702 711 713 716 720 722 729 730 731 741 761 771 782 801 818 831 840 851 863 867 868 906 909 910 917 925 927 930 939 960 965 983
1  585
2  145 176
5  451 582 761 798 831
3  104 413 868
5  482 498 751 799 870
1  289
2  749 799
5  53 96 113 241 866
2  43 966
2  542 922
1  143
1  230
6  162 367 421 452 779 797
2  553 963
5  36 138 147 463 761
2  489 917
61  2 8 14 16 35 60 97 105 147 148 160 174 183 187 192 199 217 251 252 277 340 348 350 353 371 389 400 436 443 461 463 494 582 590 605 623 663 672 712 713 716 721 730 740 744 747 759 782 783 787 818 831 846 851 867 881 917 925 939 960 965
1  97
2  499 582
2  200 954
1  653
3  107 131 846
5  0 4 151 582 818
7  15 21 37 43 134 687 969
3  631 848 902
2  398 779
11  2 6 34 254 495 510 592 656 744 917 939
3  8 13 183
1  293
1  231
14  240 283 315 430 446 476 536 540 569 670 704 898 929 939
3  270 851 910
2  257 261
4  267 275 276 337
7  89 127 162 398 585 757 770
2  57 497
2  577 870
29  2 6 15 20 44 129 183 227 229 252 254 282 491 495 510 582 602 657 661 744 761 798 818 831 851 867 892 939 960
7  8 14 672 730 761 801 818
2  117 955
7  99 102 302 312 461 960 981
11  60 63 78 92 104 116 123 195 308 484 868
3  277 663 761
1  48
2  300 531
3  1 575 851
5  263 310 612 692 914
2  289 982
2  394 655
2  155 917
1  572
1  344
10  75 89 162 283 367 373 377 452 630 757
7  204 227 582 747 782 831 892
2  749 751
1  307
7  679 729 730 744 783 818 846
1  656
1  282
14  117 128 240 283 315 404 446 569 703 704 893 898 929 939
2  265 960
1  273
4  16 709 925 939
2  257 261
7  176 300 478 531 695 743 843
1  615
1  31
3  129 413 605
1  355
3  8 740 866
2  91 984
2  61 189
3  464 665 818
113  0 1 3 5 9 12 15 16 20 25 28 31 32 33 34 35 36 42 49 50 57 59 63 69 71 73 88 90 95 99 106 116 126 129 130 139 151 170 180 194 200 204 227 233 235 254 306 319 327 348 361 368 371 381 385 388 396 400 431 436 443 445 454 461 463 464 479 483 492 495 510 522 545 546 549 556 582 587 588 598 602 605 625 633 645 657 665 682 709 713 716 721 730 731 744 761 767 782 783 801 817 831 846 851 867 905 910 917 925 927 939 960 983
2  478 932
1  463
3  690 863 909
5  306 327 495 510 831
1  583
1  323
1  343
1  107
3  546 691 897
2  314 738
2  672 960
2  183 359
129  0 1 3 4 7 8 11 14 15 16 20 23 27 28 31 36 38 42 48 49 50 59 60 62 63 66 67 68 69 78 81 86 91 97 100 107 108 110 111 112 114 116 122 129 147 150 151 166 168 170 173 192 194 214 223 247 252 262 272 320 327 333 337 339 340 348 360 371 381 387 389 399 436 443 451 461 479 483 495 509 510 513 533 537 546 557 570 573 582 584 587 592 602 605 607 625 630 633 649 666 679 682 712 713 716 730 731 744 747 761 782 798 818 822 846 851 854 857 867 881 897 903 906 910 917 925 927 939 960
3  37 61 450
1  166
3  100 309 317
2  142 511
1  722
1  538
2  83 595
2  237 369
4  38 97 200 744
2  13 33
1  694
4  531 647 743 809
2  100 409
1  338
36  0 1 2 20 25 27 31 33 42 56 67 80 99 102 107 159 265 302 454 463 557 656 713 730 731 761 766 801 818 831 851 854 867 906 917 925
2  472 964
3  631 769 902
5  494 889 917 920 939
9  144 193 244 397 535 688 703 869 893
135  0 1 2 4 5 6 8 9 11 12 15 16 20 21 27 34 36 38 47 48 50 54 55 56 57 59 65 67 76 77 83 86 90 91 97 98 105 116 122 129 142 147 154 160 170 171 183 192 194 198 215 221 223 227 229 231 239 247 252 254 270 282 287 303 337 348 353 371 372 381 388 389 392 394 395 399 400 434 443 461 463 490 491 492 500 510 532 545 546 556 575 582 587 588 589 590 598 602 605 633 644 646 649 657 666 693 706 713 716 719 730 744 761 776 782 790 818 831 846 853 854 857 867 871 881 884 906 910 917 924 925 927 939 960 981
1  249
8  1 11 851 854 857 906 925 983
11  2 424 831 846 851 853 857 867 884 906 925
4  2 80 357 944
3  529 921 938
74  0 1 2 3 5 6 7 8 9 11 12 13 16 18 22 29 33 36 38 39 45 49 50 59 60 100 117 122 160 194 198 229 271 303 304 327 335 337 348 371 375 381 389 411 424 436 463 479 486 490 519 537 602 605 656 657 664 711 730 735 831 851 853 854 867 871 881 894 906 910 917 925 930 939
1  715
2  208 307
1  418
3  15 25 209
2  144 193
8  126 148 633 690 744 821 867 909
7  60 64 73 86 185 517 729
3  73 185 517
15  4 8 16 35 53 60 64 75 151 333 443 451 582 752 814
77  0 1 2 3 5 6 7 13 20 22 31 32 33 34 35 49 50 56 57 59 67 73 95 97 100 108 120 121 126 139 148 160 171 207 216 228 247 252 253 277 304 332 348 379 443 445 477 479 546 579 584 602 605 633 663 730 744 761 782 818 831 846 851 854 857 863 871 881 884 894 909 910 917 925 930 939 960
56  0 1 6 9 18 22 29 52 59 60 63 69 78 79 91 92 104 106 121 123 147 148 153 175 183 200 212 221 223 245 248 252 276 305 337 356 389 400 413 443 465 510 574 651 678 713 716 730 737 744 748 786 910 917 939 976
6  144 244 397 406 850 893
18  37 61 87 101 125 134 246 258 318 324 342 450 482 487 577 749 781 991
14  29 31 52 59 69 95 431 665 851 857 867 881 894 917
1  239
17  15 20 21 25 31 99 100 111 200 309 356 726 875 881 909 917 983
1  309
4  21 37 687 873
3  248 449 678
1  122
3  55 77 200
1  93
1  557
29  223 348 359 375 436 443 448 495 510 579 587 605 649 682 713 726 761 831 851 857 867 871 873 894 906 909 917 927 939
2  410 903
2  661 939
13  371 385 510 546 587 691 851 854 867 894 897 917 960
1  583
2  336 889
3  97 584 960
1  638
28  0 1 2 39 59 95 97 108 114 116 171 194 277 327 336 340 348 368 479 494 513 602 726 731 849 886 917 920
1  363
1  442
2  782 798
38  1 2 6 12 13 16 33 39 59 84 95 96 113 117 128 144 193 240 252 283 315 371 406 430 446 535 549 582 688 703 804 850 869 898 929 939 962 974
20  15 24 28 38 168 223 462 579 602 657 682 857 867 871 881 884 903 906 917 939
5  1 2 42 254 267
1  603
48  0 5 9 11 12 13 16 31 33 39 49 50 56 57 86 93 107 108 116 130 200 291 295 336 368 389 394 399 463 479 507 510 546 553 556 568 587 602 691 730 827 831 884 906 910 939 965 983
16  117 128 240 283 315 404 430 446 546 596 775 804 893 929 939 983
2  721 917
3  400 549 939
2  564 953
3  631 769 848
26  0 1 15 16 28 31 39 72 116 137 164 168 192 219 266 371 377 410 481 515 546 602 831 882 894 965
3  10 394 677
2  818 939
29  0 247 303 353 375 399 442 510 546 557 582 602 709 744 831 846 851 853 854 857 881 894 897 910 917 925 939 965 983
2  475 548
2  13 97
13  97 200 633 744 821 863 867 873 881 917 930 939 967
63  0 1 2 6 7 13 15 22 41 49 50 57 60 100 108 122 126 129 180 200 221 302 329 348 365 368 371 389 391 405 440 479 510 546 570 573 582 587 602 607 656 657 686 713 730 731 744 776 818 831 851 857 867 868 897 906 917 925 930 939 965 981 983
2  7 988
2  742 935
2  39 491
5  263 310 612 692 791
3  558 582 972
6  32 279 297 341 667 730
142  0 1 2 3 5 6 7 9 12 15 16 20 21 24 30 31 33 35 38 42 44 45 56 59 60 68 69 73 83 86 90 95 97 99 100 106 111 115 116 121 122 126 130 132 139 148 151 154 155 170 174 175 183 191 194 199 200 223 229 245 251 252 254 256 282 327 333 348 360 371 385 389 394 396 400 401 405 431 436 443 445 454 464 479 489 491 492 494 495 510 513 522 546 553 557 579 582 587 588 592 602 605 625 645 649 656 662 665 712 713 716 721 729 730 744 760 761 771 794 818 831 846 849 851 857 867 868 871 873 881 884 889 894 899 906 909 910 927 930 939 960 967
2  292 374
4  348 361 939 990
2  849 889
3  529 856 938
1  754
1  571
2  719 851
48  1 2 3 6 7 13 22 35 45 69 71 95 100 106 121 143 148 304 348 355 356 375 381 389 491 557 582 605 657 709 730 744 761 807 818 831 846 851 853 854 857 867 906 910 930 939 965 983
1  462
22  0 1 21 22 24 29 33 42 59 139 170 183 348 726 744 818 831 851 881 917 939 960
2  22 29
12  39 117 240 536 569 704 775 804 893 898 939 957
32  0 1 2 6 7 13 33 92 95 116 194 436 479 549 553 573 579 602 605 686 730 744 857 867 909 910 917 925 939 960 965 967
1  333
1  819
1  169
1  523
1  912
1  536
2  8 740
4  460 529 856 921
194  0 1 2 3 6 7 8 9 10 13 16 18 22 25 26 33 34 35 36 38 44 45 48 50 53 55 57 59 60 63 64 66 67 68 69 73 75 86 90 91 95 97 100 106 108 111 112 115 116 118 120 121 122 126 130 132 139 148 154 155 161 170 174 175 178 179 182 183 186 192 194 200 207 216 219 221 227 237 239 247 252 254 260 267 269 272 273 282 283 291 303 304 320 333 339 340 348 350 353 355 358 365 371 381 385 389 391 400 411 415 419 435 436 443 446 461 463 479 486 491 492 494 495 510 513 514 530 545 546 549 554 557 570 582 587 588 592 596 602 605 626 630 640 645 656 657 658 659 661 666 670 693 709 711 712 713 716 730 744 761 771 775 782 804 807 818 831 849 851 857 867 868 881 883 893 894 897 898 900 905 906 909 910 917 919 925 927 929 930 942 960 965 967 998
1  305
1  73
10  2 9 120 121 436 461 939 960 965 998
1  141
1  855
2  47 156
3  42 56 59
1  354
1  560
1  430
2  423 727
2  20 98
1  685
2  564 901
1  764
1  784
1  634
5  240 536 569 704 929
1  558
1  230
99  0 1 2 3 4 5 6 7 8 13 14 15 18 20 22 25 31 33 34 38 39 41 44 48 49 54 67 73 75 86 97 99 102 111 115 129 132 148 151 154 160 178 192 194 216 247 252 254 265 282 302 311 312 327 333 348 368 371 385 415 451 461 469 479 495 545 549 582 584 587 602 605 634 657 666 672 713 717 719 744 761 782 785 805 818 829 831 851 867 884 887 917 927 930 939 942 965 981 998
5  22 35 121 130 296
7  0 128 240 283 670 730 893
3  15 553 758
1  847
60  0 1 13 15 16 32 33 53 60 92 95 97 110 122 129 139 140 151 170 180 183 192 201 227 304 360 365 368 371 381 411 443 461 463 494 495 507 512 556 568 597 602 641 694 716 730 731 744 761 897 903 906 910 925 930 939 942 960 983 998
1  753
4  909 917 930 939
7  495 582 587 590 605 607 713
15  25 26 37 61 115 189 218 299 577 587 588 602 668 687 768
2  200 589
3  196 642 730
1  915
1  472
2  84 893
1  439
5  0 106 510 737 868
3  15 25 360
1  337
6  0 116 247 319 381 510
5  22 97 200 221 283
11  0 25 102 111 252 730 785 851 910 960 998
2  289 792
34  0 1 14 23 51 71 100 116 121 129 137 147 276 348 356 375 381 399 407 461 546 605 741 744 818 853 873 897 898 906 910 925 965 998
4  91 107 553 815
4  139 221 387 733
3  20 44 58
3  53 96 241
1  911
4  15 28 164 168
1  919
3  318 487 870
1  451
2  110 126
1  581
2  100 409
3  478 599 695
1  253
7  115 939 942 960 965 981 983
1  560
