1000
13  32 259 266 280 368 384 389 535 573 681 682 783 986
14  43 57 96 151 167 208 235 321 347 382 407 410 861 905
9  52 252 259 338 440 559 837 947 955
10  349 358 426 534 616 744 772 905 927 993
8  113 126 236 290 496 658 801 827
13  48 64 238 298 332 694 799 825 884 910 935 943 982
10  264 387 421 494 515 739 832 913 947 980
12  89 124 182 184 210 223 386 465 483 578 809 955
8  200 445 462 486 804 813 830 902
9  157 168 274 338 549 563 642 911 930
14  69 155 182 186 247 260 383 398 451 516 643 792 875 891
12  64 112 170 193 293 308 504 567 611 778 780 898
10  22 238 285 387 398 407 598 638 640 955
13  150 265 278 297 301 313 445 511 689 787 827 852 994
10  149 196 201 346 433 575 679 754 884 999
9  22 30 65 185 214 398 512 856 873
10  193 240 401 410 591 728 843 850 870 872
13  20 144 272 493 683 704 732 746 760 823 828 879 906
7  113 216 648 654 710 734 816
8  241 574 582 588 619 726 763 938
9  17 145 151 155 166 396 435 446 900
8  83 210 240 358 459 672 784 927
16  12 15 121 134 220 255 348 471 519 525 531 560 663 703 744 903
6  238 283 446 600 626 987
9  67 144 534 684 737 752 877 894 942
9  32 337 388 636 666 750 845 886 982
12  67 121 354 358 411 424 427 583 611 775 893 943
11  151 401 574 611 618 666 678 688 782 822 837
8  226 258 446 531 567 616 636 875
6  47 61 181 222 261 628
7  15 197 267 385 466 505 607
12  291 310 315 359 502 581 661 784 846 939 948 952
10  0 25 227 284 453 556 564 740 785 867
9  156 265 316 444 460 554 638 677 851
12  62 333 371 415 418 440 450 470 608 688 736 979
3  123 296 430
9  121 184 310 447 506 736 886 947 955
12  46 216 237 245 263 301 460 701 716 775 958 989
10  47 107 113 124 138 214 562 679 722 901
6  180 366 398 498 592 935
10  121 177 187 255 273 422 425 451 711 961
10  139 146 158 286 554 571 846 955 972 997
13  46 128 198 255 278 354 371 480 644 709 888 979 983
8  1 102 345 405 439 511 687 996
7  45 212 342 560 612 637 842
10  44 97 240 283 407 568 640 683 863 890
13  37 42 237 313 593 708 727 731 761 804 894 988 989
11  29 38 398 399 416 456 537 636 780 859 962
10  5 319 404 455 468 672 731 753 790 850
8  113 175 458 557 681 882 965 971
8  148 177 406 432 445 450 591 768
10  133 213 375 693 741 779 825 873 909 973
10  2 93 105 120 135 141 269 360 632 888
12  147 158 223 302 344 397 399 411 432 452 475 780
11  278 305 328 411 448 542 567 577 581 707 876
10  201 202 224 246 480 505 563 626 766 943
12  63 95 119 428 510 546 623 635 700 825 857 933
17  1 60 100 224 339 369 395 406 449 622 663 669 694 708 886 959 989
12  229 350 413 525 591 670 704 740 776 847 849 948
8  231 275 316 499 559 619 726 777
8  57 70 217 250 298 553 614 843
5  29 418 650 671 999
10  34 271 276 281 511 522 553 734 779 908
12  56 134 150 197 290 351 352 353 590 772 804 959
5  5 11 76 501 529
10  15 99 223 473 503 621 638 713 788 854
3  199 664 909
11  24 26 80 105 203 605 631 696 731 805 879
4  133 278 636 902
8  10 315 327 331 701 711 788 959
11  60 71 142 313 405 423 466 684 720 796 957
12  70 125 303 308 356 511 540 541 610 641 666 791
6  274 294 369 384 728 921
9  345 372 498 538 549 559 615 830 988
15  122 202 277 488 511 512 595 609 711 724 745 780 812 836 848
6  264 297 306 414 720 743
6  64 316 552 651 686 989
6  259 323 424 597 643 814
5  253 540 717 930 944
6  197 325 493 709 718 778
9  67 129 259 468 522 604 838 892 975
7  137 298 385 388 426 468 648
11  207 357 527 635 673 702 768 792 911 921 956
14  21 175 238 285 405 509 515 524 616 667 731 894 951 972
11  109 141 218 258 388 420 555 620 706 753 842
14  245 354 407 527 710 716 729 740 788 792 807 858 884 929
7  165 303 496 513 516 828 845
14  99 129 240 325 377 412 650 678 712 724 761 855 970 975
4  312 534 631 863
12  7 98 164 231 568 571 579 660 737 759 765 890
12  116 302 390 470 540 542 556 561 648 734 798 998
14  149 524 564 659 735 793 796 870 914 916 933 948 964 997
7  198 285 566 731 834 852 981
9  52 230 314 521 580 586 647 674 886
10  101 205 353 581 711 786 896 925 983 993
8  56 160 218 313 358 661 843 924
1  1
11  45 157 222 462 484 580 589 604 759 790 827
9  89 268 327 399 815 841 924 967 997
13  65 87 100 125 141 147 159 215 219 240 365 367 722
6  57 99 115 585 796 867
10  94 182 333 502 531 662 664 674 683 943
12  43 115 127 272 305 374 518 547 624 683 733 876
7  178 194 396 505 632 816 962
4  724 788 868 878
10  52 67 199 417 580 591 637 656 736 771
11  123 127 211 256 270 287 310 383 508 633 657
12  38 152 185 248 366 412 549 555 889 904 914 998
12  129 146 334 341 408 429 430 480 584 768 795 976
19  84 136 299 362 367 426 437 457 513 538 706 715 763 767 800 806 897 909 960
5  349 596 623 649 809
11  290 344 434 467 536 568 615 670 719 760 943
10  11 140 160 305 331 354 358 548 736 964
11  4 18 38 49 229 256 670 820 835 854 899
12  133 250 271 283 365 386 457 477 779 851 932 951
12  100 102 173 199 340 650 697 806 841 916 933 988
10  90 133 164 375 408 623 660 677 696 971
9  252 379 503 570 582 770 832 848 923
8  174 176 396 455 525 597 678 996
8  56 124 751 795 846 876 925 959
7  52 168 265 278 338 778 915
12  22 26 36 40 262 379 451 553 591 603 678 770
5  74 145 152 794 889
9  35 106 257 348 351 498 827 942 977
24  7 38 119 141 221 321 418 466 522 523 590 660 663 723 749 774 829 843 857 898 924 933 939 941
7  71 99 561 653 722 888 922
7  4 156 158 354 375 443 960
11  102 106 476 488 588 667 749 833 944 953 992
7  42 358 549 653 664 771 844
11  80 87 108 132 215 300 388 540 731 770 956
6  203 280 385 533 609 989
9  218 286 315 327 434 580 672 853 914
13  129 253 276 289 306 310 394 423 620 642 698 761 952
18  51 68 114 116 173 174 184 312 314 338 413 606 668 830 833 885 899 974
11  22 63 450 534 541 560 643 697 711 851 861
8  52 225 295 325 346 548 790 995
12  109 189 223 336 531 645 714 716 745 853 881 966
11  81 227 262 317 324 486 582 591 750 840 870
7  38 180 232 390 526 534 591
7  41 184 258 268 688 748 873
14  112 222 260 288 304 376 445 506 554 697 802 884 906 999
13  52 84 99 124 307 420 538 708 714 732 740 921 942
7  70 202 444 477 492 693 697
8  170 176 594 622 624 884 960 981
13  17 24 268 284 411 483 518 558 608 768 799 844 912
14  20 122 198 277 297 378 430 466 595 612 624 688 703 963
10  41 108 439 441 466 549 623 706 758 814
14  53 99 281 284 440 449 504 515 687 787 868 888 896 985
12  50 248 330 364 435 493 634 712 743 866 953 965
11  14 91 175 400 412 445 665 674 843 930 993
16  13 63 153 186 486 561 592 596 691 725 731 735 764 767 794 890
14  1 20 27 251 352 396 426 564 567 692 799 809 921 994
9  107 122 166 283 332 472 499 712 870
10  150 276 320 389 661 677 702 712 741 981
5  216 240 595 783 823
7  10 20 305 393 430 691 805
8  33 126 178 200 276 291 602 968
9  9 97 192 433 471 488 637 730 846
14  41 53 126 186 311 398 431 445 473 516 670 855 866 900
10  99 196 256 304 357 641 642 706 861 992
17  95 112 168 180 192 317 323 431 458 507 581 762 789 800 815 834 847
9  196 204 559 625 639 670 750 905 915
8  224 295 350 451 495 749 922 995
12  173 268 595 630 677 688 731 767 797 856 868 904
7  89 116 321 372 427 836 910
6  86 348 404 560 586 893
6  20 152 167 458 603 749
10  1 166 245 246 352 525 687 749 805 815
9  9 120 160 443 631 746 790 860 993
12  294 384 388 391 605 610 706 730 810 882 942 943
13  11 143 234 416 477 497 621 645 780 792 798 799 810
6  335 351 410 482 861 986
5  428 521 530 620 641
11  115 133 163 272 450 470 784 880 914 937 969
10  118 133 227 320 416 682 809 844 926 969
10  49 83 149 295 341 417 545 680 699 917
8  118 143 407 521 560 601 782 809
13  40 50 228 315 392 440 632 689 697 741 770 891 892
12  103 156 185 219 264 322 793 849 941 949 972 996
6  204 241 892 906 937 968
8  39 138 160 228 337 618 667 678
9  29 261 561 588 677 739 833 886 990
11  7 10 101 452 485 520 528 595 863 923 976
15  219 263 319 349 384 395 577 586 698 725 746 838 864 895 897
12  7 36 133 139 234 298 582 629 705 759 874 976
10  15 107 178 320 407 607 619 677 723 917
12  10 150 158 350 383 448 531 617 691 733 801 974
8  40 395 549 604 606 694 865 935
6  196 379 757 800 877 965
9  136 298 320 381 507 512 689 840 914
6  206 314 357 579 592 945
8  244 431 474 649 653 714 947 953
6  157 160 231 325 370 401
12  11 16 312 323 508 569 679 743 771 874 931 955
7  103 281 407 446 525 738 845
8  351 393 421 506 528 540 586 589
7  14 159 161 188 349 410 772
11  30 63 79 326 393 674 745 774 908 917 968
15  42 92 145 207 209 295 308 567 594 635 657 682 751 772 805
11  66 105 115 232 499 557 593 606 795 852 903
10  8 156 401 484 520 595 622 638 671 718
12  14 55 288 567 648 654 700 713 879 954 957 960
11  55 74 142 269 327 422 813 824 893 948 983
11  67 130 228 234 311 508 617 770 847 913 920
10  161 179 240 314 387 423 550 734 895 931
8  94 377 390 794 800 846 996 999
9  190 209 346 479 663 779 788 791 978
7  82 198 457 582 707 865 869
9  1 258 483 495 562 688 712 802 846
6  198 206 249 554 647 671
7  7 21 229 469 478 486 591
14  106 219 224 255 385 417 423 482 483 587 723 816 963 975
8  44 222 273 422 514 570 833 999
7  51 372 560 573 603 629 795
14  15 38 250 295 312 326 338 378 527 701 732 772 831 858
14  99 129 252 254 332 388 458 725 743 824 831 835 852 940
12  18 37 154 300 447 514 515 588 604 676 705 985
14  60 231 330 429 464 489 491 534 590 666 700 776 794 805
9  84 95 131 326 426 466 564 905 972
15  99 178 183 211 220 296 435 457 712 740 872 874 890 907 916
8  22 219 327 369 509 815 920 971
10  124 241 325 399 403 587 609 800 843 961
14  29 97 140 212 308 324 401 411 455 574 778 817 863 960
12  7 53 65 136 241 303 496 562 599 628 974 996
14  55 57 162 211 227 263 342 376 438 650 651 752 867 922
9  135 313 406 454 530 638 654 671 744
7  28 505 556 653 687 809 911
7  32 137 174 224 261 566 753
13  177 180 203 300 337 340 373 411 635 697 815 955 967
12  58 113 210 340 369 384 479 610 691 712 757 832
17  93 271 327 349 357 374 556 577 659 712 737 739 752 777 778 899 926
14  59 89 192 217 252 326 331 492 514 789 799 802 816 904
8  138 199 821 840 868 872 962 999
12  279 345 489 562 626 652 674 696 706 813 854 993
13  170 184 203 421 576 620 627 664 687 725 770 945 959
5  1 284 525 819 923
13  4 328 371 457 492 515 535 546 596 626 673 917 967
9  37 46 239 331 350 427 702 892 972
13  5 12 23 83 309 407 503 708 802 841 858 979 981
7  237 457 468 798 818 857 933
11  16 21 45 87 99 154 204 338 478 734 951
13  19 179 221 223 246 348 420 540 681 788 900 935 990
8  407 498 652 656 696 711 734 901
7  244 380 409 540 679 759 880
12  191 243 322 342 406 434 545 709 738 751 817 970
14  37 85 167 284 353 480 519 524 526 551 625 761 774 776
10  55 167 241 457 525 560 687 688 767 848
7  10 482 576 708 716 786 855
10  107 148 412 431 464 598 724 868 876 911
9  209 263 372 389 436 595 837 960 970
5  60 114 214 472 498
9  151 424 442 444 517 519 659 694 966
12  2 117 215 231 482 530 623 655 681 713 907 951
7  78 132 402 580 804 904 991
7  215 307 343 507 746 774 881
10  22 40 42 211 280 341 351 579 583 833
15  106 113 159 262 265 411 577 579 607 659 726 745 770 806 937
8  123 270 304 581 620 642 653 709
9  28 84 139 208 509 597 631 750 756
10  0 2 77 80 452 558 802 834 845 922
8  10 140 551 563 601 622 839 844
9  29 181 227 454 471 484 658 892 956
10  121 137 256 486 499 572 606 635 758 914
16  37 183 224 249 309 395 414 436 523 526 543 587 618 681 715 764
8  6 75 178 282 283 479 927 954
11  13 33 120 256 371 464 560 759 848 862 906
6  0 293 347 486 671 879
12  30 286 377 378 449 471 492 516 617 631 827 894
7  98 139 144 163 635 838 868
8  52 202 361 423 476 533 800 933
7  106 257 514 565 595 672 798
10  62 114 230 344 374 481 603 650 708 744
10  17 102 173 493 602 691 698 815 824 834
6  40 212 284 496 692 741
14  9 72 309 377 469 632 635 672 794 806 820 887 911 970
8  59 286 291 401 646 712 773 821
15  62 132 153 156 356 682 691 715 741 807 856 874 909 975 980
7  74 145 555 698 839 897 971
14  13 42 54 68 120 297 320 523 538 671 731 839 979 995
11  233 326 348 447 453 483 491 499 637 919 999
7  0 130 255 592 611 716 973
10  62 147 194 297 315 464 574 720 920 944
8  264 347 395 427 481 504 649 837
10  23 45 114 152 264 366 437 698 758 883
9  32 144 147 235 245 273 674 844 879
10  12 83 92 334 497 860 900 926 946 954
13  41 131 267 275 362 372 388 453 557 620 713 804 864
7  106 395 490 498 663 672 886
6  140 201 377 580 772 825
3  132 493 803
13  4 63 111 340 436 460 569 620 687 688 714 825 942
7  31 156 275 295 303 502 764
9  368 392 439 471 667 671 884 942 976
9  11 266 340 354 415 535 657 884 905
9  72 169 434 703 751 920 926 963 969
12  135 162 175 198 214 291 440 642 698 756 759 922
15  35 219 427 484 545 562 660 720 778 791 805 844 862 902 914
10  13 75 145 278 281 427 450 716 829 883
11  5 60 81 184 189 408 694 803 906 944 961
8  109 316 336 506 637 658 670 951
12  129 216 228 326 435 465 520 526 777 872 917 954
17  13 37 371 380 546 575 640 673 701 704 735 751 762 793 850 884 925
6  53 90 483 681 747 966
17  71 86 223 291 355 423 441 605 649 650 659 674 693 723 886 951 987
9  140 159 257 345 367 507 693 771 805
10  54 102 112 155 419 518 556 648 745 877
6  75 132 395 513 937 955
9  141 254 310 316 364 370 474 510 574
11  11 71 198 222 336 360 401 434 605 616 845
11  238 263 274 384 459 598 607 737 742 914 929
14  31 36 106 132 307 371 439 462 496 631 687 814 923 944
7  158 203 363 388 444 505 666
12  88 133 193 214 341 391 414 467 522 885 923 968
13  13 46 70 95 225 393 596 663 705 750 789 927 970
10  93 133 190 204 457 512 583 641 662 964
12  31 69 131 177 281 331 383 448 449 523 767 825
10  33 59 76 299 307 366 398 444 451 675
5  137 160 325 361 453
10  374 410 498 596 604 649 806 894 901 954
8  48 183 456 534 664 746 852 854
8  153 174 185 189 278 563 678 938
6  1 124 164 333 453 650
8  178 244 481 485 500 723 817 875
10  77 160 193 365 528 675 706 754 794 892
6  137 222 452 479 559 680
16  79 87 135 192 221 317 329 422 624 625 642 690 821 871 875 970
12  197 214 218 231 279 300 395 548 620 718 726 846
10  69 98 131 202 220 230 438 450 462 914
7  54 236 609 661 730 857 908
9  325 403 429 453 473 600 747 939 973
3  148 217 422
10  69 112 231 237 315 577 742 748 800 970
8  5 152 215 415 693 842 952 977
10  34 101 321 358 394 499 682 853 901 977
10  108 285 347 390 508 519 532 640 686 807
5  171 543 599 682 768
9  136 299 308 376 410 469 609 811 933
9  25 180 228 346 460 641 847 848 899
16  2 9 120 133 214 240 350 399 415 417 485 570 574 714 929 937
9  57 421 476 506 531 741 789 804 897
10  115 228 229 290 293 359 405 570 692 995
14  108 175 255 312 379 389 398 447 459 576 661 844 876 900
7  44 224 244 520 752 827 863
9  254 364 487 610 733 788 858 867 900
13  53 111 271 413 435 463 554 618 625 645 827 872 892
9  43 73 233 304 427 442 840 861 934
12  14 135 206 337 586 643 645 646 749 877 976 999
7  1 266 282 334 505 786 939
12  22 123 165 241 279 393 471 531 629 651 725 758
11  3 110 183 196 230 350 503 510 630 702 739
12  58 162 186 237 338 349 441 631 653 674 896 932
9  63 123 171 195 255 372 482 611 936
10  63 151 167 421 472 494 514 655 760 897
5  63 94 245 984 994
13  26 42 85 112 126 293 412 565 722 883 904 922 954
8  303 361 391 403 627 728 804 892
6  71 276 496 810 839 849
11  82 159 190 230 373 556 563 614 643 793 980
13  3 21 26 95 112 128 333 587 614 725 838 848 914
6  31 340 389 420 601 898
8  52 308 362 679 745 808 943 986
9  269 317 355 519 630 653 669 822 987
11  109 286 360 502 541 728 755 790 882 883 930
10  311 364 515 524 558 639 682 751 931 986
7  148 307 343 363 538 721 930
11  99 114 323 447 505 520 534 578 668 713 875
7  39 107 283 316 378 559 593
8  99 109 304 464 493 639 662 663
10  0 292 497 656 666 700 824 851 861 965
13  57 72 220 229 371 437 464 465 534 711 899 914 919
7  192 307 398 537 584 776 895
13  34 42 236 265 301 310 369 403 416 603 740 858 896
11  73 164 213 249 286 351 430 556 673 742 789
7  228 357 536 644 708 717 800
8  102 230 271 318 428 586 928 965
9  51 116 126 389 455 543 669 685 930
12  140 224 336 512 598 624 630 760 771 821 833 946
12  87 205 267 274 288 476 522 556 601 660 844 997
10  145 214 267 366 563 594 682 754 825 917
11  117 121 188 341 456 492 512 791 814 819 951
6  243 301 388 640 883 963
10  189 446 545 591 615 642 858 914 932 955
7  1 486 530 556 791 834 898
7  10 106 186 315 424 438 718
7  0 72 169 183 229 309 541
13  30 81 130 211 516 546 681 729 786 788 874 906 909
4  7 114 396 449
12  6 12 204 417 480 522 627 648 670 733 858 992
12  25 81 84 129 169 215 286 311 380 904 942 955
14  0 153 249 341 359 375 419 614 680 706 826 931 971 982
12  90 138 205 334 398 406 550 594 606 792 806 839
7  169 312 355 399 686 703 933
11  177 292 527 531 614 688 792 844 904 917 970
14  155 195 197 313 348 550 645 648 734 828 859 864 975 996
8  132 333 569 689 693 697 825 891
16  57 183 187 263 282 287 306 326 553 561 614 705 830 885 951 984
16  20 103 118 151 386 516 543 615 658 737 762 815 909 913 973 993
5  53 460 475 548 552
17  10 12 15 39 47 158 316 341 370 390 484 504 530 575 729 888 925
13  47 53 98 221 338 391 413 579 581 607 656 740 962
6  149 736 799 804 833 999
12  16 27 192 200 222 275 308 406 715 821 930 985
3  253 645 819
8  221 329 355 371 454 524 710 996
5  48 165 628 709 873
9  43 70 83 340 484 576 586 696 880
10  50 57 225 244 390 401 852 864 896 987
16  1 12 45 85 176 185 194 238 242 418 521 607 662 692 717 998
6  108 116 298 634 688 839
7  243 525 578 598 638 866 966
16  1 16 171 196 318 336 465 498 501 522 725 738 833 895 981 993
11  26 53 54 144 222 228 256 443 531 626 844
8  87 107 149 248 354 435 444 778
9  58 133 344 399 541 551 608 640 735
11  75 263 312 416 479 595 688 793 803 808 923
11  34 293 332 338 442 519 553 628 718 847 924
14  47 170 174 371 414 426 566 641 674 675 720 741 780 879
7  105 175 211 338 387 443 599
6  34 61 124 407 596 794
12  305 389 541 561 575 671 678 856 879 902 937 974
12  84 141 241 359 613 634 769 798 820 843 898 952
12  6 195 234 339 352 458 522 536 555 607 837 993
11  40 202 212 325 330 492 635 677 741 914 950
13  70 132 204 211 269 303 446 448 471 492 627 674 746
8  26 77 251 383 574 701 899 917
11  40 429 431 459 526 672 866 922 944 985 993
8  3 81 109 151 218 416 525 796
12  26 164 237 282 296 297 345 571 583 632 770 824
8  56 172 374 461 494 530 681 713
14  108 217 329 425 488 535 605 651 686 805 832 867 890 927
11  35 108 145 155 372 431 568 583 789 890 968
19  158 160 191 248 425 430 439 447 517 594 616 632 665 730 826 850 909 952 956
8  50 53 472 574 736 844 869 906
10  14 157 475 509 684 724 812 878 945 950
8  111 131 244 294 308 646 772 957
19  20 148 219 300 344 412 436 492 495 548 646 723 777 787 847 866 875 979 987
7  249 263 290 435 740 871 986
10  109 283 369 544 649 691 730 790 927 954
10  224 327 383 498 510 635 713 714 718 767
12  43 146 292 310 431 489 540 584 688 753 861 934
9  2 34 147 177 295 625 694 739 964
11  146 303 350 465 502 520 677 685 698 963 986
10  251 345 415 576 685 767 834 877 878 939
11  126 168 411 417 597 615 702 836 847 915 986
12  33 142 251 311 316 412 510 577 786 839 883 891
11  8 13 50 140 149 158 645 646 715 763 797
15  20 23 28 194 381 423 487 508 534 708 718 772 949 983 984
14  36 216 279 341 365 431 482 493 690 715 742 763 816 973
8  54 186 315 423 453 654 799 869
9  57 147 267 315 386 493 692 866 953
9  34 50 134 173 297 327 555 647 979
9  10 40 121 162 316 736 832 916 959
5  53 182 259 324 544
11  32 279 286 317 321 329 448 491 534 571 870
5  225 261 403 856 949
11  48 118 222 375 573 611 618 669 771 874 993
7  47 319 379 562 901 929 952
12  109 114 207 219 236 239 246 314 465 520 699 911
10  49 160 166 215 421 493 753 757 764 982
10  21 309 341 425 504 699 723 785 869 951
9  33 37 290 337 397 508 510 838 967
3  428 537 758
14  8 97 310 327 501 539 632 740 749 806 827 952 966 971
5  344 682 870 943 950
10  217 248 265 281 367 369 658 662 864 952
11  7 300 369 410 441 457 510 551 792 825 903
12  30 70 124 145 146 218 592 696 804 939 977 994
9  111 312 551 704 733 764 793 797 901
9  48 80 81 239 508 688 742 906 929
7  210 274 336 570 650 775 851
8  34 90 173 610 854 892 902 928
14  22 157 261 267 292 348 423 478 514 623 778 789 911 918
7  152 250 352 432 599 737 749
7  65 158 329 657 827 865 973
11  191 307 484 574 589 634 841 858 887 919 965
7  53 397 433 571 602 720 777
8  127 269 339 377 634 810 932 944
12  114 142 170 542 610 704 747 795 800 941 966 979
8  210 240 471 483 487 587 612 852
12  206 229 264 324 414 541 607 671 719 730 860 986
11  42 55 108 245 387 661 804 835 863 897 982
8  271 282 322 585 770 819 838 893
14  171 211 247 252 351 447 516 524 610 645 713 750 958 971
11  7 144 208 211 279 302 478 707 892 937 998
13  97 200 261 296 398 405 474 507 516 615 658 782 932
5  182 322 338 682 786
15  8 137 150 210 262 266 382 534 587 598 610 813 857 933 939
8  343 446 478 683 757 810 919 944
10  74 127 157 429 509 702 809 840 845 884
8  217 233 439 512 556 672 767 823
6  287 522 537 634 688 929
8  217 279 453 529 530 560 674 875
15  142 231 236 267 379 422 423 435 520 540 603 609 782 791 998
14  17 79 148 272 289 367 447 449 458 532 643 701 818 973
11  6 352 428 503 624 678 684 803 833 856 997
10  162 208 435 496 542 556 588 644 738 940
13  4 86 223 273 310 356 495 509 516 548 680 823 874
8  170 285 368 594 745 821 898 975
12  39 73 123 242 250 287 318 410 438 534 553 589
11  59 152 199 262 279 333 607 763 774 795 805
7  322 593 720 827 840 854 945
5  64 410 462 693 714
11  31 101 291 362 441 630 634 636 650 908 933
9  65 117 238 349 494 742 841 915 932
6  11 147 282 398 459 959
12  30 55 103 226 311 347 365 543 648 700 715 905
9  36 140 195 299 339 706 793 805 943
8  160 189 254 304 484 566 702 731
8  106 193 203 334 446 460 468 593
12  83 220 258 433 488 496 622 699 860 945 995 997
10  56 307 349 438 444 460 465 626 673 869
11  13 43 62 71 74 635 724 751 808 888 979
12  15 74 189 314 376 379 489 619 685 812 859 934
9  86 109 306 520 571 620 840 857 955
11  212 216 231 270 352 471 524 548 568 733 771
8  6 83 147 216 236 363 641 906
16  10 86 158 267 385 396 482 484 496 523 543 693 749 800 803 930
6  251 431 544 652 743 829
6  102 144 305 533 629 777
9  22 245 251 334 361 415 590 676 706
15  182 200 300 342 365 441 457 492 513 554 623 635 735 849 923
5  93 172 176 407 683
13  62 80 124 312 377 387 410 421 490 565 784 811 862
8  124 263 278 315 516 533 548 632
10  83 91 245 363 403 482 514 715 771 833
17  22 58 118 167 194 235 246 409 426 555 563 609 629 640 663 876 917
10  138 245 263 300 425 612 732 769 770 876
11  82 85 214 392 649 660 701 737 768 811 970
12  182 195 323 594 621 703 741 752 833 861 934 963
5  64 491 640 787 920
13  172 225 252 382 398 428 491 545 622 651 779 846 892
12  22 28 101 136 186 339 348 392 411 613 846 908
5  334 493 867 869 915
14  130 269 518 523 538 599 738 781 805 843 893 927 934 992
21  3 24 88 134 138 217 319 365 369 446 453 486 498 563 570 629 678 765 820 919 998
9  0 236 293 429 669 692 823 895 928
9  111 373 421 642 676 703 822 833 998
9  47 370 461 490 777 798 845 893 921
12  73 109 141 278 364 533 547 619 723 745 802 852
5  462 645 671 791 903
13  71 78 90 129 195 241 243 439 492 711 760 761 871
12  71 134 362 384 413 419 479 596 633 818 890 995
7  54 90 477 495 559 980 996
11  263 335 375 396 505 516 605 634 666 889 899
6  437 452 517 547 750 783
14  175 244 296 381 530 573 614 702 720 741 823 912 947 987
5  56 236 301 385 716
4  102 538 544 618
18  112 135 326 397 435 496 514 523 556 565 570 594 721 837 892 927 933 975
13  9 73 107 128 146 187 599 636 679 804 866 868 938
7  204 390 393 576 618 864 886
11  245 260 413 465 467 574 621 706 885 906 994
7  76 397 565 579 580 687 757
8  60 62 121 395 415 498 654 930
9  33 41 140 209 344 520 741 791 819
10  84 107 277 421 450 525 777 955 990 997
17  32 90 226 230 305 357 372 377 382 489 495 548 704 747 801 916 942
9  49 199 286 600 782 797 815 848 928
8  144 259 363 602 710 778 841 885
10  2 59 73 161 324 366 542 599 918 963
13  22 44 134 165 176 213 246 265 491 610 671 797 838
8  90 125 150 181 395 419 637 805
8  38 208 223 233 296 456 814 893
11  9 55 260 320 357 378 525 534 845 896 949
9  32 91 151 218 568 602 675 879 996
9  270 354 522 548 552 593 810 940 963
10  92 227 416 507 632 765 806 807 826 848
15  11 28 54 151 198 201 586 632 649 715 730 738 807 939 957
11  45 89 111 430 514 564 625 731 732 808 857
7  193 290 394 640 847 859 968
12  117 212 338 340 469 534 548 638 659 735 763 998
8  41 89 427 453 475 513 811 991
7  262 623 745 819 829 857 932
9  0 213 455 545 612 783 833 836 874
14  19 27 222 281 307 338 424 432 474 551 612 624 847 959
8  14 301 398 419 606 607 628 877
10  234 247 341 405 442 550 613 905 949 992
13  54 183 230 256 331 444 582 668 708 754 756 859 998
6  7 365 409 624 762 764
11  89 190 255 256 399 552 625 736 737 901 978
12  93 97 105 131 253 288 552 647 663 708 826 978
10  31 54 94 160 257 399 634 755 785 851
9  19 117 137 184 207 577 736 853 883
10  26 255 314 427 430 625 699 700 811 883
10  108 370 439 609 675 801 845 918 936 993
4  100 481 893 897
14  93 165 183 195 346 374 405 567 606 620 730 764 881 981
10  211 221 263 358 478 486 705 777 840 881
9  19 127 181 216 495 594 601 786 947
9  97 195 474 498 600 652 688 827 979
7  63 124 217 519 592 648 786
11  16 50 58 105 121 137 138 210 381 666 951
9  39 150 190 280 466 590 639 846 853
9  46 199 366 500 508 565 691 703 883
14  143 198 378 390 431 497 528 548 588 689 729 749 908 973
14  74 145 154 163 182 200 249 270 414 714 764 825 839 944
9  110 150 236 313 318 418 541 834 931
8  77 118 258 443 631 643 694 904
11  12 248 309 376 409 486 614 664 784 839 881
9  223 335 417 472 533 549 559 979 987
6  23 329 557 589 680 743
8  176 260 359 377 588 784 967 970
13  156 272 475 558 564 625 639 641 647 811 828 878 979
13  121 166 213 271 371 492 686 748 818 829 847 877 898
7  80 97 187 216 318 993 997
7  67 169 303 308 429 543 993
10  133 187 199 262 390 575 586 619 640 818
15  30 185 256 309 399 407 421 479 499 575 612 736 825 932 933
9  34 144 413 627 641 825 858 870 886
9  74 130 221 328 336 492 525 584 762
11  71 169 229 343 470 477 482 486 560 944 982
10  11 26 27 280 351 455 731 770 955 972
9  44 145 478 526 573 574 607 726 981
9  420 531 576 724 749 751 786 914 920
12  60 357 358 389 392 395 545 598 643 654 685 691
14  73 111 381 396 443 484 638 695 823 843 856 907 938 986
7  3 28 83 308 431 738 823
6  186 203 267 750 845 903
8  27 180 263 344 455 547 550 660
7  19 59 185 512 538 606 666
14  84 132 172 234 257 286 290 326 513 586 668 752 931 984
6  65 170 528 551 697 887
10  57 143 200 260 509 530 723 790 936 979
10  56 110 116 146 252 471 520 572 679 835
13  102 143 145 325 376 494 574 578 681 744 819 843 963
13  161 245 325 344 440 568 579 583 602 779 888 892 999
9  23 55 233 236 411 510 627 954 955
9  234 355 387 423 608 626 683 694 946
14  29 223 404 415 575 645 653 680 691 737 775 794 811 957
7  184 213 348 518 525 534 689
8  163 349 361 376 502 673 913 972
9  67 88 168 258 267 310 350 597 857
13  52 103 177 274 427 431 462 523 566 567 656 711 816
5  106 541 775 925 964
11  148 408 420 474 476 490 502 543 581 781 887
15  56 82 198 228 262 268 274 422 438 511 520 735 809 829 859
12  25 28 47 68 502 549 748 753 806 841 846 973
10  44 105 157 279 299 561 700 737 807 927
11  12 33 65 200 225 409 570 615 745 756 765
11  161 363 367 592 602 687 699 721 804 825 999
11  12 45 301 334 380 413 525 529 569 606 954
9  71 159 172 314 337 416 515 602 608
13  9 132 159 257 295 325 381 536 733 774 803 893 948
12  10 77 134 346 357 493 597 614 703 707 712 994
7  42 373 495 688 701 779 944
12  136 170 344 346 393 402 445 482 539 628 668 703
12  275 346 434 435 445 654 743 790 831 848 918 948
7  93 209 450 580 602 682 710
16  18 81 90 201 305 387 393 505 590 697 778 858 880 914 925 929
9  110 191 282 303 318 437 527 567 710
15  61 87 115 224 271 303 321 469 502 700 784 837 853 891 900
8  76 224 348 429 530 659 677 731
6  233 242 517 589 880 962
11  125 128 191 226 257 350 361 628 705 721 942
9  18 201 225 448 553 614 646 826 880
9  252 352 662 769 784 809 896 908 930
7  105 242 368 399 632 857 986
7  106 198 293 473 723 839 903
10  4 261 299 396 464 484 673 681 787 894
11  91 230 251 256 303 570 651 764 902 905 916
13  89 116 124 296 377 527 618 688 798 895 923 952 961
9  31 95 153 328 341 480 720 739 839
10  101 314 367 407 464 655 815 818 960 980
10  22 57 124 206 287 313 367 525 580 687
8  66 101 128 234 319 598 822 908
4  149 431 847 986
13  25 27 71 217 311 368 543 591 619 690 724 833 974
8  83 127 180 292 817 853 911 992
7  133 365 577 620 645 787 968
5  57 361 375 455 535
11  58 111 113 158 161 299 387 820 841 965 968
15  61 200 209 225 266 278 292 419 479 539 560 744 827 888 891
9  21 48 131 270 274 287 425 489 825
11  82 236 301 372 510 630 658 705 718 873 992
15  93 101 149 197 233 284 303 350 416 423 491 677 875 982 989
8  316 323 416 564 584 847 956 979
10  216 519 536 821 835 845 866 882 933 986
15  33 116 153 163 181 185 422 441 651 674 687 700 710 730 949
13  27 87 118 121 180 320 419 494 534 720 838 923 930
9  14 38 193 243 360 549 623 795 922
10  175 324 389 496 600 628 831 853 882 988
15  0 49 241 252 263 302 385 428 624 658 704 771 797 884 995
13  0 174 198 276 333 335 363 378 463 485 647 705 966
10  17 45 101 102 487 521 627 794 883 910
7  24 70 433 494 768 939 957
10  375 441 442 512 614 753 759 857 945 946
8  76 334 391 429 603 859 959 966
15  43 147 167 226 234 246 290 310 552 639 663 677 757 953 981
19  27 34 139 145 163 208 246 290 392 408 414 439 468 490 589 644 660 820 850
9  13 177 189 394 594 629 698 837 961
7  325 447 666 749 757 889 968
10  150 155 186 229 272 276 437 593 614 628
10  151 273 340 407 449 535 747 789 891 917
12  51 142 303 304 332 394 501 516 713 818 913 998
11  5 57 187 251 298 440 597 627 838 925 954
3  615 703 865
7  67 116 233 242 405 466 866
12  115 134 140 142 177 228 394 621 648 870 893 902
10  132 183 272 277 283 295 441 689 779 820
7  175 457 459 509 583 639 925
11  56 201 217 368 505 583 637 650 677 734 761
9  37 69 214 301 424 493 527 644 988
11  82 153 237 349 443 488 507 545 748 839 960
12  22 145 294 391 528 536 593 643 645 695 905 955
9  17 58 301 467 477 556 681 895 954
11  184 216 313 395 587 653 673 682 813 924 991
13  84 109 146 159 169 233 323 389 506 519 551 837 973
5  54 207 483 643 841
15  46 57 141 238 247 271 373 446 577 580 756 868 890 892 992
8  42 79 244 257 404 722 911 926
9  18 85 403 558 647 649 677 863 873
10  40 69 74 94 134 242 369 540 632 920
13  87 148 152 153 208 219 229 230 275 643 779 781 974
16  65 201 252 286 365 428 438 482 693 735 826 840 874 881 885 926
10  136 141 191 290 338 438 501 595 878 882
11  109 263 276 401 445 447 505 524 567 902 992
9  37 85 136 247 280 297 546 723 750
7  78 373 407 746 762 910 977
10  79 200 326 383 415 438 446 673 763 836
5  111 479 746 794 918
12  70 75 281 296 416 475 500 545 661 678 850 851
7  364 548 639 653 780 938 939
7  38 99 125 354 709 736 865
17  124 185 211 303 322 435 459 538 622 657 716 733 741 886 930 958 973
10  74 87 104 248 433 511 613 666 908 999
9  150 183 215 234 348 358 410 782 870
9  19 59 256 326 612 862 938 969 991
5  46 739 792 883 954
6  16 72 355 362 807 981
5  85 385 398 594 731
12  157 169 328 431 437 479 567 586 677 757 776 998
17  46 48 67 83 92 129 150 163 278 507 568 611 651 729 739 942 947
8  17 141 214 526 568 743 869 941
11  102 186 343 387 467 514 642 723 783 908 930
11  18 62 90 204 240 242 393 700 763 852 884
10  91 150 301 413 520 570 635 713 900 987
16  34 36 105 112 400 432 451 579 582 607 722 768 798 899 997 998
13  24 89 230 309 396 472 527 579 628 637 924 975 977
9  194 244 410 495 533 567 616 921 996
10  6 181 230 349 440 661 727 731 836 866
13  32 58 85 141 219 371 399 436 462 831 926 986 993
17  51 153 177 273 276 339 416 422 528 545 554 723 776 813 880 925 973
7  309 331 372 447 468 503 909
8  75 148 193 215 517 600 646 732
7  3 22 225 271 624 671 946
14  74 136 197 256 305 360 497 538 572 638 779 852 964 978
11  17 168 183 254 319 423 717 719 792 946 952
8  302 329 477 556 692 836 898 980
7  139 331 603 636 702 792 902
16  124 127 162 166 167 346 462 472 516 594 613 690 762 771 864 989
15  25 137 161 258 313 482 544 617 716 791 796 881 907 912 949
18  119 198 244 294 301 363 511 613 758 786 801 835 844 899 901 918 959 963
9  24 224 230 342 528 620 760 769 997
7  48 84 227 439 458 636 685
11  14 323 378 577 777 810 860 873 907 997 998
2  362 581
8  258 295 577 638 708 772 791 846
12  188 229 458 487 552 687 690 730 780 913 941 991
10  146 262 283 348 461 751 794 848 894 976
9  89 97 184 243 265 295 685 903 991
9  17 111 352 376 540 752 767 801 919
9  46 87 132 245 540 700 824 883 953
8  160 301 396 578 609 717 749 770
10  19 109 445 447 499 570 718 734 769 978
12  150 263 291 458 467 578 586 595 659 827 835 898
8  89 534 566 638 807 833 925 987
6  55 767 834 859 873 970
14  109 150 163 246 315 438 442 489 760 766 824 934 949 981
11  50 82 108 144 335 527 684 736 782 792 829
5  420 526 655 752 763
13  117 121 129 177 203 234 256 427 481 526 611 762 898
11  105 128 193 304 376 455 514 524 681 749 966
11  3 63 196 198 214 288 434 446 756 799 978
4  275 779 825 834
6  124 197 245 254 499 642
8  26 37 469 628 633 789 885 962
8  58 217 245 370 730 741 777 789
14  59 230 300 435 475 518 537 555 587 754 776 874 935 987
15  11 79 120 222 230 296 412 471 558 648 833 893 926 939 974
12  51 62 114 206 530 625 644 698 712 745 773 997
10  11 47 53 74 170 416 721 757 796 838
4  533 634 712 839
11  27 176 484 492 557 725 768 791 821 906 959
8  0 154 544 573 733 887 968 983
10  21 31 173 522 598 601 650 655 871 938
3  32 459 581
11  94 247 347 385 444 485 588 590 613 751 990
7  13 147 435 529 658 668 939
12  65 69 85 104 206 241 343 385 875 905 946 952
14  160 231 313 339 372 430 471 692 775 776 809 886 966 997
11  48 97 135 168 362 437 622 646 950 959 962
12  71 206 296 379 382 492 539 554 750 756 782 976
13  10 82 85 170 390 392 465 727 746 748 768 818 860
8  91 178 301 357 414 467 506 806
11  122 150 205 217 274 323 418 628 683 719 758
12  108 119 199 213 477 499 679 817 860 865 954 988
10  70 91 100 426 750 780 811 855 913 985
9  163 445 467 557 560 681 919 925 991
10  90 170 239 270 420 537 660 736 800 988
12  5 144 151 170 231 400 448 772 822 858 880 926
12  109 160 188 205 221 269 331 373 477 516 798 875
7  4 186 556 584 751 760 930
10  140 208 231 238 259 538 907 935 975 994
12  289 298 414 494 516 642 869 878 887 888 917 969
13  8 46 63 253 286 339 355 400 466 480 549 639 934
15  67 155 167 198 217 296 304 429 499 506 533 561 856 924 942
11  109 115 256 274 318 390 462 566 636 793 922
9  85 276 334 566 567 637 728 765 904
5  360 414 511 568 904
11  7 110 151 174 176 226 488 635 655 789 890
9  169 170 356 476 487 565 754 841 974
10  336 522 527 571 583 602 628 796 842 926
5  74 433 512 864 994
8  8 202 233 486 705 741 820 851
7  77 146 310 379 562 924 993
11  98 160 167 220 228 272 396 557 662 843 908
8  18 103 211 231 447 632 889 930
7  222 244 322 667 795 867 976
8  239 493 541 603 606 662 693 792
8  235 379 402 481 554 572 624 879
13  113 274 420 534 670 688 698 813 858 879 888 905 992
12  232 275 325 376 401 497 676 782 948 968 984 987
6  27 361 536 664 799 949
9  17 154 489 496 535 545 615 616 836
8  202 215 272 368 427 761 767 863
18  5 51 56 288 290 315 378 394 465 595 607 608 639 672 773 834 841 962
8  389 431 566 580 654 713 906 937
13  4 13 97 123 267 342 344 462 473 500 589 671 764
4  17 86 393 602
7  124 297 517 572 603 635 768
6  8 73 133 395 980 985
9  214 215 646 680 740 838 874 943 953
8  6 117 229 429 451 838 966 970
17  127 133 181 212 255 376 400 410 494 524 528 536 573 666 765 778 979
11  92 160 259 272 382 442 596 766 773 825 844
8  113 215 480 623 676 751 764 882
10  74 164 443 573 718 739 747 823 959 998
11  2 27 249 282 421 548 650 689 706 921 980
14  80 183 268 358 460 481 560 678 694 780 831 832 848 969
13  260 277 278 356 390 408 444 595 598 657 661 702 781
11  137 189 232 345 488 500 513 587 713 882 933
12  98 115 238 474 503 558 636 670 707 810 825 931
6  44 84 332 811 849 921
12  16 60 95 124 149 221 420 533 615 624 815 929
14  128 144 174 260 284 296 341 377 392 411 432 751 834 984
12  25 86 194 259 308 488 537 563 584 617 676 907
14  31 41 119 157 205 208 326 530 531 592 636 756 864 958
15  58 160 203 337 415 435 443 569 574 603 665 675 863 891 977
13  74 117 246 265 337 358 557 566 646 758 838 876 983
9  58 178 356 520 842 860 873 899 952
8  16 48 301 431 688 720 954 960
8  33 114 134 368 469 581 720 813
12  13 92 199 215 319 406 478 538 734 745 909 977
8  131 136 333 582 592 650 667 680
6  65 113 233 319 470 500
5  87 158 247 796 865
11  15 163 276 419 454 494 615 805 916 935 990
11  56 124 239 328 486 513 568 572 631 656 685
13  85 214 238 343 371 381 387 474 608 648 799 820 950
9  47 393 512 569 577 635 686 766 863
8  168 285 479 509 754 792 795 849
11  1 134 159 171 345 368 439 528 909 920 964
4  265 296 522 726
12  45 88 182 222 342 480 710 824 847 859 865 983
12  183 286 393 406 464 550 749 812 846 877 939 944
8  187 207 473 695 722 795 855 863
10  148 158 409 425 435 449 549 676 696 739
8  32 100 224 343 429 532 817 868
11  104 147 163 232 248 268 549 708 867 873 918
8  207 432 448 459 510 532 732 803
9  16 91 137 152 453 463 608 697 725
6  325 436 540 784 880 897
5  16 219 232 300 344
11  15 51 139 404 673 710 754 766 849 868 922
12  184 193 219 276 385 455 496 573 713 777 831 942
11  10 28 322 325 365 435 491 674 788 800 975
10  54 102 119 248 341 525 526 848 927 992
9  24 188 305 346 442 575 603 864 973
8  104 433 442 602 714 803 892 984
13  17 67 201 266 284 416 419 564 819 820 892 900 925
10  173 243 405 648 652 654 741 799 871 994
8  136 254 586 587 598 713 750 916
11  49 169 362 676 680 714 835 840 899 944 973
12  283 297 354 362 380 444 582 583 593 683 727 761
11  5 14 85 140 143 292 293 301 488 681 734
9  133 312 395 551 558 713 775 966 992
13  25 36 57 93 181 287 303 550 608 723 789 908 936
8  274 474 621 634 783 803 947 983
13  42 52 125 147 398 511 625 671 803 820 898 977 996
7  107 122 543 690 816 933 994
11  45 89 150 219 429 430 541 708 809 963 996
9  10 177 394 444 650 671 692 847 921
17  80 177 179 237 261 323 344 355 470 483 530 548 625 708 878 879 920
11  26 165 202 481 533 537 562 585 642 697 778
9  24 46 83 267 318 658 758 985 996
8  183 204 370 410 535 660 704 991
8  94 147 350 371 406 563 655 958
8  109 183 277 339 352 480 585 871
11  11 124 359 382 420 497 603 747 764 770 888
11  113 133 230 337 369 424 543 736 751 849 882
10  20 158 241 285 341 343 650 735 879 957
8  38 242 318 333 456 467 579 751
9  8 68 296 419 470 659 697 715 748
7  22 199 465 539 617 657 759
12  107 163 231 253 354 388 392 597 807 808 907 942
11  1 3 161 218 293 505 576 659 703 788 820
13  17 140 179 265 298 385 432 468 515 551 782 826 911
8  219 252 615 750 754 802 845 904
12  62 197 328 502 531 594 655 664 724 733 815 886
10  51 66 109 276 385 396 431 742 852 861
5  5 164 683 717 990
11  9 82 226 248 274 457 471 667 709 906 986
3  144 545 750
8  6 203 396 630 693 757 796 932
16  91 107 131 173 189 262 296 309 327 358 369 381 422 613 648 951
6  120 161 443 503 532 943
8  91 115 219 451 556 659 856 881
12  175 185 197 236 300 378 392 424 525 692 803 918
9  471 559 584 646 719 751 868 917 997
8  279 369 474 487 534 760 797 983
10  203 220 281 294 529 613 711 861 892 931
10  72 82 141 151 537 738 837 842 891 985
11  125 162 224 259 295 354 425 679 806 873 934
9  117 182 235 310 312 414 520 660 678
8  95 98 124 415 705 737 805 814
13  94 119 301 398 633 648 694 699 741 765 797 879 939
10  174 230 285 294 709 713 740 778 799 811
10  3 21 264 313 429 437 533 548 637 876
6  374 470 535 557 945 968
9  85 309 338 456 468 490 648 843 938
16  9 78 149 362 364 375 401 516 553 655 678 723 733 801 816 996
9  193 204 363 389 596 620 841 920 967
10  114 350 381 476 484 503 572 607 913 965
17  56 91 115 124 239 269 336 391 486 502 548 607 676 840 889 969 985
10  345 439 512 528 533 767 804 922 973 998
7  5 39 187 241 777 802 856
5  351 584 622 886 977
8  173 179 256 306 338 419 483 826
8  19 320 549 615 721 726 784 929
15  31 124 329 347 442 466 486 567 684 721 778 787 864 925 989
3  215 495 565
5  124 178 477 732 757
13  24 123 141 169 290 292 388 556 653 731 805 874 904
12  5 26 55 101 111 169 360 463 506 831 915 958
13  78 127 281 298 310 425 476 487 595 610 644 864 882
8  190 234 433 500 509 685 928 961
7  285 376 627 685 744 746 788
8  2 6 36 191 545 588 731 887
7  31 58 91 202 642 646 821
9  178 446 454 563 576 677 750 767 822
6  422 433 463 790 858 959
11  83 114 240 252 299 303 379 395 459 591 914
13  31 132 332 420 431 456 462 464 660 746 788 849 996
7  127 148 191 449 687 761 831
14  201 264 285 300 318 354 437 626 640 694 704 727 795 850
16  2 7 12 36 41 193 228 306 381 388 513 555 611 626 703 999
5  82 129 261 431 675
7  70 201 434 567 628 684 900
8  37 482 723 846 896 943 965 987
15  57 63 69 119 234 451 504 574 686 751 782 790 836 950 991
9  109 126 143 201 222 249 662 702 850
6  40 221 298 660 689 945
8  47 103 232 399 652 775 790 825
13  145 211 294 380 441 528 559 565 624 751 890 984 994
7  91 112 314 440 633 745 861
9  49 148 188 368 374 474 670 932 958
12  136 251 302 409 462 477 682 686 771 789 832 885
6  98 228 236 460 601 931
12  156 179 197 312 430 569 668 670 690 783 821 928
7  173 174 294 726 803 838 933
12  87 244 249 274 313 325 331 392 527 601 766 832
7  49 116 220 277 389 462 482
7  41 83 178 218 237 611 630
15  51 280 329 396 447 473 493 594 636 706 723 741 877 882 934
9  133 186 223 419 666 712 778 810 987
10  80 87 211 276 393 497 548 737 802 875
8  108 182 184 292 346 758 791 817
10  123 332 333 466 717 737 847 852 888 936
6  206 579 580 745 763 772
14  34 42 238 278 435 450 477 511 589 599 602 622 675 833
8  6 276 357 542 662 747 830 837
10  92 143 153 238 410 586 612 687 728 767
7  5 25 389 458 480 610 674
9  42 94 202 446 783 848 863 887 919
9  353 395 446 620 821 844 878 963 986
9  147 216 401 425 796 830 894 921 933
15  0 171 360 363 436 441 443 479 615 656 665 676 740 911 984
13  23 303 361 406 435 545 599 735 765 777 821 958 974
7  46 73 115 680 701 795 798
8  37 46 57 76 130 674 749 939
6  181 241 555 786 856 910
9  253 571 705 726 757 759 797 895 959
12  127 159 387 533 576 667 673 708 715 820 876 885
15  3 94 149 168 233 396 410 421 425 455 584 604 605 740 814
11  13 151 353 466 551 643 802 812 880 889 963
7  135 162 278 340 509 541 681
15  43 118 178 205 223 393 403 542 564 738 888 890 894 930 952
14  41 91 98 377 494 509 555 604 736 752 754 779 789 918
15  90 107 407 483 492 534 536 570 577 693 730 736 754 836 934
13  14 61 140 205 212 232 279 346 400 625 639 724 955
