1000
13  102 128 196 310 582 596 612 635 656 771 946 947 983
20  65 79 176 210 242 286 322 360 408 435 443 470 512 589 624 649 736 900 939 988
10  21 159 252 297 375 508 585 637 808 862
14  259 302 322 326 360 546 553 651 703 803 871 945 959 971
6  147 458 787 932 991 997
10  230 299 335 451 479 562 618 649 852 883
10  109 342 386 536 564 612 638 834 883 918
9  20 40 131 384 402 483 499 525 886
8  72 96 225 233 331 403 620 841
10  81 113 118 214 262 387 618 773 793 882
5  16 650 805 916 975
10  135 191 208 451 640 716 765 779 987 996
11  35 376 507 522 528 657 665 667 699 755 964
7  119 212 377 655 675 792 871
6  22 502 568 745 765 813
10  250 560 614 657 695 699 728 756 771 818
8  10 212 411 467 536 676 914 957
11  68 303 316 450 548 631 686 688 718 865 867
9  311 406 423 515 521 645 647 716 814
7  88 198 440 481 513 787 900
14  7 30 212 227 315 342 409 430 473 543 582 690 873 908
16  2 47 202 325 404 447 527 649 719 729 804 881 900 946 950 983
5  14 131 174 590 806
9  361 481 620 710 728 760 767 935 957
7  181 228 314 671 797 900 912
6  67 179 526 644 741 876
10  42 58 161 361 446 503 761 804 951 969
7  96 345 517 654 730 738 961
10  59 118 122 376 377 607 629 680 842 975
6  49 351 367 391 511 645
11  20 179 293 359 450 514 637 705 732 836 837
13  177 202 251 319 340 366 435 531 553 645 650 651 698
7  262 496 750 825 826 932 992
9  68 289 333 388 427 428 557 605 982
9  242 250 453 530 625 670 801 810 947
13  12 81 99 138 179 222 223 513 822 849 858 929 993
6  202 244 546 709 764 988
14  50 70 93 215 216 390 420 473 589 770 799 867 884 958
9  53 58 93 162 196 314 898 939 983
11  275 283 480 489 523 639 725 741 885 916 935
12  7 213 282 321 469 599 608 722 733 743 850 960
12  42 120 168 315 377 450 454 497 622 815 974 988
12  26 41 72 351 353 501 580 596 657 698 850 920
11  74 132 186 353 524 721 734 904 913 925 953
15  121 163 329 354 372 422 477 544 589 602 636 733 771 811 816
6  278 407 477 857 865 931
13  61 130 140 141 172 325 549 587 737 845 922 928 929
8  21 78 160 182 457 673 706 710
7  148 172 188 390 490 774 897
16  29 88 141 193 202 299 385 417 465 504 563 565 618 717 758 998
11  37 217 380 437 540 576 621 641 895 907 929
6  305 433 455 602 647 889
8  224 234 300 335 460 634 791 911
7  38 103 599 779 803 889 999
15  125 364 441 498 568 615 627 686 711 720 782 783 804 867 968
10  149 213 334 501 547 587 638 648 799 918
10  71 106 341 345 385 419 508 708 784 836
3  116 596 639
12  26 38 91 131 228 384 474 870 876 880 930 995
5  28 338 661 776 835
8  195 398 422 553 590 701 731 738
7  46 335 411 540 574 738 875
8  203 308 322 399 437 615 780 824
10  130 288 378 510 519 590 722 853 861 867
6  168 363 533 768 810 890
12  1 93 349 423 460 485 626 642 712 825 829 940
7  150 189 250 380 426 712 975
8  25 273 419 612 646 665 705 962
15  17 33 134 155 230 252 271 307 369 400 593 672 759 788 943
9  72 132 373 400 414 839 927 928 997
12  37 145 207 293 374 380 458 459 653 655 764 766
16  56 72 211 215 270 314 370 388 519 594 657 700 764 825 893 947
16  8 42 69 71 122 205 208 318 574 595 613 628 692 720 903 965
9  197 224 506 597 604 655 671 746 773
11  43 136 197 390 449 463 509 779 837 865 946
9  336 348 375 409 696 716 832 886 908
12  293 311 334 383 433 593 714 809 817 838 858 898
8  146 404 478 509 553 657 739 937
11  47 99 145 266 323 373 488 655 774 910 951
5  1 320 329 423 758
6  372 554 560 656 688 775
11  9 35 91 170 237 508 527 618 851 914 961
12  92 138 269 313 464 479 497 578 713 757 797 799
9  134 241 254 282 360 483 558 665 740
7  129 444 535 654 701 844 941
9  119 149 215 386 433 537 649 701 788
7  108 182 216 228 482 724 982
9  152 256 262 295 469 738 875 891 899
6  19 49 200 278 433 893
7  179 341 583 616 829 846 946
11  124 376 397 448 517 715 782 856 897 904 936
14  58 81 107 108 294 312 337 481 600 656 815 832 865 915
11  82 100 147 157 410 461 618 736 890 903 971
11  37 38 65 285 301 341 518 648 753 790 863
13  155 163 205 228 271 338 390 451 565 617 629 709 900
11  181 338 372 494 573 603 618 703 796 820 992
7  8 27 378 385 871 887 913
10  162 279 453 513 538 609 693 830 892 957
11  111 119 139 212 375 402 544 608 642 851 866
11  35 78 159 185 224 301 308 330 560 627 917
11  92 212 293 311 326 343 369 541 571 641 977
12  144 174 202 265 408 493 613 716 755 804 892 945
9  0 167 189 439 565 752 812 883 912
14  53 272 419 494 495 535 679 733 868 934 958 971 980 998
8  164 369 406 465 597 608 692 699
9  143 156 180 336 613 729 739 806 946
12  56 215 288 343 479 548 604 721 742 751 797 862
7  91 213 234 380 546 646 701
11  86 91 150 492 595 708 759 764 777 797 892
8  6 119 139 242 414 546 747 798
8  179 263 275 295 421 549 569 621
8  98 302 379 514 549 562 623 784
15  138 147 166 330 380 417 453 734 763 774 803 836 858 928 980
7  9 141 232 255 409 851 924
8  123 188 545 764 822 827 874 895
9  140 212 271 273 415 567 831 912 997
12  57 152 304 455 641 692 765 839 847 938 946 992
11  176 202 451 503 594 689 757 784 946 951 974
8  9 28 386 408 473 559 634 753
16  13 85 98 109 308 339 391 465 480 499 545 573 590 675 745 749
10  41 252 327 657 713 722 877 893 915 957
8  44 326 396 694 708 745 755 858
10  28 72 226 305 324 387 562 567 596 802
13  114 217 255 403 424 502 558 646 659 732 869 870 898
10  90 162 188 276 337 538 755 822 944 998
9  54 151 178 307 461 574 878 895 897
10  154 315 322 419 551 762 777 820 987 988
13  362 419 470 475 611 640 650 726 742 894 923 940 947
8  0 363 540 573 635 673 820 975
12  84 153 313 437 462 550 566 688 713 762 772 779
11  46 63 184 212 226 268 343 675 741 772 840
15  7 22 58 202 370 386 506 537 596 607 652 720 894 895 896
15  43 69 281 296 407 410 485 511 565 583 599 771 785 860 923
11  197 244 248 389 439 637 717 723 755 827 921
10  68 83 147 314 438 768 810 860 873 955
6  11 187 325 389 825 978
10  74 163 278 481 484 551 665 783 815 846
12  179 200 414 468 518 591 670 753 786 878 960 985
15  35 82 112 199 357 418 445 505 782 799 800 920 971 976 981
12  98 109 158 182 339 374 379 565 629 684 791 804
11  46 115 196 201 213 221 408 460 787 801 957
12  46 49 113 146 177 312 530 566 668 750 821 925
7  304 368 429 440 599 742 758
6  105 200 409 581 758 875
11  101 194 221 379 564 631 671 705 810 908 918
10  70 78 156 181 230 677 706 753 856 914
10  77 141 199 329 477 498 724 730 749 864
12  4 92 112 134 322 516 687 694 849 857 900 980
7  48 186 242 564 667 766 773
14  55 85 152 176 219 223 635 810 865 899 919 948 957 985
12  66 108 202 263 349 500 551 792 801 848 881 954
12  125 155 243 422 447 490 503 639 806 869 912 971
18  87 116 149 206 208 269 389 418 547 594 612 630 845 864 872 881 884 918
12  129 239 252 496 532 558 700 702 734 776 791 849
11  126 178 205 221 278 365 493 532 615 813 924
12  68 94 151 233 244 390 577 686 744 802 888 935
9  105 145 164 251 338 345 385 458 553
10  92 240 278 309 346 524 607 695 747 930
10  139 231 282 375 472 619 786 932 933 954
13  2 99 170 228 266 467 495 682 739 874 929 949 991
7  47 291 432 751 769 791 843
9  26 234 350 459 490 496 600 691 723
12  38 97 124 351 388 401 442 470 704 722 847 874
10  44 94 136 309 474 556 599 625 806 941
10  104 156 198 326 375 484 651 706 768 940
5  367 438 815 868 982
7  112 291 405 749 834 892 947
7  102 240 241 555 699 755 785
9  41 64 272 356 386 543 580 601 734
7  281 293 436 493 565 654 896
9  81 159 373 430 506 508 529 748 939
3  406 646 884
11  46 48 189 374 425 438 700 745 767 896 965
12  341 412 422 489 531 769 803 844 854 881 929 975
9  22 101 242 257 328 433 713 724 924
12  200 245 316 344 447 505 508 546 602 720 750 913
10  1 117 149 290 311 312 492 530 672 823
7  31 141 237 263 567 591 967
10  125 154 475 482 515 524 564 675 987 993
20  25 30 35 89 110 137 190 376 425 450 659 665 686 769 842 843 858 868 968 985
11  105 267 372 443 529 702 715 834 854 977 986
10  24 95 145 190 330 393 394 446 798 923
10  47 86 139 195 365 417 443 624 634 746
4  553 624 637 702
11  130 424 466 521 653 697 731 752 835 881 886
6  99 384 462 468 582 817
10  43 148 303 330 542 649 666 774 862 943
10  135 217 234 327 339 362 505 545 761 934
13  48 114 124 204 226 339 344 369 396 662 718 791 874
12  66 102 172 205 225 250 349 555 728 751 850 999
11  179 181 202 209 405 435 707 901 922 926 989
6  11 203 435 750 821 907
8  271 279 501 583 599 657 768 970
14  49 201 256 345 368 439 452 535 592 595 599 652 784 972
8  144 322 423 519 751 915 973 993
9  60 182 198 336 353 366 432 534 810
10  0 38 140 348 404 517 539 633 730 837
12  73 74 133 205 275 302 503 510 524 644 953 991
15  19 164 195 345 396 552 591 635 644 680 699 859 897 987 996
6  138 146 244 268 297 578
14  88 137 143 175 235 291 384 606 618 755 780 962 964 984
16  140 193 288 296 448 476 488 552 596 646 667 688 716 746 768 961
16  21 31 36 49 101 117 131 150 190 237 373 435 613 769 878 914
6  62 191 245 716 796 990
9  188 389 415 432 512 549 667 827 945
15  72 94 154 189 197 256 306 319 339 428 709 838 936 943 973
11  152 277 296 300 574 576 777 812 845 890 909
7  70 452 456 484 717 760 768
10  11 72 152 251 297 335 389 851 922 984
8  190 243 367 408 465 492 722 861
5  1 356 401 516 569
9  71 263 364 373 386 391 549 849 907
14  13 16 20 98 100 115 130 231 310 347 362 402 407 798
6  40 55 107 140 442 924
11  9 241 247 303 362 377 517 608 703 727 977
10  37 71 85 106 486 502 508 707 715 881
7  37 86 355 382 548 737 992
7  50 123 187 573 615 691 781
9  295 332 441 493 542 587 619 850 864
12  149 346 358 480 607 632 652 789 795 870 895 902
11  233 240 318 444 467 608 629 690 704 928 981
11  140 144 154 377 579 632 680 886 924 953 980
9  35 334 375 739 746 808 819 897 940
16  35 149 395 429 486 564 582 610 627 647 736 781 829 924 939 978
8  52 73 99 255 531 758 845 901
7  8 189 264 581 805 959 975
6  122 130 188 230 557 891
6  20 602 651 734 748 811
16  24 58 86 94 159 254 427 537 648 706 737 771 830 916 929 955
10  250 289 529 531 739 782 899 951 959 989
11  5 68 145 226 311 324 430 573 612 863 894
9  158 212 239 240 425 604 759 823 962
6  113 300 398 402 506 977
7  8 155 220 351 358 505 907
8  52 107 161 187 339 368 836 960
11  200 263 354 390 477 500 620 686 788 857 866
11  291 314 564 565 632 673 676 715 921 952 985
10  81 177 202 291 465 524 544 556 842 942
7  317 468 624 646 730 826 889
7  153 231 505 671 751 767 794
9  157 167 220 231 439 502 625 858 990
10  83 167 214 346 348 437 474 646 751 913
8  1 34 109 148 174 596 901 971
7  151 209 469 649 699 769 776
9  36 133 155 199 485 538 596 601 623
11  175 203 330 416 427 469 516 686 792 876 952
5  264 398 527 547 914
13  214 320 364 378 591 667 669 759 792 823 890 977 980
8  133 328 540 566 572 595 772 986
10  405 411 552 639 733 813 862 921 982 991
8  15 34 66 189 229 431 485 859
10  31 156 208 382 488 514 577 623 643 948
9  2 68 120 153 370 443 585 693 871
10  339 463 542 589 797 835 844 870 873 912
7  83 228 256 338 671 714 866
11  113 123 224 317 370 372 574 790 849 890 954
12  87 193 205 254 330 332 394 613 693 799 889 981
12  174 277 316 324 398 504 599 638 654 724 781 897
9  307 416 436 536 862 894 900 933 967
9  3 290 390 417 575 624 698 792 871
7  293 353 380 413 800 854 973
8  284 391 545 585 605 624 729 766
17  9 32 87 326 431 468 470 533 588 627 698 747 780 854 875 918 929
12  110 150 177 211 235 286 349 410 419 677 822 921
11  225 246 554 577 672 690 769 869 905 915 936
3  101 655 732
9  78 159 335 518 592 710 875 928 943
6  180 336 557 716 738 925
12  130 199 295 363 374 389 601 682 726 777 919 939
13  82 152 292 497 509 526 569 659 719 729 757 872 933
7  71 303 355 532 855 861 965
6  68 94 115 192 899 929
10  103 168 351 383 441 458 600 601 826 859
10  67 115 286 346 467 495 558 781 853 923
11  300 591 669 729 779 806 832 855 899 926 985
10  39 110 197 455 479 552 652 671 694 934
10  124 334 476 544 606 710 815 828 854 857
9  206 257 396 509 571 601 604 660 959
16  45 88 136 154 157 447 476 510 593 644 701 779 798 822 827 954
11  97 192 301 425 488 549 579 606 676 727 847
7  318 378 397 478 486 522 998
11  132 169 288 292 310 441 482 521 549 820 837
15  40 83 158 343 352 381 500 512 575 597 701 709 848 896 952
7  39 374 435 563 749 751 862
6  261 320 518 588 772 808
16  93 361 394 426 447 487 498 601 646 665 747 750 857 934 981 994
8  1 263 273 390 460 521 548 849
6  303 380 468 621 842 896
15  63 106 201 281 437 496 528 591 622 629 728 782 953 965 996
8  33 229 486 504 615 914 923 964
8  176 259 406 429 434 520 691 725
12  160 166 200 236 237 383 465 664 768 836 922 928
10  269 281 382 510 678 681 691 711 889 969
15  30 70 76 100 169 260 323 389 520 534 571 574 620 717 899
6  91 440 533 685 745 983
12  87 110 218 268 430 616 708 755 763 765 766 874
9  132 201 206 321 463 581 802 833 862
8  2 199 208 421 640 823 843 892
6  321 682 741 745 904 944
10  5 49 318 396 576 601 840 857 932 937
7  52 206 232 274 438 486 534
13  93 99 279 565 660 724 741 789 817 846 917 924 985
9  3 111 197 485 548 565 716 799 861
18  17 186 214 270 287 429 462 492 504 540 608 741 746 803 839 871 902 941
10  116 142 413 458 599 646 713 754 755 947
12  51 122 401 465 470 493 530 634 650 662 716 763
14  205 377 453 456 461 469 501 513 540 619 682 773 888 998
10  68 125 258 350 383 425 670 725 909 942
9  62 99 119 338 377 705 793 890 960
6  157 163 396 434 560 774
10  0 212 281 336 337 353 421 601 638 834
15  18 76 100 176 230 558 559 737 760 773 864 877 890 899 921
6  91 141 176 344 357 767
6  82 129 396 794 878 911
15  24 38 71 134 236 400 413 445 447 543 701 729 816 941 987
9  20 41 126 364 545 628 764 789 884
14  17 175 257 342 435 737 788 791 794 873 918 940 957 991
6  238 255 415 427 561 864
18  72 220 280 299 356 398 445 537 543 573 576 609 649 655 818 847 919 922
12  31 205 443 462 486 586 633 784 817 831 858 962
10  79 247 284 361 584 621 725 773 841 953
9  40 296 298 375 389 697 763 866 945
10  1 3 62 126 147 194 373 412 805 865
7  78 293 411 415 426 557 733
8  122 230 257 351 385 424 630 789
13  21 46 135 402 408 418 455 470 508 692 705 767 960
13  3 100 121 164 262 484 549 610 667 693 847 928 950
16  120 187 366 385 387 398 491 521 562 663 697 884 890 912 920 971
6  174 248 424 490 494 525
11  44 79 146 332 430 454 689 763 774 836 859
14  99 112 181 186 245 256 395 515 578 607 672 728 852 973
8  8 336 564 589 670 848 873 877
12  218 256 329 465 512 529 633 648 732 802 932 957
9  33 499 517 620 640 665 898 913 928
8  55 76 222 276 374 538 703 770
14  5 52 61 208 266 450 471 483 574 720 732 784 961 984
18  75 105 195 267 310 331 376 405 415 417 464 487 539 602 808 817 825 878
15  91 124 310 349 362 436 469 501 503 596 622 721 744 887 902
13  59 94 95 156 254 308 346 574 819 874 894 960 969
19  119 139 187 188 205 234 253 354 392 442 469 530 543 601 644 761 895 912 949
8  31 357 482 528 597 828 847 982
9  56 89 93 173 475 592 616 657 972
9  6 20 316 469 663 836 913 955 983
12  100 106 130 282 344 397 449 486 575 609 732 747
15  175 188 312 343 466 549 624 637 644 736 865 917 918 934 957
8  27 56 156 193 198 683 750 983
10  157 219 241 273 338 442 461 638 677 946
12  212 379 382 386 482 524 526 558 648 720 729 982
12  75 196 241 389 465 490 514 536 691 720 859 969
16  65 150 189 263 337 362 410 592 685 686 781 784 812 887 935 965
10  161 307 353 497 557 786 814 879 953 981
14  29 42 162 233 272 324 456 532 538 566 585 861 942 980
3  282 490 610
12  42 43 195 260 310 350 514 615 745 759 883 971
6  44 235 339 651 689 920
8  216 270 432 577 602 834 915 988
7  168 210 318 450 492 692 821
11  138 312 340 466 499 513 532 611 803 822 891
9  219 233 364 464 513 551 606 887 968
5  30 422 698 878 968
11  1 3 83 495 521 634 694 785 904 944 945
8  23 26 285 320 366 422 627 862
10  127 187 212 214 337 349 454 508 883 918
8  64 128 268 374 574 588 615 870
10  54 211 247 315 358 378 575 720 818 863
5  154 182 721 873 882
4  31 195 327 361
8  29 165 209 374 521 556 822 886
7  142 193 234 759 764 916 978
11  68 100 104 188 409 482 522 590 783 905 976
7  71 131 252 255 422 447 969
6  428 483 592 706 777 869
9  44 80 95 180 255 521 701 849 957
10  69 78 170 202 211 322 402 557 691 832
16  70 139 172 268 283 334 363 367 427 438 548 576 883 893 910 928
13  2 75 98 158 164 222 321 548 575 661 918 949 965
10  12 28 90 179 336 507 516 664 815 865
11  13 28 41 214 221 306 308 417 688 903 964
10  63 96 247 280 364 440 447 705 820 877
10  111 139 144 347 469 526 654 686 786 999
12  50 66 70 107 112 260 287 386 542 710 736 847
7  282 453 465 752 815 832 961
8  216 251 292 347 421 454 458 661
13  76 272 291 307 434 453 471 523 606 633 679 899 976
9  7 58 185 200 584 707 736 855 948
17  49 56 96 156 324 327 393 404 510 517 595 650 770 772 784 884 932
12  6 85 118 131 168 211 347 380 501 607 629 905
10  9 122 327 563 633 661 665 696 782 942
7  33 71 162 517 723 734 829
12  133 135 152 204 208 268 293 321 348 400 659 718
15  37 48 74 94 155 235 259 286 418 464 483 496 649 711 748
7  29 119 211 261 527 613 950
6  339 444 684 949 978 984
7  181 385 396 447 554 710 768
9  181 256 285 455 492 584 745 751 792
8  223 330 512 532 784 889 905 984
15  121 188 198 277 299 309 313 393 402 411 476 512 603 683 994
8  90 280 343 563 625 719 743 754
11  60 232 246 257 318 327 440 532 624 882 893
10  62 452 459 480 639 697 760 795 838 857
14  68 69 314 389 574 693 739 787 866 870 887 921 983 993
3  162 210 305
13  7 98 212 232 325 373 396 430 482 594 602 694 965
10  8 123 405 522 525 538 578 607 750 794
6  21 77 196 385 709 911
11  166 190 249 336 403 472 657 667 684 861 965
14  18 104 171 290 414 477 480 487 520 556 719 749 808 997
6  45 132 212 529 870 879
10  1 101 118 140 209 325 669 788 986 994
10  20 75 113 143 369 467 742 743 772 845
9  92 132 263 349 461 670 728 910 929
8  16 61 249 323 396 493 595 654
12  173 322 476 480 546 607 624 670 813 900 917 947
8  260 304 314 461 472 494 857 872
10  69 109 137 406 839 840 841 851 870 999
8  115 204 317 323 336 891 906 983
9  245 258 509 511 548 675 817 861 918
12  49 112 182 259 336 377 510 658 733 831 901 980
13  138 152 325 390 528 564 570 572 775 790 837 866 952
14  56 67 103 126 127 263 474 521 740 756 898 906 952 964
7  37 469 574 678 681 686 988
7  110 297 310 382 707 932 936
14  44 60 151 173 359 361 370 460 849 868 869 880 912 974
13  18 65 79 194 442 494 533 795 809 847 907 935 991
7  123 184 324 328 580 832 903
9  172 179 231 279 307 690 790 882 905
4  66 285 323 743
7  33 228 245 317 374 627 796
8  33 205 371 434 519 551 757 779
11  142 223 290 303 462 793 804 840 869 934 964
10  20 170 230 295 329 402 529 663 757 762
7  250 262 476 595 710 795 850
10  160 195 204 355 467 646 704 851 925 957
13  51 76 85 88 174 533 660 662 693 804 851 864 913
12  290 309 383 428 456 467 501 648 720 761 855 919
15  1 31 190 191 202 283 316 449 453 589 696 718 766 903 918
8  169 258 337 531 675 778 781 935
12  50 62 129 241 288 447 460 534 594 683 749 854
10  134 165 172 300 374 511 562 583 657 980
12  102 133 193 240 549 625 686 724 753 829 890 989
10  19 142 294 378 398 471 762 844 857 967
9  54 218 272 281 452 634 652 780 907
13  162 213 339 346 423 465 510 534 652 778 860 956 975
10  1 180 182 252 319 465 542 635 718 816
6  84 220 392 562 763 811
8  138 314 318 461 498 942 959 965
7  26 181 602 701 703 882 995
12  21 151 175 278 285 314 370 378 393 437 465 937
8  90 201 604 730 732 830 981 982
6  74 343 435 628 781 972
10  17 30 41 179 335 356 458 493 768 988
8  5 11 94 117 496 771 836 862
11  193 207 399 441 495 526 703 791 799 952 999
12  34 97 112 306 381 383 435 456 500 679 713 827
7  41 329 362 382 548 687 837
14  51 116 275 325 394 527 558 583 629 731 743 773 797 906
10  207 306 351 434 453 507 526 595 628 655
7  47 490 555 804 812 866 996
13  4 70 156 272 304 382 450 466 480 564 567 842 903
8  70 161 399 493 529 557 779 969
16  52 65 140 286 422 437 515 541 582 690 751 764 894 896 929 945
15  92 125 306 346 410 413 445 553 657 758 781 861 884 898 925
9  129 185 303 319 429 505 781 897 997
8  74 253 296 648 764 769 902 906
15  82 336 358 390 566 580 605 608 635 653 684 742 748 879 909
20  49 104 119 209 237 291 305 332 348 381 442 443 447 480 495 605 765 804 881 899
9  184 344 357 458 468 496 580 688 773
16  16 159 220 273 409 432 434 469 476 505 592 608 615 872 889 921
14  137 185 238 262 287 466 502 540 574 642 718 750 902 935
19  40 87 243 245 306 337 339 342 379 420 467 516 517 518 552 557 647 781 974
14  1 127 162 262 305 325 599 617 658 730 802 900 953 987
11  335 383 440 530 588 661 715 817 862 915 994
10  158 405 413 529 593 653 728 744 784 835
7  20 37 118 572 776 817 881
9  58 163 241 419 480 548 679 852 905
9  127 178 341 542 605 622 706 849 972
12  201 276 278 396 412 431 467 513 788 878 910 946
10  44 45 146 235 406 517 640 641 723 858
5  77 280 626 885 942
7  5 82 106 275 607 778 892
13  39 119 219 399 406 412 458 465 474 710 852 879 982
9  19 23 91 136 621 654 752 799 967
10  86 178 281 340 347 369 402 565 855 912
10  7 83 335 371 390 529 657 658 802 979
9  136 164 207 326 590 712 819 865 979
7  65 132 244 250 302 681 869
11  215 223 280 289 300 319 343 505 574 592 705
6  285 336 406 500 504 683
8  78 201 251 279 536 815 831 977
7  39 173 642 762 892 930 986
12  48 151 161 328 348 352 457 609 630 644 744 754
7  327 551 617 627 699 722 898
9  108 176 209 303 356 394 616 787 829
12  101 154 169 218 305 411 450 459 650 725 791 866
9  95 103 328 413 423 504 839 888 936
11  103 159 273 360 452 465 638 750 760 809 941
16  32 153 161 288 390 451 466 547 622 649 658 700 744 749 759 968
9  41 82 269 350 573 700 874 923 940
12  54 146 285 445 523 531 559 610 739 873 983 988
7  7 119 333 357 721 767 857
10  150 235 282 453 487 501 543 659 682 857
15  42 55 192 306 337 386 434 500 550 608 733 735 778 813 931
9  14 123 215 240 468 520 639 868 981
6  26 117 151 197 337 619
9  49 257 289 303 487 494 719 784 886
14  138 175 187 233 239 462 467 486 521 730 743 845 862 944
6  73 131 170 232 647 757
7  12 376 456 605 657 903 957
15  2 56 81 170 175 215 325 362 547 584 627 706 739 819 873
8  74 77 269 277 416 669 727 972
12  63 197 278 292 385 417 442 525 655 691 845 989
10  29 132 416 438 606 694 755 859 906 976
10  1 204 282 332 395 396 715 906 907 955
11  19 35 97 306 357 358 476 761 879 926 949
11  30 111 251 348 353 693 716 747 771 932 946
9  18 178 330 460 587 672 717 864 925
11  147 210 245 376 469 537 648 702 837 922 977
10  27 90 196 214 333 385 388 469 477 923
10  93 137 266 284 469 584 629 792 981 992
8  63 71 194 428 538 827 889 987
9  290 293 406 502 598 644 749 931 971
18  18 184 281 286 327 360 367 372 419 505 535 597 630 683 729 779 849 953
10  12 280 369 403 677 735 881 908 932 953
6  39 383 498 576 609 934
10  43 157 178 197 237 347 685 749 843 967
11  7 328 403 510 531 691 721 739 881 918 996
10  25 269 347 379 452 456 622 812 819 986
7  21 81 246 391 455 692 721
6  12 288 340 418 886 903
14  170 180 229 332 407 430 459 472 483 605 693 812 877 952
10  34 141 176 305 339 471 582 714 875 909
15  31 173 224 229 436 498 525 622 651 687 792 795 830 866 921
12  153 154 270 351 357 395 398 543 544 562 711 834
6  64 262 294 423 433 606
5  195 293 300 437 442
10  84 103 193 521 575 667 725 747 930 952
10  6 16 258 348 488 537 631 644 709 990
11  85 131 228 318 516 536 588 597 606 729 775
14  97 124 244 334 351 403 519 545 610 623 869 879 914 936
10  196 336 558 691 762 796 889 912 937 999
12  50 61 128 248 303 306 468 628 742 826 842 857
4  100 460 845 970
6  186 218 253 380 443 475
10  20 168 314 318 339 500 532 755 943 992
9  44 98 237 276 532 617 850 897 924
10  114 119 187 261 315 538 663 766 864 907
9  3 36 107 109 175 412 624 647 801
10  55 152 246 496 508 593 636 686 767 907
16  17 106 216 286 302 374 375 416 454 474 561 614 654 776 805 854
12  46 110 111 204 211 279 281 326 344 439 626 991
10  129 501 603 620 686 699 750 782 796 962
14  126 136 150 358 428 491 632 651 705 708 731 761 912 941
15  198 201 249 275 469 618 676 681 699 725 739 784 844 872 956
11  3 31 60 77 156 183 461 561 611 838 988
8  80 264 393 603 615 725 784 981
7  167 189 457 698 702 834 908
11  163 237 367 406 581 660 683 758 837 866 966
13  33 226 267 323 350 373 459 469 710 757 760 788 921
11  83 123 153 273 311 347 455 539 591 619 961
7  118 311 498 598 817 891 915
9  15 80 99 309 665 849 891 929 983
7  317 548 553 642 717 776 891
18  5 111 122 327 438 444 532 643 716 728 779 818 846 849 943 947 957 980
6  49 283 387 397 869 930
15  6 144 148 178 223 236 331 418 458 576 653 676 717 779 811
14  49 94 102 132 139 169 236 301 302 482 590 594 643 989
10  129 141 248 351 464 585 684 877 918 930
6  115 122 177 458 586 745
5  14 54 579 634 835
7  110 210 269 784 810 899 988
5  418 597 746 776 906
5  100 277 293 786 971
10  248 418 473 652 716 884 905 983 998 999
9  95 119 128 217 230 318 497 646 661
16  61 72 125 206 255 293 335 338 363 400 420 468 486 927 981 997
9  259 282 343 364 375 535 615 616 932
12  50 206 299 318 374 523 564 760 798 842 985 988
7  155 251 264 355 647 914 977
8  82 199 330 403 672 754 803 958
11  221 279 568 607 669 682 754 764 787 833 915
9  42 168 424 464 466 626 661 713 729
9  143 225 296 556 605 837 882 938 977
10  0 20 185 223 460 530 633 752 870 994
10  89 132 192 438 455 594 703 807 858 891
11  320 384 394 508 518 585 624 689 885 898 934
7  2 252 261 351 566 584 665
9  319 567 595 643 676 817 818 852 883
9  46 55 218 515 622 766 904 927 974
7  262 284 363 471 537 674 859
9  1 37 44 253 331 435 639 815 936
8  22 60 63 119 369 484 565 702
12  137 177 198 247 274 288 558 688 720 842 935 999
12  193 266 341 349 371 467 486 669 721 725 746 984
8  68 76 278 472 547 594 624 827
13  71 117 152 402 437 565 583 593 856 887 898 915 992
14  72 108 193 248 385 411 431 456 586 601 702 703 815 980
10  0 42 57 122 131 201 242 244 337 656
11  73 104 282 340 521 537 570 628 671 704 916
6  520 559 744 761 773 994
14  40 53 132 142 163 192 193 257 304 470 605 722 847 897
7  91 161 272 826 846 866 885
16  168 244 268 272 277 285 299 310 339 595 632 638 687 725 736 929
13  44 51 175 227 336 355 402 446 642 653 733 837 868
8  95 396 550 554 676 849 928 965
12  73 106 231 277 448 618 654 928 946 958 970 974
12  33 261 464 465 475 507 529 581 599 611 624 912
14  200 276 279 358 383 511 533 537 621 630 634 804 832 972
16  28 131 157 219 330 386 403 412 479 579 674 728 813 913 922 956
15  40 98 104 214 220 303 464 467 501 639 660 752 892 953 997
11  97 318 343 490 523 611 627 809 828 873 886
13  223 326 352 498 538 618 644 646 694 785 790 881 905
11  127 357 553 605 609 643 752 757 797 838 934
8  0 6 67 152 230 687 806 929
7  72 101 105 202 256 391 813
7  15 548 663 724 773 798 823
14  54 62 154 217 289 353 363 467 554 575 716 742 788 868
9  89 295 341 492 575 630 795 943 966
6  94 470 491 544 767 890
15  5 9 49 81 92 95 200 552 604 610 669 711 863 920 999
5  158 218 306 503 558
8  8 23 235 293 333 550 878 925
11  50 110 287 320 481 606 652 671 884 938 968
12  41 288 337 475 496 526 531 587 735 827 922 987
7  111 244 251 538 677 681 917
17  1 182 183 238 259 261 344 398 412 546 584 593 605 684 893 895 905
12  34 163 240 397 439 656 702 761 792 801 935 976
10  65 478 549 580 688 707 714 768 821 823
13  54 99 223 262 361 427 491 508 609 807 837 929 944
8  72 315 449 456 540 597 701 744
13  28 94 139 220 288 386 455 518 664 693 718 885 902
11  152 324 490 521 606 616 676 735 749 768 820
6  17 144 536 748 891 965
12  219 221 236 551 601 665 687 861 876 903 909 964
9  196 319 332 383 387 582 912 951 966
11  52 118 182 305 360 441 568 606 736 767 967
8  0 128 149 198 443 464 815 818
4  44 547 869 910
6  2 30 133 183 344 642
12  6 55 257 310 346 495 601 746 875 900 951 966
10  39 57 151 249 399 502 589 608 654 805
6  11 127 297 333 477 702
6  50 100 116 477 763 896
12  65 98 468 489 561 602 637 654 695 740 758 784
6  251 562 565 586 611 758
12  25 197 198 278 339 344 490 520 536 610 714 837
6  18 29 31 711 741 851
17  67 107 123 171 201 238 241 285 304 432 573 610 685 768 789 934 949
9  18 51 223 469 506 546 577 859 943
11  55 93 228 332 347 434 463 516 899 935 967
13  1 5 21 85 186 243 318 390 496 729 873 967 975
7  10 31 127 305 385 493 727
12  3 31 164 227 354 531 551 888 919 937 957 981
9  131 193 219 275 441 442 572 621 768
10  70 184 464 472 564 602 723 751 880 897
13  27 84 169 257 379 411 481 548 604 639 642 817 898
15  13 70 73 78 265 318 456 510 689 732 757 766 886 894 987
8  0 80 91 596 625 676 831 861
17  12 15 42 71 77 120 192 341 405 438 461 483 507 715 769 789 832
9  417 470 483 496 685 698 708 828 981
11  123 179 269 389 500 770 803 853 867 971 981
8  277 301 433 556 608 685 725 953
7  59 375 382 387 471 573 580
4  188 305 433 953
7  327 342 430 545 614 744 933
5  291 376 629 809 953
14  12 67 83 136 179 285 333 387 560 585 632 669 691 852
2  186 757
12  12 148 201 204 247 326 405 535 668 693 740 820
6  141 667 719 739 886 913
10  247 274 408 509 579 592 618 665 779 889
8  34 137 307 331 410 412 949 953
10  24 73 144 239 254 275 597 621 963 965
8  68 176 264 330 515 578 840 950
8  47 128 236 692 732 879 930 997
5  588 607 773 840 907
11  13 119 130 178 416 436 741 823 939 942 970
14  16 236 279 552 564 586 603 630 656 697 731 859 878 975
12  145 263 346 522 623 757 759 812 832 853 930 947
6  292 420 849 886 963 983
10  103 383 453 474 688 698 701 703 751 942
5  28 198 221 810 922
7  292 420 485 552 623 802 880
10  159 268 298 306 500 579 690 791 821 895
12  345 396 437 487 521 556 692 709 807 882 904 998
12  139 392 405 464 566 624 714 780 837 907 914 957
9  294 349 524 646 658 660 694 770 790
14  17 54 155 179 235 245 349 379 420 439 547 550 735 801
9  147 454 531 601 612 632 691 869 925
16  17 80 129 201 377 466 591 626 679 691 711 789 806 853 881 983
6  117 329 354 584 655 917
12  20 220 264 425 460 682 805 807 830 862 976 990
15  161 217 290 292 348 373 510 525 539 665 687 688 876 921 973
11  72 104 116 325 356 527 673 683 710 890 921
14  97 252 256 326 400 433 514 529 629 667 696 746 889 892
12  121 147 275 360 402 511 610 685 718 733 764 893
11  15 157 642 794 821 826 879 910 926 950 990
6  75 387 435 693 818 855
10  184 321 327 399 676 777 912 920 923 944
9  31 42 259 262 359 555 658 679 977
12  12 15 104 167 198 243 491 550 552 766 820 943
9  71 153 172 496 497 703 783 836 993
13  60 84 85 107 278 282 314 372 446 628 679 713 818
11  153 180 183 516 555 590 595 625 640 769 804
15  3 95 214 334 446 452 583 595 679 700 827 913 948 962 965
4  162 220 432 597
13  30 67 144 308 325 378 486 551 712 722 798 892 903
9  47 145 164 228 371 475 508 761 796
7  190 215 384 421 626 862 979
10  56 108 121 295 551 658 713 789 810 989
9  36 94 205 282 404 536 683 764 974
13  23 47 266 276 380 393 431 480 557 692 749 753 999
9  54 292 390 532 618 645 688 825 830
5  65 66 484 705 952
10  82 120 129 174 304 453 580 701 708 809
8  76 254 530 626 644 684 738 952
16  90 180 215 236 471 512 657 725 737 743 749 750 797 828 927 996
13  11 18 75 101 201 203 267 302 305 514 562 572 615
12  49 133 207 293 515 561 564 761 806 826 842 846
10  17 188 389 435 443 468 629 694 821 951
9  21 269 397 406 504 668 804 912 946
12  54 72 131 175 335 347 348 364 434 591 930 973
11  43 106 337 365 499 525 527 592 945 946 948
13  40 63 120 162 209 491 599 705 824 826 878 894 959
9  133 161 388 477 653 839 943 975 991
9  86 146 174 257 301 439 614 810 870
16  39 290 307 320 493 535 552 554 592 601 660 715 819 873 874 979
4  127 268 738 795
8  214 279 509 650 736 740 905 908
10  15 23 189 288 330 410 472 562 607 873
15  21 105 261 269 274 314 347 521 537 580 649 820 862 930 978
11  27 146 196 238 448 470 505 762 824 834 940
9  60 184 455 551 676 764 830 892 900
11  30 123 265 332 335 343 448 655 673 809 852
10  40 44 103 249 323 417 501 602 694 929
7  43 112 153 168 227 388 822
5  501 522 622 630 686
13  1 92 223 344 380 384 601 634 727 751 792 920 954
11  46 216 228 311 316 715 760 811 817 850 982
9  27 60 61 87 267 714 726 958 993
13  77 105 159 222 229 400 498 508 525 552 668 763 917
6  83 419 642 667 727 903
13  25 39 130 298 301 303 645 675 759 826 851 991 992
7  106 127 142 409 464 540 615
11  40 397 409 426 455 505 715 749 817 850 906
14  155 337 472 490 496 598 628 663 746 794 891 900 911 988
9  14 119 121 172 294 298 353 394 567
12  73 182 201 222 303 570 592 638 693 744 751 798
10  109 157 262 285 343 514 535 763 953 996
7  170 227 390 464 631 776 803
15  119 146 166 283 406 437 496 520 524 630 710 715 743 776 989
17  32 141 175 191 285 345 403 468 495 550 715 757 776 784 829 929 957
13  106 160 189 194 239 241 283 394 460 653 679 736 746
12  102 184 381 481 582 608 611 755 769 782 849 967
11  93 118 137 145 439 710 779 850 851 854 972
6  304 397 490 578 579 935
14  12 101 121 124 133 167 200 295 304 511 543 752 835 996
5  15 419 763 995 998
15  82 117 269 428 430 506 557 611 655 666 677 750 839 891 946
15  49 79 142 143 224 461 556 642 643 806 815 824 830 928 956
13  68 108 231 247 353 368 496 677 741 781 932 975 994
9  23 207 311 399 495 557 576 737 885
14  26 187 339 434 513 551 598 625 706 717 841 904 956 981
7  126 129 430 440 489 539 730
15  112 295 305 321 329 444 641 739 747 756 785 852 856 983 996
17  36 70 71 108 114 315 368 460 463 579 694 709 731 842 923 963 982
9  11 14 116 295 465 901 948 964 976
10  70 148 261 295 435 545 587 655 699 819
9  23 172 239 312 325 499 547 617 634
15  64 134 164 192 201 207 291 393 450 626 630 646 652 812 818
11  160 173 179 202 243 264 463 657 702 752 810
7  37 334 385 659 685 829 984
9  0 15 44 132 228 451 514 846 860
7  129 130 248 284 385 409 967
16  9 73 148 306 311 320 455 466 598 614 674 786 795 802 815 986
8  48 78 112 186 309 329 817 919
10  80 418 537 788 866 925 940 965 988 997
10  59 153 243 473 548 561 570 748 749 750
8  108 126 206 268 371 697 927 957
4  436 442 479 501
15  11 53 74 129 274 278 428 459 521 562 564 669 753 837 915
9  62 200 262 441 684 851 909 934 972
12  217 223 257 273 349 436 449 461 462 469 759 975
10  54 90 138 229 288 387 550 752 801 942
10  54 136 369 700 811 825 954 966 967 975
19  56 111 117 193 319 335 349 385 395 472 504 552 554 569 642 750 807 809 853
8  132 167 360 610 763 801 873 955
8  137 158 350 379 571 773 840 922
7  4 19 140 400 492 579 897
13  68 85 235 316 408 476 557 615 775 825 872 956 991
11  219 301 315 324 646 657 688 708 877 902 959
8  93 255 418 425 610 685 887 905
12  52 139 153 160 188 316 452 493 682 806 851 939
10  13 150 245 247 259 394 518 531 625 736
5  9 308 429 857 866
9  239 313 316 403 695 744 816 852 971
9  219 399 423 431 531 616 726 773 834
8  95 203 427 539 550 706 882 952
9  24 82 106 108 253 455 611 715 815
8  109 181 212 278 576 614 705 746
10  37 55 82 138 256 302 452 481 948 967
3  138 260 833
8  34 140 150 546 625 686 782 785
9  122 155 296 332 470 483 681 773 809
9  3 53 112 173 303 357 578 659 748
12  21 26 54 101 139 429 433 457 465 606 702 719
7  10 225 322 548 639 690 948
13  22 105 151 163 274 612 688 717 758 791 861 929 959
8  583 627 683 690 784 816 884 912
7  2 222 284 336 406 932 959
13  76 423 495 609 664 713 732 784 802 937 967 968 989
11  34 64 134 144 149 195 569 680 708 724 769
7  44 227 444 564 737 783 995
9  102 206 349 457 526 529 677 768 984
9  14 154 249 412 501 607 613 887 928
5  18 350 834 894 958
16  41 91 136 165 276 376 381 488 589 595 635 758 773 797 848 894
6  44 314 443 794 807 909
15  76 185 301 319 336 416 471 473 559 586 654 737 743 774 956
11  15 318 364 562 586 635 696 701 768 911 953
7  222 338 484 508 526 725 766
10  95 126 128 281 378 630 667 699 729 858
8  141 191 356 626 682 695 718 848
11  35 114 124 263 278 357 367 734 833 962 980
11  176 231 247 297 614 626 675 850 882 906 958
4  62 722 730 758
12  32 65 71 135 336 711 783 788 855 901 917 931
12  32 238 272 540 600 695 717 722 741 946 954 958
11  114 133 204 278 453 519 593 622 703 850 853
7  276 340 609 658 715 861 899
13  65 89 223 388 439 492 750 770 877 888 889 901 978
9  97 228 448 531 690 711 731 758 871
7  115 319 417 488 656 968 976
12  75 91 274 373 381 424 606 657 677 853 920 939
6  296 579 800 822 969 991
10  6 166 180 310 355 532 555 730 795 814
10  59 184 253 472 568 755 874 888 893 919
13  30 56 112 234 291 329 342 451 700 859 886 924 966
15  30 74 196 281 418 454 516 556 581 602 627 644 684 779 990
6  76 205 399 553 611 988
12  69 116 303 414 494 723 757 848 883 976 989 997
9  130 299 414 429 672 674 786 921 966
6  8 320 414 761 925 936
11  28 179 237 287 458 540 576 591 717 764 872
7  160 179 297 524 864 952 965
6  84 173 253 440 552 967
10  46 152 206 224 409 505 510 541 864 990
9  89 136 301 562 600 717 771 893 954
10  116 162 279 318 326 340 380 423 599 971
9  150 282 331 815 821 839 922 983 993
16  35 147 153 211 255 286 372 422 475 521 560 562 603 678 752 879
13  40 42 189 218 431 544 737 743 753 823 827 918 923
12  81 98 113 208 414 432 433 645 741 753 780 791
10  5 330 474 480 586 665 732 763 794 948
10  63 273 659 677 688 784 827 832 887 993
8  173 180 260 262 276 437 548 753
7  270 274 384 434 482 696 825
5  90 145 594 763 934
17  45 147 235 276 285 299 399 413 440 499 500 540 793 873 903 965 968
10  35 76 112 121 179 240 319 477 583 820
13  198 250 272 329 348 511 588 647 676 836 883 892 937
6  132 134 442 771 879 937
14  63 209 270 302 351 405 416 461 632 656 806 828 947 978
17  2 106 186 249 258 283 296 361 451 471 505 690 707 729 899 951 958
6  93 230 364 618 870 905
11  146 152 218 311 317 433 515 545 843 845 996
10  17 45 74 91 149 322 344 376 484 877
14  98 235 254 321 400 418 457 493 531 556 600 775 793 977
5  17 37 54 63 659
9  103 165 179 422 502 602 615 911 987
14  123 151 264 371 422 429 485 538 563 636 687 900 951 976
12  58 123 219 253 363 400 407 414 582 724 863 872
9  3 13 96 252 259 303 830 949 984
11  152 269 413 467 552 788 842 870 941 963 979
16  20 134 253 316 331 365 498 508 609 649 725 728 785 857 883 885
10  114 159 162 188 295 338 497 725 835 970
12  61 87 143 262 266 530 638 880 890 932 936 999
6  25 58 245 632 691 889
9  120 311 331 378 529 566 789 829 865
11  125 137 202 313 336 359 476 620 676 722 955
12  350 407 464 480 513 538 673 695 849 860 881 888
6  58 422 653 681 875 976
14  21 150 152 173 184 215 465 473 522 525 610 688 879 969
11  9 365 398 425 446 581 683 796 823 931 976
10  5 6 102 353 362 374 586 839 859 873
11  37 152 171 315 327 385 461 572 621 807 911
9  39 478 584 600 629 760 873 916 957
15  7 75 184 221 367 504 528 609 655 668 678 836 895 956 989
10  96 337 349 358 400 594 790 813 853 903
8  155 306 494 651 829 835 879 954
16  51 53 238 256 292 395 467 519 539 669 693 829 876 890 917 965
15  64 92 206 247 255 308 311 327 439 617 692 875 889 901 976
12  87 226 357 415 559 560 561 583 631 744 757 949
14  97 101 108 166 297 479 489 608 693 705 731 859 949 968
13  71 88 120 374 398 624 694 835 846 921 929 940 957
12  127 131 230 258 338 460 655 722 814 815 895 973
12  50 114 125 131 219 339 624 682 886 894 914 984
7  131 169 172 282 287 460 641
11  48 90 125 198 222 257 462 544 599 653 787
13  38 76 123 333 419 461 491 584 594 654 923 964 998
13  87 149 229 271 274 293 311 383 465 569 648 828 862
15  1 19 21 24 94 147 258 412 470 638 731 744 869 986 998
9  190 224 242 417 765 825 829 890 954
9  219 303 337 463 468 629 789 905 930
14  72 92 377 424 435 458 507 528 632 705 740 857 887 971
7  43 90 298 360 587 683 761
14  264 369 386 395 425 474 572 610 624 727 790 863 902 947
10  415 419 455 463 511 512 570 743 823 976
12  50 191 211 233 423 441 512 545 547 674 684 912
7  20 75 144 522 555 727 995
8  206 307 464 530 632 780 816 936
6  78 374 410 476 636 695
8  52 313 404 744 818 868 884 928
17  24 102 115 151 253 327 339 422 482 539 551 605 633 697 719 807 907
11  43 96 175 241 333 342 433 607 668 703 983
11  16 81 145 202 246 289 538 577 684 895 982
10  91 120 194 264 355 471 559 579 594 779
7  10 39 228 368 597 885 986
9  99 301 344 412 623 689 739 825 889
14  6 55 144 152 262 316 344 362 375 416 435 525 566 850
9  149 268 318 434 651 774 835 941 945
8  42 138 327 354 618 697 736 832
13  133 236 249 263 311 400 467 531 557 691 692 840 893
12  46 190 208 291 318 516 607 622 680 786 848 972
12  127 132 181 273 289 497 517 697 764 850 898 943
9  113 154 174 213 221 223 301 544 836
10  43 141 267 432 461 515 620 687 775 841
6  190 274 513 695 928 970
6  69 574 587 715 777 958
16  46 69 112 220 266 291 326 333 374 603 604 758 813 911 926 980
22  35 46 50 159 173 228 262 271 410 460 560 601 612 627 733 750 806 893 961 978 986 990
12  58 157 489 535 563 566 673 677 720 729 902 991
5  45 501 520 825 882
14  4 32 158 299 332 385 421 514 522 575 759 808 875 989
4  158 258 269 663
12  103 187 275 285 344 429 523 584 611 646 780 856
12  23 39 155 349 423 436 468 591 625 648 754 965
12  90 205 264 421 494 538 589 841 875 909 953 955
8  77 299 447 539 651 809 859 860
4  116 581 621 978
8  1 38 170 223 268 675 791 832
10  65 127 164 222 316 497 730 775 893 951
8  84 163 303 314 495 551 872 919
11  237 307 351 387 445 478 675 679 782 955 963
12  68 186 205 266 543 562 616 647 699 723 923 995
6  124 298 360 505 627 697
8  3 101 204 321 360 460 721 919
15  0 21 74 89 105 116 117 346 476 514 604 719 721 757 826
11  0 34 71 127 166 304 412 562 677 861 905
9  149 251 384 703 721 765 799 805 852
10  159 339 375 392 513 646 670 871 891 892
5  21 326 391 672 695
10  26 78 117 229 633 638 718 862 869 940
12  236 245 282 418 419 452 529 535 712 714 796 843
17  43 197 221 288 320 350 470 521 522 608 660 662 664 670 747 818 936
10  150 158 255 278 736 783 826 846 888 901
8  134 228 342 512 785 878 936 942
8  442 552 607 758 761 788 817 886
19  16 23 97 120 140 149 316 332 344 372 432 507 562 651 684 750 777 885 893
11  37 103 578 604 738 814 823 826 862 927 995
9  3 225 229 277 445 722 789 806 808
6  40 137 234 308 325 338
9  27 81 201 335 381 558 929 971 994
8  67 200 231 319 550 703 822 993
6  671 678 764 872 942 999
9  12 200 289 377 419 429 632 765 898
18  72 172 270 288 349 375 402 405 445 603 631 671 703 775 843 857 889 935
7  556 616 633 638 783 836 840
15  177 258 440 481 524 634 648 649 752 772 783 799 809 844 975
10  54 179 358 359 496 621 809 831 857 892
8  26 292 338 348 370 459 833 881
6  192 541 604 675 874 926
15  3 92 103 138 151 242 327 353 520 571 659 794 847 903 961
10  193 341 449 475 509 606 753 780 922 986
7  194 205 260 330 691 720 894
8  41 117 422 469 587 604 709 986
14  10 28 66 128 173 225 442 649 676 723 759 781 783 967
14  138 369 383 511 625 690 765 831 839 869 880 882 890 906
11  100 180 214 232 247 488 516 577 581 698 866
9  135 223 368 392 729 829 861 929 938
6  483 484 707 725 872 989
12  103 112 147 221 247 351 417 438 562 595 822 928
14  138 220 256 285 350 448 502 518 554 574 651 658 659 761
11  33 86 165 249 340 347 448 480 737 764 914
16  0 21 38 294 342 345 400 415 498 560 572 678 688 763 848 913
11  200 208 335 392 395 592 770 812 871 895 998
7  137 149 179 236 274 301 576
11  180 248 408 489 526 773 900 916 929 972 974
10  11 126 178 198 314 470 519 622 655 868
14  1 36 41 126 355 420 450 498 553 569 576 744 775 838
12  190 229 439 510 565 708 749 809 839 886 932 979
8  203 240 536 690 695 837 845 929
12  4 159 197 249 316 423 549 723 741 788 833 930
8  32 95 116 216 518 543 594 741
9  35 178 194 400 700 738 848 853 962
8  285 396 408 471 582 598 759 961
7  58 446 756 811 908 943 958
10  11 198 288 457 525 715 747 755 763 864
10  4 69 115 406 462 574 608 673 775 839
11  49 103 124 280 306 572 683 756 898 900 984
12  53 189 379 414 452 539 572 591 618 710 875 963
