
***ForestFire:  GeoFire  Nodes:1000  StartNodes:1  Take2AmbProb:0
                FwdBurnP:0.35  BckBurnP:0.354  ProbDecay:1  Orphan:0
(1000, 7319)  burned: [4,2,5]  [0.02s]
1000
130  1 4 11 12 14 16 18 22 27 32 38 40 42 45 48 49 52 60 61 63 66 70 81 96 98 103 106 108 111 113 119 123 150 156 162 190 191 200 240 244 250 256 271 283 285 287 298 301 302 304 335 336 339 340 350 376 388 390 423 434 437 440 452 456 457 462 472 480 493 494 504 509 536 541 551 554 555 557 559 569 573 575 583 595 621 622 632 637 642 655 658 664 672 675 680 685 686 689 708 715 723 728 729 734 740 749 752 764 766 790 799 802 813 814 824 852 869 871 883 886 919 934 944 959 961 972 975 977 980 986
120  0 2 3 4 5 7 10 12 14 16 22 27 28 32 36 38 40 42 43 45 48 49 60 63 65 77 81 98 103 106 108 111 119 123 126 137 142 162 200 222 250 256 283 285 287 298 301 302 304 311 350 379 388 416 434 437 440 452 456 457 462 472 493 494 509 536 541 551 554 555 558 559 565 569 575 583 589 592 622 624 632 642 658 664 675 680 685 689 707 715 716 723 728 729 734 740 766 776 790 799 801 802 813 824 852 863 869 871 883 886 922 934 944 953 961 972 975 977 980 986
82  1 7 9 12 16 28 38 40 42 43 47 48 56 60 62 63 77 81 98 100 106 108 127 170 200 256 273 283 285 301 302 388 423 437 440 456 457 472 475 493 494 509 522 541 551 554 555 558 565 579 583 589 609 622 624 632 658 664 676 680 686 689 715 716 729 749 766 799 801 802 813 822 829 852 883 886 934 944 951 953 972 975
60  1 5 6 10 22 36 40 49 54 60 63 76 102 108 111 116 119 123 137 160 167 180 240 256 285 302 304 357 440 452 457 462 493 541 554 569 583 589 622 632 664 680 689 705 707 715 740 766 786 802 813 822 863 869 883 900 901 934 972 975
49  0 1 12 26 32 38 48 63 66 72 98 103 104 106 108 119 123 162 200 250 277 287 296 340 390 397 415 437 457 472 493 504 536 554 559 658 676 689 802 813 824 871 934 953 959 972 980 985 989
11  1 3 54 63 432 664 678 813 869 901 975
9  3 8 44 147 203 315 541 698 763
74  1 2 9 13 15 19 24 38 40 42 43 47 51 52 55 56 60 63 65 95 98 108 123 146 153 162 200 222 250 301 302 389 397 416 456 457 492 493 536 540 551 554 555 558 565 579 583 622 624 632 645 658 664 676 680 689 715 716 729 746 766 790 799 802 813 829 852 883 922 934 953 975 977 986
7  6 115 147 203 315 698 763
65  2 7 13 15 19 34 38 40 42 43 45 48 52 56 60 63 85 88 95 98 108 123 167 273 281 283 285 287 385 456 457 493 494 509 536 540 551 555 569 579 622 632 658 664 676 680 689 729 738 746 756 766 769 797 799 802 829 871 880 883 934 938 953 975 986
76  1 3 17 22 35 36 39 40 45 49 60 63 68 75 77 92 106 108 111 119 123 137 152 162 167 171 180 181 226 256 285 304 326 414 440 452 456 457 462 472 494 520 541 554 555 569 589 605 622 624 632 642 649 664 680 689 707 723 776 797 799 802 813 824 858 863 869 871 883 887 922 934 938 972 975 985
41  0 14 16 38 63 108 118 150 190 200 285 287 301 335 340 357 388 437 440 444 457 472 493 509 536 541 555 595 689 723 729 749 764 766 802 824 869 886 944 978 986
50  0 1 2 4 21 26 43 48 62 63 70 81 98 103 104 106 108 189 283 346 379 472 536 541 552 554 559 569 632 633 658 676 680 685 689 708 709 729 790 797 802 813 827 837 871 921 934 952 972 993
27  7 9 25 34 52 60 95 385 388 440 456 551 554 565 569 579 622 632 658 729 746 880 883 934 938 972 975
58  0 1 11 16 18 27 38 40 42 45 60 63 98 108 121 200 283 285 301 342 350 369 388 434 437 440 457 472 493 494 509 536 541 554 572 575 616 624 675 680 685 689 715 723 729 766 822 824 883 886 919 922 938 961 967 972 975 986
16  7 9 38 60 108 157 283 285 287 456 457 551 554 680 802 959
36  0 1 2 11 14 38 40 42 48 60 63 98 137 200 219 283 388 434 437 440 457 509 536 541 551 555 622 675 685 689 728 766 799 869 875 961
76  10 20 23 30 31 39 40 46 50 57 68 92 95 98 106 144 152 162 171 224 226 298 326 390 414 440 446 457 472 520 536 541 554 559 569 583 589 605 632 642 645 664 675 680 686 689 714 717 723 728 729 740 749 752 766 780 783 802 808 813 819 824 826 858 863 869 871 883 887 903 923 934 938 972 975 980
33  0 14 27 29 40 42 43 67 98 126 186 256 263 271 280 285 423 440 457 493 494 524 541 554 559 573 583 662 723 824 959 972 975
10  7 9 108 153 302 457 540 689 729 802
39  17 37 39 46 50 57 74 98 106 144 224 226 390 414 440 462 472 509 520 541 554 583 589 603 612 632 645 680 686 689 766 824 863 869 871 934 938 972 980
17  12 53 104 164 171 283 346 472 547 554 569 680 689 708 720 756 993
57  0 1 3 10 35 40 49 54 60 63 77 96 98 107 114 137 156 191 240 256 326 416 440 456 457 462 472 510 536 541 551 554 559 575 581 583 622 630 632 638 655 664 680 685 708 729 742 776 794 802 813 869 921 922 934 944 975
36  17 30 39 40 45 52 58 60 95 98 106 114 171 326 340 440 446 457 472 475 554 559 589 680 729 802 813 819 824 863 871 883 887 903 934 975
31  7 51 65 108 117 146 196 250 273 285 287 302 311 340 397 444 457 502 536 555 583 632 680 715 716 729 773 802 824 883 970
11  13 34 95 223 385 456 569 622 632 729 975
16  4 12 41 63 98 106 457 583 652 676 746 769 797 869 934 999
56  0 1 14 18 38 40 43 52 60 63 70 98 113 123 131 142 200 273 285 298 302 304 339 340 350 388 434 440 457 494 509 536 551 554 569 589 624 649 664 676 680 685 689 715 723 729 756 766 797 799 802 813 824 883 972 975
25  1 2 33 40 63 77 88 98 140 170 183 256 388 437 448 457 541 589 632 672 680 749 813 934 944
2  18 457
34  17 23 39 87 98 109 130 144 171 182 314 326 340 390 460 472 475 589 603 632 676 729 802 808 824 826 852 858 863 883 887 922 934 972
23  17 50 59 83 127 162 351 457 462 472 493 569 632 659 675 680 752 780 788 813 824 972 980
40  0 1 4 63 82 85 90 98 103 106 108 137 144 171 228 232 279 390 392 437 457 462 472 475 493 509 536 554 595 603 658 689 802 809 836 871 872 959 975 980
17  28 40 88 94 98 137 250 256 316 340 448 509 589 625 632 749 919
10  9 13 25 43 98 125 385 472 632 975
25  10 22 40 63 71 191 231 244 285 287 457 462 493 551 554 559 571 583 622 689 728 743 776 813 975
42  1 3 10 43 45 49 60 75 108 119 181 230 256 285 440 452 456 457 536 541 551 554 555 586 622 632 676 689 735 740 764 766 802 813 824 869 871 875 946 961 975 986
16  20 39 40 106 144 440 472 509 589 686 723 813 824 858 934 965
62  0 1 2 4 7 9 11 14 15 16 27 40 42 48 52 56 60 63 65 81 85 98 108 113 114 120 142 157 168 170 190 195 200 273 283 285 287 431 434 440 457 472 493 494 516 536 551 558 569 583 622 624 680 689 729 749 766 802 837 883 934 972
49  10 17 20 23 30 37 40 46 50 68 106 109 144 152 171 182 256 326 340 348 440 472 520 523 554 569 583 585 589 605 632 642 686 723 728 729 733 766 813 824 858 863 871 887 903 938 972 975 980
76  0 1 2 3 7 9 10 14 16 17 18 22 23 27 28 33 35 37 38 39 42 43 45 49 52 60 63 65 77 88 98 106 108 111 131 137 144 152 167 200 229 256 301 326 340 342 388 440 456 457 475 494 536 541 555 569 575 583 589 592 622 632 672 680 766 813 822 824 863 922 934 938 959 961 975 986
7  26 106 174 457 583 723 863
44  0 1 2 7 9 14 16 18 38 40 43 52 56 60 63 85 88 98 108 163 186 263 273 285 301 326 340 423 434 440 457 472 494 536 541 551 554 575 642 676 680 797 802 975
53  1 2 7 9 12 18 27 34 36 40 42 49 52 56 60 63 85 98 103 106 108 119 157 181 195 256 285 301 339 452 456 457 509 536 541 551 554 559 565 622 632 667 689 729 749 802 813 883 908 934 972 975 986
7  6 147 252 329 419 512 763
45  0 1 9 10 14 23 36 40 49 52 60 61 63 79 95 98 108 137 287 293 326 340 440 452 456 457 493 589 610 622 632 656 664 680 685 729 802 813 822 875 883 934 961 967 980
29  17 20 39 50 80 127 159 182 279 284 357 440 462 472 509 520 554 583 589 624 675 685 715 729 764 777 824 923 972
20  2 7 60 77 86 98 245 565 622 624 664 715 769 802 813 832 852 883 951 975
38  0 1 2 4 9 12 16 38 52 56 60 63 81 98 106 108 142 200 283 368 423 437 456 457 493 509 536 569 680 689 729 766 799 825 871 919 934 944
42  0 1 3 10 22 36 40 43 45 52 60 63 65 85 108 119 157 172 285 340 452 456 457 536 541 554 555 559 569 614 624 631 632 680 802 813 822 858 934 961 972 980
28  17 20 31 39 46 83 92 106 127 162 182 285 298 357 457 472 493 536 569 583 589 632 723 729 780 824 972 980
24  7 24 108 128 200 264 274 285 287 302 389 412 493 502 536 551 658 680 689 802 883 919 944 975
52  0 7 9 13 23 27 38 40 42 43 45 48 49 56 60 63 85 98 108 113 119 129 141 163 237 273 339 440 457 459 493 498 536 541 554 555 569 579 583 633 676 680 729 802 824 880 883 938 959 972 975 980
10  21 135 261 346 420 689 756 761 848 883
14  3 5 22 107 116 160 240 423 456 664 729 794 813 869
13  7 138 153 457 622 658 664 689 717 802 836 883 977
42  2 7 9 38 42 43 48 52 60 63 64 98 108 113 114 141 195 263 273 285 311 325 397 440 472 494 516 522 536 541 558 569 649 664 680 715 749 790 802 919 972 975
23  17 20 74 144 152 224 326 390 438 440 462 472 554 589 632 645 686 689 766 824 883 934 975
7  23 320 326 340 472 871 922
12  31 127 171 225 279 472 493 531 539 569 589 740
68  0 1 2 3 7 9 10 13 14 15 16 22 23 27 36 38 40 42 43 45 47 48 49 52 56 63 70 77 95 98 108 123 129 131 137 157 260 273 283 285 326 440 456 457 493 494 536 541 551 554 555 569 614 622 680 689 715 728 729 769 773 802 813 863 883 961 972 975
21  0 45 63 79 98 101 108 165 167 287 311 340 380 457 493 494 622 676 822 886 919
17  2 12 63 69 93 98 456 492 558 664 685 722 749 802 838 913 923
105  0 1 2 3 4 5 7 9 10 11 12 14 16 22 26 27 28 32 35 38 40 42 43 45 48 49 52 56 60 61 62 71 77 81 85 98 106 108 119 137 142 165 167 200 219 231 240 256 263 283 285 311 340 350 379 380 388 397 406 409 410 416 423 434 437 440 456 457 462 472 473 475 492 493 494 509 536 541 551 554 559 569 575 583 589 609 632 633 676 680 689 728 729 740 746 749 776 802 822 824 872 886 934 972 975
12  56 108 141 273 540 583 715 785 802 919 959 997
20  1 7 24 38 40 49 98 108 142 222 285 388 457 536 551 558 592 824 977 980
17  0 4 98 108 123 134 143 193 250 255 457 493 504 632 802 883 938
16  18 73 91 158 166 178 186 187 271 280 423 524 541 554 758 980
27  10 17 39 92 98 106 119 152 188 287 298 326 385 396 472 493 544 589 693 723 802 824 872 887 899 934 938
2  62 722
18  0 12 27 60 95 113 536 541 552 555 602 624 689 729 749 799 802 934
29  35 63 77 85 98 123 156 163 244 256 285 388 409 457 462 473 493 536 551 554 569 624 632 707 776 802 813 934 975
6  4 98 301 440 689 980
15  67 91 158 177 178 186 271 423 440 524 554 573 699 764 980
13  20 57 112 144 224 326 414 472 554 589 689 824 938
23  10 36 78 176 181 230 242 251 347 456 536 551 555 585 586 632 729 768 824 863 934 975 982
8  3 84 102 206 357 657 705 900
35  1 2 10 22 28 40 47 60 63 71 98 108 123 129 131 156 191 256 336 340 440 493 536 554 622 624 680 707 729 766 802 813 824 934 975
18  75 176 185 230 235 251 456 463 536 561 632 663 689 768 818 863 934 975
12  45 61 98 161 165 267 287 339 406 464 494 606
28  46 89 97 127 159 279 292 357 415 455 472 509 516 520 569 589 595 600 611 624 675 715 764 782 824 862 874 973
32  0 1 2 12 38 48 63 85 98 106 108 119 263 273 283 304 434 440 472 494 551 569 664 680 689 766 802 820 869 922 934 938
25  32 85 98 106 113 114 119 137 169 304 392 462 476 493 509 559 637 658 689 802 809 863 871 910 975
9  31 50 127 162 290 457 493 632 752
7  76 206 249 657 705 900 940
36  9 32 38 42 43 49 52 63 71 81 82 98 103 108 119 163 169 273 339 434 452 456 462 480 493 536 551 554 569 658 680 729 802 854 872 934
18  47 98 108 114 227 245 282 474 622 664 686 715 729 802 852 863 951 975
9  30 109 171 472 475 589 603 728 822
22  9 28 33 40 42 98 110 137 184 275 339 366 428 454 457 509 575 750 766 919 949 980
13  80 345 415 429 469 472 509 595 611 729 852 883 934
9  32 106 114 232 258 475 554 797 802
18  67 73 158 178 186 271 280 423 440 497 524 536 541 554 573 626 764 980
18  10 17 50 68 162 285 287 457 472 493 533 536 559 569 624 729 802 972
9  62 208 456 492 508 732 810 838 923
9  33 137 173 305 316 499 543 922 954
34  7 9 13 17 23 25 45 60 70 98 99 103 108 340 385 440 457 480 487 536 541 555 569 583 632 658 664 680 689 729 802 883 934 975
13  0 22 98 156 256 332 456 462 575 622 685 857 975
10  80 279 357 415 455 672 685 729 852 860
123  0 1 2 4 7 9 12 14 16 17 18 20 22 23 26 27 28 30 32 33 34 38 40 42 43 45 47 48 52 56 60 61 62 63 65 66 68 71 72 77 79 81 82 85 86 88 95 96 99 101 103 106 108 113 114 119 126 137 142 163 169 222 250 256 273 283 285 298 301 304 307 332 339 340 385 390 409 410 416 440 456 457 462 464 472 480 493 494 509 524 536 541 551 554 555 560 569 571 575 579 589 592 622 624 658 676 680 689 715 729 740 746 752 790 802 809 871 872 878 922 944 975 980
34  95 98 101 103 105 108 163 169 243 273 301 317 340 385 388 409 440 456 459 480 494 509 541 555 569 632 658 680 729 802 824 915 975 993
4  2 494 598 976
12  61 98 99 103 119 122 198 494 503 534 569 852
9  3 76 137 357 457 583 622 715 786
32  0 1 4 12 32 43 85 95 98 99 101 106 108 119 169 426 480 489 493 494 536 554 559 569 583 689 790 797 802 883 891 972
10  4 12 21 106 108 171 440 472 493 993
13  99 207 301 317 359 388 416 494 509 555 569 824 993
67  0 1 2 4 10 12 17 20 23 26 32 37 39 40 41 43 48 50 63 68 81 82 90 98 103 104 108 114 119 124 127 144 171 174 219 304 423 440 457 472 475 489 493 494 509 536 551 554 583 589 642 664 680 686 723 749 797 802 822 824 863 869 871 934 972 975 999
21  22 54 116 160 240 256 283 360 423 536 630 632 664 680 702 813 908 934 961 972 980
100  0 1 2 3 4 7 9 10 11 12 14 15 19 24 32 36 38 40 42 43 45 48 49 51 52 56 60 61 63 64 65 66 77 81 85 86 95 98 99 103 104 106 119 123 128 142 157 169 171 180 191 200 227 250 263 273 283 287 302 304 340 390 397 413 423 440 452 456 457 472 480 489 493 494 536 540 551 554 555 559 569 575 583 622 624 649 680 686 689 715 729 766 790 802 822 852 919 959 975 992
30  30 39 87 144 152 171 194 224 326 354 381 390 415 440 472 554 589 603 680 686 689 714 715 723 728 729 773 883 887 934
8  88 137 275 366 428 454 750 766
14  0 1 3 10 40 137 291 333 642 669 680 797 863 869
8  74 149 155 192 326 549 689 869
22  0 27 38 52 56 70 82 98 114 268 287 304 404 440 541 551 560 684 729 802 809 841
41  22 23 38 56 82 86 90 98 106 113 124 163 169 222 232 268 311 326 364 440 489 494 536 542 551 559 592 642 645 680 729 797 802 813 819 852 863 868 919 972 975
5  8 211 315 430 505
20  3 54 107 132 160 240 247 256 283 423 456 509 510 536 551 630 664 680 869 972
4  24 259 632 716
8  11 197 287 382 532 802 811 980
56  0 1 3 4 10 36 43 49 52 63 68 81 82 85 98 101 103 106 108 123 142 169 263 273 298 301 304 311 322 340 416 436 457 462 472 480 489 493 494 536 551 559 569 579 585 589 595 658 667 676 680 693 799 802 822 959
11  38 175 213 216 238 266 273 558 664 729 802
6  14 434 493 576 689 799
7  101 136 494 593 627 852 932
45  0 1 3 4 7 9 10 27 60 66 71 77 108 119 139 143 146 191 193 204 250 322 326 340 383 440 457 467 472 493 494 500 536 540 622 632 649 658 676 802 813 824 919 975 985
11  106 114 169 233 364 541 624 642 741 797 975
5  34 151 530 548 632
9  1 18 98 276 310 327 363 416 457
26  2 31 46 50 59 80 83 106 171 225 279 352 415 462 472 493 520 569 575 589 624 632 675 822 824 934
8  51 108 200 264 274 452 802 919
16  52 60 77 133 154 260 393 440 457 494 536 556 622 918 922 972
8  30 144 390 772 802 858 922 934
12  27 40 60 77 614 680 756 813 883 927 975 986
15  116 240 247 256 269 273 283 510 551 630 642 664 680 844 972
9  129 154 212 319 324 393 457 918 972
2  66 802
8  53 261 756 761 801 883 959 972
4  122 494 932 972
43  1 3 10 16 22 32 33 40 45 60 63 82 88 94 98 102 110 111 169 184 241 301 339 379 437 454 457 493 509 536 551 583 686 689 707 740 749 750 802 824 908 944 980
13  55 153 341 401 457 528 622 689 717 749 802 883 977
14  123 143 145 148 193 373 383 399 493 617 632 683 824 985
8  28 170 256 299 632 680 824 922
8  52 56 64 482 583 689 715 959
24  1 27 38 48 63 65 98 108 119 163 273 297 298 385 388 456 489 509 536 551 589 802 804 813
13  66 123 139 146 193 250 423 622 632 736 802 824 938
33  17 20 30 32 37 39 40 57 74 106 109 130 152 171 224 326 390 415 472 484 554 583 589 603 632 686 689 729 802 858 922 934 938
6  139 239 373 427 700 745
13  7 24 123 143 193 250 321 339 632 676 824 895 955
6  6 8 44 691 759 763
9  139 193 250 289 383 423 493 632 685
4  112 192 326 851
8  0 11 621 647 660 729 778 978
3  125 370 632
37  10 17 39 40 57 68 109 144 171 194 224 283 326 390 414 415 462 472 493 554 569 589 632 686 689 714 715 723 726 728 773 824 887 919 922 934 938
16  7 19 55 138 201 302 401 457 492 540 622 658 729 802 883 894
9  129 133 212 338 393 457 538 918 972
4  112 326 685 689
25  0 22 71 77 96 210 217 244 285 287 336 462 493 551 622 632 642 680 686 723 773 836 934 953 967
20  15 38 43 49 60 108 283 285 287 413 457 536 624 729 735 773 802 863 959 974
14  67 73 91 271 280 340 423 440 524 554 699 908 938 980
12  46 80 279 462 520 583 588 600 715 821 854 862
14  3 54 107 116 240 283 423 551 664 680 740 813 875 934
1  79
29  0 1 4 7 10 17 31 50 83 92 191 300 340 357 457 472 493 536 554 569 624 686 780 802 824 829 934 977 980
29  42 52 71 85 98 99 114 142 169 250 273 283 297 298 339 385 388 456 536 551 569 632 642 664 680 802 919 975 993
7  21 234 547 682 708 720 933
9  61 63 79 253 286 406 494 680 869
3  67 220 541
25  3 9 10 40 61 63 209 214 265 285 311 326 457 494 569 680 729 802 822 869 871 878 922 934 946
1  38
38  82 85 98 99 103 108 114 119 124 137 163 171 233 283 298 322 339 385 456 457 472 489 493 494 536 541 551 569 575 680 685 689 740 766 802 908 919 930
9  2 28 38 140 273 299 680 802 824
45  10 17 21 23 30 32 39 59 87 104 106 108 109 127 144 152 169 224 233 279 283 326 348 354 357 415 440 457 472 554 555 559 569 583 589 603 680 689 729 821 822 824 869 883 898
10  49 323 343 441 536 614 624 631 869 975
5  94 394 499 569 922
6  41 106 554 686 723 863
3  120 213 266
16  75 78 179 230 242 251 288 353 377 456 536 596 768 863 975 982
3  73 199 424
9  67 73 91 187 280 524 554 573 869
6  176 230 288 536 822 863
5  3 10 108 408 468
26  10 36 43 75 242 288 303 347 456 494 521 536 541 551 586 680 729 735 766 802 863 869 871 919 934 946
12  30 39 46 50 314 460 520 589 632 737 824 972
4  28 632 773 944
4  88 137 551 750
3  78 230 561
15  18 42 67 73 91 280 423 440 554 668 680 694 758 788 980
7  67 178 280 337 554 762 938
4  68 298 824 899
4  12 202 562 796
6  0 11 38 472 729 947
29  0 22 35 77 108 123 162 193 240 246 250 273 340 423 456 457 493 510 536 554 569 583 622 624 632 729 802 813 934
4  112 149 326 851
21  66 123 139 143 146 148 191 250 321 340 423 456 457 536 622 624 632 664 685 824 934
18  109 152 224 326 390 414 415 472 493 554 589 632 637 686 689 707 728 731
4  38 43 56 798
5  24 287 457 641 936
2  118 811
4  101 205 334 823
2  177 424
48  0 1 2 4 7 11 14 16 27 38 40 48 51 63 108 128 215 264 273 274 283 285 287 340 376 434 440 452 493 509 536 545 554 622 676 689 728 746 766 793 802 863 871 886 934 944 959 972
11  153 272 302 311 437 494 622 729 769 802 985
2  189 562
4  6 8 257 315
2  123 802
7  198 254 306 331 334 823 859
5  76 84 249 657 705
9  105 236 301 317 378 459 494 555 824
7  93 445 508 513 628 732 923
4  167 265 569 878
10  156 285 287 336 355 462 493 526 569 729
3  115 315 718
11  133 154 324 338 387 393 411 457 869 918 972
8  120 175 238 266 312 584 837 909
6  167 218 265 569 878 922
7  200 264 309 340 493 555 863
1  120
9  156 244 285 287 422 608 725 773 953
4  214 371 679 905
6  16 63 106 509 869 934
2  166 221
2  220 865
11  1 7 65 98 114 494 536 551 592 802 813
4  25 569 729 975
25  17 20 57 74 109 144 152 171 194 233 278 326 390 414 415 472 493 554 589 686 689 714 715 934 980
14  59 127 308 352 415 472 520 531 536 589 613 803 813 822
6  10 17 20 472 589 824
3  86 108 494
3  32 802 836
2  40 961
13  36 75 78 176 179 185 242 457 536 551 764 822 824
6  35 63 358 633 689 834
8  32 90 114 248 375 386 802 868
12  124 169 171 224 278 415 624 661 689 896 930 969
1  164
4  78 486 689 818
2  207 301
3  52 525 937
6  120 213 266 558 837 943
5  145 373 374 427 703
28  0 3 22 54 63 107 116 132 160 191 247 256 273 283 340 423 440 456 510 541 551 589 630 680 689 729 764 972
9  137 262 339 376 493 536 686 802 908
10  75 176 181 230 288 551 596 639 863 959
3  99 388 680
14  0 35 71 156 217 285 287 328 339 365 480 673 728 953
8  47 86 729 769 802 832 852 951
10  191 273 344 423 456 554 802 813 852 934
17  116 132 240 256 273 283 423 447 456 473 509 510 551 770 822 824 869
2  232 386
4  84 206 657 705
42  0 1 4 7 24 33 66 98 108 123 143 146 148 163 191 193 263 270 273 283 311 339 410 423 440 456 457 493 575 622 624 632 642 655 664 680 766 802 824 883 972 992
4  75 78 176 795
3  44 419 512
7  165 286 294 494 569 869 985
5  205 295 306 331 823
3  66 457 995
58  0 1 2 3 10 18 22 28 33 36 39 40 43 63 71 77 96 98 107 116 132 140 240 247 273 283 301 316 332 339 340 423 456 462 473 493 536 541 551 554 555 569 580 585 586 589 622 630 632 642 676 685 729 813 824 919 922 934
1  203
4  90 797 802 811
2  117 403
5  60 129 541 689 914
8  53 135 420 756 761 883 959 972
4  241 536 812 908
28  18 42 56 63 81 108 119 250 273 304 311 340 397 457 493 494 551 554 558 559 575 680 723 729 776 789 802 824
10  51 128 200 215 274 412 493 689 802 944
7  167 209 214 490 569 878 922
8  120 175 213 238 312 835 837 882
1  79
5  113 114 440 764 919
4  132 496 587 972
6  250 311 397 883 983 992
15  0 18 67 73 91 158 280 340 349 423 457 495 554 813 980
4  201 311 494 729
65  2 9 24 27 38 42 52 56 60 64 81 85 98 99 108 119 120 132 142 163 170 191 200 240 246 247 250 256 263 274 283 285 302 304 311 340 385 388 402 423 434 456 457 494 509 510 536 541 551 554 555 569 589 664 680 685 729 766 776 781 802 824 869 934 959
11  51 128 200 264 273 287 311 340 452 457 802
6  88 110 366 687 750 949
2  126 310
2  4 535
9  224 233 415 554 585 689 729 869 934
18  32 46 59 80 97 127 159 171 357 390 415 462 472 531 685 715 802 821
21  18 67 91 158 178 186 187 271 337 423 439 443 495 524 554 573 680 766 830 938 980
5  9 421 457 829 934
1  86
68  0 1 2 9 12 14 15 16 21 38 48 60 63 81 98 107 108 116 132 152 157 160 163 169 171 200 240 247 250 256 273 285 287 311 326 339 340 360 385 388 413 423 434 437 456 457 462 472 493 494 536 541 547 551 554 569 632 649 680 685 686 689 729 776 813 822 872 919
3  46 507 777
76  0 1 2 3 9 10 11 14 15 18 24 27 35 36 38 42 43 49 50 51 56 60 63 65 71 92 98 156 157 167 200 210 217 244 273 283 287 304 311 339 340 357 376 385 440 452 457 462 472 493 494 509 536 551 554 559 569 572 583 632 680 689 723 725 729 764 766 773 802 813 822 871 872 934 967 975
7  165 253 494 585 664 869 985
58  0 1 4 9 11 15 24 35 38 45 51 61 68 79 92 108 113 118 156 157 196 200 210 217 244 274 283 285 301 311 339 340 434 444 457 462 489 494 551 554 569 583 585 641 680 685 729 749 802 824 869 875 883 919 934 936 953 972
12  176 179 181 242 303 372 536 586 596 639 729 946
5  148 362 383 493 632
4  83 632 697 752
6  111 333 680 797 807 869
2  80 415
10  45 326 457 480 489 493 580 729 822 934
3  253 494 591
3  254 417 881
2  4 926
13  142 163 298 318 385 388 456 483 489 536 680 802 972
27  0 1 17 27 50 68 98 119 142 163 169 188 297 339 385 456 462 536 541 559 723 740 780 802 824 919 975
5  140 170 529 632 824
6  162 340 493 536 554 569
31  0 1 2 7 11 14 40 42 43 72 98 99 105 119 137 207 236 256 287 304 339 388 416 440 456 462 493 494 536 551 980
26  0 1 2 3 7 19 24 27 51 108 153 201 273 304 311 397 457 494 551 555 569 622 649 802 883 975
10  181 288 313 442 536 586 604 729 760 946
36  0 1 3 10 27 81 82 98 106 108 113 119 263 273 285 301 302 311 339 340 388 397 423 440 457 472 551 664 680 685 715 729 766 802 883 934
5  94 499 609 622 922
4  205 254 334 823
3  98 361 554
5  225 472 520 589 822
4  215 340 553 740
3  126 276 570
48  1 24 56 61 63 114 119 167 201 250 263 270 272 273 274 283 285 287 302 304 322 330 339 340 391 397 400 410 423 437 440 456 493 494 536 624 651 664 680 729 740 766 776 781 802 824 869 883
6  213 266 584 835 837 943
2  303 442
7  30 182 460 520 632 962 972
6  6 8 115 203 211 763
9  33 94 256 340 499 569 609 845 922
8  99 105 207 378 459 494 555 824
5  297 536 802 879 972
5  133 324 457 622 972
7  58 472 799 813 922 975 977
7  146 193 456 554 664 773 824
17  119 123 169 311 400 423 458 472 493 494 536 551 575 624 740 749 802
7  172 343 441 614 631 858 975
11  133 212 319 338 387 393 411 457 622 918 972
8  56 397 425 440 522 670 749 938
62  10 17 22 23 30 39 40 42 45 57 58 60 68 74 109 112 114 123 144 149 152 155 167 171 192 194 224 283 293 340 388 397 407 414 415 462 472 536 551 554 569 580 583 585 589 632 664 680 685 686 689 729 797 801 802 863 869 883 922 934 953 959
2  126 363
3  244 339 456
2  44 568
4  311 651 824 970
5  205 254 334 823 859
10  96 98 256 456 462 622 642 747 934 975
5  111 291 680 797 869
8  198 205 306 331 435 823 859 941
5  0 11 340 470 944
9  0 77 156 210 340 385 462 729 934
11  187 280 423 457 524 536 554 787 802 908 938
6  154 212 324 393 411 972
50  0 27 43 52 79 85 88 98 137 146 163 169 241 244 250 256 283 285 287 298 301 304 311 328 340 376 385 440 456 462 480 489 494 536 551 559 571 622 624 664 676 685 729 749 802 824 908 919 975 980
92  0 4 11 23 24 27 30 33 39 40 42 45 49 58 61 63 77 95 98 99 108 119 123 158 162 191 193 200 215 240 256 263 271 273 274 283 285 287 300 304 309 311 316 326 335 336 339 376 385 388 397 416 423 456 457 472 480 494 504 536 541 554 555 559 569 583 585 589 595 609 622 625 632 651 664 676 680 685 729 740 766 802 809 824 875 883 908 919 922 946 975 980
7  138 401 457 528 877 883 977
10  14 40 511 536 815 869 917 922 961 975
6  172 323 614 858 869 975
5  246 456 555 632 728
2  89 595
10  12 21 53 356 379 680 689 708 921 934
7  75 181 384 536 541 585 869
3  39 171 589
2  271 980
9  0 1 14 27 63 380 746 756 883
4  31 367 395 980
11  127 225 415 520 536 554 589 624 676 824 934
2  176 377
10  109 171 415 440 466 554 569 589 802 883
6  210 462 569 680 754 813
6  346 379 689 708 750 934
29  3 11 46 50 76 80 97 102 162 171 279 285 390 415 457 462 493 536 555 569 583 672 675 685 715 767 802 972 980
2  231 590
2  105 519
5  107 283 664 813 822
1  307
1  289
3  126 327 816
3  114 124 813
1  244
9  88 110 275 454 509 577 687 750 949
2  351 395
5  48 437 680 710 799
3  14 680 791
2  151 991
3  218 817 905
6  288 536 599 729 799 953
9  139 145 239 398 427 481 485 703 751
4  239 405 427 703
3  232 619 868
17  0 200 241 285 339 340 434 440 462 493 494 536 637 749 802 908 934
2  176 353
5  207 317 555 824 939
12  1 12 63 137 346 356 689 734 749 750 792 883
6  61 63 350 620 636 680
3  109 618 629
2  118 532
9  123 139 148 289 632 649 824 872 985
2  347 585
44  9 13 25 34 68 95 98 99 142 163 169 273 283 285 297 298 336 339 340 388 440 456 457 494 536 541 555 559 569 622 632 664 680 685 729 749 802 889 919 922 934 946 967 975
2  232 248
5  212 324 411 918 972
50  0 1 2 11 13 14 16 27 28 40 63 65 71 99 105 142 163 243 273 283 297 301 304 326 340 385 416 434 440 456 462 472 493 509 536 555 569 575 583 589 664 680 740 749 764 766 801 824 919 972
2  7 51
38  0 4 17 20 30 32 57 98 108 109 130 144 152 194 224 279 357 414 415 462 472 480 493 509 554 569 589 665 689 728 729 824 922 934 975 977 980 985
8  311 400 493 536 582 740 779 781
5  32 82 462 493 554
9  129 133 154 212 324 338 411 918 972
2  173 922
3  351 367 478
6  68 589 693 802 819 938
33  4 7 24 56 63 108 263 270 302 304 311 325 326 340 416 423 425 440 456 457 493 536 554 558 573 664 680 685 729 740 770 883 992
6  373 465 477 485 527 550
2  139 876
10  311 322 391 472 624 740 781 802 824 960
10  138 153 341 457 622 729 877 883 894 975
3  273 509 680
2  259 537
3  113 684 809
3  374 427 566
6  63 79 165 494 706 813
6  326 472 536 585 689 729
2  180 468
10  63 71 98 99 410 492 569 574 680 813
13  63 98 250 311 409 416 440 494 536 622 651 680 809
7  212 324 338 387 393 918 972
5  51 264 493 800 883
9  108 157 283 418 457 489 729 946 968
24  10 17 20 74 152 194 224 326 390 415 433 451 472 480 489 493 554 589 689 723 797 824 863 934
45  4 80 89 97 109 127 144 152 171 194 224 225 233 278 279 292 326 352 354 357 390 414 462 472 480 489 520 536 554 585 589 595 672 676 685 686 729 797 802 803 822 869 922 934 967
35  1 7 22 63 98 105 119 126 301 340 388 397 410 423 440 456 457 472 493 494 541 554 585 592 594 622 715 729 740 784 801 869 883 919 953
2  295 881
5  413 514 648 946 968
5  44 252 512 928 942
3  53 261 883
5  281 517 730 829 934
4  217 449 608 725
72  0 2 18 42 48 54 63 67 73 91 106 107 108 116 143 148 158 160 186 191 193 240 246 247 250 256 271 273 280 283 304 311 322 337 340 397 416 434 440 456 457 458 472 493 494 509 524 536 541 551 554 573 575 589 622 664 672 680 685 740 758 764 802 824 869 871 875 883 919 934 975 980
2  177 199
7  325 397 440 456 480 740 839
4  103 489 493 518
9  145 239 373 374 405 481 563 703 745
3  88 110 454
1  89
1  115
1  38
2  5 664
3  414 480 489
37  0 1 14 16 27 38 42 63 81 85 121 200 273 283 287 376 388 423 437 440 456 458 472 493 494 536 559 664 676 689 729 799 801 802 919 934 972
4  334 461 823 941
3  119 494 667
37  0 1 2 4 11 14 16 28 32 48 63 137 201 283 311 368 434 440 456 457 462 472 493 494 509 536 559 676 680 686 689 749 769 799 824 871 972
6  57 462 472 589 689 717
3  280 495 830
112  0 1 2 3 10 11 13 14 16 17 18 20 22 23 27 36 37 38 39 40 42 45 46 52 56 57 60 63 72 73 77 81 91 95 98 99 104 106 108 109 113 114 123 129 158 171 186 200 240 250 268 285 301 304 311 325 339 354 376 385 388 397 410 416 423 425 434 437 456 457 458 459 462 472 480 493 494 509 536 540 551 554 555 559 569 571 575 583 589 622 624 632 658 664 680 686 715 723 728 729 749 764 799 802 824 883 886 934 938 972 975 980
8  172 323 536 614 631 858 883 975
2  303 313
2  280 453
11  11 24 287 450 462 494 520 583 680 766 824
2  208 508
6  17 23 554 559 583 887
3  247 509 510
2  28 33
1  422
2  444 824
6  414 479 480 589 666 922
24  0 1 3 10 36 43 45 49 85 108 128 200 274 285 551 554 632 723 729 766 802 863 934 972
2  443 634
8  88 110 137 366 428 509 750 770
8  80 97 472 509 611 672 852 973
98  0 1 2 7 9 10 13 15 22 25 36 40 43 45 48 49 54 60 62 63 75 78 85 93 96 98 99 108 116 142 163 169 176 181 191 193 240 246 247 250 256 273 283 297 298 301 311 321 328 332 339 340 344 385 388 397 416 423 425 434 437 440 457 458 459 462 472 480 492 494 509 536 541 554 555 559 569 575 583 589 622 624 664 672 680 715 729 749 764 797 799 802 813 824 825 934 967 992
142  0 1 2 3 4 7 9 10 11 14 15 16 17 18 19 22 23 24 26 27 28 29 31 32 35 36 38 40 41 42 43 45 48 49 50 52 55 60 61 63 65 66 71 83 88 92 95 98 102 106 108 119 123 126 129 133 137 138 153 154 157 162 167 169 171 191 193 196 212 230 250 255 263 271 273 274 281 283 285 287 293 302 304 319 324 337 340 341 357 385 397 401 413 416 423 437 440 456 472 480 489 493 494 536 538 541 551 555 559 569 583 589 622 632 641 658 664 672 676 680 689 715 729 740 749 764 766 776 802 822 824 869 878 919 922 934 936 938 946 972 980 999
15  322 423 434 440 456 459 472 480 494 551 555 664 728 813 824
16  52 99 207 317 440 456 458 471 472 480 494 555 728 731 813 824
10  30 182 314 520 589 632 675 737 962 972
2  435 941
77  0 1 3 10 20 22 31 32 35 46 57 63 71 82 85 96 98 119 127 152 156 159 210 256 279 283 285 287 298 301 326 332 336 339 355 357 376 388 390 392 415 437 438 440 444 456 472 480 493 494 520 531 536 551 554 569 571 583 589 637 664 680 729 740 749 764 802 809 813 824 836 854 871 872 934 967 975
1  78
3  79 98 554
2  398 550
4  354 601 802 967
4  123 493 494 632
2  180 408
6  89 611 820 846 852 934
2  335 506
6  459 472 676 731 824 922
133  0 1 2 4 10 11 12 14 17 20 21 22 23 30 31 32 34 37 38 39 42 46 50 56 57 58 59 63 68 74 80 81 87 89 92 98 104 106 108 109 119 123 127 144 152 162 169 171 190 194 224 225 226 279 283 285 304 308 320 322 326 340 388 390 400 407 414 415 416 423 434 437 438 440 455 456 457 458 459 462 471 480 493 494 509 516 520 536 551 554 555 559 569 575 583 585 589 595 597 622 624 632 664 676 680 685 686 689 712 723 728 729 731 740 765 781 799 802 813 824 863 869 883 922 934 938 953 961 967 972 975 977 985
7  63 71 247 256 554 622 632
3  86 664 715
24  2 23 30 32 40 63 87 90 106 493 554 555 680 686 756 773 802 813 822 863 903 922 934 959
4  82 546 637 910
1  398
2  395 501
4  451 589 666 922
51  0 85 95 98 99 103 108 119 244 293 339 340 390 414 415 425 433 440 451 456 457 458 459 462 472 489 493 494 536 551 555 559 569 571 575 589 624 632 680 685 723 729 731 764 790 802 813 824 922 934 938
5  373 427 563 703 979
3  141 583 715
3  297 491 536
2  144 488
3  373 398 527
1  235
3  95 729 802
2  484 567
34  103 106 108 114 119 142 169 287 293 297 339 413 414 415 426 433 457 480 493 494 536 541 551 554 569 580 680 723 729 813 869 875 919 934
2  265 878
1  483
16  7 62 63 93 153 409 456 493 509 541 624 711 732 802 923 934
132  0 1 2 3 4 7 9 11 14 18 31 32 35 38 45 48 50 51 52 59 60 61 63 66 68 71 77 82 83 85 92 98 103 104 106 108 119 121 123 127 137 139 148 152 156 162 169 191 194 200 210 215 224 241 250 256 263 264 283 285 289 293 300 301 311 322 357 376 388 390 391 392 397 412 414 416 423 426 434 437 440 457 462 467 472 475 480 489 492 494 509 536 541 551 554 555 559 569 582 583 589 617 622 624 632 637 676 680 686 705 707 729 740 764 770 776 781 790 799 802 813 822 824 863 886 890 908 919 934 959 980 992
109  0 1 2 9 10 14 18 27 38 40 42 56 60 61 63 79 81 98 99 100 101 103 105 106 108 114 119 122 123 129 136 165 167 169 181 201 207 222 227 253 263 272 273 283 285 286 287 294 301 302 311 317 322 339 340 376 385 406 410 416 423 434 436 437 440 444 456 457 458 459 462 467 472 480 489 493 509 536 551 555 559 569 575 585 592 622 632 638 664 680 689 723 729 776 790 799 802 813 824 852 922 932 934 946 959 961 972 975 985
4  271 280 439 938
2  269 587
2  91 554
4  52 515 688 972
8  94 173 305 316 569 609 622 922
2  123 985
1  478
5  24 51 551 680 925
2  101 753
6  0 4 66 340 802 988
2  115 724
1  470
1  284
4  93 208 445 732
74  0 1 2 9 11 14 16 20 27 32 33 37 43 46 48 63 80 82 88 89 98 99 105 106 116 137 142 200 219 247 273 285 366 388 390 402 423 437 440 447 454 455 456 472 492 493 494 536 551 554 555 559 569 575 589 595 599 611 624 680 686 689 728 740 749 750 756 770 802 813 852 869 871 973
13  22 116 132 191 240 247 273 447 551 589 655 695 934
5  342 536 815 869 975
4  44 252 419 996
2  208 732
2  418 968
4  498 688 833 972
12  38 56 80 472 554 569 589 624 712 715 922 972
6  421 578 730 806 829 934
1  426
2  359 650
39  10 17 20 39 46 80 127 159 182 225 308 314 352 415 444 460 462 472 536 551 569 583 589 622 632 664 672 675 685 729 737 764 813 824 862 871 934 972 980
4  181 635 729 735
5  2 56 325 670 749
3  39 554 585
15  18 67 73 91 98 158 178 280 337 423 536 554 573 764 908
2  237 937
2  210 828
2  398 485
3  138 341 622
3  299 632 755
3  125 564 681
9  59 225 279 462 569 589 723 813 822
2  118 382
2  92 729
1  101
2  277 984
164  0 1 4 7 9 11 12 14 16 17 22 24 27 32 36 38 40 42 43 48 49 50 51 52 56 60 63 65 70 71 75 77 78 85 91 92 95 98 103 106 107 108 114 116 119 123 129 137 142 157 162 163 169 172 176 179 181 191 193 200 222 225 230 241 256 262 273 283 285 288 297 298 300 301 303 311 318 322 326 337 339 340 342 347 352 357 372 376 385 388 391 397 407 410 415 423 434 437 440 441 456 457 462 472 480 483 489 493 494 509 511 520 524 541 551 554 555 559 569 585 589 592 599 614 622 624 632 645 653 664 680 685 686 689 723 728 729 740 749 766 776 781 799 802 803 813 822 824 836 858 863 869 871 906 908 919 922 934 953 959 967 972 975 992
2  403 690
3  154 457 972
1  59
18  7 9 19 64 108 123 153 440 559 575 615 622 658 802 813 878 894 975
79  0 1 2 3 6 10 11 12 14 16 17 18 20 22 28 36 40 42 43 49 52 56 60 63 67 70 91 95 98 99 113 124 166 169 181 240 256 260 273 283 298 340 347 385 416 423 456 457 489 492 493 536 551 554 555 559 569 585 586 589 595 622 624 632 672 680 689 715 729 749 766 802 813 883 919 934 972 975 993
2  114 729
2  94 674
2  68 802
3  200 623 793
1  476
4  21 164 283 680
1  125
1  112
2  398 465
105  0 1 2 7 9 13 15 16 22 27 35 36 38 42 43 51 60 63 65 71 75 81 85 98 106 108 113 114 116 119 132 137 142 156 160 163 169 181 184 222 230 240 242 247 256 263 273 283 285 287 301 302 304 322 326 339 423 440 452 457 458 462 472 480 489 493 494 502 509 510 520 536 541 554 555 559 569 585 589 592 595 596 622 624 632 639 642 680 686 689 707 715 729 764 802 813 814 824 869 875 934 946 959 961 975
6  12 70 554 607 708 729
2  309 740
139  0 1 2 3 4 7 10 12 13 14 15 17 18 20 21 22 23 27 32 35 36 39 42 43 46 49 52 57 60 63 67 71 73 74 77 85 90 91 98 103 106 108 109 144 152 158 162 171 174 178 186 187 191 194 200 224 246 256 263 271 273 278 280 283 285 287 300 307 321 326 337 340 352 354 390 392 397 414 415 416 423 440 446 452 456 462 464 472 473 475 489 493 497 509 516 523 524 536 541 551 552 559 569 571 573 575 580 581 583 585 589 622 624 632 664 680 685 686 689 712 723 729 740 749 764 766 773 802 813 822 824 858 869 883 934 959 961 975 980
75  0 1 2 7 9 10 11 16 24 36 40 49 52 60 70 75 95 98 99 105 108 171 207 215 256 273 302 317 340 344 357 378 385 388 440 456 457 458 459 472 475 480 493 494 509 536 541 551 559 569 585 614 624 632 664 675 680 685 686 728 729 750 773 799 802 813 821 824 869 883 886 922 934 944 972
2  129 918
3  0 642 886
15  1 2 7 38 56 62 65 120 238 263 397 686 729 837 908
68  0 1 4 12 17 18 22 23 35 43 49 63 82 92 103 108 114 119 171 263 285 298 339 340 385 434 437 440 446 456 457 472 480 493 494 509 536 540 541 551 554 555 569 583 585 589 622 624 632 664 677 680 685 689 729 750 803 813 824 869 883 886 919 934 959 972 975 980
3  98 113 790
2  78 185
2  189 202
5  427 481 703 751 979
2  530 713
12  1 2 7 13 43 47 579 622 675 676 802 852
1  405
1  488
1  329
125  0 1 3 9 10 12 13 17 21 25 27 31 38 39 40 48 49 50 52 56 59 60 63 71 80 81 85 92 95 98 99 101 103 105 108 119 127 152 162 163 167 169 171 173 191 209 210 214 223 253 256 265 273 283 285 287 300 302 316 326 340 354 355 357 385 388 390 409 440 456 457 462 472 480 489 493 494 499 509 516 520 531 536 541 551 554 555 559 575 580 583 585 589 609 622 624 632 664 675 680 685 686 689 707 715 729 740 749 766 773 802 813 822 824 869 878 883 919 922 934 967 972 975 980 993
1  310
19  35 98 339 440 462 480 554 589 640 654 664 680 685 729 809 813 824 966 967
3  14 285 766
17  0 18 73 91 178 280 397 423 524 554 580 729 764 770 866 883 961
1  409
46  0 1 14 22 40 42 63 88 96 98 108 127 169 250 263 322 388 423 440 456 472 480 494 509 540 554 569 622 624 638 680 686 689 707 729 740 758 764 766 799 802 813 856 861 922 934
3  121 799 953
3  366 775 849
1  517
14  2 7 9 13 52 98 119 565 622 676 746 802 944 959
19  256 293 326 489 554 569 573 589 622 632 680 729 764 813 869 897 922 934 961
7  22 554 583 624 664 802 870
5  391 493 740 779 781
80  0 1 2 3 7 17 18 20 22 24 26 35 38 39 40 41 46 50 52 63 64 95 102 103 106 108 137 141 144 159 171 191 285 287 326 340 357 388 440 444 446 456 457 462 472 482 493 520 554 559 569 581 589 595 622 624 632 664 672 676 685 686 689 707 715 740 746 802 813 824 858 883 919 922 934 972 975 980 997 999
3  213 312 837
36  39 75 119 256 278 286 287 326 340 347 384 407 415 416 472 494 523 536 541 551 554 555 559 569 589 624 630 632 664 680 685 689 729 869 883 946
8  36 75 181 256 288 303 541 729
3  269 496 744
2  159 821
113  1 2 3 10 17 20 23 27 28 30 33 37 39 40 45 46 50 57 59 63 68 74 80 87 98 106 109 119 127 142 144 152 171 182 194 224 225 226 240 256 273 308 326 340 348 352 354 388 390 396 414 415 423 438 440 451 456 457 460 462 472 479 480 493 509 510 516 520 531 536 541 551 554 559 569 571 580 583 585 622 624 630 632 640 645 664 675 676 680 686 715 723 729 737 749 781 797 802 813 819 822 824 858 869 871 878 883 887 922 934 959 972 975
3  358 701 902
1  294
16  1 40 65 98 114 222 416 494 536 551 664 729 802 813 824 946
2  122 627
1  416
22  0 11 32 80 89 119 340 345 415 472 509 541 551 583 624 729 740 797 824 858 975 980
5  176 242 288 551 639
3  472 624 813
2  100 976
9  372 509 536 622 689 729 871 950 953
3  80 159 862
2  466 967
5  70 689 729 799 843
10  20 30 32 87 109 144 171 686 824 883
1  303
6  10 17 39 805 824 975
1  79
1  552
3  217 422 725
18  2 63 305 316 340 499 569 622 640 646 664 715 729 845 869 922 967 975
2  45 907
11  80 89 455 469 509 756 771 820 852 883 973
1  20
2  225 803
16  49 60 131 172 323 343 441 536 555 728 756 802 858 869 883 975
5  540 644 802 878 975
1  14
2  139 493
2  381 629
2  375 868
2  380 680
4  0 150 660 778
102  0 1 2 3 7 9 10 13 16 22 25 35 36 38 40 43 45 47 55 60 61 77 86 96 98 102 108 123 129 138 143 153 156 191 193 200 201 250 256 302 305 319 324 332 339 340 385 401 410 416 423 440 456 457 472 473 493 494 499 520 528 536 540 541 551 554 559 565 569 575 579 580 583 589 599 609 624 632 640 664 675 680 685 689 692 715 716 729 764 802 813 836 852 869 871 883 897 922 934 946 972 975
2  545 793
75  1 2 7 10 14 27 38 46 47 49 70 71 77 80 92 98 108 124 127 157 162 172 191 193 233 250 311 322 339 352 400 440 456 472 480 492 493 509 516 536 541 551 554 555 559 569 575 581 583 585 589 595 597 622 630 632 664 676 680 685 686 689 729 749 769 773 797 802 824 837 919 922 934 975 980
2  33 340
1  91
2  122 593
3  208 643 893
2  381 618
14  22 107 116 132 240 256 585 589 624 632 664 680 729 980
7  49 172 323 441 858 883 975
128  0 1 2 3 7 9 10 12 13 17 20 22 24 25 28 30 31 33 34 36 39 40 43 45 49 50 57 63 66 71 75 78 83 95 99 107 117 123 125 127 139 140 143 144 146 148 151 152 156 163 182 183 191 193 194 250 256 283 285 289 290 299 314 326 340 344 383 385 440 452 457 460 467 472 473 480 493 494 520 529 536 541 551 554 555 559 569 580 583 585 589 622 624 630 642 645 649 664 675 680 686 689 715 723 726 729 749 752 773 790 797 799 802 803 813 822 824 869 878 883 922 931 934 961 967 972 975 980
5  12 52 63 231 934
2  453 671
1  521
1  380
9  0 82 194 376 462 476 493 975 994
9  22 494 575 680 686 689 742 922 944
4  242 288 551 596
18  571 589 609 622 645 646 654 664 675 680 685 689 729 809 813 869 972 975
4  196 287 457 936
22  0 1 10 17 39 42 106 111 114 124 132 156 163 250 256 332 551 557 632 680 689 934
3  628 855 893
1  615
17  7 17 20 57 114 536 589 632 640 680 686 752 802 813 824 869 972
4  609 640 664 729
4  150 660 778 883
3  418 748 946
15  10 27 56 108 123 283 302 383 632 729 790 802 813 824 872
3  519 704 924
6  311 330 340 410 824 970
2  26 999
3  536 813 911
3  571 640 809
6  0 22 250 510 664 696
4  45 729 875 975
5  76 84 206 249 705
28  0 1 2 4 7 9 12 13 32 51 55 82 85 95 98 99 119 123 153 440 457 540 680 729 740 802 972 975
2  31 675
5  150 621 647 778 883
3  233 930 969
1  18
2  78 818
96  0 1 2 3 5 7 9 10 17 22 27 45 47 54 55 56 62 81 86 95 106 107 116 120 132 160 163 193 250 273 286 304 311 321 326 339 340 360 385 388 397 423 432 434 440 456 457 458 462 472 474 494 520 536 554 555 559 569 571 581 583 585 589 592 609 622 624 630 632 640 646 655 680 685 686 689 692 715 717 729 740 749 766 774 802 809 813 824 841 858 869 871 919 934 975 980
3  390 757 975
3  451 479 922
4  43 119 436 719
2  186 788
1  111
4  325 522 749 938
1  634
19  0 28 40 97 357 415 423 455 456 457 520 541 583 680 685 689 729 813 938
3  244 728 847
1  543
26  0 1 14 16 17 31 46 80 127 357 460 520 555 565 569 589 622 632 640 659 680 685 689 715 972 980
51  2 4 7 9 12 26 27 30 36 42 52 61 63 98 119 123 146 200 256 339 340 352 415 434 437 457 471 472 493 565 579 583 589 624 685 689 729 746 749 756 769 776 790 801 802 824 922 934 959 972 975
5  559 680 803 813 869
3  5 869 892
1  218
152  0 1 2 3 7 9 10 12 14 15 17 20 21 22 23 24 27 28 31 38 40 42 45 48 49 51 52 56 60 63 77 81 85 95 98 99 106 107 108 109 111 114 116 119 131 132 140 156 160 163 165 167 169 170 171 181 186 240 243 250 263 273 280 283 285 287 291 297 304 311 326 333 340 346 355 368 369 380 385 388 397 402 409 410 423 437 440 444 456 457 462 472 475 480 489 493 494 502 509 536 541 547 551 554 555 559 569 571 575 580 585 589 620 622 624 630 632 638 640 642 645 658 664 672 675 677 685 686 689 723 729 735 740 749 766 788 797 799 802 813 824 837 863 869 875 922 934 938 946 961 967 972
1  530
1  164
1  139
2  113 404
67  0 1 12 14 16 22 27 45 46 62 96 97 148 155 169 193 256 273 279 283 287 304 326 339 340 357 385 397 415 423 472 480 520 536 554 555 559 569 571 583 585 622 624 640 664 672 675 676 680 686 689 692 729 749 756 766 773 802 809 813 837 869 922 923 934 972 975
70  0 2 17 20 37 39 57 86 106 108 109 137 144 152 156 162 174 194 224 241 283 326 415 437 440 472 475 493 509 536 551 554 555 558 569 575 583 589 603 624 632 638 645 664 680 685 689 707 728 740 756 773 790 797 802 822 824 863 869 875 883 908 919 922 929 934 944 975 980 992
4  275 366 750 869
3  498 515 972
125  0 1 2 3 4 7 9 10 11 12 14 16 17 19 20 21 27 32 35 36 38 43 48 51 53 55 57 60 63 70 72 74 78 81 82 95 98 103 108 109 112 121 137 138 141 144 152 155 169 171 194 200 224 231 233 235 240 260 264 278 283 285 326 346 356 379 390 407 414 434 437 438 457 472 494 509 536 541 551 554 559 569 575 583 585 599 602 622 624 632 638 640 642 664 672 675 676 680 685 686 714 715 717 729 734 749 750 756 761 799 802 809 813 824 858 869 871 883 914 922 934 961 972 975 980
2  537 840
1  147
5  622 664 685 802 871
4  68 119 396 888
1  186
1  510
1  655
2  290 981
2  6 8
3  73 158 980
2  145 721
2  590 902
3  107 813 934
8  239 373 374 427 481 563 751 979
1  650
9  3 76 84 206 249 493 657 729 853
2  406 813
20  1 3 10 71 77 137 194 493 551 569 575 583 686 727 740 802 822 831 875 946
10  0 12 21 22 164 346 356 552 750 921
3  12 827 952
1  368
2  492 732
7  472 516 554 715 729 934 959
1  564
10  17 109 152 224 689 715 750 756 799 934
61  0 1 2 3 7 14 24 27 46 47 56 60 64 80 86 98 102 108 109 141 152 159 224 279 304 357 416 440 456 457 474 482 516 541 551 569 583 589 609 622 632 664 675 689 712 714 729 756 773 813 822 824 841 852 869 871 872 934 946 967 972
7  1 2 7 24 117 622 764
9  17 55 138 438 664 689 734 749 883
1  211
1  667
2  21 164
1  700
2  62 69
45  0 1 10 11 14 17 18 27 37 39 41 50 68 106 109 152 156 174 263 285 298 414 440 452 472 480 489 494 531 536 554 589 632 680 729 766 780 790 802 813 822 863 938 972 975
1  505
5  217 285 422 608 912
4  152 632 867 922
5  707 740 802 831 885
33  0 1 16 17 35 39 60 63 87 109 152 194 200 244 344 390 440 458 459 472 509 536 555 614 673 686 731 739 749 813 824 934 975
166  0 1 2 7 9 11 12 13 14 17 19 22 23 24 25 27 30 38 39 43 45 46 48 50 52 54 60 63 70 75 77 85 86 89 92 95 97 98 99 108 109 113 114 120 144 150 153 157 167 171 181 190 191 201 210 223 240 245 256 263 272 273 278 283 285 287 288 293 303 304 311 326 336 339 340 372 385 390 397 401 407 413 415 416 434 440 452 456 457 462 472 480 487 489 493 494 520 521 533 536 541 542 551 552 554 555 558 559 569 571 573 575 580 585 586 589 592 595 599 602 609 622 624 630 632 640 646 649 656 658 664 672 676 680 685 689 705 712 715 723 735 749 756 761 766 778 790 797 802 813 824 852 863 866 869 883 919 922 934 946 951 967 972 975 980 993
4  421 517 829 934
8  194 459 471 472 480 728 813 922
7  93 208 492 508 513 711 923
2  39 903
9  0 1 379 689 717 749 756 809 883
9  36 157 181 521 680 729 749 766 773
2  143 802
5  182 460 520 589 972
1  9
1  728
60  0 1 3 17 36 59 63 98 137 160 169 298 309 311 322 340 388 391 397 400 416 423 425 457 462 472 493 509 536 553 554 569 575 582 583 595 658 664 680 686 707 727 749 752 764 773 779 781 797 802 813 824 839 858 869 875 922 934 946 980
1  124
3  22 638 850
1  35
1  587
2  145 427
14  7 9 13 26 63 98 200 350 579 583 676 756 824 972
1  332
1  648
62  0 2 11 17 28 33 38 43 56 62 63 70 106 137 138 287 322 325 339 376 379 385 388 437 440 456 457 462 509 522 536 541 554 569 589 624 632 664 670 676 680 685 689 717 728 729 734 735 740 750 756 766 773 809 813 839 883 934 938 980 986 993
25  88 110 137 184 275 356 366 379 454 509 555 559 687 689 708 714 749 756 766 801 802 813 869 934 944
3  373 563 703
12  0 17 31 83 98 290 632 645 740 773 802 944
1  503
2  355 813
1  529
42  9 21 27 53 131 135 261 350 475 509 611 614 676 685 686 689 714 715 729 734 746 749 750 761 766 801 802 809 813 820 824 858 869 871 883 919 922 934 959 972 973 975
1  665
6  67 186 423 575 856 871
2  147 763
1  303
12  53 135 261 689 729 756 766 801 802 858 883 972
1  187
6  6 8 44 147 315 759
35  0 11 36 46 73 80 91 230 240 268 285 388 423 440 456 457 462 480 493 520 524 551 554 573 575 580 622 716 740 802 813 824 869 961 972
1  472
63  0 1 2 3 7 9 11 14 16 17 20 27 36 38 39 40 48 57 77 81 88 108 110 169 181 200 250 273 280 285 304 311 340 388 444 452 457 536 541 554 569 572 575 664 680 685 723 729 735 749 750 756 761 790 799 801 802 813 820 824 852 934 972
1  357
7  75 78 176 863 904 972 975
11  9 26 47 60 201 245 437 624 676 802 951
6  247 397 454 493 509 573
3  611 820 973
2  130 934
31  24 60 109 152 156 157 183 217 285 321 475 554 555 569 624 632 685 686 715 735 740 749 752 809 824 869 883 934 944 959 980
3  664 841 869
1  577
20  1 10 22 35 63 71 263 273 283 311 457 493 494 536 676 824 922 934 972 975
2  46 284
7  150 621 647 660 729 864 883
7  391 582 740 781 813 858 869
8  17 31 50 162 298 723 790 802
14  273 311 391 400 472 493 536 582 589 740 779 813 824 869
2  80 874
1  17
2  416 945
3  64 957 997
2  3 102
1  337
5  31 186 668 680 799
1  263
28  0 1 7 12 56 98 103 108 480 493 494 560 632 649 676 686 723 729 766 780 797 799 801 802 883 922 934 944
2  369 884
2  379 948
4  200 545 623 934
2  22 54
1  251
1  189
37  9 10 12 26 27 42 90 103 106 111 114 124 258 291 326 333 414 415 456 589 595 624 632 680 686 729 740 790 801 811 813 869 922 934 938 944 980
1  195
43  0 1 2 7 9 10 16 27 48 70 119 121 320 368 372 434 437 440 456 472 493 494 536 555 575 576 602 632 680 689 714 766 788 790 801 802 813 824 883 922 944 953 967
1  412
27  1 2 135 326 388 416 434 676 750 756 761 766 790 797 799 802 813 858 869 871 883 922 934 935 946 953 972
199  0 1 2 3 4 7 9 10 11 12 15 17 19 22 23 24 27 30 32 36 38 42 43 45 47 49 51 52 55 56 60 62 63 64 66 68 70 71 77 81 82 85 86 90 92 95 98 99 103 106 108 113 114 118 119 120 123 128 130 134 137 138 142 143 144 153 157 162 163 167 169 170 181 191 200 201 204 222 228 232 241 245 246 250 258 263 264 273 274 279 285 287 297 298 302 304 311 318 322 326 337 339 340 354 357 376 385 396 400 415 423 434 440 452 456 457 462 466 472 475 480 487 492 493 494 504 509 536 540 541 544 551 554 555 565 569 575 579 581 583 589 592 614 615 622 624 632 645 649 658 664 676 680 685 686 689 692 707 723 727 729 736 740 750 752 756 761 764 766 769 780 790 799 801 811 813 822 824 852 858 863 869 871 875 878 883 919 922 934 938 944 946 951 958 959 967 972 975 980
11  225 415 536 559 613 632 677 813 822 863 869
1  142
2  605 975
2  517 842
2  291 869
3  17 30 826
25  32 82 98 113 340 404 410 462 571 640 654 664 685 689 734 749 756 773 813 841 863 934 944 975 980
1  93
7  118 197 258 797 802 920 980
1  262
127  0 1 2 3 4 5 7 10 12 17 22 23 27 28 31 35 36 37 39 40 43 45 47 49 54 60 71 77 107 114 123 131 142 160 191 222 225 246 256 271 283 285 320 355 360 364 406 409 456 458 459 462 472 475 480 489 493 494 509 520 531 536 540 541 551 554 555 559 569 571 575 580 583 589 592 597 622 632 640 645 649 653 664 672 677 680 685 689 702 706 715 723 728 729 731 740 749 750 754 756 764 766 779 781 797 799 801 802 803 809 822 824 841 852 858 863 869 871 883 922 934 946 953 959 961 975 997
3  0 551 944
4  342 511 869 975
1  363
3  371 987 990
3  78 235 663
7  17 23 114 396 589 824 903
9  81 469 611 756 766 771 852 871 973
5  159 171 279 555 588
55  2 3 14 40 45 49 61 63 87 106 108 119 127 167 171 179 225 230 247 283 285 293 308 360 415 457 475 493 531 536 554 569 589 632 686 707 715 723 802 803 813 824 841 852 863 869 871 883 919 922 934 938 946 972 975
8  198 205 254 306 331 334 435 941
139  0 1 4 10 11 14 17 18 20 23 24 27 30 31 36 37 39 40 46 50 52 57 63 65 68 74 75 77 80 99 105 106 123 127 137 139 140 143 146 152 162 170 171 182 188 193 207 226 230 247 250 256 263 273 287 298 299 311 317 321 330 339 340 352 378 383 388 390 400 414 423 437 440 444 450 456 457 458 459 462 471 472 480 493 494 520 536 551 554 555 559 569 571 583 589 592 595 603 605 624 632 645 649 651 664 676 680 686 689 715 728 729 740 746 756 764 766 773 776 781 799 802 813 819 822 841 852 863 869 871 883 922 934 938 944 946 970 972 975
2  48 456
3  17 30 808
3  12 709 952
1  526
9  2 7 9 162 281 421 517 730 934
4  280 439 971 998
2  707 727
3  47 245 852
1  515
1  231
2  266 312
7  32 55 156 228 462 536 622
12  12 38 213 238 266 312 558 584 624 680 685 943
3  62 93 923
3  425 740 749
1  690
15  113 664 715 774 809 813 822 824 863 869 871 883 922 934 959
1  806
1  602
1  132
2  316 609
1  469
1  673
2  53 883
1  577
1  742
2  149 192
39  0 1 2 7 30 47 86 89 97 101 108 114 122 245 246 455 469 494 509 565 611 622 715 729 766 802 813 820 822 824 832 863 871 883 922 946 967 975 992
1  705
3  85 159 462
3  643 873 893
3  575 758 861
1  96
36  10 17 30 37 39 49 130 144 323 343 441 536 554 583 589 595 614 631 664 689 740 756 761 779 801 802 813 863 869 871 883 922 934 959 975 980
3  205 331 334
1  97
2  575 856
4  80 159 520 600
59  1 3 10 17 20 23 30 39 40 41 60 75 78 82 86 106 111 114 157 174 176 179 181 200 215 242 326 414 452 472 475 493 536 680 686 723 729 768 802 803 809 813 822 824 841 852 858 868 869 871 878 883 918 922 934 938 959 972 975
1  778
1  221
2  573 729
2  726 922
7  114 232 375 619 863 869 922
106  0 1 3 5 10 11 16 17 20 22 26 36 54 81 106 111 112 116 165 167 171 172 178 181 212 219 247 253 273 278 286 287 291 311 326 333 342 343 347 415 416 423 457 472 489 509 511 536 551 554 555 559 569 580 585 589 609 614 622 632 640 645 664 677 678 680 685 686 687 689 715 729 740 750 756 764 773 774 779 781 797 801 802 803 807 813 815 822 824 841 858 863 868 871 875 883 918 922 934 938 944 946 953 972 975 985
1  581
56  0 1 4 9 10 12 17 20 23 32 36 39 48 58 82 98 106 167 181 200 285 423 437 462 509 520 536 589 599 622 664 689 692 715 756 758 801 802 813 820 822 824 841 852 858 863 869 878 883 922 934 959 963 967 972 975
11  32 63 68 85 98 283 285 383 462 649 715
2  855 916
3  80 782 964
20  16 36 45 160 287 340 423 489 551 656 680 686 707 740 802 869 883 934 959 975
1  399
2  341 401
20  98 167 209 214 265 457 490 540 569 589 615 632 802 863 871 883 922 934 959 975
1  318
3  9 13 52
2  295 417
1  266
107  0 1 2 3 7 9 10 13 14 17 23 24 27 30 38 43 45 47 51 52 53 55 57 60 66 89 95 103 109 131 135 138 153 171 250 261 270 287 302 304 311 326 340 341 350 354 379 397 401 412 416 420 423 440 441 472 541 554 555 559 569 573 583 585 589 603 611 614 622 631 632 647 660 686 689 717 729 734 749 756 761 773 778 790 799 801 802 813 822 824 841 848 852 858 863 869 871 875 878 922 934 938 946 959 967 972 975
1  791
1  727
15  0 1 2 11 14 61 63 200 440 493 555 557 559 934 959
10  10 17 23 30 39 68 109 152 446 589
1  693
2  385 967
1  493
1  103
1  678
3  628 643 855
4  153 401 540 975
2  146 955
1  233
2  580 622
1  171
2  68 188
4  3 76 84 940
2  3 5
2  590 701
7  17 23 39 475 733 819 922
2  768 975
2  218 371
1  536
1  610
18  43 107 137 158 169 241 262 337 339 340 376 493 524 536 558 686 934 980
1  213
2  82 476
1  653
1  725
1  62
2  260 689
1  99
1  873
1  342
13  129 133 154 212 324 387 393 411 556 863 869 922 972
47  0 14 33 48 51 56 61 64 88 108 114 123 128 152 163 169 181 256 268 283 287 298 339 340 385 388 416 423 434 457 489 493 536 541 559 569 583 624 664 686 729 756 802 822 922 972 975
1  811
4  12 22 346 708
90  1 7 10 14 22 30 40 58 81 94 98 129 130 140 144 152 167 173 214 256 265 305 316 320 326 340 342 385 390 394 415 451 457 471 472 475 479 480 494 499 516 536 555 569 575 580 583 589 609 622 624 632 638 666 676 680 685 686 689 726 729 731 740 756 776 790 797 799 801 802 813 822 824 841 852 858 863 867 868 869 871 878 883 903 918 919 934 938 944 975
9  17 46 62 93 208 492 685 732 838
2  650 956
1  502
1  296
1  131
1  419
1  686
3  169 233 661
1  632
4  122 136 494 972
1  164
158  0 1 2 3 4 7 9 10 12 13 17 20 22 23 26 28 30 37 38 40 43 45 48 49 57 63 68 70 71 75 77 78 81 85 89 95 106 107 109 127 130 144 152 156 160 162 167 181 191 193 200 219 224 246 256 273 278 281 285 287 293 304 326 332 336 346 352 356 376 385 390 414 415 421 423 434 440 452 456 457 462 469 472 475 480 489 492 493 494 510 517 520 536 541 551 554 555 559 569 575 580 583 589 622 624 632 633 642 664 676 680 685 686 689 702 712 714 715 728 729 730 740 749 750 756 766 772 773 776 790 793 797 801 802 809 813 822 824 829 841 858 863 869 871 875 878 883 886 908 922 938 944 953 959 961 972 975 980
1  801
4  196 287 457 641
2  237 525
42  9 10 13 14 17 20 39 40 52 66 68 74 81 143 144 152 158 187 280 325 337 396 440 457 472 480 495 670 672 680 723 749 797 802 822 824 863 869 883 922 934 944
1  378
2  84 900
4  334 435 461 823
1  419
3  238 312 837
33  0 1 2 11 22 28 48 51 98 137 183 200 264 335 555 579 638 686 750 752 773 790 797 799 802 809 814 824 869 922 934 938 992
1  784
31  36 167 181 288 303 340 385 413 418 457 494 551 585 592 622 648 680 707 715 729 740 801 802 813 822 824 852 869 883 967 975
1  190
1  792
3  88 275 366
1  599
8  2 47 86 245 729 769 802 975
3  12 709 827
22  1 2 4 7 9 156 217 244 287 326 372 416 472 536 576 599 799 801 813 869 934 959
1  94
2  146 895
1  924
1  785
2  802 975
44  0 4 15 18 32 40 52 64 108 119 135 141 157 200 242 261 273 326 475 493 494 536 551 554 559 579 589 676 712 756 773 802 813 841 858 863 871 875 878 883 886 934 953 975
1  400
25  0 1 14 16 36 40 45 49 60 107 229 342 472 494 551 554 573 580 632 680 689 764 813 934 975
3  314 460 972
2  871 975
1  874
1  37
1  571
26  14 45 156 285 385 415 456 462 466 472 536 569 571 601 609 632 680 715 729 799 802 852 871 883 889 946
3  413 418 514
2  233 661
4  24 330 651 824
2  830 998
112  0 1 2 3 4 10 12 13 14 17 18 20 27 30 31 38 39 43 46 49 50 52 56 60 63 92 103 106 107 114 116 129 132 133 135 136 154 182 200 212 240 250 261 269 287 297 314 318 319 324 338 357 387 388 393 411 434 437 440 452 457 460 472 494 498 515 516 520 536 538 541 555 559 569 583 589 622 632 640 645 658 675 676 680 685 688 689 715 723 729 737 746 756 761 764 766 768 776 801 802 822 824 863 869 871 883 918 919 932 934 962 975
7  80 455 509 611 756 771 820
1  157
133  0 1 2 3 5 7 9 10 13 14 17 18 22 23 25 27 32 34 35 36 39 40 42 43 47 51 52 56 57 60 63 71 75 77 78 82 86 95 96 98 99 106 108 114 123 124 131 163 172 176 223 285 298 302 320 323 332 339 340 342 343 385 390 401 423 440 441 462 472 494 511 536 540 541 551 554 559 569 583 589 595 605 609 614 615 622 624 631 632 637 640 656 658 664 665 676 685 686 689 723 728 729 756 768 776 802 805 809 813 815 822 824 852 858 863 869 871 875 878 883 894 904 919 922 934 946 951 958 959 961 963 972 980
2  100 598
12  0 1 7 55 65 138 162 320 341 390 472 980
2  11 150
3  481 563 703
66  0 1 4 17 20 31 32 39 45 49 50 52 65 67 72 73 88 91 98 107 118 137 158 162 186 224 271 280 301 339 340 349 351 357 390 423 440 457 493 520 554 559 569 583 595 624 630 632 664 675 686 689 699 729 740 749 773 797 802 809 811 858 908 934 975 977
1  697
2  75 176
1  270
1  535
13  4 10 123 139 201 253 286 383 390 472 494 500 869
11  0 1 7 9 11 14 36 40 43 131 749
2  817 990
1  504
1  4
2  817 987
1  370
10  108 250 270 397 456 493 536 686 852 944
10  12 21 99 104 105 163 541 569 729 749
1  637
1  255
1  512
4  64 583 785 813
2  830 971
5  26 106 457 583 652
