1000
6  117 148 208 474 767 961
13  18 36 127 130 136 142 182 335 542 751 796 797 842
10  183 222 287 491 700 707 742 745 779 806
10  21 267 328 408 487 539 738 741 801 829
4  57 368 597 627
9  216 280 354 452 634 635 949 992 995
10  353 446 455 502 548 598 674 718 823 824
9  195 278 401 593 645 693 852 899 949
7  478 726 727 774 929 967 982
7  37 198 365 589 596 637 722
9  174 215 256 265 315 468 524 621 651
9  336 356 575 621 636 685 961 982 983
11  325 374 407 422 504 506 543 592 659 697 957
10  275 320 428 440 521 581 598 604 800 949
7  24 165 218 272 303 699 974
9  20 244 304 336 378 907 916 955 959
21  70 154 160 165 175 206 217 231 275 289 373 630 708 734 735 756 767 823 938 967 981
14  41 82 164 225 256 341 374 393 431 483 648 714 875 971
17  1 39 83 141 202 264 351 390 464 523 588 620 705 718 913 948 967
8  101 263 394 599 625 886 946 996
11  15 55 298 327 429 464 503 725 757 944 999
13  3 119 123 191 257 278 330 340 360 509 738 839 942
17  182 211 290 299 307 396 419 500 526 528 530 579 616 647 750 875 986
12  125 407 438 446 558 609 717 778 838 878 915 989
10  14 260 345 540 637 690 738 739 843 950
9  279 389 598 641 702 785 849 869 961
7  89 116 382 457 478 539 562
8  107 173 211 566 676 728 903 961
13  48 65 110 136 217 257 286 423 514 623 933 958 980
7  44 110 240 336 437 783 828
6  429 444 573 605 799 961
11  202 266 526 603 637 644 720 748 801 864 944
14  64 111 229 325 340 563 636 726 733 767 802 858 895 941
14  284 324 366 369 502 530 537 662 877 896 904 906 939 957
9  116 251 491 596 634 715 895 957 962
12  93 118 143 163 338 626 689 777 817 973 975 984
14  1 173 202 228 309 650 690 741 774 829 874 895 928 961
14  9 128 139 148 267 414 461 593 619 672 683 703 777 847
4  264 344 347 470
14  18 157 237 319 377 388 392 506 532 671 691 707 807 958
5  392 560 573 585 908
10  17 100 197 242 271 492 506 646 851 882
9  329 493 528 573 697 812 924 963 982
10  49 179 224 231 250 439 473 612 669 723
9  29 126 164 206 333 385 538 704 843
10  80 112 170 176 191 199 511 661 668 723
10  152 224 358 458 461 462 553 763 811 861
14  92 217 247 260 310 399 483 492 534 622 748 820 877 934
8  28 240 243 521 658 747 806 980
15  43 50 110 116 196 388 389 397 457 588 615 640 714 765 975
10  49 217 279 423 587 693 830 851 904 909
11  203 210 271 542 576 679 730 750 784 930 947
10  102 144 157 176 216 286 437 536 761 762
9  125 155 341 384 390 444 686 937 960
13  178 218 249 332 393 494 820 852 892 944 953 977 996
10  20 154 548 562 581 653 678 814 870 930
8  308 317 425 437 570 655 665 856
13  4 121 265 314 371 442 445 504 509 538 744 756 966
13  84 109 342 394 431 437 450 674 703 726 835 923 945
7  78 312 493 595 597 934 938
5  121 144 633 738 997
20  67 90 96 108 232 241 278 292 345 359 425 473 483 529 566 616 638 699 804 908
10  105 209 354 438 498 629 718 824 919 922
7  151 301 369 562 631 827 848
9  32 92 135 193 304 425 587 819 928
13  28 308 372 600 650 689 726 790 873 935 948 977 990
7  95 272 491 577 765 872 905
8  61 94 352 410 441 463 530 880
10  112 202 487 503 585 610 627 636 816 851
11  168 293 478 573 602 804 823 958 982 990 992
8  16 369 443 583 794 864 935 985
9  350 359 444 566 666 804 882 923 956
11  256 257 292 310 812 830 844 859 884 933 992
9  195 467 659 739 801 834 870 914 970
9  244 246 278 331 475 605 664 697 990
12  92 119 149 327 392 468 638 659 670 772 795 961
13  181 233 462 473 487 581 583 615 813 826 838 890 949
11  168 230 451 524 558 667 729 790 864 891 944
10  59 111 126 167 269 290 378 405 726 970
3  449 683 764
11  45 243 270 324 551 564 606 623 644 759 851
5  314 449 523 733 960
2  17 383
10  18 84 176 325 345 385 511 566 661 745
8  58 83 196 209 217 736 965 982
10  139 232 295 349 502 564 758 853 908 938
10  166 257 276 277 321 347 739 876 880 973
16  118 233 287 288 328 432 449 621 674 684 796 875 885 913 926 932
6  212 416 588 639 668 750
10  26 103 118 167 416 572 706 808 815 985
11  61 141 283 537 683 754 797 877 904 954 995
10  99 156 229 360 480 522 543 544 880 926
7  47 64 75 617 696 809 855
16  35 186 286 356 475 533 570 586 595 596 670 673 717 778 935 946
9  67 290 373 424 439 579 607 766 843
13  66 318 363 366 420 522 525 542 631 717 800 922 988
10  61 100 101 144 228 324 567 587 770 902
6  260 373 723 733 786 922
9  279 291 462 504 529 748 795 812 868
7  91 332 429 538 701 767 972
15  41 96 109 129 133 186 233 278 559 616 617 702 736 887 980
9  19 96 127 181 304 451 535 641 804
11  52 235 292 346 396 479 534 567 574 687 759
13  89 260 321 385 391 431 484 539 575 615 636 643 910
12  121 307 483 545 660 744 755 788 864 896 938 955
9  62 231 324 398 434 612 865 890 931
11  142 186 291 309 347 357 367 479 568 696 794
12  27 155 206 417 530 549 638 657 684 753 833 870
5  61 286 309 372 638
16  58 100 112 199 220 288 301 326 368 405 553 559 587 628 855 883
12  28 29 49 164 238 360 526 607 705 798 872 902
12  32 78 194 480 559 567 609 708 714 754 872 929
13  45 68 109 276 277 459 577 612 797 868 874 950 986
7  120 181 489 509 666 695 726
11  133 452 539 632 683 719 773 782 807 893 906
11  218 277 395 463 482 485 616 627 634 682 735
12  26 34 49 238 293 298 660 674 789 812 924 995
9  0 252 299 348 490 504 548 917 997
11  35 87 89 197 352 507 548 637 707 937 949
8  21 75 284 423 556 666 732 876
9  113 146 201 467 612 800 919 937 973
8  57 60 104 528 696 697 843 987
9  156 186 221 608 771 829 855 938 948
9  21 176 247 290 366 388 457 666 903
7  482 540 741 800 804 886 971
10  23 53 132 179 199 261 297 732 767 901
11  44 78 135 140 143 147 640 832 903 949 983
10  1 101 179 220 229 239 313 774 874 967
10  37 391 427 486 550 591 638 645 787 806
11  100 130 198 315 320 444 663 689 704 741 743
8  1 129 293 310 410 712 939 973
8  183 188 196 399 495 619 666 739
10  125 337 381 464 604 629 663 723 809 820
9  100 114 184 288 304 326 360 801 938
4  597 849 896 962
10  64 126 290 510 631 764 781 892 931 976
7  1 28 149 374 414 824 876
11  258 399 447 522 562 634 638 663 797 807 894
4  461 505 777 978
7  37 85 261 386 497 503 670
6  126 383 560 895 911 944
11  18 90 406 422 452 562 593 595 735 818 856
10  1 106 173 301 447 650 757 849 858 944
9  35 126 350 369 389 448 461 490 799
11  52 60 96 158 166 312 407 522 585 873 921
10  273 312 397 450 494 575 821 849 927 978
8  120 223 270 284 406 685 696 789
9  126 171 195 226 234 333 724 838 866
7  0 37 290 353 358 372 741
12  75 136 242 340 385 575 602 797 835 851 938 970
7  173 221 652 713 794 853 895
12  63 245 246 250 262 307 333 401 441 589 785 994
12  46 291 314 387 390 424 436 500 570 672 716 937
7  283 337 592 722 754 947 951
8  16 55 171 345 361 539 753 857
9  53 107 254 262 387 493 829 836 880
10  91 122 204 216 294 486 714 765 875 900
7  39 52 408 476 638 831 912
6  144 251 455 764 827 929
4  432 523 609 980
12  16 201 267 273 298 331 434 553 678 901 941 995
9  185 299 463 549 650 674 687 861 985
3  247 453 812
9  35 235 260 377 489 502 571 765 986
10  17 44 110 204 501 625 694 913 938 995
9  14 16 456 570 588 685 757 928 994
7  86 144 213 440 543 685 722
11  78 89 189 258 297 306 372 530 672 737 901
8  69 77 268 340 341 806 823 973
10  183 210 279 397 495 512 798 827 939 995
8  45 221 251 334 440 447 477 965
12  147 154 230 233 305 379 457 470 559 633 687 886
11  236 377 535 662 694 709 731 777 783 806 951
14  27 36 142 150 211 272 296 411 581 650 696 719 888 914
11  10 255 451 638 651 658 822 873 889 924 946
14  16 188 244 324 337 341 379 407 548 568 626 655 763 840
13  45 52 83 123 193 262 296 312 363 513 544 570 881
9  216 465 638 652 665 771 817 866 993
8  54 204 384 600 620 793 804 875
14  43 125 127 220 228 235 337 464 469 613 769 779 831 942
5  277 441 444 507 599
9  76 101 113 553 630 753 852 864 866
8  1 22 270 348 371 401 428 923
5  2 131 169 406 590
10  133 341 403 606 676 690 824 867 936 953
7  161 328 418 732 839 901 969
13  93 100 106 122 209 382 401 446 493 517 688 837 988
5  357 571 587 789 821
6  131 175 379 493 494 997
5  167 514 541 570 739
8  200 254 297 621 713 834 859 998
7  21 45 193 315 468 650 943
7  369 420 624 628 695 768 806
14  64 176 191 200 299 406 432 437 570 617 765 870 876 930
11  111 203 335 347 373 374 398 449 589 787 812
12  7 73 147 204 227 494 525 657 695 816 846 983
10  49 84 131 214 249 258 538 719 779 871
13  41 118 243 286 388 518 546 634 743 755 800 830 938
12  9 129 297 485 504 516 757 839 846 970 981 992
11  45 109 125 238 492 516 665 714 755 853 868
5  190 193 414 471 955
8  120 160 413 480 484 701 776 916
11  18 31 36 68 207 442 482 714 821 874 910
8  51 194 204 336 597 611 897 912
9  156 164 178 195 203 370 449 681 753
7  389 438 474 480 694 798 939
10  16 44 107 585 597 660 709 792 829 961
20  202 237 246 294 345 369 372 400 473 550 587 630 661 773 776 779 861 926 932 990
12  0 226 336 358 399 444 600 648 707 738 761 842
7  62 84 186 257 373 717 741
6  51 169 671 781 893 964
9  22 27 173 315 376 395 431 540 948
16  88 228 261 338 397 511 728 760 802 834 904 905 914 973 990 994
9  166 347 457 459 495 706 724 842 964
12  196 277 321 404 514 679 685 697 731 754 789 939
7  10 391 454 480 526 727 803
16  5 52 156 177 236 313 412 451 506 528 569 659 670 711 819 880
15  16 28 47 50 84 232 376 451 463 540 607 618 634 722 745
9  14 54 115 248 336 375 381 682 716
8  492 564 601 778 870 916 946 982
14  109 127 179 341 345 439 447 510 531 662 723 732 842 979
15  122 150 170 290 394 450 470 491 574 671 720 828 850 912 937
6  2 230 393 614 647 823
8  146 355 443 512 540 683 811 839
12  43 46 259 344 379 442 453 475 484 502 816 997
7  17 269 303 776 797 908 971
11  147 208 268 307 320 392 425 599 648 858 979
7  195 276 356 370 580 784 974
15  36 96 179 212 243 260 307 365 508 532 633 807 921 966 990
13  32 91 127 301 411 546 675 710 715 869 880 926 973
12  77 171 222 267 268 329 577 695 718 732 755 938
11  16 43 105 335 474 798 826 827 850 934 947
8  61 85 217 256 293 404 504 745
10  76 87 100 171 518 576 617 618 689 780
6  147 257 367 388 578 682
11  102 163 179 297 365 670 673 694 775 776 789
11  172 216 270 299 308 450 471 569 581 788 869
8  39 207 455 516 683 705 838 850
9  110 116 199 388 533 573 627 723 802
11  127 279 384 416 418 532 555 679 742 834 987
11  29 48 243 276 304 359 444 543 601 630 743
6  61 323 330 422 618 885
14  41 149 346 443 455 549 583 610 747 748 782 783 894 967
16  48 80 197 228 240 267 314 330 367 402 517 681 687 755 870 927
11  15 74 175 250 388 451 566 746 777 826 914
10  151 312 355 592 610 624 693 809 872 924
5  74 151 207 377 817
12  47 123 162 268 427 566 578 740 760 795 887 966
8  218 359 375 475 627 902 998 999
10  54 196 283 687 738 763 816 825 932 933
7  43 151 244 455 561 880 967
9  34 158 170 480 492 574 609 756 982
3  117 662 964
8  264 269 469 538 731 816 934 994
13  155 190 291 426 516 615 618 659 747 871 897 988 997
8  174 343 438 678 759 793 795 885
15  10 17 72 232 280 294 391 533 571 579 646 649 738 811 929
15  21 28 72 86 209 234 304 318 480 484 511 859 876 877 882
7  137 167 196 289 369 558 590
8  224 269 282 495 615 641 716 993
19  24 47 97 103 163 228 367 413 566 581 599 615 750 786 809 824 877 930 993
9  125 139 212 515 737 777 888 950 958
11  151 155 176 314 458 479 514 702 769 811 971
9  19 532 543 741 846 858 863 890 959
16  18 38 253 269 360 365 389 472 629 721 765 787 806 835 839 978
9  10 57 361 541 745 793 830 838 947
8  31 398 468 736 828 854 948 970
9  3 37 160 230 243 350 404 440 985
15  168 226 230 247 316 381 402 456 473 511 606 713 717 922 980
13  78 225 253 259 264 464 537 576 635 685 717 755 851
21  80 146 182 236 279 341 370 419 449 504 506 544 600 680 704 772 788 870 933 956 990
8  41 51 339 382 556 764 876 920
13  14 66 173 400 423 441 454 493 715 844 945 984 992
9  145 160 284 303 342 611 650 713 817
9  289 571 601 689 701 862 924 939 967
10  13 16 363 377 493 568 612 620 699 959
12  86 112 227 240 284 433 456 479 570 686 822 931
9  86 112 115 180 214 383 430 591 881
11  7 21 61 74 100 312 372 421 472 551 699
12  25 50 98 169 239 270 338 517 612 805 907 940
9  5 256 282 284 336 529 724 731 734
7  364 409 438 468 669 790 791
10  259 280 398 435 459 509 511 594 774 958
14  90 153 249 289 330 364 404 555 581 786 810 860 862 871
15  33 119 146 273 276 280 318 467 588 619 690 812 913 928 938
5  380 423 572 792 952
10  28 52 93 108 197 372 397 565 840 976
13  2 87 387 426 483 504 566 608 786 814 819 841 971
14  87 109 133 315 321 397 533 544 603 736 818 918 961 988
9  16 258 274 283 713 763 925 948 986
14  22 78 94 123 135 148 221 337 360 553 797 908 966 982
10  98 106 152 254 637 652 677 734 779 992
9  61 72 102 401 404 484 687 856 997
11  69 116 130 232 374 388 434 452 569 653 756
4  156 207 256 346
9  85 322 560 741 800 808 818 843 917
7  173 176 313 507 518 864 936
12  125 167 190 198 235 370 464 485 657 708 793 959
11  20 116 160 342 356 405 517 539 544 611 643
11  22 117 161 193 236 683 734 814 917 943 982
5  443 575 582 617 859
20  63 109 142 229 307 343 356 414 417 449 457 598 717 764 887 924 930 953 995 996
9  345 450 562 635 695 770 857 872 884
9  14 225 273 526 551 659 776 795 993
14  15 64 101 133 240 257 369 452 527 801 808 852 885 995
11  171 356 433 512 592 708 906 919 946 958 978
8  167 447 724 828 839 935 981 995
10  22 104 151 226 228 301 489 619 806 847
10  56 65 236 396 405 491 665 821 972 992
8  36 106 108 372 561 674 925 928
8  47 72 130 355 513 753 887 981
9  414 468 504 584 635 690 765 865 873
12  59 144 145 176 245 278 570 742 755 856 860 867
8  127 216 296 354 568 685 815 954
11  57 81 152 243 262 664 703 761 922 984 993
10  10 129 191 211 288 837 866 907 938 958
7  268 417 418 451 497 644 952
13  56 345 347 507 524 564 576 660 715 750 842 863 963
11  95 257 284 426 495 498 516 689 707 762 924
7  39 355 441 510 527 664 987
8  13 129 226 448 545 794 821 930
14  86 103 214 288 359 454 525 566 594 642 780 790 805 996
6  295 454 475 743 851 880
8  241 354 416 478 691 850 898 974
8  33 80 96 105 175 365 469 726
7  12 32 83 606 653 716 821
9  109 133 418 501 544 687 716 855 928
4  20 75 375 875
11  3 87 185 410 584 667 708 777 832 899 945
9  42 230 333 361 499 671 807 824 892
10  21 241 243 283 439 503 724 777 795 872
5  74 160 661 735 847
7  54 99 417 600 694 888 927
12  44 147 151 329 477 485 514 671 716 726 928 979
9  170 350 378 387 446 515 656 820 973
6  1 194 231 607 722 801
12  11 15 29 203 208 218 280 352 363 764 959 996
12  132 153 175 179 290 531 600 663 670 742 790 809
9  35 212 279 372 671 698 728 738 975
8  271 376 451 685 792 804 923 992
9  21 32 149 168 433 444 723 765 771
15  17 53 168 175 184 220 270 378 409 469 597 603 665 783 985
9  58 273 298 501 587 807 827 875 919
5  255 301 408 597 960
10  38 224 430 469 493 552 570 651 685 960
13  24 61 83 154 207 220 302 317 548 616 746 760 794
10  102 242 294 370 557 678 745 856 953 972
12  38 86 106 194 213 317 399 527 570 639 684 945
10  117 182 407 499 737 856 878 893 939 968
11  85 484 560 571 612 625 660 672 789 810 814
11  71 143 267 334 380 426 505 606 644 685 830
9  18 456 562 616 743 786 870 873 956
8  67 118 336 409 467 489 508 872
10  6 148 370 431 474 494 552 601 684 818
8  5 62 313 323 475 480 938 990
6  223 245 310 319 542 846
14  11 93 227 298 301 305 372 423 467 469 679 699 822 858
9  106 187 519 532 741 764 823 882 959
14  46 148 208 427 478 479 488 505 514 529 642 673 720 937
12  61 71 240 248 321 403 455 492 735 799 870 887
9  21 91 110 133 264 290 371 692 925
7  154 265 329 546 581 797 924
8  554 674 678 862 871 963 966 980
10  95 176 275 336 440 451 537 622 715 756
7  281 283 403 564 629 718 939
10  9 228 235 264 324 540 640 837 912 996
14  33 95 123 471 493 524 547 637 747 748 773 847 907 928
15  106 234 243 260 386 432 545 548 659 665 701 840 939 942 993
12  4 109 413 421 515 593 726 837 884 888 892 937
16  33 63 70 143 192 207 258 304 393 526 724 734 771 825 857 978
18  204 227 270 297 346 353 407 416 458 510 557 560 563 724 752 842 925 955
8  57 182 360 436 495 652 766 934
14  65 108 148 167 207 278 286 309 338 356 665 710 846 914
10  16 94 97 194 209 420 451 535 728 889
14  12 17 136 194 293 397 418 642 715 789 807 834 868 953
6  218 248 327 610 636 730
8  211 217 339 517 770 829 886 978
10  39 163 172 246 275 543 593 698 835 900
14  15 78 334 341 395 409 643 663 673 791 844 862 890 941
5  171 175 188 224 641
11  285 350 494 561 717 818 822 827 856 873 982
4  132 218 268 910
11  26 186 271 405 452 562 646 663 947 960 996
7  82 140 277 449 523 589 597
9  53 178 239 444 603 669 750 761 796
8  44 83 103 149 397 752 831 951
6  139 367 455 485 518 639
10  152 155 287 334 518 688 708 815 888 988
15  39 49 123 197 234 238 244 293 447 507 568 726 752 955 980
10  25 49 143 205 264 408 434 457 621 822
11  18 53 152 484 504 528 588 753 802 830 855
9  103 128 215 256 468 604 622 779 987
11  39 40 75 226 498 597 615 658 703 726 764
12  17 54 222 369 420 425 625 670 748 756 802 863
8  19 58 221 504 651 690 702 968
7  115 211 378 535 663 834 942
10  22 102 308 409 422 520 585 590 901 989
12  49 145 169 212 286 288 374 385 560 606 651 750
9  105 194 266 282 644 645 682 787 961
7  47 131 137 208 347 536 882
8  207 272 432 436 507 660 734 822
13  7 151 182 186 292 425 574 602 816 825 903 925 972
7  243 268 489 592 787 878 938
9  184 359 364 445 592 721 722 790 808
14  214 232 267 283 292 468 487 691 789 793 817 835 865 971
15  78 109 298 308 382 420 436 467 611 613 668 738 771 814 839
11  141 146 183 193 458 535 706 709 815 980 990
16  12 23 144 175 348 370 422 430 455 516 565 636 669 800 856 929
9  3 157 343 389 571 655 756 816 882
12  281 341 352 378 396 444 467 641 806 818 923 991
9  67 130 328 413 618 632 702 747 789
6  173 229 597 742 768 969
6  216 422 543 742 745 867
12  201 260 368 410 444 583 594 692 706 747 950 976
12  37 136 200 301 311 690 705 725 751 913 938 963
4  418 630 700 943
15  88 89 239 323 370 446 501 506 556 643 763 785 819 838 850
11  107 301 316 332 431 601 619 702 706 840 939
11  185 239 316 326 374 415 445 556 605 717 770
8  22 270 455 459 599 653 692 696
12  95 192 373 393 405 422 435 469 542 803 810 843
6  278 368 434 595 763 979
15  12 141 241 396 407 412 420 455 533 558 655 737 848 933 996
12  28 50 119 272 285 356 424 748 803 836 874 967
8  94 152 423 473 617 656 854 947
7  56 61 64 226 393 401 500
8  254 287 318 350 727 908 980 990
11  128 247 358 463 469 511 652 814 881 944 959
6  13 182 489 572 587 895
12  20 30 99 464 498 524 580 636 728 790 792 829
5  277 344 407 656 739
7  17 58 103 211 353 417 787
10  87 159 193 367 400 439 709 742 769 823
7  276 305 340 566 588 822 880
10  105 160 293 389 421 512 524 961 977 992
8  282 420 454 527 651 677 834 841
13  152 371 400 405 447 501 695 759 771 827 856 867 909
11  29 52 56 58 193 526 690 841 904 980 982
8  23 62 205 255 281 651 740 750
8  43 94 220 330 432 467 496 855
12  13 166 170 267 363 454 499 565 587 755 840 953
9  67 151 180 272 319 488 623 740 848
6  57 202 224 582 862 889
12  70 223 242 300 477 493 591 724 879 975 986 997
15  30 53 71 129 180 208 240 340 384 409 413 514 749 959 996
15  57 403 418 469 471 571 580 664 698 865 875 886 919 937 984
12  6 23 186 334 416 583 634 683 782 844 895 932
13  137 142 170 220 306 388 436 461 835 880 905 941 949
5  143 320 604 788 930
12  79 81 87 194 204 270 301 383 512 601 611 888
10  58 145 221 236 302 504 515 633 650 696
15  77 101 174 216 217 244 316 339 363 373 586 837 871 874 972
11  5 114 141 293 304 382 669 674 745 868 960
9  162 224 497 576 583 605 684 842 847
9  215 272 321 322 435 440 708 792 898
14  6 158 237 242 250 359 386 407 419 422 519 634 766 773
6  165 268 276 351 840 974
12  26 49 123 171 213 301 389 462 665 735 746 796
7  46 262 370 406 622 677 720
8  112 213 282 419 467 509 664 943
3  461 857 977
8  37 46 138 143 447 460 662 699
14  46 76 98 457 561 607 615 694 837 913 925 936 957 958
14  67 115 161 217 427 469 475 543 614 730 803 872 992 999
9  18 20 132 179 269 297 429 765 786
6  177 509 699 801 803 859
9  479 527 580 706 744 914 931 953 959
12  73 120 284 352 356 405 409 439 459 692 704 849
11  10 75 191 266 281 311 391 404 470 954 992
13  179 253 324 341 344 356 420 427 445 463 578 599 629
11  38 171 221 468 517 572 607 713 735 789 909
12  200 236 366 445 477 641 686 724 847 936 950 965
7  264 278 710 743 759 889 938
9  43 61 76 207 268 424 527 685 736
13  0 205 231 353 530 579 606 734 796 827 908 928 956
11  74 93 224 248 322 354 463 552 608 802 901
9  157 494 573 727 729 739 882 908 965
7  170 333 443 471 578 862 942
8  8 26 69 323 358 766 789 814
16  102 106 262 276 358 466 581 637 653 707 721 735 739 789 884 940
16  91 111 201 205 215 251 257 354 554 591 752 776 811 837 913 932
1  502
11  115 124 202 529 576 666 750 764 846 897 899
12  17 47 61 104 287 497 564 767 865 872 920 989
10  103 201 224 257 292 349 390 707 731 746
10  115 198 297 333 386 486 540 596 802 876
14  128 156 485 636 638 729 767 796 848 852 894 915 978 987
12  3 68 76 404 523 567 600 657 843 848 889 985
5  358 441 669 707 757
11  113 163 307 352 402 428 746 840 858 899 994
9  117 143 515 552 587 739 832 895 989
11  2 34 66 221 308 616 633 688 879 897 960
15  41 47 199 219 251 359 503 634 739 779 844 912 938 977 990
15  42 59 155 186 188 272 275 344 366 443 517 758 822 917 976
15  54 145 188 195 353 380 476 604 616 631 655 768 835 897 977
9  131 169 213 259 318 371 521 696 959
6  439 616 830 833 838 913
11  139 316 453 483 533 620 790 808 912 955 999
7  62 318 392 429 702 903 963
6  329 348 440 517 560 675
10  22 152 425 527 541 560 606 707 906 979
12  164 326 342 416 436 508 549 673 826 983 984 998
11  6 33 85 163 224 481 569 594 647 736 752
11  20 68 139 330 492 550 657 698 808 913 929
17  12 57 98 117 198 232 270 287 311 390 394 450 575 726 842 922 974
10  138 350 358 588 624 647 677 732 832 966
10  12 39 41 216 270 416 524 579 893 894
11  118 180 296 317 388 400 769 789 835 858 896
9  228 352 501 612 718 772 775 785 798
15  21 57 113 282 459 465 527 564 649 686 794 833 882 950 992
10  135 220 319 370 586 736 746 748 922 928
12  45 83 212 257 268 282 427 624 699 813 827 969
9  169 223 305 434 449 659 772 820 897
3  176 310 879
11  28 189 214 262 333 358 444 630 663 858 977
7  261 334 368 450 490 597 919
10  198 199 237 254 318 407 598 699 799 834
12  186 243 279 298 376 470 493 499 724 759 798 940
12  197 233 296 386 387 539 562 573 587 593 786 930
4  357 455 852 868
4  396 566 668 878
11  13 48 495 524 545 584 650 700 707 855 893
9  91 95 137 144 666 748 940 977 984
6  18 81 159 383 487 965
11  10 77 317 366 429 434 506 521 702 792 859
9  95 195 321 547 557 731 854 874 949
14  22 31 110 215 303 369 437 544 610 649 657 734 786 793
12  304 319 347 435 466 473 500 509 648 835 903 984
10  22 42 121 216 390 550 645 867 899 990
10  61 98 280 358 482 536 796 820 875 995
10  22 33 67 107 167 474 576 619 884 992
5  220 337 586 674 965
11  39 228 239 263 357 570 601 624 738 900 948
10  93 238 256 288 422 497 613 658 714 815
5  47 102 592 804 924
10  101 172 373 395 406 608 628 633 709 782
8  52 399 529 556 690 736 785 826
12  33 90 269 363 543 556 603 650 657 728 733 794
7  44 57 99 196 253 551 928
13  3 26 103 114 154 298 518 572 789 901 914 923 935
16  24 124 211 217 223 365 485 586 661 671 727 819 832 834 846 903
11  189 265 500 585 636 696 731 789 825 874 976
8  1 51 95 355 420 576 663 723
13  12 91 166 240 263 377 412 463 537 591 596 641 739
13  91 176 270 288 298 326 526 561 639 697 862 891 985
7  104 320 367 521 595 782 994
7  197 229 361 793 820 851 962
4  366 525 550 554
10  6 55 117 118 175 345 367 570 698 984
7  107 161 242 501 683 899 975
14  128 207 503 528 547 552 592 598 608 696 794 844 888 914
6  80 278 303 538 666 859
12  344 353 475 490 550 578 665 698 792 801 808 978
15  46 109 160 181 290 618 632 651 698 715 810 855 866 934 948
9  362 480 547 739 743 816 861 870 926
11  239 283 561 609 664 714 750 755 790 890 923
12  119 271 416 418 536 537 592 673 710 713 848 904
6  346 370 525 762 901 980
10  23 77 258 422 571 652 699 747 851 900
6  100 109 111 171 705 956
13  40 140 295 349 370 397 499 500 730 787 806 933 964
14  250 309 380 462 544 555 601 723 780 850 912 966 974 996
11  26 55 63 137 141 302 351 382 518 614 655
9  32 370 603 653 683 730 815 826 838
11  80 85 219 317 364 483 509 782 861 931 957
4  286 407 440 727
14  27 61 71 83 244 247 260 287 321 433 520 729 763 930
8  96 102 111 487 633 645 765 872
6  106 175 275 313 388 769
10  216 236 293 502 631 657 708 795 812 961
17  56 93 152 165 176 189 193 276 312 344 347 532 548 789 814 821 982
12  163 187 256 274 349 408 445 558 655 675 782 809
9  89 285 428 470 539 672 751 814 856
17  30 40 42 69 238 476 518 582 589 598 621 787 788 832 850 885 905
7  102 221 251 401 698 913 970
11  11 103 145 149 300 504 631 638 787 791 876
14  51 233 269 317 453 482 530 542 584 605 655 751 871 904
7  66 112 230 593 744 771 865
10  234 247 469 477 552 602 659 753 863 971
8  22 94 256 474 506 599 663 838
10  227 429 445 466 698 761 832 841 859 973
11  13 55 76 173 236 260 283 361 479 877 900
7  300 442 573 709 761 767 967
8  70 76 242 413 446 453 825 943
9  311 328 521 576 675 754 812 917 942
16  40 68 144 206 396 541 720 819 864 871 872 912 933 972 976 997
10  93 451 510 531 540 639 674 877 909 953
14  50 64 96 109 187 207 342 428 440 490 518 630 705 874
9  18 49 88 165 284 390 433 505 758
7  9 151 194 383 573 637 915
4  183 258 396 854
9  128 277 443 480 543 614 677 872 908
13  12 153 245 305 402 403 534 550 556 672 723 822 975
9  7 37 141 368 377 518 577 984 992
7  282 321 413 502 599 743 872
10  59 93 141 421 545 650 689 725 978 981
14  9 34 93 485 543 631 688 800 835 953 960 965 970 989
14  4 59 134 203 206 341 343 383 392 411 515 638 863 994
13  6 13 25 301 516 550 573 660 780 883 886 931 957
12  19 180 226 260 419 469 579 594 721 750 872 920
10  65 178 208 270 332 337 487 704 760 815
11  219 240 274 353 417 449 532 561 712 811 881
8  69 149 401 578 873 932 942 975
12  31 288 341 384 537 563 718 724 726 758 762 889
10  13 132 391 448 494 641 723 943 945 971
8  30 74 418 453 576 656 910 934
12  80 184 268 325 350 397 474 500 826 919 938 964
9  94 110 217 335 462 470 729 859 922
9  122 287 475 535 550 651 726 774 901
8  23 111 159 251 555 696 831 937
6  68 242 245 375 526 758
11  203 273 298 405 449 751 784 848 851 906 915
17  43 105 112 120 275 279 349 508 716 734 738 746 764 881 887 910 963
9  179 405 533 744 761 779 807 816 946
6  222 463 562 591 817 955
11  49 76 103 254 259 260 392 462 738 875 881
13  22 61 100 115 345 351 491 494 496 702 836 930 989
12  92 100 193 233 300 424 635 857 903 946 955 995
7  217 233 241 254 410 553 814
13  37 131 284 307 417 530 668 707 822 863 872 958 987
9  18 178 275 497 635 753 756 798 860
9  10 11 87 190 389 573 680 792 805
8  47 363 391 458 684 746 814 912
7  28 80 441 704 732 912 972
10  192 245 505 511 532 671 726 773 869 881
11  19 164 349 393 685 769 779 810 883 909 944
5  35 175 842 972 985
11  4 68 115 238 248 632 760 857 886 904 948
8  109 192 535 657 697 757 824 892
10  62 132 264 364 469 631 726 761 881 888
12  16 181 207 240 415 514 587 678 742 802 848 871
11  63 95 135 494 569 575 596 629 701 857 976
7  114 410 553 627 691 778 921
12  60 171 228 450 491 535 567 637 663 732 993 995
9  5 34 115 137 197 217 446 455 492
9  5 269 302 311 617 620 690 717 823
12  11 32 68 103 375 407 429 486 541 675 698 914
16  9 24 31 118 291 366 479 589 633 648 668 694 736 806 945 999
13  61 75 107 108 128 137 157 174 177 486 575 597 901
7  88 347 386 544 586 716 878
5  49 126 365 671 974
11  25 101 259 379 409 471 543 604 719 817 953
4  321 358 374 965
9  103 298 378 416 644 686 693 963 992
11  31 80 316 350 398 643 735 810 914 932 944
7  7 128 398 528 567 860 904
8  41 256 382 705 741 871 932 981
13  22 222 502 505 721 796 844 861 863 869 873 933 959
9  17 208 226 527 637 657 694 853 872
12  256 509 526 668 746 763 776 795 820 849 941 976
13  36 65 142 161 173 191 273 450 521 537 595 845 994
13  10 174 344 394 397 435 438 553 608 705 827 916 986
13  150 177 291 371 427 558 745 754 796 913 924 942 992
9  55 293 325 419 479 563 871 880 911
3  669 894 930
10  56 175 408 422 494 562 571 576 767 930
8  334 424 430 605 865 875 904 968
11  107 195 297 487 503 526 537 569 628 648 937
7  48 174 392 533 712 888 986
14  12 73 75 216 254 303 367 512 578 699 708 724 731 964
10  104 116 206 317 349 400 598 730 806 949
10  45 83 207 331 540 711 773 894 935 956
13  33 172 220 252 461 716 752 761 832 851 854 872 923
13  129 132 137 337 378 382 395 514 542 579 633 732 860
10  74 314 319 445 459 555 729 795 882 967
10  56 177 199 308 341 367 372 457 552 909
12  71 113 119 123 131 482 522 551 673 873 878 882
3  77 328 970
11  45 88 405 520 619 637 649 810 837 895 962
10  43 281 384 407 452 488 654 892 945 991
7  75 93 139 216 235 337 393
15  39 210 221 329 333 338 540 624 640 758 763 917 922 937 991
8  37 152 167 349 572 592 696 845
13  93 235 358 378 501 556 666 852 899 917 919 956 964
13  6 58 87 116 161 309 362 452 531 586 689 824 950
7  229 499 571 584 636 796 949
5  27 184 759 765 771
10  291 435 458 505 591 761 807 812 829 830
9  55 160 255 346 362 630 852 856 872
7  51 214 239 356 690 807 907
4  270 621 728 868
4  204 243 822 985
9  115 218 234 398 688 810 914 943 978
15  37 79 90 114 223 237 299 446 549 563 805 808 839 909 961
8  87 107 347 353 453 622 712 871
16  11 146 165 166 214 269 313 339 344 350 473 625 722 905 915 990
6  53 276 471 509 643 819
10  102 161 171 243 249 292 326 729 917 997
9  186 387 491 596 682 708 771 923 971
13  35 65 129 233 274 318 595 674 765 870 946 975 977
15  24 36 184 284 311 394 414 437 536 635 679 705 930 932 942
5  39 323 404 632 824
6  360 413 419 467 743 951
4  7 50 245 643
11  164 172 205 235 332 462 637 648 744 750 827
9  113 192 195 230 302 436 762 941 945
14  92 106 121 146 173 419 450 495 541 550 609 672 850 905
10  12 42 74 121 214 544 628 805 910 996
16  338 377 445 503 548 552 553 574 580 636 732 743 775 880 904 959
12  14 61 275 278 356 461 465 511 516 558 659 712
3  2 415 521
7  99 201 274 367 631 802 899
12  25 100 262 394 410 417 498 524 616 799 831 929
9  37 58 314 392 744 793 814 835 913
8  44 129 270 467 600 623 796 998
10  18 110 237 414 559 587 646 651 690 777
10  89 213 406 413 417 466 718 750 938 977
15  2 39 118 208 318 479 484 488 500 521 619 723 851 922 941
13  16 111 297 305 328 387 454 569 659 688 790 805 848
7  172 206 406 432 535 582 795
8  229 372 472 556 777 853 977 991
7  216 661 836 860 899 908 966
7  130 601 658 684 699 890 904
12  150 190 268 273 289 470 556 720 914 916 924 976
8  17 49 111 156 199 202 533 555
13  34 229 272 317 363 374 553 812 845 869 899 973 980
12  152 218 259 325 326 333 612 639 662 734 770 950
13  23 93 95 209 268 269 301 380 418 635 842 937 951
10  6 18 62 230 364 508 603 706 809 886
4  114 173 196 641
9  31 221 358 458 585 713 736 825 913
7  264 403 479 599 647 955 961
10  9 153 166 217 335 403 685 800 804 886
16  43 45 97 132 220 238 340 542 561 592 604 707 751 769 877 940
17  147 213 280 306 330 369 370 443 471 517 603 659 731 831 857 907 975
4  20 414 595 757
20  8 32 58 65 78 113 324 333 368 388 392 504 603 608 624 629 817 831 845 963
12  8 215 426 476 540 565 762 766 772 874 879 892
11  27 212 338 373 429 537 680 834 847 923 988
11  77 476 486 566 607 664 687 766 850 918 957
9  51 375 463 560 563 660 852 877 964
11  172 214 253 280 484 525 541 659 724 756 987
13  119 125 185 220 230 505 623 633 663 698 762 763 779
7  32 81 97 537 750 887 936
17  16 280 291 299 369 400 474 526 612 716 745 788 862 904 941 967 997
10  16 115 141 331 359 457 470 479 644 927
14  84 100 266 288 473 502 510 536 637 720 813 851 898 965
4  167 261 348 422
13  3 21 24 60 208 249 256 338 405 532 612 615 965
12  24 73 86 131 189 430 476 479 490 492 543 554
6  247 438 441 862 981 990
12  3 36 124 129 148 209 263 295 357 646 851 985
10  2 239 312 337 411 412 432 630 752 925
13  129 197 240 322 351 472 554 594 692 698 747 929 944
10  57 104 466 577 613 694 703 874 959 961
11  2 83 217 232 265 346 412 452 652 734 821
13  244 345 457 484 489 510 612 622 649 775 906 961 992
11  48 242 254 366 410 413 558 743 793 864 877
9  31 47 98 242 366 393 423 510 522
2  444 999
14  22 51 88 260 317 384 397 438 482 555 599 694 706 733
6  1 414 572 576 611 723
8  370 385 388 480 502 662 742 927
10  107 154 181 204 310 390 578 620 828 860
13  90 111 153 214 584 652 792 811 835 839 891 912 957
10  104 197 199 230 243 269 312 440 555 772
11  16 57 251 293 363 393 408 620 731 887 888
7  20 142 165 198 488 628 725
7  85 493 588 603 610 671 851
7  80 102 255 436 472 517 676
10  212 247 345 600 627 761 767 950 957 979
14  52 208 314 384 580 582 613 629 662 677 760 897 938 948
9  52 318 557 603 695 727 732 789 858
12  46 175 249 289 416 421 566 649 671 732 854 954
11  79 135 158 271 301 336 357 392 482 612 947
14  49 66 156 163 193 264 311 340 464 567 676 689 882 884
11  94 371 455 478 727 729 777 809 911 946 982
18  0 16 32 99 125 483 486 582 655 760 770 845 880 881 927 942 946 996
5  192 411 494 771 958
9  179 262 432 507 568 625 723 808 971
7  96 302 376 418 716 767 925
13  122 177 340 369 405 436 577 676 688 768 897 939 986
9  75 270 508 512 727 755 799 854 928
7  114 207 366 455 624 661 913
8  8 36 127 282 608 785 809 993
5  235 508 698 746 827
10  201 207 225 235 303 480 649 792 803 863
13  35 37 138 172 244 261 328 330 705 710 766 895 904
7  23 93 219 632 826 861 921
13  2 179 196 207 291 391 492 613 625 732 852 856 959
7  233 321 561 598 850 865 882
5  135 210 842 864 978
10  114 242 446 535 545 564 571 877 920 975
5  29 172 242 341 917
5  51 227 611 908 939
8  25 151 416 508 536 774 800 876
10  97 260 283 287 351 464 518 526 930 933
13  128 194 264 398 402 431 560 573 575 837 842 990 991
8  104 236 270 448 573 734 802 833
20  116 146 187 214 235 349 374 404 410 470 478 479 507 539 541 570 762 841 872 924
13  65 77 281 321 337 403 429 497 555 708 825 836 914
6  281 378 575 801 833 954
14  206 285 339 429 454 524 552 621 754 776 868 892 937 979
10  178 255 265 297 404 526 546 703 747 868
13  70 106 150 320 345 509 537 550 809 892 912 940 944
12  75 98 247 255 303 330 569 649 664 709 982 998
13  1 87 384 457 474 486 529 647 652 675 704 879 894
10  1 90 112 137 149 225 290 361 817 980
10  110 169 205 231 508 517 620 843 860 993
8  30 143 359 516 702 772 844 936
14  13 95 120 124 197 295 407 596 722 785 848 914 918 934
11  3 31 73 133 304 335 465 552 791 822 903
12  32 212 238 390 393 475 485 630 701 788 812 889
7  215 420 423 463 465 776 904
12  61 69 71 101 124 178 339 534 722 825 986 988
9  279 321 621 683 697 708 820 840 884
12  2 48 128 168 172 192 264 307 409 560 637 660
13  39 114 137 228 329 342 374 613 677 679 813 835 914
12  89 295 304 403 497 503 552 683 769 818 925 957
13  92 132 245 260 337 571 718 766 774 794 893 910 911
12  283 349 420 553 625 644 668 682 824 841 917 999
9  46 223 256 262 480 601 754 821 845
12  42 72 98 116 162 194 284 569 584 677 715 802
6  76 511 736 807 864 973
13  55 287 299 349 405 427 478 570 572 618 622 703 954
10  89 313 387 406 533 563 600 919 924 956
10  68 195 224 249 253 401 408 554 613 948
10  35 177 246 273 404 614 641 726 797 890
8  141 288 295 353 380 409 808 972
8  64 216 287 416 540 585 686 859
12  47 54 132 334 512 529 546 649 805 834 905 916
14  145 187 202 308 320 325 570 745 811 829 871 895 935 973
14  174 276 356 380 389 400 433 493 592 619 681 801 956 985
9  6 16 69 168 222 357 432 635 947
13  6 62 136 184 260 329 628 674 691 810 881 961 992
9  249 369 401 541 583 720 790 804 832
9  76 231 244 501 536 563 606 778 847
12  63 158 169 231 342 380 436 474 511 651 694 775
7  29 221 266 306 753 942 966
11  3 36 122 155 206 376 429 677 821 861 947
9  50 72 197 265 350 390 496 677 881
10  157 179 385 609 702 724 726 844 893 941
10  126 328 490 505 540 573 580 662 825 919
5  107 496 509 788 791
12  73 190 212 239 374 395 435 516 540 728 820 915
15  58 149 264 377 404 447 494 507 527 596 703 754 807 870 929
7  155 423 616 711 790 893 917
13  186 315 365 368 451 462 480 668 787 902 926 930 937
10  23 76 147 237 265 416 496 563 579 887
9  21 185 198 223 264 306 405 683 754
9  175 286 367 417 440 456 489 805 967
8  287 435 437 580 789 810 863 999
13  1 208 213 220 317 370 453 504 626 717 781 787 943
9  24 44 94 121 295 420 487 798 973
9  72 272 378 446 492 550 647 799 831
8  650 672 715 726 767 811 872 982
11  195 198 263 355 372 482 540 865 880 913 972
11  37 307 331 366 453 471 728 826 897 899 921
13  63 422 441 486 487 556 611 630 708 800 863 874 985
7  25 134 142 145 467 649 956
11  221 231 237 323 416 561 573 696 729 780 915
16  41 50 68 80 149 269 322 546 558 611 662 707 736 741 758 909
11  7 54 181 304 486 519 673 678 730 779 955
6  85 150 199 648 710 989
9  266 424 525 590 662 763 772 874 893
10  92 109 122 326 390 439 521 553 913 922
14  56 141 292 312 346 348 380 407 436 572 678 779 949 971
10  154 302 369 460 617 627 631 724 867 972
12  32 142 226 263 356 489 507 514 762 903 923 987
10  72 190 257 300 465 524 551 580 607 819
8  283 312 620 645 663 711 753 798
9  46 161 207 554 564 647 778 829 910
9  274 283 362 378 442 477 544 734 740
10  263 317 393 578 597 619 647 776 841 848
12  31 70 77 104 181 296 585 747 781 813 914 949
9  105 311 404 445 483 577 656 780 846
7  147 177 181 315 553 897 925
6  184 312 412 436 528 857
11  98 112 199 374 452 519 680 792 793 961 974
7  25 229 236 624 647 715 903
12  55 73 107 193 219 243 270 351 359 554 689 835
14  196 254 283 362 451 576 585 630 646 653 684 821 876 933
21  66 110 111 245 302 330 352 463 483 567 585 591 594 599 619 648 662 678 789 845 968
9  65 144 174 311 351 380 602 647 666
14  36 112 127 202 423 451 525 541 587 727 744 848 854 937
11  17 22 87 156 178 327 342 445 529 615 656
12  86 119 136 193 257 271 485 575 785 871 893 905
11  33 47 90 257 260 581 586 723 730 747 782
7  23 348 402 520 639 666 980
7  443 491 513 727 796 911 991
17  67 86 91 155 216 229 250 322 433 447 653 698 767 846 881 910 918
12  176 277 427 601 612 615 624 629 767 824 830 880
12  41 71 257 357 399 408 476 509 664 666 765 780
4  109 598 625 888
7  72 302 368 479 530 765 805
5  87 241 255 304 573
9  19 124 171 376 445 598 627 718 722
9  100 247 301 310 359 612 733 756 838
13  173 261 332 368 387 449 550 629 658 756 883 967 994
10  174 373 442 472 487 603 802 919 932 970
7  76 105 263 378 555 712 817
4  77 544 754 996
9  54 135 329 368 628 669 727 792 794
12  114 210 348 506 521 809 831 836 854 876 908 943
7  137 242 486 506 654 661 796
13  32 34 36 140 150 428 446 490 668 777 821 967 974
6  33 104 134 507 907 914
11  203 254 482 491 494 512 761 771 847 866 970
4  323 454 736 940
13  7 328 482 489 528 549 673 701 711 715 847 934 985
6  156 377 532 558 581 955
11  125 160 167 185 396 475 539 557 608 638 976
5  96 110 248 837 958
12  27 123 126 401 498 527 540 617 801 858 869 950
16  33 50 90 212 437 556 576 627 645 656 698 712 734 777 803 980
11  66 212 447 573 685 696 820 876 906 908 994
7  33 114 305 500 611 746 905
7  15 279 315 366 679 724 896
13  40 61 85 225 290 426 474 476 591 711 784 893 905
9  50 436 470 586 625 665 683 851 990
11  103 202 381 605 612 697 809 861 880 927 979
5  140 653 766 809 879
13  157 203 221 365 492 497 561 585 622 623 754 794 999
16  18 87 164 284 414 462 480 496 503 574 652 703 720 773 846 855
18  73 173 212 244 372 466 539 550 636 644 682 713 790 800 807 864 896 945
7  23 486 589 611 685 834 850
7  15 201 219 651 713 820 981
13  117 295 299 493 584 671 673 687 783 810 836 947 956
4  288 729 800 880
12  62 120 305 342 445 515 606 673 815 832 889 974
5  271 483 599 782 922
5  144 228 632 778 847
13  62 95 97 268 314 504 510 607 671 707 855 920 939
12  58 71 182 339 409 539 555 662 688 728 858 988
14  42 116 174 245 274 301 318 361 534 652 713 789 815 946
10  289 309 360 370 401 462 742 770 808 866
6  87 91 207 229 554 837
7  145 243 332 735 752 767 910
14  36 64 165 284 309 326 333 366 474 510 538 772 936 963
10  8 111 158 256 407 503 702 743 835 950
17  51 55 193 260 301 320 448 518 566 616 654 655 690 786 837 951 991
7  105 135 276 466 564 598 943
11  87 207 249 446 480 602 644 646 690 889 999
10  28 72 249 270 422 560 585 647 786 871
9  47 59 231 253 371 553 605 800 899
9  65 70 93 306 539 661 821 985 986
7  184 296 462 471 733 799 928
16  53 118 120 152 221 358 368 445 609 657 671 717 792 837 874 950
20  16 59 85 104 122 133 149 164 197 230 284 315 354 402 414 472 492 606 706 761
14  33 130 169 205 214 274 348 364 367 417 771 784 922 955
7  279 479 517 522 723 794 898
9  32 160 378 447 649 695 707 734 831
11  21 179 367 395 477 584 602 652 690 767 828
12  191 299 415 459 583 604 682 842 893 931 971 994
11  20 31 54 77 140 142 427 625 644 743 794
11  58 272 328 347 604 637 669 695 914 977 991
14  19 93 174 219 305 613 617 689 766 767 924 965 988 998
10  51 153 231 265 382 424 764 823 829 917
11  18 65 122 211 266 289 532 553 627 761 816
13  5 7 13 76 118 126 447 525 660 675 856 864 990
12  24 112 261 413 471 509 674 716 760 903 929 937
6  153 172 385 692 717 930
2  285 316
10  54 184 301 346 374 440 466 586 596 641
7  90 313 468 763 791 814 999
12  15 104 200 370 388 497 614 617 721 852 900 939
11  71 270 351 474 559 661 673 815 822 849 917
10  12 33 34 462 564 598 729 754 760 808
11  28 39 69 261 282 305 315 462 619 768 902
15  15 263 275 297 336 357 427 444 466 495 647 698 744 779 977
8  53 81 343 344 382 452 491 596
18  0 11 25 27 30 36 75 206 288 398 434 569 683 721 744 746 824 868
4  34 134 546 668
9  42 317 362 414 498 612 643 726 928
8  210 213 252 560 606 659 673 730
11  84 170 471 476 523 531 596 642 736 738 946
9  57 228 247 290 362 505 561 711 828
15  8 16 18 127 242 250 274 423 582 664 734 840 888 895 987
5  348 394 656 872 999
3  185 411 511
10  73 78 149 198 266 574 596 667 889 897
13  17 124 225 262 287 404 578 604 688 769 856 943 973
12  99 308 346 401 451 585 623 626 818 846 857 979
14  35 86 120 130 168 212 229 334 580 715 813 821 843 971
10  14 227 323 456 504 561 640 868 895 919
10  35 49 338 443 549 592 602 689 724 782
10  135 286 413 493 541 585 631 649 713 901
13  54 65 434 460 492 494 514 522 689 706 710 945 959
12  138 145 264 305 369 376 486 552 595 682 781 990
9  220 226 333 421 500 760 792 910 972
16  28 48 100 159 268 362 388 406 426 437 557 715 797 878 904 989
9  16 198 306 310 595 646 740 916 999
15  8 11 42 69 84 219 251 290 299 380 437 570 766 795 845
6  11 126 195 501 989 995
9  35 272 314 445 501 522 527 548 593
14  70 89 161 267 341 487 544 626 681 741 822 848 899 935
10  22 112 163 289 443 651 658 771 804 935
9  121 239 319 391 486 619 731 858 967
9  95 186 254 288 387 728 804 923 946
9  23 396 483 490 596 616 853 980 983
18  65 69 74 207 212 228 270 354 406 426 492 528 685 740 787 909 949 978
8  409 669 671 710 787 879 930 945
18  5 69 72 198 272 291 308 339 434 463 468 509 530 593 643 652 746 824
9  177 259 260 303 314 367 633 774 798
11  151 165 212 253 489 545 597 650 888 905 943
13  5 90 116 160 164 169 301 304 306 529 617 633 983
13  19 54 301 321 336 365 382 422 444 561 697 767 891
10  60 117 188 224 254 292 443 585 687 734
6  190 248 501 704 795 946
13  20 248 463 497 637 749 810 841 912 932 954 968 981
