1000
11  218 256 287 554 610 622 674 693 748 946 970
5  300 369 522 683 687
12  42 72 173 291 300 443 513 521 810 873 910 925
11  5 77 185 382 466 483 491 523 538 600 701
14  21 89 193 368 474 511 524 538 557 629 662 847 875 958
11  3 19 59 83 130 292 312 341 351 497 944
8  72 127 344 350 610 621 866 902
13  48 215 221 467 577 669 693 725 742 750 789 824 963
6  28 142 678 693 698 780
9  76 113 324 408 464 538 591 649 947
11  25 53 428 471 496 611 671 691 776 812 897
15  104 115 135 142 281 479 561 602 642 725 777 893 967 969 982
7  141 366 393 521 669 777 838
11  198 274 383 448 594 634 672 776 801 930 959
10  159 202 265 310 323 342 359 621 808 924
14  83 412 512 528 569 607 626 653 801 806 873 886 897 958
7  372 395 675 689 690 793 806
19  39 58 110 150 251 301 326 364 450 467 519 520 744 759 765 829 945 968 987
11  26 224 320 345 348 380 555 671 757 884 967
6  5 437 500 554 597 942
12  263 280 325 461 507 723 725 736 854 866 965 989
14  4 79 112 141 323 326 328 372 508 532 563 640 768 822
10  71 162 376 449 454 457 533 748 751 760
4  200 297 438 935
9  50 78 116 158 381 450 485 628 970
11  10 226 281 547 630 663 687 708 765 891 915
9  18 80 169 176 434 479 570 592 792
11  113 156 164 291 374 398 618 789 827 925 960
13  8 83 95 220 327 411 449 622 827 944 947 989 990
12  112 196 204 239 431 545 582 600 640 899 941 963
13  142 200 251 335 368 423 515 521 554 625 654 677 902
11  102 158 196 215 279 282 320 443 585 792 811
13  133 143 357 456 460 472 591 609 779 825 880 924 977
15  127 189 285 411 467 491 560 632 660 876 892 916 925 941 947
8  241 302 362 387 463 587 757 976
11  42 146 174 332 406 416 426 447 622 938 981
4  605 730 792 807
9  94 98 178 198 252 307 557 586 858
12  120 250 265 286 376 544 581 763 795 823 922 971
11  17 98 211 298 303 562 594 606 700 772 908
11  89 691 703 728 853 865 898 950 971 979 993
7  197 268 766 795 821 934 963
18  2 35 198 251 270 272 352 353 360 422 600 625 679 738 798 810 881 975
8  81 235 351 364 442 462 754 846
10  128 171 173 193 353 569 673 702 736 972
6  94 223 440 627 653 915
10  68 276 386 491 637 647 671 735 823 998
8  90 121 140 264 326 376 860 865
6  7 187 419 453 888 960
8  375 623 701 774 776 912 925 934
13  24 92 145 208 266 288 290 332 337 513 664 709 866
6  66 243 282 323 858 877
14  96 143 242 285 286 330 367 391 629 687 719 741 762 797
16  10 61 83 144 162 214 227 261 292 396 468 488 512 708 883 929
10  57 105 300 468 480 496 780 825 877 891
15  134 169 272 366 405 462 465 486 536 552 789 822 879 880 972
11  90 107 140 184 185 392 567 787 790 890 968
11  54 70 185 217 234 420 598 809 874 888 902
9  17 78 104 131 211 265 462 475 949
15  5 97 109 137 169 216 311 399 450 665 754 810 875 898 992
10  140 193 266 298 570 705 784 793 904 999
15  53 87 124 166 344 414 536 654 683 725 765 804 903 935 960
6  236 350 351 386 612 723
10  80 107 207 399 465 476 531 598 711 944
12  203 301 313 330 359 434 552 573 610 718 835 888
6  143 598 652 664 839 994
9  51 173 325 367 421 429 617 661 956
11  174 228 260 348 438 475 752 814 848 885 936
6  46 161 180 381 426 576
8  309 389 444 449 588 607 811 976
11  57 155 201 225 464 489 585 761 792 893 994
9  22 176 411 483 512 590 791 882 892
8  2 6 119 522 556 642 718 778
8  84 180 299 627 677 779 835 898
12  84 370 375 406 459 548 555 600 609 869 870 925
7  128 167 204 429 619 885 966
13  9 183 192 382 432 438 535 555 571 654 718 836 944
14  3 99 223 264 314 379 399 416 523 753 765 803 897 995
5  24 58 106 152 675
9  21 472 692 711 790 816 886 889 966
12  26 63 107 250 465 488 524 635 888 891 927 976
16  43 139 174 185 192 223 232 279 332 370 408 416 468 529 697 934
3  581 656 733
13  5 15 28 53 95 225 293 320 444 540 636 820 980
9  73 74 191 417 568 631 647 681 966
9  153 174 217 580 682 809 922 929 942
7  160 275 413 534 584 667 895
5  61 149 534 661 773
10  211 349 361 394 426 430 485 637 807 985
14  4 40 239 395 477 519 548 598 654 763 826 867 893 913
13  47 56 111 161 179 193 488 506 529 532 626 883 964
6  237 341 352 365 491 538
12  50 109 343 361 388 493 535 564 606 665 706 847
13  264 272 468 532 582 583 693 700 763 831 838 974 992
11  37 45 160 287 475 487 493 504 531 768 957
9  28 83 116 147 226 300 609 902 952
11  52 198 273 277 324 486 607 669 699 731 862
8  59 156 212 308 480 507 627 649
13  37 39 280 307 309 343 564 783 829 899 912 966 982
7  77 257 304 488 729 863 939
8  426 510 512 789 858 887 918 957
12  147 225 270 361 409 484 669 800 848 869 930 988
10  31 228 406 425 596 717 721 815 857 913
8  170 252 376 526 529 548 766 987
13  11 58 199 278 537 539 593 600 624 647 770 774 902
11  54 174 295 327 452 570 679 702 837 890 931
13  78 163 280 306 336 541 575 641 685 695 724 728 910
11  56 63 80 112 268 302 405 502 764 834 910
9  454 456 493 503 528 692 933 961 985
17  59 92 228 246 317 354 370 375 383 392 502 522 554 636 815 825 920
9  17 181 190 241 243 402 543 716 892
14  90 151 192 207 348 349 362 391 544 570 597 691 749 896
14  21 29 107 113 225 226 304 460 544 614 621 751 917 919
15  9 27 112 177 198 305 362 580 585 603 721 779 891 944 987
6  165 321 389 580 902 984
10  11 187 212 222 275 472 829 900 919 930
12  24 95 377 382 452 468 577 587 593 594 688 821
6  222 225 279 379 734 880
12  190 296 403 552 601 724 741 831 836 873 909 954
10  72 366 447 719 789 833 834 861 895 935
8  38 165 261 368 493 715 725 739
10  47 273 390 423 688 717 739 901 976 987
4  283 324 367 842
9  303 524 563 674 803 824 865 875 986
14  61 151 372 406 462 489 576 590 606 624 722 806 864 947
7  277 393 512 542 761 860 902
12  158 186 188 239 370 398 572 715 800 813 860 900
11  6 33 318 482 492 623 670 954 971 976 997
9  44 75 155 258 266 293 814 896 998
13  132 214 336 413 428 533 550 578 583 718 817 878 989
8  5 267 489 503 613 769 793 948
7  58 323 833 848 849 874 922
7  129 408 512 647 648 689 787
5  32 137 213 561 647
10  55 260 480 507 652 699 737 918 923 929
9  11 183 302 530 621 705 777 875 907
4  211 573 650 803
10  59 133 172 198 335 468 640 799 825 845
9  301 302 550 556 570 628 637 752 774
6  81 228 379 382 588 602
14  47 56 60 151 160 171 268 371 462 591 680 729 763 955
13  12 21 150 303 363 433 523 666 848 880 893 917 933
10  8 11 30 221 503 568 614 689 716 981
11  32 52 65 158 371 455 542 800 804 919 979
8  53 355 401 701 769 798 854 962
7  50 249 322 469 590 631 831
17  35 163 220 282 296 346 354 542 568 582 614 659 666 770 788 820 924
11  95 101 190 330 358 368 468 616 724 735 802
7  362 479 531 789 947 955 994
13  87 230 231 330 358 436 441 517 526 631 633 775 859
7  17 141 199 234 438 673 893
15  111 124 140 168 236 345 402 539 547 582 590 628 664 947 980
9  78 260 265 288 387 425 453 651 698
15  85 188 195 223 330 394 498 530 648 673 761 783 867 946 998
17  198 246 359 412 581 586 646 676 689 745 826 873 903 909 944 980 985
7  70 128 308 608 775 811 851
9  27 97 161 226 233 442 568 751 906
9  208 245 254 347 361 521 630 802 963
12  24 31 126 143 175 242 295 470 577 655 689 805
13  14 177 179 246 421 467 505 647 649 699 766 775 981
14  86 94 140 230 286 288 429 459 603 623 744 775 804 963
4  68 90 156 206
9  22 53 329 384 441 511 708 764 927
8  106 146 360 511 524 557 932 991
9  27 299 519 563 662 673 855 858 936
11  114 120 277 329 377 596 604 726 738 876 940
12  61 259 312 404 406 415 524 580 630 807 916 994
6  75 224 258 551 638 718
9  151 494 518 591 665 727 893 945 972
9  26 55 59 388 464 589 599 832 868
8  103 275 303 434 540 731 784 994
11  44 140 182 211 226 375 569 573 655 773 986
6  137 212 214 675 987 996
10  2 44 66 181 294 373 644 658 661 938
9  35 67 81 85 105 426 542 681 976
10  158 231 241 259 304 305 461 597 796 831
12  26 71 251 298 392 399 480 548 589 670 700 854
6  113 159 261 677 709 795
16  37 324 535 539 609 614 639 642 652 658 664 818 859 900 906 962
10  90 159 294 538 616 622 700 727 740 819
12  68 73 290 417 464 565 568 596 619 785 863 881
13  110 173 233 266 308 371 409 490 709 767 797 855 954
9  171 230 342 505 514 655 722 833 970
14  76 135 244 311 527 631 688 702 799 810 856 865 932 951
5  56 385 763 788 994
13  3 56 57 81 248 262 350 376 443 589 751 795 984
8  126 292 501 513 528 759 774 956
10  48 115 282 297 362 392 573 678 782 952
20  126 153 205 236 351 391 449 539 595 614 653 715 736 746 840 942 948 958 993 998
12  33 359 432 505 528 600 644 806 848 877 885 894
12  110 118 147 350 452 485 499 519 558 586 677 997
7  84 416 773 795 802 881 962
10  76 81 111 498 540 730 750 764 768 998
19  4 44 60 90 274 275 306 324 562 620 664 710 721 807 863 867 953 968 996
15  414 417 446 448 539 573 626 668 679 737 783 818 923 947 989
3  153 588 609
8  29 31 256 319 335 558 633 896
10  41 267 283 298 337 449 451 681 735 906
12  13 37 42 96 113 137 154 389 554 582 597 644
9  104 150 435 514 532 543 718 785 899
11  23 30 298 348 364 448 453 544 581 778 871
7  70 214 280 315 411 421 914
9  14 213 318 381 392 583 702 935 969
8  64 240 366 388 858 901 914 953
12  29 75 206 363 570 714 790 855 859 876 922 988
10  188 211 475 532 555 576 720 876 929 992
9  161 204 239 332 365 406 507 768 844
5  63 111 594 672 851
5  50 157 334 347 843
4  341 614 692 761
8  596 633 635 745 758 838 872 941
17  39 58 88 136 171 205 219 366 377 474 498 554 742 768 878 905 928
10  97 115 172 319 594 602 653 691 824 846
9  133 202 239 320 370 634 666 862 951
10  53 129 172 201 256 286 314 523 581 670
13  7 31 231 319 375 451 456 457 646 655 787 854 857
9  59 358 364 484 554 698 736 778 921
7  57 85 255 502 572 579 708
13  0 247 305 310 380 418 465 535 713 773 876 967 983
9  211 575 636 664 697 733 746 780 870
9  28 146 262 533 549 676 797 940 947
10  7 142 273 331 343 414 419 584 591 739
6  115 117 413 482 483 698
12  45 77 81 153 266 332 348 449 501 791 818 878
10  18 167 233 367 478 551 620 781 876 964
15  70 83 101 112 117 336 499 621 635 657 672 706 820 928 984
13  25 95 112 156 171 322 350 559 637 654 789 794 938
9  53 600 617 640 690 851 868 871 931
13  67 102 109 139 380 476 556 722 806 820 845 892 983
2  478 886
11  149 160 182 303 419 542 640 707 805 895 961
8  149 175 215 258 500 665 766 955
12  81 249 356 368 428 436 558 571 809 896 952 960
10  156 181 224 415 421 516 830 866 962 963
16  57 150 333 370 416 427 472 496 510 537 550 559 606 629 684 806
8  43 251 259 279 509 537 892 901
5  62 151 188 356 994
11  91 360 396 399 407 549 563 758 790 902 926
7  244 247 254 324 332 465 800
16  29 89 126 206 213 298 427 468 490 605 636 657 689 762 799 836
7  203 336 506 638 672 729 881
8  34 110 175 277 294 534 583 616
9  52 158 281 300 779 788 923 954 997
15  51 110 306 372 398 405 444 622 663 707 714 766 768 886 933
8  183 238 479 517 795 905 933 987
6  157 305 354 389 392 640
10  109 154 159 308 338 357 371 636 879 952
9  218 238 270 321 332 405 609 938 941
12  185 374 524 543 546 633 635 647 656 665 831 862
11  145 232 535 546 616 664 732 757 838 839 984
15  38 80 258 299 305 421 582 753 768 770 829 893 964 994 996
10  17 30 42 176 235 273 656 680 752 859
15  37 103 300 306 382 387 388 427 439 635 690 770 781 936 996
4  435 436 532 715
17  157 238 331 377 463 470 502 512 659 676 682 737 845 937 940 962 983
8  217 311 460 625 682 779 821 833
13  0 196 214 333 464 521 590 747 759 806 850 973 994
8  99 436 675 699 741 779 941 966
14  128 167 231 250 439 484 547 581 645 646 689 759 972 980
8  166 175 235 354 363 677 718 911
13  67 134 152 309 310 316 364 759 776 829 839 856 860
11  53 120 177 266 293 315 706 739 785 922 971
10  185 220 355 368 374 467 492 548 577 617
16  20 453 468 483 576 629 649 667 795 845 870 882 885 888 940 963
9  47 77 93 317 495 501 795 907 991
10  14 38 58 152 344 345 735 797 799 981
12  50 60 128 181 223 261 410 636 672 719 764 948
10  130 197 281 470 524 669 705 752 862 924
7  41 107 140 552 667 912 920
7  312 415 448 533 629 637 773
13  42 101 247 374 437 534 576 583 613 628 664 723 843
10  300 362 395 519 711 714 717 784 801 927
13  42 55 93 399 481 500 554 569 574 647 699 862 934
8  96 121 221 251 637 669 816 847
10  13 193 420 483 517 696 817 872 927 989
10  86 115 170 193 395 473 483 766 768 813
11  46 312 357 453 597 750 770 797 881 966 986
5  96 125 165 241 347
10  104 313 362 462 532 538 616 711 840 860
17  31 81 117 235 329 342 360 421 438 465 574 801 804 843 856 875 968
11  20 98 106 201 352 505 545 588 753 775 928
9  11 25 242 267 307 368 456 510 745
11  31 51 146 187 339 371 451 563 674 832 870
7  122 197 358 499 640 685 887
11  533 553 573 598 635 770 783 838 881 913 979
10  33 52 358 392 422 652 734 746 866 926
12  38 52 160 214 387 393 570 621 698 768 827 955
10  0 94 329 515 581 624 876 913 957 990
10  50 152 160 358 430 515 559 741 851 872
9  294 382 545 629 685 709 883 910 960
6  50 180 501 535 589 915
10  2 27 330 568 604 636 674 697 746 755
7  5 53 186 416 481 721 956
9  83 128 261 328 381 544 706 785 794
9  173 179 241 289 388 472 565 608 699
9  105 158 451 598 641 720 733 840 935
10  118 146 591 595 652 690 718 831 844 960
8  23 187 634 690 703 765 885 992
11  39 60 176 197 200 239 320 370 425 562 715
9  73 164 250 418 491 554 831 850 992
14  1 2 54 95 242 252 271 407 506 544 628 668 785 888
11  17 64 138 421 622 654 710 825 892 932 958
10  34 107 135 138 318 620 766 847 867 921
14  39 123 141 170 230 439 695 700 708 840 845 892 962 977
12  99 112 175 314 329 365 497 565 583 825 839 976
10  113 175 218 245 250 387 633 743 797 915
9  106 193 243 252 341 468 622 783 975
9  37 98 281 336 377 499 751 827 863
9  97 155 181 246 342 368 511 861 989
12  69 98 260 384 428 502 510 727 777 851 937 981
8  14 218 260 330 403 454 820 892
9  59 183 255 370 548 622 640 761 839
13  5 166 269 276 380 445 465 510 565 569 662 821 840
10  64 278 368 566 730 753 819 838 931 972
8  77 214 304 442 613 633 702 797
6  201 261 334 467 953 973
10  260 337 372 651 693 726 859 886 901 981
13  109 264 362 674 689 691 749 768 780 814 933 934 981
7  127 202 302 325 839 921 961
13  196 212 215 408 484 538 546 563 627 709 751 908 960
17  18 31 83 213 298 327 332 372 376 478 675 711 766 794 845 970 975
8  114 247 325 447 544 602 643 887
6  145 226 637 771 829 893
12  14 21 51 131 360 385 443 619 648 727 733 860
19  9 96 122 178 193 238 373 385 419 435 463 613 666 678 698 707 774 859 884
11  20 66 318 321 656 699 722 750 840 860 948
8  17 21 47 356 379 490 663 750
7  28 105 320 439 719 760 905
10  21 293 415 446 454 575 669 732 776 777
16  162 165 279 287 304 341 368 392 527 599 601 617 733 828 873 997
21  52 64 147 149 153 291 310 333 377 413 446 512 563 590 599 678 763 870 896 904 957
8  221 254 389 503 526 753 822 846
18  35 50 81 206 223 238 247 320 369 472 515 519 576 732 773 860 910 983
8  234 256 330 364 468 664 715 983
11  208 315 361 418 704 759 780 783 802 803 805
12  30 137 196 462 494 551 596 741 768 779 797 887
12  106 129 225 240 307 353 441 454 733 755 933 959
7  50 197 316 400 496 558 660
4  246 548 736 883
7  282 421 541 684 762 951 964
6  573 597 646 801 886 906
10  5 91 209 306 329 392 576 709 792 807
12  14 182 279 308 395 398 534 597 795 830 891 896
8  92 98 221 386 446 638 709 925
7  6 61 265 602 667 778 782
7  18 151 265 573 599 733 807
11  146 435 474 507 571 605 718 737 752 831 935
13  157 208 277 406 423 452 584 628 794 820 886 940 981
12  18 67 111 200 223 448 473 529 777 846 888 902
6  88 111 369 564 584 811
15  6 62 185 190 226 438 458 581 605 638 733 772 776 816 913
11  5 43 62 188 394 486 677 809 896 908 959
7  42 91 280 396 431 952 992
15  42 44 336 365 371 483 501 549 553 559 618 768 773 951 979
10  109 146 245 259 368 847 903 925 929 949
10  144 262 399 410 497 535 638 649 778 984
8  232 236 326 422 519 525 548 928
9  32 246 276 380 384 603 711 849 980
12  147 149 216 283 285 288 508 588 703 726 922 940
14  14 64 154 189 431 543 573 669 682 697 706 757 817 903
11  42 163 237 279 323 407 453 491 628 641 776
10  88 92 101 157 334 467 497 507 695 794
9  34 111 113 148 187 271 278 317 986
9  141 204 259 559 770 791 825 864 932
13  17 43 200 216 260 333 552 699 770 847 849 873 897
11  91 206 304 353 409 539 613 891 934 988 999
10  12 55 119 203 211 388 389 547 770 851
8  52 66 122 224 669 788 794 904
20  4 30 120 147 232 262 281 308 313 329 354 504 528 742 754 841 876 940 946 969
10  1 332 349 384 446 492 565 947 950 982
12  74 81 109 126 213 234 298 311 421 595 893 994
12  140 143 181 246 282 353 397 410 530 897 930 970
9  16 21 124 243 316 320 424 497 987
6  173 324 792 854 858 876
8  27 248 262 270 694 700 732 809
15  49 74 109 171 215 409 461 471 493 519 743 873 897 992 994
16  22 38 47 103 185 320 416 564 577 594 636 647 672 767 776 866
10  116 165 211 254 307 330 510 893 937 998
6  447 512 566 605 644 878
11  77 117 139 326 556 583 636 726 779 938 972
15  18 218 228 312 357 391 443 469 647 718 746 759 854 887 928
9  24 68 202 293 446 603 639 783 866
18  3 76 116 139 252 289 389 398 401 415 430 468 506 513 567 673 676 890
13  13 109 405 473 527 548 551 587 618 637 660 771 900
11  162 309 357 369 491 513 555 569 574 598 723
13  184 323 324 427 460 501 663 700 701 863 936 950 990
11  46 62 343 411 464 628 762 763 881 918 948
7  34 152 252 286 305 500 796
13  92 169 203 252 294 366 435 553 589 595 676 860 881
10  69 114 198 245 331 366 382 765 782 849
5  121 402 576 731 989
7  52 111 188 380 435 475 958
19  56 109 176 187 202 245 285 329 341 437 530 607 618 686 690 803 846 877 995
7  12 125 286 440 468 480 594
9  88 153 351 501 507 609 661 923 924
10  16 89 271 275 342 450 525 648 785 967
13  53 237 352 416 491 583 652 663 689 767 877 906 956
6  371 476 479 851 883 942
10  27 126 243 342 382 414 526 646 793 863
11  59 63 77 176 237 272 355 557 846 894 900
3  337 590 918
4  144 382 480 970
4  110 151 390 951
8  118 310 416 456 484 876 894 907
5  166 735 792 810 852
9  55 107 243 247 383 586 743 766 984
13  35 74 102 124 166 206 347 427 549 690 743 843 952
10  237 300 360 427 439 605 739 860 868 898
10  9 81 132 319 459 479 587 750 920 984
10  101 181 365 375 456 581 656 797 803 874
11  266 355 371 428 460 505 539 618 728 834 885
11  28 33 71 201 386 472 489 572 714 814 886
7  15 154 481 667 679 882 963
9  86 129 222 330 583 760 787 874 921
10  61 194 221 398 488 661 667 680 840 995
12  166 233 269 328 382 506 564 753 802 870 913 964
14  35 77 81 191 234 292 376 396 403 437 472 596 908 961
10  84 180 194 435 530 598 617 642 782 979
7  218 299 334 467 794 860 937
11  48 221 230 324 473 488 549 597 787 808 983
7  57 274 592 640 717 792 807
15  66 159 201 233 250 279 301 339 370 452 585 649 725 759 790
9  42 285 356 437 495 581 658 730 771
12  30 121 347 435 484 523 563 879 928 933 955 991
9  372 544 661 707 721 723 899 927 968
10  102 152 298 550 586 621 814 845 851 973
8  35 68 88 100 174 487 774 794
11  234 239 252 385 406 407 452 604 632 742 961
8  10 129 232 309 410 482 518 549
11  66 75 160 579 600 665 816 829 889 946 991
9  88 288 382 570 582 638 717 734 918
10  29 352 359 521 554 558 604 639 743 939
8  76 189 695 795 797 881 889 938
5  141 565 601 676 706
6  26 64 170 642 855 997
13  199 253 324 346 388 391 417 423 626 766 907 935 973
8  149 232 253 257 739 897 950 955
7  19 270 392 416 422 573 951
14  23 67 76 150 279 350 443 561 588 591 625 672 791 904
15  252 258 303 327 407 487 556 569 593 674 771 792 884 902 920
8  45 393 444 480 567 758 791 892
9  149 162 336 519 550 739 833 897 904
19  43 156 314 445 476 511 672 688 693 729 752 760 762 827 868 879 924 992 994
9  2 31 185 323 380 438 698 786 814
12  69 83 243 440 458 466 503 534 772 919 933 950
10  312 442 636 719 769 817 838 908 957 975
11  194 328 330 343 369 381 509 602 644 688 989
12  35 119 321 378 683 724 783 807 820 825 935 984
9  13 194 200 269 348 473 768 809 834
11  22 28 69 188 197 223 620 634 657 844 974
9  17 24 59 395 547 648 651 774 840
13  197 215 282 295 471 529 552 644 667 685 696 789 940
11  105 116 190 347 421 427 647 744 772 871 897
8  48 152 200 263 276 360 744 956
13  22 108 310 328 336 474 543 728 740 801 879 886 958
4  143 493 932 952
10  32 108 215 281 403 409 557 595 748 982
7  22 215 536 622 651 688 997
7  350 444 504 543 789 869 976
5  74 160 408 464 875
7  32 112 255 385 410 899 942
9  20 175 375 475 640 746 834 928 931
13  43 55 58 124 140 278 335 657 736 811 910 948 998
11  34 254 324 530 575 686 762 841 933 954 960
18  9 70 169 180 256 386 459 483 501 519 685 752 784 812 837 863 950 952
9  55 63 80 218 238 279 312 602 702
6  3 444 531 551 837 845
14  7 17 33 159 262 315 361 418 483 503 543 749 763 938
19  53 54 81 93 116 137 147 239 263 306 333 382 393 531 545 565 715 779 848
4  145 380 751 845
5  158 254 267 877 902
8  10 375 451 763 772 847 905 925
12  32 79 115 234 294 332 411 416 740 806 925 993
8  275 348 383 419 448 582 747 812
9  4 211 346 454 550 607 673 758 774
10  58 67 94 205 391 461 528 560 595 984
5  63 228 397 442 916
1  89
7  224 229 320 524 598 821 896
10  11 26 148 244 397 408 510 731 760 804
8  54 97 134 176 393 401 440 540
5  272 292 412 920 924
11  127 222 428 489 519 533 543 544 549 847 924
11  3 71 222 263 274 275 353 464 467 640 896
14  101 216 258 319 403 423 496 543 620 732 816 864 878 933
8  24 88 190 531 549 599 681 910
7  55 96 351 690 796 867 967
8  94 426 439 591 650 723 848 933
11  53 80 90 99 414 419 568 674 873 891 908
7  70 124 130 411 482 630 631
6  181 239 326 711 728 849
11  3 33 46 91 299 360 384 396 538 674 739
6  127 262 369 543 596 880
11  92 94 108 120 375 455 717 803 854 883 940
5  168 335 511 832 872
7  264 422 524 595 691 713 745
12  10 54 234 337 484 511 536 618 696 726 880 930
6  5 304 355 361 372 621
6  153 192 211 521 646 893
9  190 225 283 307 784 804 805 811 953
10  19 231 272 387 592 603 630 643 874 883
10  186 223 264 290 353 385 394 464 513 871
10  107 109 217 254 309 516 520 714 859 962
11  108 130 142 331 444 467 610 686 747 898 969
7  94 368 458 576 677 782 969
11  159 182 189 280 410 525 531 563 636 785 879
7  90 240 300 382 415 622 664
9  20 97 134 206 346 361 394 677 898
4  21 358 856 999
5  235 446 512 541 650
10  100 234 281 309 312 377 479 576 656 682
13  4 162 163 308 442 494 496 688 690 705 820 926 965
19  15 53 71 100 125 132 254 330 378 509 613 663 688 749 784 819 860 884 910
10  2 50 186 382 384 501 679 793 917 951
6  182 199 874 931 940 945
8  30 287 288 332 689 729 800 910
6  233 502 673 750 772 830
8  149 244 274 520 709 715 851 852
5  168 428 636 646 805
16  17 89 164 190 271 332 356 375 441 464 482 535 548 618 770 917
9  17 502 517 545 568 592 718 800 868
10  2 12 30 157 256 431 498 579 847 993
8  1 72 109 526 787 876 949 990
12  3 77 141 214 423 530 552 592 794 853 901 935
14  4 80 123 163 166 248 267 478 495 682 785 801 828 973
8  356 395 505 789 819 937 966 998
7  103 149 331 398 522 541 905
8  183 329 383 608 738 769 810 963
11  15 108 186 189 368 475 949 974 979 983 991
13  81 90 103 348 451 619 624 688 790 820 874 930 981
14  135 153 371 392 417 463 523 558 577 614 675 678 908 979
13  63 94 148 466 468 485 505 661 682 809 881 960 992
9  21 90 93 199 205 253 278 719 782
15  22 129 220 269 284 482 572 600 604 617 640 709 800 848 877
6  86 87 241 270 342 444
16  76 92 178 218 249 290 355 519 590 646 758 764 786 851 919 926
6  55 61 457 496 597 832
10  104 234 235 674 692 730 739 745 868 971
11  3 4 9 91 179 278 319 491 646 827 996
11  104 151 178 188 194 365 410 620 749 855 993
7  83 170 192 480 631 700 797
7  106 339 509 526 574 664 733
8  125 143 146 174 230 673 709 847
19  110 199 248 359 454 458 467 482 484 492 571 604 702 731 770 812 942 992 996
14  38 111 112 200 293 300 321 424 482 559 858 869 941 968
9  29 280 289 468 520 551 622 870 978
11  248 249 319 568 747 787 827 841 897 916 930
10  25 151 258 366 450 589 592 640 773 977
15  74 89 103 176 262 311 338 356 383 519 622 625 648 761 983
10  220 237 353 406 419 428 482 485 611 778
11  129 138 234 425 441 474 679 835 890 915 961
13  167 224 335 383 466 545 599 717 885 908 931 954 985
15  55 64 118 268 364 451 523 562 600 685 739 757 819 851 958
9  284 353 388 679 722 756 848 903 916
16  0 19 30 109 198 211 216 272 299 431 555 569 575 617 643 730
13  18 74 76 205 384 554 694 746 788 855 880 927 942
10  72 138 228 379 439 580 724 740 899 927
8  4 37 163 399 456 719 787 871
10  190 196 232 337 431 530 709 826 873 902
12  226 234 288 353 363 544 568 663 678 695 818 995
8  33 475 612 685 723 772 919 969
10  11 133 438 721 727 753 759 793 864 880
8  39 193 298 552 579 634 805 871
12  21 123 164 237 282 319 330 423 505 682 688 731
10  92 98 349 376 415 690 732 837 910 955
10  180 294 304 312 369 433 468 708 839 861
3  313 378 737
6  56 382 440 598 737 789
16  84 142 146 156 180 291 488 520 546 559 573 740 741 765 809 877
12  15 44 171 272 312 384 439 554 576 944 969 981
12  26 60 105 111 138 204 286 430 599 610 785 964
9  76 232 346 543 582 638 673 867 909
8  126 217 411 533 592 751 792 870
14  64 136 171 187 194 284 340 345 359 437 568 721 853 971
12  272 279 384 541 618 732 737 744 804 805 893 906
12  106 219 328 463 554 627 694 716 795 848 965 991
17  68 124 205 263 270 332 341 390 504 510 569 589 593 611 666 726 889
6  7 116 158 262 376 530
3  129 745 815
6  217 429 521 562 675 847
12  85 113 114 166 556 650 661 752 856 903 906 991
14  38 82 154 200 214 258 287 350 409 422 721 926 928 984
14  29 93 146 151 198 250 430 473 571 724 747 776 841 957
14  93 129 202 241 270 304 379 396 413 699 705 709 841 869
4  86 221 347 349
7  31 70 113 421 765 796 988
9  37 154 190 405 425 590 605 620 960
10  34 116 383 408 633 773 845 853 910 980
9  69 139 195 280 358 438 707 763 840
14  169 176 185 290 388 547 576 599 610 662 697 718 761 862
12  71 124 145 151 256 330 400 535 586 627 877 939
12  9 32 140 168 221 296 438 487 668 675 912 954
11  26 420 500 520 523 547 572 759 837 902 988
11  104 116 439 576 604 658 662 733 762 931 986
12  13 39 116 207 212 376 393 663 743 756 870 971
10  188 296 370 388 456 475 495 765 891 921
12  102 165 180 210 335 416 492 669 798 855 906 957
13  19 111 175 198 276 340 342 419 536 625 897 958 973
11  57 63 65 89 284 295 384 417 478 567 990
12  169 329 330 345 485 551 570 589 722 754 796 969
15  3 29 42 74 104 189 227 429 533 552 634 651 700 701 973
7  118 329 433 615 692 734 864
13  11 139 212 321 344 446 465 692 835 871 884 909 922
7  113 160 357 381 500 706 973
13  165 291 427 431 533 543 593 609 803 820 841 966 977
11  36 239 346 350 378 407 586 652 659 727 853
5  39 92 124 234 814
10  15 69 96 392 474 627 749 773 926 943
5  155 294 527 625 959
11  32 74 95 178 195 247 394 604 679 697 980
10  0 6 64 503 570 589 677 823 864 925
4  10 549 576 772
5  62 560 794 843 900
8  130 270 314 324 365 512 679 872
15  112 142 146 178 188 209 530 634 694 711 735 741 744 804 858
3  601 629 661
8  147 179 241 249 278 702 775 895
10  66 227 262 329 417 533 554 631 680 796
17  27 353 383 392 410 496 519 574 661 677 775 779 796 844 895 983 986
7  75 180 323 529 685 839 915
11  193 224 302 449 484 539 586 894 920 925 984
12  6 14 112 135 225 286 425 497 643 697 981 992
15  0 28 35 179 243 301 306 311 457 506 545 548 704 869 982
5  49 127 160 708 775
6  104 124 287 529 659 960
13  30 42 255 438 548 597 608 671 728 785 831 882 884
10  15 90 194 435 648 741 856 912 968 997
10  45 73 97 319 575 590 607 695 746 873
10  24 138 151 270 300 347 360 386 643 706
12  4 52 234 263 269 289 615 763 820 937 981 987
5  25 157 166 489 500
10  84 145 149 183 489 540 617 686 722 889
5  33 427 633 744 878
15  149 196 210 248 305 314 587 632 666 697 787 866 906 922 959
12  13 213 297 449 562 600 614 683 809 938 959 979
7  80 210 225 248 252 284 923
15  83 109 219 239 246 266 291 376 379 445 505 518 786 927 948
15  46 88 138 226 269 273 322 383 764 836 875 891 900 960 991
10  167 240 343 350 355 430 571 915 923 973
6  178 381 431 644 885 970
16  21 29 137 227 230 245 283 311 420 461 483 533 547 849 860 868
7  106 295 360 880 895 965 989
7  11 72 178 417 434 753 970
8  321 500 554 621 628 723 834 982
11  173 189 198 378 446 451 639 699 724 800 872
1  258
11  154 215 258 340 398 498 518 535 538 754 794
14  46 84 104 132 133 159 248 272 376 380 452 793 849 960
10  132 153 323 395 450 548 626 813 831 961
11  9 97 159 263 355 421 782 809 905 988 992
9  136 487 509 580 718 832 954 975 983
9  152 316 450 457 600 860 918 927 940
9  65 134 178 285 296 396 605 705 924
8  15 45 188 212 661 757 907 915
8  30 61 76 89 226 301 923 940
7  158 171 182 215 816 888 918
11  82 248 251 325 409 510 736 864 905 987 988
6  225 239 449 462 818 957
9  173 178 422 593 697 728 734 736 873
8  146 254 605 624 705 945 978 991
6  33 337 383 741 905 920
15  66 87 173 394 414 424 531 580 615 618 653 728 808 975 996
7  4 164 312 589 593 702 874
12  25 243 326 385 396 512 559 594 725 767 770 785
15  50 65 151 178 193 219 249 270 333 506 541 750 770 786 849
8  59 92 168 231 248 429 824 953
7  141 146 213 324 576 633 730
12  86 263 268 344 412 414 451 695 821 894 919 923
4  194 300 591 827
12  7 12 96 101 267 273 328 359 367 596 819 858
6  127 176 214 710 762 843
6  10 18 46 625 822 972
11  13 207 225 240 266 376 438 442 706 745 809
11  44 150 153 164 382 474 516 542 571 854 940
12  0 123 282 291 317 439 488 491 537 698 877 945
10  16 78 172 257 320 530 579 591 863 906
10  154 220 254 382 388 433 765 862 940 945
10  30 73 177 190 259 351 504 507 610 618
7  8 187 324 330 530 559 865
10  42 105 194 412 513 550 553 609 613 987
9  140 251 414 617 736 787 802 964 990
9  84 174 197 485 866 894 956 961 990
8  85 254 255 359 510 524 531 563
10  1 61 447 634 765 797 860 939 942 971
8  234 339 746 900 902 931 957 997
9  106 283 289 451 464 552 560 619 756
7  392 463 503 631 790 908 926
5  1 25 52 707 754
13  116 121 183 442 446 457 511 512 529 563 801 807 828
15  16 132 142 154 158 239 258 317 396 515 769 818 907 910 958
16  16 227 252 296 297 392 406 486 511 564 710 721 749 764 920 994
7  10 40 111 212 317 495 797
6  79 108 209 537 601 602
10  0 7 8 93 316 442 789 790 887 968
9  374 555 575 614 729 781 794 825 997
11  106 303 361 432 559 627 667 702 749 820 965
6  274 451 496 722 842 854
10  81 219 291 359 589 609 621 633 658 899
10  8 152 216 222 286 324 443 674 845 951
14  96 134 159 257 272 294 325 364 583 644 849 928 981 996
12  39 93 176 179 303 374 385 540 600 709 915 973
9  3 49 144 385 600 718 832 930 989
11  44 105 183 202 314 465 543 616 662 695 762
3  40 297 358
6  334 622 775 855 917 949
8  60 135 267 511 583 652 659 921
10  92 225 261 293 359 433 603 628 672 768
8  230 243 324 424 588 687 797 936
8  25 53 162 217 303 565 623 800
16  50 177 181 289 319 341 343 517 533 542 558 583 700 751 792 938
5  193 301 670 690 980
14  63 79 271 278 320 357 490 614 741 768 834 837 921 947
3  740 891 894
4  218 495 889 897
7  204 243 271 411 502 735 790
11  120 126 188 253 298 333 468 517 762 778 795
5  110 142 575 925 998
8  102 121 271 420 430 493 551 874
18  64 72 76 129 167 199 259 296 346 380 520 589 650 701 913 915 933 944
11  52 119 266 327 445 532 557 721 773 899 911
7  205 295 729 791 835 907 916
13  102 113 193 292 424 561 573 581 690 719 725 747 853
11  124 182 228 325 553 599 631 696 780 804 809
12  20 62 270 384 424 487 560 643 910 936 947 982
9  106 118 147 447 556 582 644 821 957
9  7 11 20 61 120 421 663 721 959
8  165 316 358 379 496 576 753 854
8  168 179 309 323 561 605 804 836
10  40 106 410 454 490 625 658 661 950 999
9  99 140 240 442 515 694 720 961 962
10  36 192 313 422 537 554 666 849 946 957
9  96 170 390 479 543 563 736 758 805
8  249 328 332 374 484 564 574 736
13  82 219 295 323 329 336 345 350 541 593 754 769 919
6  117 285 430 601 658 930
11  46 147 197 265 404 614 714 757 792 854 865
13  20 44 188 216 338 462 656 658 680 731 732 856 896
9  134 194 254 346 566 567 574 907 955
5  42 165 527 757 873
11  120 121 221 261 407 436 441 491 537 552 882
8  179 454 472 556 568 712 769 841
15  52 118 257 288 335 568 614 626 660 711 767 809 833 875 989
8  7 211 368 427 774 846 943 953
8  305 375 405 406 431 594 910 938
12  17 160 452 453 574 614 632 753 758 775 852 950
10  154 210 281 495 537 578 672 746 843 972
10  188 219 285 291 380 461 555 627 684 745
8  256 473 503 546 582 721 840 955
6  0 22 456 908 915 979
10  111 317 467 512 539 607 690 695 858 920
11  7 192 276 325 326 408 516 664 796 809 820
9  22 112 156 185 307 319 469 572 709
9  67 138 251 267 346 442 464 580 872
11  77 250 280 313 331 415 561 642 726 744 877
8  43 59 368 599 646 687 733 958
5  291 336 820 839 931
3  553 594 685
11  18 34 249 359 552 653 735 738 820 953 994
9  210 237 440 474 535 731 744 891 960
12  17 186 256 258 260 334 380 421 561 592 841 935
9  22 327 413 442 479 768 918 971 993
13  70 125 153 209 311 548 589 784 822 874 892 919 951
13  52 239 339 386 442 463 593 670 702 715 916 934 985
14  38 89 93 140 184 330 386 467 471 588 629 803 836 943
9  107 162 192 266 535 637 690 860 956
12  17 25 61 77 297 389 568 585 595 676 683 880
13  41 103 159 231 243 275 302 320 405 435 821 876 970
6  181 376 396 663 741 898
17  21 94 192 206 211 243 250 275 286 317 335 353 448 706 711 760 809
8  130 144 445 527 689 733 740 999
13  104 146 250 252 276 284 363 364 366 519 543 663 664
7  322 383 422 439 839 889 899
10  39 350 444 452 471 516 560 611 795 831
12  87 171 191 218 269 332 353 547 587 607 719 992
11  49 104 138 186 324 426 450 474 742 782 863
15  149 155 159 160 280 616 618 623 704 744 795 801 840 851 905
12  10 13 49 260 328 350 360 376 582 794 938 986
8  11 12 135 309 328 348 798 882
7  72 200 216 344 355 549 715
11  32 73 113 242 255 257 335 379 468 618 990
8  8 54 219 317 334 722 858 893
7  224 252 694 880 888 903 932
12  187 344 389 417 504 532 649 774 817 837 957 988
9  98 153 194 284 306 334 381 447 784
11  60 170 271 464 499 512 761 783 906 938 945
13  180 199 261 293 300 395 505 524 570 625 663 797 969
7  443 535 636 664 798 816 981
10  56 132 215 413 419 522 546 557 633 680
6  146 184 242 367 555 948
12  7 27 55 100 119 148 226 451 458 525 567 693
9  56 79 204 237 421 529 686 693 714
9  71 223 363 438 440 720 812 862 881
15  26 31 36 70 341 373 404 420 439 572 709 735 794 969 997
10  16 60 130 398 513 561 647 893 976 993
16  226 293 320 347 361 367 418 426 523 612 646 694 776 792 857 872
15  38 41 177 185 191 244 263 264 342 432 575 715 772 775 943
9  175 387 486 585 599 617 618 750 978
16  52 181 220 265 276 305 314 335 409 432 540 683 691 707 785 938
7  42 144 596 777 786 870 990
9  137 183 239 265 802 814 822 941 962
10  101 126 143 238 515 520 533 644 708 811
10  13 15 271 279 340 454 524 688 775 831
7  147 157 191 334 415 680 799
14  77 123 136 334 392 409 493 604 763 814 818 880 949 986
11  61 143 160 279 479 499 574 614 722 727 810
8  158 230 334 499 518 562 574 731
10  15 16 124 189 228 234 256 472 932 983
10  36 88 166 193 341 345 420 447 688 913
3  14 419 661
16  57 85 232 351 374 448 531 568 634 649 672 722 741 750 768 938
9  2 42 59 183 404 527 804 831 977
11  31 69 155 349 462 499 800 852 855 882 983
9  10 464 473 543 791 892 960 968 972
4  126 275 648 883
9  67 128 317 411 425 443 606 799 803
4  102 109 578 891
7  79 273 350 429 484 655 786
9  129 274 359 445 782 877 887 905 920
8  178 194 223 559 657 689 803 908
9  179 313 512 525 552 669 850 905 969
20  83 146 225 228 310 347 447 511 529 604 629 695 750 755 757 846 849 879 914 925
11  41 116 255 312 478 667 724 766 843 907 913
7  21 55 331 671 761 799 950
5  38 46 610 947 990
6  7 123 212 665 854 879
9  32 54 109 137 301 304 363 447 694
6  89 154 558 850 865 941
12  27 28 286 307 442 538 546 668 842 955 960 982
6  329 524 688 834 866 920
9  17 98 115 250 260 322 429 832 851
5  233 342 516 872 948
13  93 118 145 175 248 296 299 346 625 648 772 801 810
8  169 282 494 536 650 701 829 954
7  119 131 182 255 441 741 836
10  107 119 410 448 461 643 711 828 886 931
5  64 73 550 602 720
8  76 118 239 637 727 763 833 930
12  105 464 466 564 592 711 782 854 859 866 869 988
9  12 93 210 249 284 313 445 874 875
13  65 249 260 304 311 318 565 619 755 771 862 895 957
13  188 278 295 303 312 325 414 450 588 747 775 967 978
8  368 463 546 582 583 604 740 759
5  122 696 827 936 990
9  208 270 279 406 612 670 745 821 913
4  206 296 449 618
15  137 228 254 263 303 320 425 466 469 587 698 881 904 927 951
10  43 212 331 348 392 399 742 820 848 921
12  4 92 273 302 354 364 471 482 521 542 579 942
14  67 101 131 141 189 468 487 533 553 575 846 892 893 982
14  131 357 364 389 490 640 647 664 699 730 820 928 971 990
8  256 299 819 826 852 925 982 986
14  155 207 227 288 309 366 397 425 517 535 552 775 829 864
5  404 517 744 811 850
6  40 523 573 587 605 721
14  20 144 176 215 373 380 493 673 696 726 735 824 837 865
11  164 181 204 434 539 555 596 704 811 860 935
8  183 260 279 508 580 626 736 864
4  102 215 794 993
11  37 51 100 164 203 373 544 614 669 749 780
8  149 178 204 251 316 324 502 837
22  47 125 126 260 278 323 325 332 388 407 418 512 640 651 683 764 855 897 920 927 931 995
3  119 308 565
9  96 213 248 267 272 589 676 791 839
10  99 180 193 307 385 398 464 675 774 899
9  124 363 484 561 601 610 656 851 856
11  40 47 123 183 678 735 826 854 892 906 941
12  6 20 50 233 285 376 381 633 681 828 837 895
7  89 153 193 302 486 571 870
7  169 227 407 442 520 537 640
8  74 101 458 544 583 622 837 896
12  74 219 263 282 330 415 545 572 594 798 867 945
7  200 227 452 501 557 562 602
10  210 274 288 494 613 644 752 794 830 904
12  2 15 118 154 329 364 375 488 558 627 658 738
12  57 131 409 413 500 514 529 662 717 761 838 903
10  4 59 123 135 279 459 637 741 838 946
14  33 165 204 205 218 224 287 368 373 403 522 766 905 921
14  51 54 189 392 396 470 533 568 590 674 753 817 880 912
7  129 211 223 378 484 632 887
9  55 246 423 442 454 505 820 824 896
16  32 55 117 141 492 496 555 561 641 765 781 803 877 926 932 951
13  42 180 191 240 276 284 386 388 432 531 791 845 951
7  71 263 412 625 739 777 811
9  53 90 289 338 397 493 500 813 895
9  18 324 439 512 602 625 920 921 932
8  67 75 189 263 297 410 551 639
12  15 79 229 243 316 340 347 411 454 834 895 905
12  100 283 321 335 380 693 817 878 917 929 947 972
10  48 57 64 80 263 300 348 655 781 931
8  79 429 432 576 631 713 771 951
5  56 105 382 550 931
15  25 54 80 113 342 365 488 595 637 712 758 815 932 949 975
15  33 71 110 228 235 301 303 310 440 761 812 848 865 934 949
17  11 70 89 141 150 168 250 322 370 377 498 574 780 793 848 960 989
8  189 399 403 620 667 681 712 949
11  86 119 230 616 618 641 839 866 883 886 940
12  111 128 196 232 330 342 351 478 483 736 869 879
14  10 15 77 364 371 375 436 441 452 546 597 713 860 932
7  40 59 73 407 503 507 767
12  29 98 199 424 460 556 697 719 771 863 910 973
11  115 126 178 383 399 612 637 684 925 926 941
7  121 203 235 316 523 935 962
16  6 30 57 95 104 114 125 237 348 439 470 558 592 684 931 956
10  61 154 354 359 553 580 781 874 911 917
8  60 330 367 438 441 845 872 914
14  211 244 327 471 526 649 656 660 775 817 819 876 886 952
12  156 178 197 340 396 574 580 596 633 675 784 865
11  135 264 403 435 653 689 720 737 821 921 992
11  39 319 351 416 445 488 530 551 686 748 818
5  118 154 571 602 926
16  2 106 107 289 332 462 485 512 515 564 587 689 723 743 899 976
5  259 719 903 918 967
6  49 98 268 591 626 877
10  89 102 284 287 350 415 718 807 821 843
4  201 203 820 904
11  25 45 290 305 550 619 638 653 700 718 748
9  33 166 476 546 553 720 762 939 942
7  112 141 513 519 704 887 903
10  100 134 386 400 430 651 655 760 911 989
9  112 115 143 444 535 560 667 733 761
16  109 268 408 439 481 620 660 690 749 817 828 860 884 937 948 952
11  216 302 318 413 595 705 711 846 876 884 907
9  38 85 131 204 261 358 602 633 931
8  134 194 242 394 635 638 654 667
10  14 32 146 267 394 442 481 482 652 957
15  2 27 33 49 74 343 354 471 472 610 620 716 820 850 900
11  237 285 511 535 581 607 686 880 900 909 998
11  80 162 271 274 424 555 556 636 651 845 860
10  211 225 280 356 380 423 461 581 699 849
7  53 85 134 205 354 887 995
12  13 101 115 371 496 529 546 701 734 836 946 950
16  105 227 313 461 514 551 593 684 755 834 860 888 890 902 922 985
11  163 183 301 363 455 781 806 880 884 891 897
12  108 141 243 244 317 336 423 444 463 484 487 718
10  41 49 81 272 317 365 762 892 940 947
14  23 61 119 202 295 346 435 447 523 759 855 901 937 956
8  67 164 252 385 707 723 842 964
9  254 309 377 418 525 629 920 935 969
15  35 173 226 247 379 432 467 634 709 743 776 784 797 809 953
5  99 431 590 683 916
16  165 220 254 263 347 358 368 451 493 514 651 654 673 676 895 934
10  29 33 210 247 257 544 799 826 865 900
11  19 85 188 397 460 543 555 683 847 916 958
4  607 742 763 795
9  5 28 63 76 113 154 569 718 949
9  17 168 514 659 674 676 784 870 979
7  0 153 368 429 730 875 930
14  9 28 33 124 148 151 194 220 369 711 723 823 887 934
11  130 188 266 325 386 462 636 788 830 920 957
12  58 354 522 528 704 803 891 892 894 944 991 998
11  40 369 385 436 444 464 728 744 822 930 984
13  183 213 339 353 402 437 513 698 761 845 880 881 889
12  95 187 232 246 352 406 455 464 905 920 957 978
8  193 203 315 499 665 742 757 938
9  118 127 181 242 463 551 591 650 832
10  140 148 231 286 423 436 564 737 747 827
10  66 186 292 396 453 681 764 902 935 976
16  94 100 287 330 445 582 596 657 684 724 730 782 839 924 948 952
12  4 15 188 301 391 454 552 597 689 754 942 986
7  13 336 351 608 633 634 725
17  27 48 61 232 289 296 319 463 531 586 624 637 647 758 812 827 893
10  108 230 318 416 427 550 648 681 729 978
11  144 178 191 233 254 303 502 729 799 901 984
11  7 29 41 157 160 233 263 412 527 986 992
9  90 224 250 339 415 570 680 936 965
6  20 511 575 641 695 964
8  75 79 84 98 257 276 525 604
7  11 18 218 395 486 840 911
9  17 56 193 279 424 544 626 693 812
13  11 202 368 503 504 560 569 599 785 792 819 937 985
9  0 24 182 320 371 401 639 642 766
10  38 40 127 261 537 573 594 683 760 849
10  44 55 168 258 313 379 671 745 812 887
11  256 315 425 435 524 597 600 603 638 700 899
3  93 449 528
7  42 306 320 445 650 661 891
11  34 69 80 121 127 174 304 458 793 910 956
5  32 303 547 604 810
6  545 659 796 840 952 961
10  40 143 284 353 417 528 530 634 748 945
8  83 151 154 258 357 587 609 710
15  35 142 159 265 309 316 317 347 529 569 621 629 699 786 997
11  11 98 369 456 622 643 723 827 848 850 998
12  218 228 254 332 333 419 528 548 618 650 806 811
13  114 185 225 249 355 405 408 447 475 581 620 950 962
7  88 108 154 551 762 931 969
11  123 171 276 362 593 618 776 803 850 958 963
10  17 103 113 121 172 244 372 629 656 679
9  101 204 365 585 592 649 656 782 837
13  20 28 129 194 274 308 390 446 641 701 741 893 918
12  28 287 385 522 598 680 681 779 798 823 842 849
10  163 264 423 429 528 575 580 637 659 949
15  59 93 205 297 299 352 375 442 531 543 621 649 773 907 963
8  40 188 472 521 539 760 793 857
14  65 70 148 166 170 184 236 250 256 370 375 442 690 757
6  77 392 414 559 860 929
8  172 193 250 252 538 543 661 699
11  127 190 242 329 434 457 626 684 694 792 981
12  46 128 153 188 192 377 462 525 716 926 949 982
5  60 365 508 728 769
