
***ForestFire:  GeoFire  Nodes:1000  StartNodes:1  Take2AmbProb:0
                FwdBurnP:0.35  BckBurnP:0.354  ProbDecay:1  Orphan:0
(1000, 5620)  burned: [1,3,2]  [0.01s]
1000
99  1 2 3 5 7 10 15 29 30 33 34 35 37 38 44 45 49 52 63 83 84 85 88 105 110 112 120 132 133 144 149 161 164 167 168 174 178 182 198 211 222 249 251 265 287 305 312 364 365 369 370 377 388 394 395 448 482 492 499 537 545 554 555 580 614 621 625 629 661 664 674 675 688 707 721 738 755 759 760 797 802 804 808 832 835 856 862 870 878 885 897 914 922 924 944 980 982 989 999
116  0 2 3 4 5 7 8 15 19 28 29 30 33 34 35 37 38 41 44 52 59 63 83 85 87 105 110 112 120 132 133 139 144 149 164 165 168 171 174 178 182 196 198 201 208 211 222 229 240 249 251 265 304 305 312 331 345 352 364 365 370 377 388 394 409 420 441 478 482 492 499 545 554 568 580 590 593 617 621 629 654 661 675 688 707 721 727 738 744 755 759 760 779 786 797 804 808 832 856 862 870 871 885 895 897 911 914 922 924 928 935 938 944 980 982 989
55  0 1 3 29 30 35 38 49 52 62 105 110 130 144 149 164 167 168 178 200 215 265 305 312 332 365 370 377 388 394 395 499 554 555 580 629 667 715 721 738 755 759 797 804 835 862 885 897 911 918 922 928 938 944 989
63  0 1 2 6 7 9 21 29 32 33 35 37 38 49 52 84 87 105 120 132 133 144 149 168 178 211 276 305 312 332 335 345 352 377 388 394 395 420 499 554 580 603 617 621 675 721 738 755 759 797 804 808 831 832 862 885 897 909 911 914 922 952 989
56  1 7 22 27 28 29 37 69 84 105 110 120 133 139 149 178 182 205 211 216 239 249 251 259 265 292 305 364 377 424 441 478 492 530 535 545 593 617 621 629 675 676 688 721 744 786 804 832 856 862 885 913 914 922 934 989
39  0 1 16 37 41 44 51 52 85 87 88 94 105 132 133 142 178 196 249 312 364 395 499 545 554 661 707 719 738 760 802 804 831 862 870 897 924 980 989
49  3 7 9 12 21 29 32 37 47 49 52 84 105 120 144 149 168 178 184 193 198 211 305 315 345 352 370 394 409 458 492 499 586 675 721 738 759 762 779 797 800 804 808 862 870 897 914 955 989
64  0 1 3 4 6 9 12 18 21 25 27 28 29 32 37 39 52 53 96 105 120 127 129 132 133 139 178 198 208 211 251 305 306 326 331 345 369 382 388 394 409 420 448 458 492 580 617 621 675 688 721 738 759 779 797 804 862 870 878 885 911 914 922 989
23  1 15 28 52 112 120 133 149 196 211 249 319 335 345 365 554 721 738 804 808 862 870 914
31  3 6 7 14 21 29 32 38 43 52 87 105 149 265 276 305 312 382 394 424 580 721 759 797 808 862 870 897 922 934 989
62  0 11 13 20 24 29 34 38 45 52 55 63 80 83 86 88 105 110 112 128 149 169 178 198 211 249 251 272 287 305 312 332 339 356 394 499 537 545 566 586 610 614 625 641 652 719 721 738 759 770 779 797 804 831 835 849 856 897 914 922 982 989
39  10 17 20 24 38 80 81 88 95 105 110 112 120 128 169 178 237 272 287 305 312 332 357 509 544 566 586 610 614 624 721 738 770 779 804 862 897 914 989
30  6 7 21 42 52 68 111 136 144 178 193 232 305 370 395 458 492 495 614 738 759 778 786 804 808 870 881 896 911 989
18  10 24 38 40 228 305 312 356 499 610 738 759 779 804 847 911 942 944
18  9 29 84 87 120 132 168 251 266 312 352 394 696 721 776 808 856 963
36  0 1 8 28 38 45 52 64 88 98 110 132 149 175 196 205 211 249 265 305 307 312 365 394 418 440 443 472 545 755 804 817 862 870 914 922
33  5 23 26 41 44 51 85 105 120 132 133 222 251 319 331 335 377 389 499 545 721 738 740 760 802 804 831 862 885 897 914 944 989
30  11 24 46 95 110 120 123 178 198 211 228 249 258 332 357 365 394 481 586 595 610 621 675 721 738 757 804 862 914 927
9  7 21 78 125 211 369 448 555 878
29  1 34 38 54 80 88 103 120 132 149 211 222 249 285 365 410 425 454 492 590 600 621 719 759 804 862 871 935 989
37  10 11 24 34 36 38 63 88 95 101 105 110 116 120 128 144 149 178 186 211 249 291 312 339 416 438 586 614 721 738 779 797 804 847 862 914 989
36  3 6 7 9 12 18 28 29 32 42 52 79 99 193 205 211 235 249 305 345 370 395 429 471 520 555 608 664 755 797 804 808 862 885 911 914
18  4 29 37 66 69 105 120 139 178 216 492 512 583 586 852 862 885 934
23  16 26 44 51 85 105 222 377 389 441 499 621 738 740 759 760 804 831 862 897 914 944 989
45  10 11 13 17 20 34 38 75 80 86 88 112 120 123 168 178 192 228 272 305 312 332 358 368 377 410 481 537 554 586 610 641 652 653 675 738 759 779 804 856 862 914 922 942 944
12  7 37 74 100 105 156 243 295 458 516 705 759
35  16 23 31 41 44 51 85 105 110 120 178 179 198 222 225 251 303 331 377 389 441 499 565 580 621 738 804 808 831 862 885 897 905 980 989
21  4 7 29 39 105 120 133 139 178 312 365 377 394 508 586 617 721 759 856 862 883
53  1 4 7 8 15 21 29 37 48 50 52 57 87 105 110 133 144 149 193 198 205 211 282 302 305 326 345 365 388 431 499 560 568 621 675 676 721 755 759 770 772 774 779 797 804 831 840 862 870 913 914 934 944
72  0 1 2 3 4 6 7 9 10 14 21 22 27 28 32 37 38 39 52 63 84 95 105 110 120 132 144 149 168 193 198 211 218 225 249 251 266 312 332 365 377 394 395 409 499 508 515 545 554 555 617 624 629 675 721 738 759 797 804 808 831 835 856 862 870 871 885 897 922 934 955 989
42  0 1 2 33 35 37 38 49 52 88 127 133 149 178 211 222 249 265 312 327 352 365 370 388 394 420 554 580 621 629 719 722 759 804 831 862 863 885 897 903 922 989
22  26 41 44 85 105 110 120 222 251 331 391 394 441 565 580 610 621 738 862 870 897 980
27  3 6 7 9 21 29 37 38 52 87 144 193 211 265 394 395 515 617 759 797 804 808 862 899 914 955 976
46  0 1 3 30 35 37 38 49 52 72 88 105 133 146 149 164 178 217 222 235 249 261 312 332 377 394 395 420 499 554 580 610 621 662 675 719 721 738 759 831 856 862 897 914 922 989
36  0 1 10 19 20 24 38 52 54 63 87 88 95 112 120 128 133 144 168 193 211 249 312 395 410 499 636 721 759 779 797 804 862 914 935 989
52  0 1 2 3 30 33 37 38 51 52 63 88 95 105 117 120 132 133 143 144 149 151 178 187 211 249 308 312 377 388 394 420 438 454 499 554 580 621 629 667 669 719 721 738 804 808 831 862 897 914 922 989
14  20 38 56 63 128 144 149 168 211 249 312 329 721 989
49  0 1 3 4 5 6 7 22 25 28 29 30 32 33 35 38 47 51 52 72 87 105 127 132 149 168 178 211 249 312 326 347 370 388 394 492 499 516 554 621 675 727 738 804 832 885 914 964 989
72  0 1 2 3 9 10 11 13 15 19 20 24 29 30 32 33 34 35 36 37 40 44 45 47 51 52 54 80 83 87 88 95 105 110 120 132 144 149 174 178 211 222 249 291 305 312 365 377 385 388 389 394 420 554 568 580 614 621 675 720 721 738 759 804 862 870 885 897 922 944 982 989
36  7 27 29 52 53 71 90 95 105 120 139 178 248 251 295 305 312 347 364 365 388 391 394 401 441 508 533 610 629 675 721 738 759 797 862 914
11  13 38 58 135 228 305 312 356 420 804 885
28  1 5 16 26 31 44 52 105 182 211 222 249 251 319 364 377 388 389 441 554 675 685 729 738 759 804 831 897
11  12 21 158 193 205 364 372 395 664 808 862
3  9 227 953
41  0 1 5 16 23 26 31 38 41 51 52 73 77 105 120 132 133 142 198 210 222 249 251 313 335 381 420 621 658 661 738 740 759 762 802 804 831 862 897 934 989
27  0 10 15 38 52 53 88 90 95 96 105 110 129 174 178 265 295 312 388 394 445 545 580 625 862 914 989
11  17 122 178 357 412 432 452 488 610 757 773
12  6 37 38 52 276 305 315 394 492 804 853 862
5  28 271 324 774 794
38  0 2 3 6 30 33 52 87 91 105 120 132 144 149 164 167 178 249 305 364 365 377 388 394 454 499 545 554 555 719 721 738 757 804 856 862 980 989
16  28 60 67 282 302 560 573 770 772 774 779 840 870 913 920 922
33  5 16 23 26 35 37 38 44 52 87 88 105 132 144 178 251 264 335 364 377 499 554 629 643 710 738 808 831 862 885 980 982 989
99  0 1 2 3 5 6 7 8 9 10 12 15 21 28 29 30 32 33 34 35 37 38 39 41 44 45 47 49 51 53 70 71 87 95 105 109 110 111 120 128 132 133 144 149 164 168 178 184 193 202 206 232 235 240 249 251 265 276 305 312 319 348 365 370 377 388 389 394 395 429 431 438 529 554 555 570 580 610 614 621 629 664 683 721 738 755 759 797 804 832 862 863 870 876 897 911 914 922 989
32  7 39 45 52 71 87 90 95 96 105 115 129 144 178 249 251 305 312 332 339 352 394 508 570 580 738 759 797 804 862 914 989
22  19 34 38 63 80 88 95 143 144 168 178 211 222 249 312 377 545 700 721 862 919 989
12  10 83 89 119 144 149 178 249 778 797 849 989
1  36
15  28 65 82 93 113 198 305 326 332 354 431 433 441 586 676
9  40 61 124 135 305 312 577 804 885
11  1 110 149 151 174 182 203 388 629 661 675
18  50 67 170 194 195 257 282 417 571 573 741 770 772 774 779 840 870 922
6  58 76 124 270 312 379
7  2 105 149 173 312 554 886
40  0 1 10 20 29 34 35 36 54 80 84 88 95 112 123 132 143 144 178 198 211 249 251 312 377 394 545 555 675 721 738 757 804 832 847 856 867 914 922 982
3  15 110 707
7  57 92 145 336 340 354 433
4  22 216 268 934
10  50 60 195 282 772 774 779 840 870 922
5  12 136 180 845 896
7  4 22 105 110 120 139 897
34  52 87 95 105 109 120 132 161 185 202 207 212 235 249 312 319 348 388 408 438 444 521 529 545 580 621 629 683 721 804 809 897 914 989
30  39 52 53 87 95 97 105 123 144 178 193 222 248 249 251 305 312 339 347 352 365 377 508 711 738 759 797 804 876 962
8  33 37 87 178 249 312 759 856
16  44 77 105 108 121 133 181 210 222 335 420 613 680 775 779 934
4  25 295 516 556
8  24 88 168 192 358 410 641 653
6  61 153 162 379 526 644
12  44 73 105 108 172 210 222 420 441 627 653 934
2  18 878
4  21 193 345 588
27  10 11 19 24 38 54 63 83 88 95 120 123 168 178 249 272 312 425 719 721 738 797 832 835 856 862 897
13  11 120 131 190 249 496 509 544 566 668 691 804 954
11  57 93 113 198 326 330 371 376 462 591 676
23  0 1 10 38 55 80 87 89 105 110 119 144 149 178 249 312 629 661 707 738 797 849 989
35  0 3 4 6 14 29 63 87 88 105 120 123 132 144 151 178 184 198 211 249 251 352 364 395 555 614 664 721 759 804 808 856 914 962 989
29  0 1 5 16 23 26 31 105 118 120 132 164 220 222 251 364 389 441 499 565 580 617 638 721 759 760 862 897 989
13  10 24 88 137 178 211 312 339 537 652 914 918 922
57  1 3 5 9 14 28 32 34 37 38 49 51 52 53 70 71 72 83 84 88 95 96 105 120 132 133 144 149 164 178 211 248 249 251 265 305 312 339 364 365 395 410 472 554 555 580 610 612 621 675 719 738 759 804 862 870 871
60  0 5 10 11 15 19 20 24 30 33 34 35 38 45 51 54 63 75 80 84 86 87 95 105 110 120 123 128 132 133 144 168 178 211 222 249 291 295 312 365 370 377 394 410 420 438 504 545 568 621 635 719 721 738 804 831 842 862 922 989
13  55 83 105 119 149 188 211 249 450 778 797 849 989
16  39 45 53 95 120 178 305 312 394 436 513 586 675 721 738 747
13  49 105 110 149 174 265 322 334 364 499 617 738 862
7  65 107 148 336 340 354 433
4  57 82 230 841
6  5 246 247 397 545 702
57  11 17 20 29 34 35 38 39 45 52 53 54 63 70 71 80 87 88 90 105 109 110 120 123 128 132 144 149 161 178 198 211 222 240 249 295 305 312 339 388 394 408 508 554 610 612 621 625 675 721 738 759 804 862 870 914 989
12  7 45 53 87 105 132 178 229 249 312 394 611
3  71 178 253
15  15 102 110 149 196 211 249 365 394 443 447 472 621 755 989
9  21 453 555 685 730 755 808 862 907
2  25 705
2  20 104
8  98 149 249 447 612 684 755 989
5  19 338 871 935 989
5  101 106 126 238 296
103  0 1 2 3 4 5 6 7 9 10 11 16 20 22 23 25 26 27 28 29 31 33 35 37 38 39 41 44 45 49 51 52 53 62 69 70 71 73 77 83 84 85 87 88 89 91 95 96 109 110 112 120 132 133 144 149 151 159 164 178 181 182 222 248 249 251 295 305 312 329 332 346 364 370 377 394 408 410 420 441 444 454 499 508 586 614 621 683 685 738 759 804 808 847 856 862 897 914 922 934 980 989 996
4  104 141 296 986
4  92 148 224 859
9  73 77 181 210 335 420 653 932 989
21  52 70 95 105 110 112 120 140 161 178 229 249 305 389 408 804 808 862 897 914 989
72  0 1 2 4 10 11 15 17 20 26 28 29 31 38 45 52 59 64 69 83 88 91 95 98 105 109 112 120 132 149 159 167 174 178 198 203 211 213 222 225 228 249 254 265 304 332 355 365 377 388 394 431 441 443 472 545 555 625 661 707 738 759 804 808 831 847 856 862 870 885 897 989
11  12 52 114 164 232 305 395 738 804 902 914
30  0 1 8 10 11 24 34 63 105 109 110 120 123 133 149 178 211 225 312 332 441 610 738 759 847 856 897 914 922 962
10  57 82 147 198 337 411 431 676 759 917
7  111 223 435 563 738 902 949
3  53 178 300
6  20 128 144 178 439 989
11  35 151 154 211 349 499 610 669 716 721 989
9  85 120 209 304 419 483 638 897 989
10  55 83 89 149 211 226 249 778 951 989
88  0 1 3 4 6 7 8 11 14 16 17 19 20 22 24 26 27 29 31 34 35 38 39 44 49 52 69 70 80 81 84 85 87 88 90 95 105 109 110 112 118 132 133 139 149 151 161 168 178 190 198 211 222 249 251 304 305 312 319 339 364 365 377 438 454 545 554 580 586 593 617 636 675 721 738 755 759 762 779 797 808 847 856 862 870 897 922 989
11  73 133 178 265 321 335 377 554 721 779 831
13  46 160 178 183 357 412 432 610 637 738 757 773 774
26  17 24 63 71 80 84 88 95 112 133 138 178 192 198 211 249 275 333 352 377 404 420 632 653 738 962
6  58 61 135 312 392 804
4  18 325 378 766
4  104 317 517 816
11  7 30 37 129 132 211 249 614 629 913 914
31  10 11 20 34 36 52 88 95 116 134 144 149 157 178 211 240 312 388 465 499 504 614 629 721 738 779 797 804 835 914 989
8  7 45 53 127 305 545 804 914
15  2 144 149 150 157 191 370 721 738 759 797 804 835 856 989
3  81 190 249
53  0 1 3 5 7 14 15 16 19 29 35 37 38 44 49 51 52 63 70 84 85 87 88 95 96 105 110 120 127 149 151 164 178 211 249 266 305 335 389 454 492 545 554 614 621 643 721 738 759 856 862 982 989
46  0 1 3 4 5 7 8 16 27 28 30 33 34 35 44 52 73 87 88 105 112 120 121 123 149 161 178 190 198 211 222 249 251 265 365 420 500 554 568 653 721 738 802 831 862 922
13  128 152 157 211 280 370 465 504 561 779 797 835 989
11  40 58 124 299 305 312 420 557 808 861 885
5  12 68 370 484 896
4  86 252 582 918
6  123 199 333 360 487 616
18  1 4 7 22 27 39 69 120 155 178 201 364 388 459 568 675 856 862
4  109 229 408 982
5  106 289 293 296 986
7  5 44 249 395 420 804 989
11  35 54 63 198 242 249 377 709 721 759 862
83  0 1 2 3 6 12 20 28 29 32 34 35 36 38 49 51 52 53 54 55 63 71 83 84 87 88 95 105 116 128 130 149 150 157 161 164 168 177 178 211 222 248 249 251 265 312 345 364 365 370 388 395 408 441 499 545 554 610 612 629 636 663 721 738 755 759 767 778 786 797 804 808 824 835 862 876 885 895 911 914 922 944 989
4  65 336 354 855
5  33 249 261 312 610
8  113 176 221 337 411 498 676 917
5  92 107 166 336 859
81  0 1 2 3 4 6 8 9 10 15 19 20 28 29 30 33 35 36 37 38 49 52 55 59 62 83 87 89 91 95 98 102 105 110 112 119 120 128 130 132 133 144 151 157 161 178 190 196 211 240 249 261 277 312 329 332 365 370 388 389 394 420 554 568 612 621 675 721 722 738 759 786 797 804 831 856 862 895 897 922 989
13  130 144 157 191 248 312 370 609 721 738 759 797 804
19  35 59 84 105 117 120 132 149 178 193 211 249 312 364 394 499 554 675 721
6  134 157 163 504 797 835
4  76 162 526 644
4  117 211 499 843
4  139 201 813 833
1  25
26  128 130 134 144 149 150 152 178 211 241 248 249 305 312 609 663 738 759 779 797 835 870 874 914 922 964
4  42 316 494 664
6  105 110 203 596 856 980
7  122 279 284 380 412 738 757
18  0 70 95 109 120 133 144 149 211 248 249 265 277 312 738 755 804 989
4  76 153 526 644
3  152 399 797
36  0 1 2 33 49 52 85 87 105 111 132 144 178 220 222 240 248 249 251 265 331 370 377 394 499 575 614 721 738 755 759 804 856 902 914 989
5  1 320 721 776 808
3  148 336 354
13  0 2 49 110 200 203 249 364 365 370 377 944 980
33  0 1 2 3 6 14 24 29 34 36 37 52 54 75 80 88 120 144 190 193 198 249 312 365 388 499 555 621 661 738 804 808 989
7  10 11 287 649 780 882 915
4  60 281 770 850
12  1 250 413 461 482 534 568 727 735 779 797 911
6  77 222 351 420 438 989
5  62 197 286 309 886
15  0 1 38 45 59 91 110 189 265 295 545 675 759 862 885
2  15 418
4  147 233 498 733
2  144 993
120  0 1 2 3 4 5 6 7 10 11 12 17 20 22 24 26 27 30 33 35 37 38 39 45 46 49 51 52 53 54 55 63 71 72 80 83 84 86 87 88 90 95 96 97 105 109 110 112 115 116 120 121 122 123 128 132 133 139 144 149 151 157 164 193 198 211 219 222 228 229 235 241 248 249 251 254 260 265 275 305 312 331 332 339 347 365 377 388 394 395 408 432 438 441 459 504 554 610 629 637 652 675 676 721 738 757 759 782 797 804 808 856 870 883 885 902 918 934 964 989
5  26 303 373 885 905
5  68 426 491 671 845
9  73 105 108 273 415 420 579 613 989
17  0 1 4 41 59 105 249 364 388 441 454 621 629 675 685 759 804
2  122 757
6  6 52 84 211 614 884
10  70 207 348 388 444 521 580 621 807 809
3  20 681 847
10  35 211 222 236 240 249 388 499 629 738
5  89 249 778 914 989
6  174 265 428 547 610 784
13  81 120 131 133 149 168 249 312 365 506 509 792 923
6  130 150 214 797 912 989
5  24 75 123 641 653
37  6 12 21 28 29 32 34 42 52 71 79 151 168 178 198 205 211 249 305 337 372 377 388 394 411 429 441 499 555 664 675 721 797 804 885 911 913
8  60 366 573 728 741 779 840 870
8  60 67 344 573 772 774 870 922
17  1 5 8 15 98 149 211 249 307 312 364 377 554 568 779 808 924
6  173 244 286 309 343 538
54  0 1 6 7 10 17 26 28 29 44 57 63 82 84 95 110 113 120 123 133 143 168 178 193 205 208 211 222 251 305 311 312 313 332 337 345 357 364 370 377 411 441 636 653 676 721 738 757 759 762 797 804 862 989
6  138 263 333 414 487 616
4  2 167 555 576
7  1 139 155 204 245 666 786
5  52 70 312 863 868
13  59 110 159 167 234 388 430 585 793 822 856 885 965
3  201 245 666
18  4 15 21 28 42 193 198 208 249 259 301 305 364 395 831 862 870 989
4  52 305 329 346
5  70 185 348 444 580
16  1 7 198 205 211 249 251 331 394 395 441 463 804 831 862 989
5  118 304 314 456 897
9  44 73 77 108 420 627 653 675 934
102  0 1 3 4 6 7 8 10 15 17 18 19 20 21 28 29 30 32 34 35 36 37 38 41 54 63 84 86 87 88 89 95 98 110 112 117 119 120 123 127 128 132 133 134 144 149 151 154 157 161 178 184 187 193 196 198 208 222 225 236 240 248 249 251 265 312 319 329 331 335 364 365 370 377 388 394 395 410 420 472 499 554 555 610 614 621 629 663 675 714 721 738 755 798 804 831 862 870 897 913 922 989
5  70 235 689 782 804
5  110 355 804 808 856
10  191 361 383 442 659 771 797 810 912 969
6  2 555 738 897 922 938
10  4 22 66 231 249 265 388 530 580 934
8  33 249 312 332 341 662 738 989
4  29 396 738 904
4  178 446 883 977
12  85 164 251 265 365 377 499 575 590 617 721 759
3  147 278 498
62  0 1 16 19 23 26 30 31 33 38 41 44 54 71 73 77 85 88 95 105 110 120 133 144 164 172 178 187 198 211 228 240 249 260 275 312 329 332 347 365 388 391 394 410 420 438 441 610 621 629 641 653 719 721 738 759 804 808 862 864 910 989
2  114 435
3  107 859 983
14  26 29 110 112 211 249 377 525 721 737 738 831 897 989
4  119 249 323 834
1  43
23  13 17 24 40 110 178 222 254 260 305 312 331 332 365 377 554 595 621 625 721 738 804 989
19  1 96 109 140 178 249 260 312 318 347 377 402 407 408 440 464 862 897 982
2  93 841
5  216 388 427 530 540
8  12 52 111 620 656 863 902 914
2  176 978
5  203 585 793 856 965
14  21 33 52 70 178 212 249 255 312 527 542 621 782 906
9  187 211 240 249 290 377 388 629 738
3  11 587 795
2  104 777
8  4 259 288 292 305 744 786 989
23  1 52 95 128 149 164 187 211 222 236 249 251 312 332 370 388 394 441 554 738 759 786 832
11  157 178 249 305 312 663 738 759 804 870 964
5  143 267 709 721 926
5  25 342 458 492 516
1  197
2  201 204
1  94
1  94
26  39 71 87 105 144 150 157 161 164 178 211 249 251 305 312 329 346 441 476 648 721 738 804 914 922 989
128  0 1 4 5 8 10 15 17 19 20 21 29 30 33 34 35 36 37 38 41 44 49 52 53 54 55 63 70 71 72 80 81 83 84 87 88 89 95 96 98 102 105 109 110 119 120 123 127 131 132 133 142 143 144 146 149 151 157 161 164 167 168 178 182 187 188 190 193 196 205 208 211 216 217 222 225 226 229 235 236 240 241 248 251 265 301 305 312 329 332 339 345 346 347 364 365 370 377 388 389 394 395 499 527 554 580 610 612 617 629 675 721 738 755 759 778 804 808 831 847 856 862 897 914 922 951 982 989
6  171 262 467 482 727 879
73  0 1 4 7 10 14 16 26 29 31 39 41 44 51 52 53 63 71 84 85 87 105 120 133 144 164 178 198 208 211 220 240 248 249 256 265 269 294 305 312 329 331 332 339 346 364 365 377 388 391 394 395 420 441 472 535 554 580 610 617 621 629 676 738 759 804 856 862 885 897 962 980 989
1  137
4  97 283 485 631
3  110 178 228
3  235 312 350
8  251 269 312 329 346 388 394 675
3  60 503 781
3  17 274 365
14  4 205 239 301 305 345 346 364 395 610 721 804 831 989
8  178 222 228 229 312 347 451 738
13  33 146 149 312 332 394 499 590 610 738 759 804 856
3  250 457 489
1  199
5  51 523 643 808 885
58  0 1 2 4 9 15 30 32 45 52 87 91 110 121 133 144 161 164 174 178 189 211 216 220 249 251 305 312 319 329 345 352 364 365 370 377 388 394 424 501 554 555 575 580 590 610 621 714 738 759 784 804 847 862 885 922 945 989
13  14 29 132 389 394 395 480 614 621 675 738 804 862
2  242 709
3  66 393 934
7  251 256 294 312 346 554 599
4  61 312 379 629
4  48 524 794 823
8  10 11 24 80 567 738 797 914
2  181 405
3  258 365 799
9  123 178 222 297 312 347 404 420 653
11  3 9 47 52 305 312 394 808 853 862 922
5  149 161 312 738 804
3  221 511 564
4  160 380 738 757
6  134 310 504 561 797 989
1  170
15  28 50 60 67 298 390 486 574 772 774 779 840 870 913 922
1  253
7  160 367 380 387 412 474 738
2  19 862
3  173 197 309
8  0 10 11 169 460 743 780 785
3  239 292 744
3  141 296 986
2  236 475
7  20 38 88 385 759 922 989
3  4 239 288
3  141 986 991
6  251 269 312 346 395 420
16  25 39 45 74 88 95 105 174 305 312 365 394 508 738 759 862
6  104 106 141 289 655 986
5  275 347 420 464 804
6  282 390 486 772 913 922
4  135 420 604 808
2  115 374
13  205 249 259 305 339 345 346 420 554 610 831 914 989
17  28 50 328 479 560 675 724 748 749 759 770 774 779 804 840 870 944
5  26 179 421 422 885
9  1 110 118 120 209 419 492 625 989
90  0 1 2 3 4 6 7 9 10 11 12 13 15 21 24 28 38 39 40 47 49 52 53 57 58 71 87 90 95 105 109 111 120 129 132 135 157 178 193 198 205 206 228 239 241 248 249 251 259 265 276 295 301 312 319 329 332 339 345 346 356 363 364 365 370 391 394 395 420 441 545 555 586 610 625 675 720 721 738 757 759 804 808 835 862 902 911 914 922 989
1  7
3  15 196 312
7  35 362 388 455 580 667 759
4  173 197 286 497
5  280 398 504 561 989
4  198 345 528 804
127  0 1 2 3 5 9 10 11 13 14 15 20 24 27 29 30 33 34 35 36 37 38 39 40 45 52 53 54 58 61 62 63 70 71 72 80 83 86 87 88 90 95 96 105 112 120 124 128 135 144 146 149 150 151 157 161 168 178 190 196 198 202 211 217 222 228 229 235 240 241 248 249 251 255 256 260 261 265 269 270 275 276 277 294 295 305 307 329 332 335 339 341 346 347 359 365 388 392 394 395 407 420 440 481 545 555 580 586 590 610 621 629 675 719 721 738 759 779 804 808 832 835 856 862 870 922 989
6  44 198 364 555 629 762
1  209
5  6 47 468 492 804
4  158 494 726 848
2  126 517
3  229 347 440
25  8 16 41 52 70 120 211 265 305 329 332 335 346 365 377 394 545 554 610 625 738 804 897 914 989
5  165 386 628 776 808
5  121 384 400 437 721
6  91 334 364 406 546 790
2  226 834
2  48 794
3  125 650 875
9  7 28 37 57 82 376 676 770 913
3  30 903 967
12  302 479 560 675 719 724 749 759 770 779 840 944
23  36 105 149 206 211 222 248 249 251 256 265 305 312 319 332 335 346 392 610 675 719 804 870
5  82 371 376 462 708
20  1 7 16 26 31 164 178 208 211 228 251 332 370 377 388 617 621 738 759 804
49  2 3 10 11 17 24 29 33 53 57 105 110 112 149 178 198 217 222 228 240 249 251 261 305 312 319 329 331 335 345 346 347 370 377 392 394 410 441 586 610 617 624 675 676 719 738 804 856 870
4  123 138 199 653
3  91 322 642
31  3 8 16 44 51 73 108 121 132 211 312 319 329 332 346 347 377 392 420 440 554 610 653 719 721 738 759 779 804 831 870
8  65 92 145 148 166 340 354 433
10  113 147 193 198 411 510 676 753 759 768
7  103 466 505 871 935 989 998
25  10 20 53 71 86 87 95 120 178 249 251 301 305 312 345 346 365 370 394 545 554 759 804 897 989
4  65 92 336 354
3  217 312 346
3  243 458 914
1  197
4  195 573 840 870
27  1 3 6 7 8 21 28 79 144 198 249 259 265 301 305 311 332 339 346 370 377 528 554 721 755 804 989
38  105 206 248 249 251 256 259 269 294 301 305 312 319 329 332 335 339 341 345 347 353 356 370 377 395 420 440 554 555 610 719 721 755 804 897 914 944 989
28  37 39 71 178 222 229 249 260 275 297 312 318 332 335 346 377 392 407 440 464 554 621 675 719 804 862 870 922
8  52 70 185 207 444 529 580 996
1  117
2  255 646
6  172 438 490 586 602 725
14  1 3 6 14 30 53 71 84 123 265 377 388 804 862
3  346 440 897
8  57 65 92 145 166 336 340 433
4  110 213 856 894
8  10 13 40 305 346 370 738 944
13  11 17 46 122 198 432 518 610 624 637 721 757 862
4  24 75 641 815
5  312 392 742 804 835
1  138
7  214 375 383 659 810 912 969
1  308
5  305 391 610 625 989
49  0 1 4 5 39 41 42 49 51 84 85 87 91 105 120 139 144 151 167 182 196 198 205 211 249 251 259 265 305 313 322 365 377 388 395 401 454 555 568 593 629 721 804 808 831 862 897 944 980
65  0 1 2 8 15 17 19 27 28 29 30 38 39 49 52 71 87 88 98 110 120 133 144 149 167 168 178 190 211 220 222 228 249 251 258 265 274 295 305 312 319 339 364 370 377 388 394 401 482 535 590 621 629 675 721 738 804 808 835 856 862 870 871 885 914
5  194 573 840 870 922
2  284 706
2  24 633
7  0 7 18 434 448 688 878
46  0 1 2 6 12 21 30 37 52 88 105 130 134 136 144 149 150 164 167 198 211 240 249 265 305 331 332 339 345 346 356 365 377 554 721 738 755 759 786 804 870 871 914 922 944 989
3  82 330 514
7  42 193 429 634 664 804 933
3  179 905 984
1  300
4  361 659 810 925
6  82 326 330 462 708 913
72  0 1 2 3 4 16 23 24 26 27 29 33 35 38 41 49 51 52 54 63 71 88 105 110 120 121 123 143 164 167 178 193 196 198 211 220 225 228 229 236 249 251 265 319 331 332 335 345 346 347 352 364 365 370 389 394 420 441 445 554 621 629 664 721 738 755 759 804 831 862 922 989
6  125 507 569 589 734 766
4  61 76 270 806
3  160 279 284
5  44 658 736 930 934
4  7 9 695 870
4  214 361 659 912
3  321 400 437
3  38 291 759
3  320 553 628
3  284 474 651
69  0 1 2 3 7 28 30 35 37 38 39 41 45 49 52 59 70 95 110 128 139 144 149 168 178 182 185 187 193 203 211 216 222 231 236 240 249 251 256 265 308 312 331 352 364 365 394 395 420 444 454 499 521 535 545 551 554 580 610 629 721 738 759 804 808 831 835 856 862
31  16 23 26 38 41 52 85 109 132 149 249 266 377 394 420 499 554 621 629 675 719 721 738 759 760 802 804 831 862 897 989
6  282 298 477 486 913 922
17  31 39 222 251 305 363 394 420 441 470 535 580 610 621 629 738 862
14  124 312 329 332 335 347 359 420 554 719 721 804 870 961
1  268
82  0 1 2 3 6 7 9 10 14 15 17 27 29 30 31 32 33 35 37 38 39 45 47 49 52 53 63 88 90 95 96 98 105 110 149 151 164 178 193 208 211 222 240 249 251 256 261 265 266 276 295 305 312 319 332 339 365 377 388 389 391 395 420 445 454 470 545 555 590 610 621 625 629 675 738 804 808 847 862 897 914 989
47  0 2 3 5 12 21 29 32 33 34 42 52 84 87 111 142 144 178 205 208 211 249 251 259 266 294 305 312 346 364 388 394 420 445 454 480 493 541 545 551 610 738 804 808 885 922 989
2  218 904
1  94
2  310 403
1  163
3  321 384 437
4  39 364 365 721
1  229
2  398 703
2  123 275
1  273
2  322 790
6  229 312 347 759 804 862
13  70 95 105 109 140 144 178 229 423 820 862 893 914
6  1 6 7 29 804 862
14  19 24 34 75 87 88 105 211 222 332 454 641 653 719
9  113 147 193 198 337 441 510 621 676
5  46 122 160 284 757
7  171 534 568 779 870 873 947
2  199 578
2  181 788
2  20 614
3  60 573 870
2  15 175
4  118 304 625 989
58  1 3 7 30 33 35 38 40 44 73 77 88 105 108 123 133 135 142 149 172 181 210 211 222 251 275 294 297 299 301 305 312 335 346 377 388 389 391 392 394 395 464 480 554 580 590 610 621 653 675 719 738 759 804 808 870 922 989
1  303
2  303 559
3  408 673 820
5  4 9 265 473 922
3  19 80 821
4  180 491 671 845
3  231 530 540
3  189 784 891
8  21 52 193 372 555 664 804 885
3  203 822 965
6  28 52 57 110 113 805
14  46 122 178 357 518 548 552 607 610 624 637 738 757 769
7  57 65 92 336 354 549 892
4  369 448 688 878
2  114 223
4  90 675 761 804
3  321 384 400
16  20 35 52 70 88 120 172 178 222 351 490 586 725 804 856 910
4  116 449 601 989
12  15 229 312 318 335 346 347 353 719 796 804 897
45  1 4 23 26 31 39 41 57 77 85 105 110 112 144 178 182 193 198 208 222 240 248 251 305 332 377 391 411 499 510 586 617 621 653 654 675 698 738 755 804 856 862 870 922 989
3  214 606 969
6  15 98 110 472 555 581
9  70 105 185 207 348 388 580 856 996
11  45 377 394 395 454 621 629 804 831 847 987
2  219 929
3  98 102 612
8  0 7 18 369 434 759 856 922
4  439 601 950 989
5  89 522 597 619 849
2  260 469
2  46 773
4  99 685 759 907
20  19 35 49 105 120 132 182 364 388 394 395 410 445 629 719 721 759 773 944 989
5  308 539 584 667 759
3  209 828 858
3  262 489 562
10  6 7 12 25 243 342 492 592 808 914
4  139 178 754 756
2  287 758
1  171
4  82 330 376 985
2  208 989
5  229 297 347 420 804
4  128 134 614 804
2  338 505
2  250 879
1  315
1  451
4  391 394 610 862
3  21 630 763
11  15 87 98 110 211 251 443 581 621 694 989
2  424 922
3  284 387 829
1  290
4  248 648 804 914
4  390 486 913 922
2  1 4
14  302 328 560 675 719 748 749 759 770 779 804 840 870 995
5  266 395 420 675 804
6  17 24 312 738 804 927
6  0 1 171 250 365 721
2  118 897
1  136
1  253
8  282 298 390 477 572 772 913 922
2  138 199
4  46 757 773 844
3  262 457 562
9  351 438 586 602 647 725 759 825 856
4  180 426 671 845
21  0 1 4 6 7 12 19 22 37 47 132 243 304 315 458 640 721 804 808 862 989
3  395 541 885
4  158 316 502 664
1  12
3  81 544 566
1  309
5  147 176 221 733 943
57  0 1 2 3 5 6 10 13 16 23 26 28 29 33 34 35 37 49 51 85 91 105 117 128 144 151 154 164 168 187 193 211 220 249 261 388 389 441 532 617 621 622 624 675 719 721 738 760 770 856 862 897 913 922 944 964 989
2  133 838
3  265 558 672
2  494 801
1  257
9  88 128 134 152 178 280 310 797 989
4  338 466 531 998
1  190
2  378 569
10  27 29 39 53 71 95 105 295 759 916
4  11 81 190 668
6  337 411 441 519 543 621
1  278
2  22 852
1  90
2  371 657
6  29 32 617 629 738 956
4  25 37 74 243
4  126 317 787 816
8  357 432 610 624 637 731 757 759
2  510 536
1  21
8  70 185 388 551 580 639 675 897
2  450 597
1  264
2  271 794
2  225 887
4  76 153 162 644
3  235 249 621
5  311 345 721 738 804
6  52 70 348 580 621 683
4  4 216 231 427
3  505 869 998
6  499 618 622 624 738 989
2  39 699
5  171 413 568 779 870
12  4 251 365 388 391 580 621 688 738 835 870 980
1  519
5  0 10 24 86 645
1  197
3  455 667 677
2  231 427
4  395 493 827 885
2  235 621
1  510
5  11 81 496 566 804
34  0 1 4 5 10 15 16 29 45 49 54 63 70 88 94 110 120 129 132 144 174 305 312 319 339 388 394 395 551 554 580 721 804 897
2  322 790
3  189 594 784
2  432 552
2  433 550
1  549
11  388 395 521 545 554 580 621 686 755 808 885
2  432 548
2  386 628
65  0 1 2 3 5 8 24 29 30 33 35 37 38 41 49 51 52 62 87 95 120 121 132 133 144 149 151 178 196 211 228 240 249 251 265 269 301 319 335 339 345 346 347 370 377 388 389 392 420 545 551 580 621 629 643 719 721 738 755 759 798 804 808 862 914
42  0 2 18 21 29 49 52 63 84 87 99 110 168 193 200 211 215 265 305 312 313 346 364 394 429 443 621 629 664 685 738 757 759 804 856 862 865 885 897 914 980 989
1  74
2  135 697
2  501 672
1  422
12  28 50 302 328 479 675 719 770 774 779 840 870
4  134 280 310 679
4  457 489 751 966
3  114 866 949
1  278
8  26 31 85 580 605 738 862 980
8  10 11 81 496 544 586 610 804
5  272 690 738 746 804
16  1 28 38 88 133 139 149 171 196 364 413 534 738 779 797 873
2  378 507
6  52 53 621 803 804 897
6  60 770 772 779 874 901
1  486
12  50 60 194 195 344 366 417 741 779 840 870 922
3  282 774 922
4  164 220 265 721
3  200 880 958
1  58
1  414
2  181 693
54  0 1 2 3 7 9 26 30 31 33 35 38 45 52 53 70 85 87 120 185 207 216 249 251 265 308 312 348 388 391 420 444 521 529 535 545 551 554 565 610 621 629 675 721 738 759 804 832 856 862 870 897 922 980
4  443 472 857 989
1  137
1  22
3  455 723 759
5  203 234 598 793 965
32  6 10 11 17 20 22 24 27 57 90 105 120 305 312 332 351 438 441 490 566 590 610 725 738 759 791 804 856 862 944 972 989
2  237 974
2  79 900
2  378 687
15  1 19 220 261 265 312 365 394 420 586 610 629 738 804 856
3  82 615 981
4  458 626 712 914
6  1 4 120 364 804 862
3  547 717 784
4  17 228 621 738
2  159 750
2  450 522
2  585 851
2  269 692
1  19
2  439 449
4  351 490 704 725
4  3 808 909 922
1  299
1  565
4  442 836 960 969
5  432 610 624 738 757
1  21
5  150 157 682 738 819
70  10 11 13 17 24 31 33 39 46 52 87 95 112 117 122 144 146 178 189 211 222 249 251 259 261 265 301 305 312 319 329 332 335 346 357 363 388 391 394 395 420 432 470 518 566 580 586 590 607 617 621 624 629 637 675 719 721 738 757 759 773 779 784 804 808 856 862 914 922 944
2  96 623
15  87 95 102 144 149 249 447 636 663 675 721 738 755 759 989
3  73 181 732
22  0 10 11 12 20 38 52 84 105 127 128 132 164 184 211 266 416 465 721 804 862 885
2  591 981
2  138 199
29  1 3 4 7 27 29 32 85 91 120 220 249 251 331 332 441 499 515 610 621 624 675 721 738 804 808 856 922 989
2  532 622
2  450 959
2  232 863
83  0 1 3 4 7 17 19 23 26 28 30 31 33 35 37 38 44 52 70 87 88 95 98 105 132 149 168 182 185 211 222 228 235 251 265 266 312 331 347 365 377 389 391 394 411 420 441 445 472 499 510 527 529 535 542 551 554 555 570 580 595 610 617 622 624 629 675 685 688 719 721 738 759 802 804 808 862 871 897 913 914 922 989
6  499 532 618 621 624 719
1  611
22  11 29 332 357 432 499 518 532 607 610 617 621 622 637 675 721 738 804 808 871 885 989
16  0 10 45 95 110 228 304 305 319 363 394 419 629 831 914 989
1  592
7  77 210 653 678 931 934 944
4  320 386 553 808
56  0 1 2 4 29 30 35 39 51 52 59 70 83 127 128 144 178 182 187 211 222 236 249 251 270 312 313 364 365 377 388 389 391 394 445 454 515 554 555 580 590 610 621 625 675 685 719 721 738 759 802 804 808 856 914 989
1  471
1  253
1  123
1  368
3  372 664 933
1  88
10  34 120 144 198 612 660 721 759 944 989
13  122 178 357 432 518 610 624 738 757 759 808 856 862
2  85 118
1  521
1  492
9  10 24 75 192 222 358 410 653 721
1  334
7  51 132 264 554 721 808 885
5  76 153 162 526 783
1  537
1  350
1  490
3  248 476 804
3  169 882 915
3  325 718 875
2  387 665
6  10 24 86 178 914 918
27  24 75 77 108 123 133 192 198 210 222 275 333 335 410 420 441 627 641 675 719 721 738 746 779 804 870 934
5  1 441 670 713 856
2  296 986
1  232
1  514
3  44 381 934
6  214 361 375 383 810 912
2  636 944
10  0 1 5 44 59 83 110 168 707 808
4  33 217 738 989
10  144 157 211 241 612 721 738 759 804 922
17  0 21 42 52 84 158 193 372 377 429 494 555 634 685 804 808 856
1  651
2  201 204
6  2 35 308 455 539 759
2  81 509
6  35 117 716 721 804 989
2  654 713
5  180 426 491 845 898
2  501 558
3  423 820 826
2  0 999
73  0 1 3 4 6 7 17 24 28 29 33 37 38 39 41 59 63 87 90 95 120 139 149 151 174 178 182 193 210 211 249 256 266 302 305 312 328 329 332 347 365 389 394 420 436 441 479 480 499 521 560 580 610 612 617 621 624 629 653 719 721 738 748 759 779 804 808 831 870 913 914 922 989
17  4 28 57 82 113 147 178 198 251 326 332 337 411 753 759 885 913
1  539
1  627
2  561 789
2  73 979
1  186
2  609 701
4  52 70 105 529
3  102 921 989
16  41 99 105 182 453 555 621 629 664 719 759 802 808 870 897 989
1  551
1  589
10  0 1 4 7 369 434 535 621 745 992
2  212 782
4  567 746 804 862
2  81 830
1  599
1  579
1  472
1  382
1  14
1  557
2  441 814
1  533
2  54 919
2  682 948
1  94
1  403
2  602 725
2  25 100
1  367
9  0 1 5 64 83 110 661 764 831
2  330 376
5  143 242 267 721 926
2  51 941
2  71 738
1  592
2  654 670
2  211 265
2  2 888
4  117 669 721 989
2  594 784
1  650
51  5 10 19 30 33 35 49 80 87 88 222 312 328 329 332 335 346 347 389 392 410 420 440 454 479 499 554 560 610 621 622 629 653 675 685 721 738 748 759 779 797 804 808 840 856 862 870 871 897 922 989
3  38 305 808
116  0 1 2 3 4 6 7 8 9 10 11 14 16 17 20 27 28 29 33 34 35 36 38 39 49 52 54 63 70 80 84 85 88 90 95 117 120 121 128 130 132 133 143 144 149 150 151 164 165 178 193 198 211 220 222 225 228 242 248 249 259 305 312 321 335 345 346 357 364 365 370 377 388 389 392 401 454 482 492 499 528 545 554 575 580 610 612 614 617 621 624 629 636 641 643 653 663 669 675 709 716 719 738 759 776 797 802 804 808 824 831 862 922 926 944 989
2  30 149
2  584 765
8  302 328 779 870 890 914 944 957
8  351 438 490 586 602 704 846 856
3  316 739 848
5  1 37 171 250 812
6  194 741 779 840 870 914
1  41
1  99
4  518 757 865 914
1  613
4  176 498 752 943
1  378
1  171
2  381 930
1  225
155  0 1 2 3 5 6 7 8 10 11 12 13 16 17 20 23 24 26 29 31 33 35 37 38 39 41 44 49 51 52 53 63 71 80 83 87 88 90 91 95 105 110 111 112 114 120 122 123 128 130 132 133 144 149 150 157 160 161 164 168 178 187 198 211 215 217 218 222 225 228 236 240 241 248 249 251 260 261 265 266 272 277 279 284 295 305 312 319 331 332 335 356 365 370 377 388 389 391 394 395 420 432 441 481 499 515 528 532 535 554 555 565 567 568 580 586 590 595 607 609 610 612 617 621 624 629 637 653 662 663 675 711 719 721 746 748 759 779 797 802 804 808 847 856 862 870 871 885 897 914 922 934 944 980 989
1  726
6  16 23 44 802 804 944
7  60 194 573 728 779 840 870
1  359
1  287
5  1 4 239 288 786
3  688 968 992
8  567 653 690 738 748 779 804 856
1  90
12  302 479 675 719 738 746 759 779 804 808 922 989
6  302 328 479 779 840 911
2  596 975
1  562
1  733
2  337 676
2  459 756
34  0 1 2 3 15 21 28 52 98 99 102 120 144 161 164 211 249 345 346 370 377 441 551 554 612 759 804 808 837 876 877 902 922 989
2  459 754
27  17 46 49 63 122 160 178 183 198 279 305 357 412 432 488 518 555 607 610 637 731 759 773 808 856 865 914
1  460
123  0 1 2 3 6 7 9 10 12 13 19 23 24 25 27 28 29 30 32 33 34 38 39 41 44 52 53 71 72 84 85 87 95 105 110 112 113 120 130 132 143 144 149 150 157 164 174 178 182 198 220 222 240 241 249 251 261 265 291 295 302 305 308 312 328 331 335 337 339 370 377 385 388 389 407 420 448 453 454 455 479 490 508 518 554 555 580 584 586 610 612 621 629 636 637 663 667 675 676 685 719 721 738 748 755 757 773 774 779 786 797 804 808 856 862 870 885 910 914 917 922 944 989
12  0 1 5 16 23 85 389 499 802 862 944 989
1  436
5  6 44 120 198 313
1  471
1  707
1  723
2  125 378
2  144 914
1  337
1  432
20  10 11 28 50 60 170 302 326 328 479 499 560 571 772 779 840 854 870 913 922
5  214 912 937 969 989
15  28 50 60 67 195 282 298 486 571 770 774 779 870 874 922
12  46 122 452 454 488 610 757 759 774 856 914 989
19  28 48 50 60 67 122 195 282 302 560 574 759 772 773 794 804 870 914 922
1  73
9  14 165 320 721 802 804 808 944 989
1  238
9  12 55 89 119 144 188 249 914 989
58  1 6 7 10 11 13 20 24 28 34 50 60 67 73 120 121 128 134 157 171 194 196 282 302 312 328 335 413 479 534 560 568 571 573 610 653 675 719 724 728 738 741 746 748 749 759 770 772 797 804 808 840 870 874 911 914 922 989
2  169 287
1  257
4  178 212 235 689
1  644
8  189 265 428 547 594 610 717 808
1  287
15  1 4 12 144 149 201 239 240 370 744 759 804 856 895 914
1  517
1  415
2  679 860
3  322 406 546
4  586 804 944 989
1  190
5  203 234 585 885 965
6  48 271 324 524 774 818
2  237 946
1  440
55  0 1 2 3 6 7 9 10 20 21 28 29 32 34 39 52 53 55 71 80 83 89 120 128 130 134 144 149 150 152 157 163 171 178 191 193 198 214 272 280 504 568 719 721 738 759 779 804 808 824 856 862 914 944 989
3  211 554 862
1  274
1  6
2  502 811
21  0 5 16 44 133 389 621 629 685 721 738 740 760 776 804 808 897 914 922 944 989
2  570 897
177  0 1 2 3 4 5 6 7 8 10 11 12 13 15 16 17 19 20 21 23 24 26 28 29 30 32 34 35 37 38 40 41 44 47 49 52 53 58 63 70 71 81 84 87 88 95 105 109 110 111 124 128 129 130 142 144 149 150 161 164 168 178 182 193 198 208 211 212 213 222 228 241 248 249 251 259 261 265 266 277 297 302 305 311 312 315 319 329 331 332 335 339 345 346 347 352 359 364 365 370 372 377 388 389 392 394 395 407 409 420 429 436 438 440 441 445 464 465 476 479 480 481 492 528 544 545 554 555 566 567 570 580 586 590 593 610 614 617 621 624 629 648 653 663 664 669 675 690 719 721 738 740 746 748 755 759 774 776 779 786 791 797 802 808 824 856 862 864 870 895 897 911 914 922 944 964 989
1  431
1  379
2  185 809
85  0 1 3 6 8 9 12 14 21 26 29 32 35 42 51 84 99 105 109 110 120 135 144 165 168 178 196 213 222 249 264 276 299 305 312 320 364 365 388 394 395 420 458 492 551 554 603 610 617 621 624 628 629 637 643 661 664 675 685 719 720 721 738 748 755 757 759 776 779 784 797 802 804 824 856 862 870 871 885 909 914 922 934 944 989
4  70 185 807 989
5  214 361 375 659 912
1  801
1  727
2  155 833
1  698
1  358
2  126 517
1  15
2  794 839
1  609
4  408 423 673 914
1  425
3  203 430 965
1  271
8  144 721 797 804 808 856 862 989
2  490 908
1  673
2  541 885
2  456 858
2  474 994
1  691
43  3 5 10 16 23 26 28 29 30 33 35 41 44 51 88 110 121 133 149 205 208 211 225 249 259 301 335 364 377 388 389 445 625 675 707 721 856 862 870 897 922 944 989
16  0 1 3 4 37 52 63 80 240 312 580 847 856 862 922 989
2  155 813
2  226 323
17  0 2 10 29 80 128 130 134 144 152 157 305 312 359 365 388 535
2  606 960
2  755 877
1  500
1  818
22  28 50 60 67 194 282 302 328 344 366 479 560 573 719 728 741 749 770 779 870 911 989
2  93 230
1  88
1  154
1  488
5  68 180 426 491 671
1  725
17  13 20 63 105 110 112 120 186 249 265 394 445 738 832 862 914 922
2  316 726
6  10 55 83 89 450 989
1  170
1  598
2  22 512
3  47 276 862
3  770 870 990
3  145 872 889
73  0 1 4 10 14 24 27 29 33 49 63 72 80 84 105 110 112 120 130 132 139 149 159 164 178 203 213 234 249 251 261 312 332 355 365 388 438 441 444 448 490 499 555 580 586 590 610 617 629 637 654 664 719 725 738 746 757 759 773 786 797 804 808 824 831 832 862 870 885 914 922 980 989
2  581 989
2  456 828
3  107 148 224
1  789
2  135 970
123  0 1 2 3 4 5 6 7 8 9 11 15 16 17 19 20 21 22 23 24 26 27 28 29 30 31 32 33 34 35 38 39 42 44 45 47 49 51 52 53 54 80 85 87 88 91 95 99 105 109 110 120 132 133 139 143 144 149 174 198 205 208 211 222 229 249 251 265 266 276 285 295 305 312 347 352 357 364 365 377 388 389 391 394 407 408 409 441 470 492 499 554 555 565 580 586 593 610 614 621 637 690 719 721 738 759 760 797 798 804 808 824 831 832 847 853 856 870 871 885 893 914 989
5  30 52 202 232 620
3  222 804 870
4  555 731 757 914
2  563 949
1  63
1  202
1  531
77  0 1 5 6 7 8 9 12 15 28 29 31 38 50 52 60 67 87 95 110 120 157 178 194 195 205 211 241 282 302 312 329 332 335 344 347 365 366 370 382 392 413 417 420 441 479 534 535 560 573 580 653 675 685 719 724 728 738 741 759 770 772 774 779 804 808 831 840 854 856 862 864 911 914 922 973 989
17  1 19 29 87 103 338 365 370 621 624 719 738 808 862 914 935 989
1  855
2  413 568
6  157 571 772 779 922 989
2  325 650
4  52 71 144 755
2  755 837
6  0 7 18 78 369 434
2  250 467
1  576
1  12
3  169 649 988
3  27 178 219
1  184
49  0 1 2 3 4 7 16 21 22 26 29 30 37 38 40 51 58 110 135 144 174 178 179 193 203 251 264 265 303 365 395 429 493 541 551 555 614 624 643 676 738 759 793 808 827 856 862 914 922
2  62 173
1  525
1  715
1  855
3  724 914 944
1  428
1  433
3  408 862 914
1  355
5  1 144 149 786 804
3  12 68 136
65  0 1 2 3 5 6 9 10 11 16 23 26 29 30 31 33 35 38 41 44 52 69 70 80 85 105 109 110 112 118 120 149 209 211 215 225 229 249 251 319 339 346 353 364 389 394 440 483 499 521 545 555 570 580 621 685 719 738 802 803 804 831 922 944 989
2  671 971
3  32 955 976
1  588
1  571
9  111 114 164 178 232 305 755 922 989
2  30 327
2  218 396
4  26 179 373 984
1  235
2  99 453
1  825
3  3 603 808
4  222 438 759 914
20  1 2 3 7 12 13 21 52 144 171 193 305 749 779 804 840 870 914 922 989
10  191 214 361 383 659 771 810 937 969 989
19  4 28 50 127 193 211 282 298 326 376 390 477 486 499 621 675 676 770 989
97  0 1 3 4 6 7 8 10 11 15 16 17 20 21 23 24 28 32 33 34 35 37 39 45 52 53 63 70 84 86 95 105 109 111 112 127 128 129 144 157 164 188 232 248 249 272 301 305 319 342 346 365 370 394 408 458 476 554 555 592 610 621 625 629 652 675 724 728 731 738 757 759 767 773 774 778 779 786 797 802 804 808 820 847 856 862 865 870 871 885 890 893 910 911 922 944 989
3  169 649 936
1  508
3  113 147 759
5  2 86 137 178 652
2  54 700
1  50
1  684
91  0 1 2 3 4 7 9 10 15 24 29 30 33 35 38 50 52 60 63 67 86 88 105 112 120 133 144 149 157 195 211 215 248 249 265 276 282 291 298 305 312 347 366 370 377 390 395 420 424 441 448 473 477 486 499 573 574 580 603 610 617 621 663 675 719 721 738 748 755 759 770 772 774 779 802 804 808 831 832 847 856 870 874 885 897 902 911 914 944 955 989
1  190
4  0 1 5 196
1  375
3  242 709 721
2  17 481
2  1 2
1  446
2  381 736
2  627 934
1  108
2  372 634
22  4 9 22 28 29 44 66 73 77 105 178 210 216 268 381 627 653 658 738 808 931 944
8  1 19 34 103 338 871 940 989
1  915
6  771 912 939 969 989 997
3  1 2 215
1  937
1  935
1  710
3  13 24 944
2  498 733
45  0 1 2 13 16 23 24 28 38 144 167 302 328 346 356 364 370 454 499 586 610 627 636 660 721 724 738 740 759 760 776 791 797 802 804 808 831 890 897 914 922 934 942 955 989
1  265
1  795
1  413
1  701
3  114 563 866
1  449
2  119 249
1  3
1  43
1  81
8  6 29 32 899 922 944 976 989
1  515
1  724
1  576
1  619
2  606 836
1  392
5  71 84 112 123 251
1  14
6  37 157 178 241 499 804
6  203 234 430 585 793 822
1  562
1  327
2  745 992
8  214 361 442 606 771 912 937 989
1  861
1  898
1  586
1  870
1  587
1  750
3  32 899 955
1  219
1  233
1  680
18  0 1 5 26 31 49 51 105 159 167 251 364 535 555 565 580 738 856
2  591 615
10  0 1 10 38 51 63 132 140 229 249
1  224
2  373 905
1  462
6  106 141 289 293 296 655
1  445
1  882
168  0 1 2 3 4 5 6 7 9 10 11 12 16 19 20 23 26 29 30 33 34 35 36 37 38 44 45 49 51 52 53 54 55 70 83 84 85 88 89 95 98 102 103 105 108 109 110 116 117 118 119 120 128 130 132 134 142 144 149 161 164 168 172 178 181 188 191 198 205 208 211 217 222 225 228 239 248 249 251 259 265 280 291 301 304 305 310 312 319 338 339 345 346 363 370 377 389 394 395 419 420 439 441 449 454 463 472 492 499 504 532 555 581 586 612 617 621 624 625 629 636 662 669 675 684 685 716 719 721 738 748 755 759 760 771 773 776 778 779 791 797 802 804 808 809 824 831 832 840 849 856 857 862 870 871 874 897 902 911 912 913 914 922 935 937 944 955 969
1  854
1  293
3  688 745 968
1  177
1  829
1  479
3  105 348 444
1  937
3  338 505 531
2  0 674
