
***ForestFire:  GeoFire  Nodes:1000  StartNodes:1  Take2AmbProb:0
                FwdBurnP:0.35  BckBurnP:0.354  ProbDecay:1  Orphan:0
(1000, 5133)  burned: [36,1,4]  [0.01s]
1000
78  1 3 4 10 11 14 19 20 25 38 41 47 49 56 63 89 95 116 163 166 176 181 185 193 198 199 204 207 212 216 218 219 224 225 228 236 238 263 265 288 289 299 354 375 381 407 426 460 465 511 520 525 559 568 573 574 620 626 644 651 690 700 707 715 720 728 744 776 807 824 854 858 880 897 926 929 935 978
73  0 2 4 10 11 14 19 41 42 45 47 50 63 76 84 97 116 118 145 163 166 176 181 193 198 204 207 212 218 219 223 228 236 252 257 263 288 299 317 354 375 385 401 407 433 460 511 514 520 525 547 559 568 573 586 620 651 685 707 728 740 744 757 807 824 854 868 869 914 926 929 935 987
73  1 4 5 10 11 14 18 19 42 47 81 89 91 95 97 116 124 130 132 135 163 166 173 176 181 193 199 204 207 212 218 219 236 252 263 265 288 299 306 317 343 345 375 407 460 503 511 514 520 559 568 573 586 641 651 690 702 707 728 735 772 784 824 854 869 891 914 926 929 935 944 960 978
52  0 4 7 10 14 19 23 25 38 42 47 77 116 153 166 176 181 185 186 203 204 207 218 219 224 228 263 265 299 317 320 375 407 460 511 525 559 588 606 651 685 690 707 720 728 733 854 897 914 926 929 935
64  0 1 2 3 7 8 10 14 18 19 41 45 47 63 80 95 97 117 135 166 167 176 178 186 204 218 219 224 228 257 263 265 288 296 299 306 336 353 375 385 401 460 465 511 525 559 641 651 690 707 728 729 733 740 757 824 854 888 914 926 935 972 978 987
67  2 6 11 14 19 42 47 53 81 88 91 116 130 132 166 176 181 184 193 203 204 207 212 218 219 224 236 252 263 288 306 391 412 448 460 511 520 524 530 547 559 568 571 586 594 620 651 682 690 702 715 721 728 732 757 772 789 824 828 854 862 869 872 880 926 929 978
92  5 11 13 14 16 17 18 19 26 36 47 65 66 81 88 95 97 99 116 120 122 129 130 132 146 157 166 176 177 184 193 196 198 203 204 205 207 212 218 219 221 228 263 265 279 282 285 306 332 383 391 407 414 426 448 452 460 511 520 524 525 533 547 559 562 568 571 594 651 682 685 690 702 715 721 724 728 729 736 757 768 776 789 811 828 854 869 880 891 924 926 978
51  3 4 10 14 19 25 42 47 63 77 91 97 117 118 164 166 174 176 181 218 219 224 228 263 265 288 299 317 336 357 401 406 460 497 503 559 573 586 644 651 690 707 715 728 824 891 924 926 929 935 967
39  4 9 12 41 63 73 80 117 130 166 176 186 194 203 218 228 263 288 500 511 525 548 559 563 641 715 728 729 757 780 824 845 888 891 926 935 953 972 984
39  8 12 21 32 63 80 94 117 130 166 169 176 181 218 224 228 233 239 263 276 288 342 375 436 506 525 548 586 601 610 641 715 718 729 757 845 860 888 926
65  0 1 2 3 4 7 11 14 15 18 19 22 42 47 72 77 95 97 116 117 130 166 174 176 186 199 212 218 219 225 236 257 263 265 266 317 328 331 407 460 503 504 511 525 559 573 586 590 651 682 690 728 740 780 807 824 845 868 914 924 926 929 934 935 972
70  0 1 2 5 6 10 14 15 18 19 37 39 41 47 62 63 80 88 99 102 117 127 130 163 166 176 181 186 192 199 203 204 216 218 228 238 263 265 266 288 289 306 375 410 460 520 525 559 568 573 576 586 590 651 690 715 728 757 768 789 824 845 854 868 869 880 924 926 935 978
29  8 9 21 63 80 86 91 96 166 180 186 218 288 317 375 385 474 500 511 525 690 729 757 777 824 888 914 926 929
31  6 24 26 29 85 99 115 129 196 207 221 263 383 398 414 443 448 460 524 533 559 576 709 728 736 776 807 811 859 957 978
66  0 1 2 3 4 5 6 7 10 11 18 19 20 25 41 47 50 62 63 76 80 89 91 95 97 98 107 116 117 130 163 166 176 181 185 203 204 207 214 218 219 224 228 238 257 263 265 288 306 336 460 518 550 559 626 651 685 690 715 728 854 914 924 926 935 986
49  10 11 18 19 31 47 57 95 117 130 132 166 174 176 192 199 207 218 219 254 263 265 266 288 306 322 429 460 504 565 590 606 651 674 685 690 728 736 757 824 845 868 914 924 926 929 972 978 983
52  6 17 27 44 47 55 58 68 81 111 120 130 157 162 166 177 193 203 204 212 218 228 250 263 273 279 282 288 306 379 381 407 496 520 533 547 568 569 606 617 657 685 694 702 721 728 757 789 792 824 854 926
41  6 16 27 44 52 55 58 69 81 88 120 130 157 166 176 193 203 204 218 228 250 263 306 373 458 508 533 562 568 617 620 702 715 728 789 837 854 926 947 962 972
39  2 4 6 10 11 14 15 19 47 74 80 95 135 141 166 176 181 214 218 228 263 288 460 511 651 685 690 694 728 729 835 854 882 891 896 914 926 935 983
51  0 1 2 3 4 5 6 7 10 11 14 15 18 20 30 47 56 70 77 80 89 95 97 117 132 163 166 176 207 218 219 247 263 265 317 320 460 568 573 604 610 619 651 728 845 854 872 891 924 929 959
30  0 14 19 47 49 56 60 95 130 132 139 163 166 176 185 207 257 263 313 320 328 384 520 588 700 807 891 935 959 978
31  9 12 28 32 67 71 80 166 211 233 263 269 276 292 294 296 324 364 375 436 534 601 635 707 729 757 845 860 888 914 922
10  10 47 174 186 218 407 574 631 854 926
5  3 263 265 685 690
7  13 26 85 92 443 559 811
35  0 3 7 14 34 47 56 77 130 132 163 166 181 185 219 224 228 263 265 275 321 385 525 549 559 620 644 685 690 728 733 800 854 914 926
15  6 13 24 85 99 257 414 562 682 709 736 811 828 880 957
22  16 17 33 55 58 64 83 162 176 183 218 238 273 279 288 360 568 782 854 898 918 972
12  21 35 40 71 230 269 294 324 388 543 888 997
21  13 61 85 129 196 205 207 221 263 398 443 448 460 480 511 524 533 559 728 880 957
18  19 47 56 70 77 89 97 163 166 199 219 228 249 265 610 690 728 854
35  15 43 46 47 57 63 95 130 132 163 166 177 186 187 192 199 254 257 265 288 320 454 565 566 606 641 677 682 736 757 832 868 924 926 929
22  9 21 59 80 147 165 263 296 333 335 342 434 519 565 568 573 601 703 757 773 888 914
5  27 162 351 452 728
14  25 47 56 77 148 163 166 249 265 385 559 800 854 914
4  28 294 787 985
16  6 66 88 122 149 285 340 524 568 611 690 724 728 757 891 924
3  11 39 238
29  0 3 47 56 77 97 109 116 130 132 156 166 181 212 219 224 228 255 262 265 320 363 651 695 700 720 728 812 926
5  11 37 150 263 291
6  28 106 240 294 324 543
30  0 1 4 8 11 14 45 47 63 89 97 116 133 163 166 176 186 219 224 228 257 263 265 362 401 690 757 935 972 978
32  1 2 3 5 7 10 47 116 117 118 124 166 199 212 219 236 263 265 317 460 465 503 514 559 597 620 651 682 690 808 854 929
8  31 47 57 132 163 166 228 641
9  16 17 55 58 162 218 370 460 685
18  1 4 41 47 63 97 117 166 176 219 224 263 559 728 757 854 888 931
13  31 48 54 57 192 199 263 289 306 565 728 757 924
79  0 1 2 3 4 5 6 7 10 11 14 15 16 18 19 20 22 25 30 31 34 38 41 42 43 45 55 56 63 77 80 89 95 97 117 130 132 133 153 166 176 181 184 186 199 204 207 209 212 218 219 228 236 259 263 265 306 320 352 435 460 511 571 574 586 588 594 606 651 662 682 685 690 728 757 824 914 926 935
8  46 54 75 79 565 655 685 979
15  0 20 60 139 176 313 320 520 559 700 807 914 926 978 997
14  1 14 51 76 84 223 228 288 518 559 568 854 926 935
9  50 126 223 228 270 454 518 566 854
8  17 55 58 81 204 218 715 926
13  5 81 88 166 193 204 412 520 524 568 626 690 964
6  46 48 79 655 730 877
34  16 17 27 44 47 52 58 80 83 111 130 131 132 162 166 176 197 218 228 238 257 263 352 525 547 574 617 685 715 728 792 845 854 926
22  0 19 20 25 30 34 38 47 77 130 132 166 199 219 263 265 375 559 588 728 800 854
17  15 31 43 46 78 95 132 263 372 406 454 565 606 641 651 658 861
26  16 17 27 44 52 55 111 130 131 162 166 203 218 238 248 263 306 460 508 617 682 701 715 926 972 997
11  32 82 100 165 271 333 335 477 568 601 988
16  20 49 95 139 176 177 320 454 520 525 555 586 807 891 926 978
15  29 85 129 196 221 263 448 452 511 559 728 790 807 880 957
15  11 14 63 80 83 176 218 238 265 279 550 690 715 854 881
57  0 1 4 7 8 9 11 12 14 31 41 45 47 62 77 80 97 117 130 132 136 166 176 178 181 186 218 219 224 228 234 238 257 263 265 309 375 385 401 460 525 576 641 651 690 707 715 728 733 744 757 780 824 854 926 929 972
3  27 582 898
9  6 120 288 506 533 620 641 728 924
9  6 36 88 177 237 524 680 715 926
2  21 739
15  16 120 146 203 218 288 379 496 547 568 569 606 688 733 780
10  17 88 193 204 228 250 458 682 728 972
10  19 30 89 97 130 151 166 228 263 401
13  21 28 93 159 307 319 364 463 729 905 914 941 997
6  10 317 318 590 648 824
9  8 142 166 186 188 218 251 490 972
9  18 80 135 166 176 460 537 573 983
6  48 128 471 655 679 715
12  1 14 50 87 98 108 176 252 337 352 445 854
37  3 7 10 19 25 30 34 38 47 56 63 89 97 133 163 166 181 219 224 228 263 265 293 320 407 455 460 525 637 651 685 690 807 824 854 914 978
9  57 132 161 406 489 623 641 854 926
5  48 54 90 359 655
53  4 8 9 11 12 14 18 19 21 32 47 55 62 63 74 83 89 91 94 97 117 123 130 131 133 166 176 181 192 212 218 224 231 263 265 288 296 342 460 465 474 565 573 641 715 729 841 845 854 926 972 978 987
32  2 5 6 16 17 52 53 88 130 162 166 193 198 200 203 204 218 224 289 395 511 520 524 568 606 651 690 757 824 837 929 935
11  59 100 165 215 271 284 333 335 601 748 958
31  27 55 62 80 94 131 133 140 176 181 192 238 263 265 279 326 334 360 374 439 525 550 568 574 641 690 715 854 891 926 978
8  1 50 114 204 228 547 854 926
19  13 24 26 29 61 129 196 221 257 263 265 368 443 448 559 682 807 880 957
10  12 91 96 134 166 245 511 692 824 914
4  76 210 352 390
37  5 6 11 17 36 53 66 69 81 116 130 137 152 162 166 177 193 200 204 228 238 263 381 406 525 556 559 633 651 680 690 757 837 891 926 964 972
26  0 2 14 19 30 41 47 70 77 80 97 163 166 181 204 216 219 224 228 263 465 651 690 715 757 863
3  79 358 655
25  2 5 7 12 14 80 86 96 97 116 117 119 166 176 181 182 184 191 224 559 586 651 824 854 926
3  24 386 505
9  71 101 113 159 307 319 405 463 697
22  9 80 83 103 131 133 181 238 263 279 316 330 342 460 525 568 586 641 715 854 860 891
41  0 2 4 6 10 14 15 18 19 20 31 47 57 60 117 130 132 133 163 176 177 192 204 224 228 274 407 454 487 580 586 641 651 728 841 854 868 919 926 972 983
11  12 86 91 117 182 317 525 559 728 824 926
51  1 2 4 6 7 10 14 19 30 38 41 45 47 63 70 77 80 89 91 110 116 117 121 125 130 166 176 203 218 219 224 228 238 257 263 268 288 392 525 559 641 651 690 728 729 783 808 869 891 964 987
7  14 76 252 352 445 535 945
14  6 11 13 26 129 257 263 452 559 636 682 736 880 926
6  59 82 253 333 335 629
2  93 463
4  11 127 410 845
10  94 104 263 335 342 460 568 715 758 926
5  103 105 263 297 335
7  104 263 297 406 891 926 970
5  40 244 294 350 773
3  14 166 626
6  76 112 337 352 445 581
4  38 189 365 695
3  97 121 808
11  16 55 58 130 131 166 224 263 311 406 569
4  108 337 445 801
6  93 201 300 463 478 779
4  84 175 204 854
5  13 290 499 524 895
43  0 1 2 3 5 6 10 14 38 41 42 88 91 97 117 137 162 166 176 182 193 212 216 218 223 224 228 235 248 255 288 381 426 461 559 651 690 715 808 820 824 926 978
61  4 7 8 9 10 11 14 15 19 42 45 47 63 80 91 95 96 97 116 118 130 166 186 203 219 222 224 228 236 238 263 265 272 317 401 435 448 461 526 533 570 586 616 651 660 662 676 682 699 707 728 733 780 820 824 826 841 891 926 934 972
23  1 7 42 117 138 166 219 224 238 278 349 375 395 406 526 559 568 707 715 776 926 929 973
3  91 154 232
21  6 16 17 65 68 146 179 203 282 288 312 413 460 512 533 547 568 619 728 908 978
3  97 110 510
14  6 36 285 340 377 428 546 571 611 613 667 724 891 961
7  80 181 231 263 573 846 890
9  2 42 166 265 503 514 735 824 935
6  97 728 783 891 972 987
3  51 228 256
4  11 102 410 845
4  75 471 679 876
27  6 13 29 61 85 99 196 205 207 221 257 263 304 366 399 448 452 511 559 682 728 807 880 882 891 957 978
64  2 5 6 8 9 10 11 14 15 16 17 20 25 31 38 47 55 56 58 63 70 80 81 88 95 97 111 117 131 132 152 162 163 166 176 177 186 204 219 224 228 238 248 263 288 306 370 375 395 460 525 606 617 641 682 694 715 773 807 837 854 926 960 972
25  55 58 80 83 94 111 130 132 133 162 166 172 224 228 231 238 263 311 411 460 715 729 854 860 926
41  2 5 6 15 19 20 25 31 38 43 47 55 56 57 63 78 95 130 131 171 177 181 199 224 227 228 238 263 265 320 420 423 520 641 644 690 728 808 854 872 926
19  41 47 77 80 83 94 95 131 162 166 212 228 238 263 465 567 685 767 978
4  86 245 468 692
13  2 4 18 74 143 166 176 280 626 685 729 882 891
16  63 181 218 224 238 263 460 469 576 671 683 685 715 728 780 854
10  88 116 170 223 228 556 559 708 728 926
9  118 155 166 224 238 342 349 375 690
10  20 49 60 168 177 320 520 559 807 914
10  83 158 279 316 326 360 441 568 926 978
2  18 690
3  73 144 378
5  135 280 450 626 891
1  142
7  1 323 354 547 586 854 926
17  6 68 120 160 184 203 204 229 288 391 520 547 568 620 724 869 908
9  32 515 519 568 632 733 773 914 926
7  34 277 356 462 557 668 816
8  36 243 340 377 611 724 740 924
2  39 291
7  70 217 228 283 341 355 444
10  88 130 162 193 202 263 370 525 694 715
4  3 47 218 897
5  119 232 258 264 844
8  138 166 224 238 278 342 375 715
8  38 226 255 363 381 651 700 812
11  6 16 17 212 288 406 528 571 685 773 954
7  140 241 279 316 339 441 926
5  71 93 307 319 627
8  146 184 229 295 391 598 869 908
6  78 213 422 489 493 865
37  16 27 33 44 55 58 81 88 116 130 131 133 152 166 193 212 223 228 238 248 263 370 381 395 406 452 460 524 559 568 569 573 685 694 715 728 978
45  0 1 2 11 14 19 20 25 30 31 34 41 43 77 89 95 130 166 176 181 218 219 220 224 228 236 249 263 265 328 370 395 454 559 566 568 588 807 810 846 854 919 926 959 960
5  7 431 644 824 924
8  32 59 82 333 335 400 477 988
107  0 1 2 3 4 5 6 7 8 9 10 11 12 14 15 16 17 18 19 20 21 25 30 31 34 38 41 42 43 45 47 53 55 56 58 63 70 73 74 77 80 81 86 88 89 91 97 107 111 116 117 118 124 130 131 133 135 138 155 162 163 176 181 203 212 216 218 219 224 228 238 248 263 265 278 306 311 320 328 338 375 385 395 524 525 559 560 565 568 626 641 682 685 690 692 715 729 740 757 800 807 824 837 926 935 964 987
2  4 419
7  139 320 520 559 642 736 807
7  9 228 263 288 448 860 926
6  137 190 228 394 559 670
4  132 227 361 420
4  131 729 791 999
6  2 195 260 261 795 944
12  7 10 15 22 186 218 263 504 800 854 891 926
1  114
77  0 1 2 3 4 5 6 7 8 9 10 11 14 15 17 18 19 20 27 41 45 47 49 55 60 62 63 74 76 80 83 91 95 97 116 130 135 163 166 177 181 185 193 204 207 218 219 224 228 238 257 263 265 311 317 352 407 454 520 524 525 559 586 610 626 680 682 685 757 761 807 854 891 924 926 929 972
27  6 16 31 60 66 88 95 130 132 139 176 199 204 224 228 237 423 454 520 524 559 680 715 789 895 924 926
13  4 63 181 218 238 263 612 641 728 733 757 867 891
10  120 288 366 413 512 619 733 851 938 997
5  12 288 385 492 620
55  0 1 2 3 5 7 9 11 14 18 25 38 47 63 77 80 83 89 91 94 123 132 136 163 166 176 178 203 216 218 219 224 228 236 257 263 265 520 525 590 682 685 715 780 824 845 846 854 867 872 914 924 935 972 978
5  91 96 116 228 926
7  27 218 288 502 733 782 976
11  5 6 47 91 146 160 186 295 391 520 869
13  0 3 14 20 25 176 204 219 228 263 407 559 972
25  3 4 8 10 11 12 22 31 41 47 63 73 117 130 174 184 204 218 219 263 615 728 800 924 926
2  31 254
5  73 218 513 883 972
3  109 365 561
4  170 394 670 885
4  91 224 586 592
15  11 15 31 46 80 83 95 199 257 263 586 682 729 845 926
39  0 1 2 5 6 16 17 53 69 81 88 116 152 162 176 198 204 208 224 228 235 248 255 257 263 379 412 426 511 524 525 568 626 632 651 669 715 728 926
4  8 206 953 984
5  173 260 261 795 963
21  6 13 29 61 85 129 205 207 221 263 368 443 448 452 524 682 698 728 822 955 957
5  55 228 263 306 792
13  0 1 6 81 193 204 302 426 511 525 547 715 773
27  0 2 10 11 15 30 31 42 46 47 56 132 177 192 212 236 257 263 288 289 395 426 586 728 757 807 924
5  81 88 204 263 837
2  113 376
1  152
41  3 5 6 8 11 14 16 17 58 68 81 97 117 120 146 166 181 216 218 219 224 236 238 263 288 320 406 460 511 512 524 559 568 694 780 788 824 851 935 938 972
57  0 1 2 3 4 5 6 11 14 16 17 47 52 53 69 81 84 88 89 95 114 130 146 176 177 185 186 193 198 200 212 216 218 219 224 228 255 263 289 302 387 391 406 412 426 465 511 525 547 568 594 651 715 724 728 869 908
15  6 29 129 196 207 221 257 452 511 524 559 594 728 926 939
5  194 453 578 953 984
39  0 1 2 3 5 6 13 14 15 19 20 29 47 129 176 196 205 219 228 257 263 265 288 366 448 460 524 559 565 618 619 620 728 793 807 858 926 957 960
7  193 224 379 481 568 569 813
2  47 906
2  87 390
5  21 380 436 635 845
36  0 1 2 5 6 10 16 38 42 47 80 116 133 157 162 166 199 204 216 218 219 228 236 238 263 265 288 407 474 525 559 569 685 690 732 845
5  161 286 287 327 489
5  14 18 263 402 986
2  82 910
19  0 11 89 116 166 181 203 204 212 218 219 224 228 263 559 690 715 903 935
4  151 228 345 666
83  0 1 2 3 4 5 6 7 8 9 10 11 12 14 15 16 17 18 19 22 27 44 47 52 55 58 62 63 68 73 80 81 97 116 136 153 163 166 174 176 178 181 183 186 188 203 204 212 216 219 223 228 238 248 257 263 265 288 352 407 460 511 520 525 559 568 682 685 715 733 737 757 782 800 854 867 882 918 926 929 935 972 997
64  0 1 2 3 4 5 6 7 10 14 15 19 25 30 38 41 42 45 47 56 63 77 89 97 117 118 130 163 166 176 181 185 186 203 204 207 212 216 218 224 228 238 257 263 265 288 306 354 375 395 448 460 511 559 586 676 690 728 854 888 924 926 929 935
8  163 224 228 263 559 568 656 810
20  6 13 29 61 85 129 196 205 257 263 443 465 511 524 559 640 682 780 867 891
7  117 461 570 676 820 824 934
15  1 50 51 116 137 162 218 228 275 559 681 728 747 852 889
72  0 3 4 5 7 9 14 25 38 41 45 63 77 80 81 89 91 95 97 111 116 117 118 130 131 132 136 138 155 163 166 176 177 181 191 193 203 204 208 216 219 220 228 237 238 263 265 268 288 311 342 375 395 406 423 511 559 565 568 586 651 682 690 707 757 810 841 854 888 926 935 979
7  0 10 288 426 498 603 886
5  156 267 363 572 812
3  132 171 420
106  0 1 3 4 6 7 8 9 11 14 16 17 18 25 30 38 41 43 47 50 51 55 63 69 70 77 84 88 89 95 97 116 117 126 130 131 132 133 137 151 162 163 166 169 170 176 177 181 182 185 193 197 204 207 212 216 217 218 219 220 223 224 236 238 248 257 263 265 273 275 288 301 306 311 325 345 352 401 407 448 452 454 559 566 575 586 605 620 626 651 682 685 690 715 721 724 728 733 740 780 812 837 854 926 972 981
3  146 160 598
5  28 269 294 388 888
5  80 123 131 263 397
4  119 154 440 483
9  9 21 263 416 436 449 707 740 845
3  63 238 263
11  116 193 255 363 381 426 569 702 715 812 831
35  0 1 2 5 10 42 47 117 163 181 199 203 212 228 238 257 263 265 275 288 306 345 352 407 460 559 586 651 682 690 738 792 851 926 972
10  66 177 224 242 288 311 565 715 789 979
56  0 11 14 27 37 55 58 62 63 83 88 94 97 117 118 130 131 132 133 136 138 155 162 166 176 178 203 212 218 219 224 228 234 236 248 257 263 275 288 375 401 406 460 511 525 559 651 682 685 707 715 776 882 891 914 926
2  9 553
3  40 543 652
4  158 279 316 926
2  237 864
10  149 340 369 377 438 479 611 728 817 924
5  106 294 350 757 773
4  86 134 246 692
2  245 464
6  19 371 427 827 879 959
26  58 116 130 162 166 193 218 228 238 263 275 299 338 511 524 525 568 573 586 715 773 854 914 926 960 997
5  30 34 163 559 807
5  16 17 69 305 458
3  73 298 716
10  1 2 5 76 98 343 352 524 586 854
5  100 333 335 628 988
8  15 31 187 263 322 454 566 854
14  38 116 156 193 204 235 363 381 426 525 547 715 720 804
2  126 663
47  1 4 10 14 20 26 31 41 55 63 85 97 99 129 176 181 192 193 199 205 207 218 219 221 228 236 238 263 265 288 401 448 452 533 559 619 632 643 651 682 728 736 757 780 793 824 869
2  154 475
4  47 625 651 662
5  173 195 795 944 963
4  173 195 664 795
3  38 532 995
137  0 1 2 3 4 5 6 7 8 9 10 11 13 14 15 16 17 18 19 20 21 23 25 29 32 39 41 42 45 46 47 55 56 57 58 61 63 70 77 80 83 85 88 89 94 97 99 103 104 105 111 117 123 129 130 131 132 133 136 152 162 163 166 169 174 176 178 181 185 186 192 193 196 197 199 200 203 204 207 212 214 216 218 219 220 221 224 228 231 233 234 236 238 248 254 257 265 288 297 299 311 317 333 335 345 401 406 449 452 460 465 474 511 524 525 559 565 568 573 641 651 685 690 707 728 757 780 792 800 845 854 882 888 891 892 926 978
1  154
70  0 2 3 4 6 7 10 11 14 15 19 23 25 30 31 34 38 41 42 47 56 62 63 77 80 83 85 117 124 132 163 166 176 181 207 212 218 219 224 228 236 257 263 275 288 306 368 448 451 452 465 511 520 525 559 568 588 606 682 685 728 733 757 780 807 824 845 926 971 973
6  10 11 15 306 586 926
3  226 742 996
6  97 224 288 565 606 685
5  21 28 230 294 752
3  51 646 915
6  59 82 333 335 400 988
1  117
5  16 27 228 547 838
5  95 303 487 771 868
15  25 223 228 236 238 248 265 288 345 511 685 691 726 733 997
4  9 21 860 914
4  148 281 430 856
6  118 155 166 375 715 929
13  6 16 27 62 83 94 140 158 241 316 568 690 926
6  135 143 626 654 882 891
3  277 650 760
12  6 16 120 288 289 348 406 533 651 728 759 926
1  151
3  82 333 748
12  6 36 122 308 340 377 589 611 728 891 924 926
6  213 287 327 347 489 665
2  213 286
82  0 1 2 4 5 7 8 9 11 12 14 15 16 18 27 31 50 65 68 80 97 116 120 130 146 157 169 179 180 183 199 203 207 212 218 219 224 225 228 236 237 238 257 263 265 268 275 282 289 306 312 348 366 406 426 448 474 506 511 533 547 559 565 586 606 619 620 641 651 685 694 728 733 740 757 782 789 807 851 924 926 972
19  0 11 46 81 199 204 282 288 302 306 312 395 426 512 547 606 651 757 924
5  115 346 769 895 997
2  39 150
3  21 809 893
4  77 491 637 690
12  21 28 35 40 106 230 244 269 350 543 757 773
3  160 184 527
6  4 21 32 80 511 559
6  104 105 263 310 406 891
3  251 314 927
12  0 1 2 3 4 7 248 263 551 573 707 929
7  113 367 393 463 478 774 779
2  228 651
9  198 204 289 306 517 525 606 773 928
5  274 487 536 647 868
7  129 366 389 448 541 554 619
3  250 458 682
34  2 4 5 6 11 14 15 16 17 46 47 58 130 166 197 219 228 236 265 266 288 289 302 345 406 465 511 525 586 651 715 792 824 926
7  71 93 159 315 319 364 997
3  285 589 891
2  63 425
2  297 825
13  111 131 166 176 224 228 237 263 317 460 565 715 892
10  120 288 289 415 512 547 568 651 713 757
6  20 49 447 700 807 891
2  298 823
2  307 364
7  94 140 158 241 279 326 441
26  1 2 3 7 10 12 19 42 72 96 117 176 263 311 333 335 401 525 559 565 590 651 685 757 824 926
4  72 590 824 907
7  71 93 159 307 405 630 833
25  3 19 20 31 38 47 49 60 77 132 139 166 168 203 418 512 520 524 591 736 914 926 938 978 997
1  25
3  15 254 899
7  145 354 586 651 740 854 926
6  21 28 40 476 798 815
4  228 329 854 994
7  83 140 316 334 360 711 717
2  213 286
10  10 20 163 166 375 559 606 690 926 981
1  325
2  94 525
1  10
1  6
19  32 59 82 100 165 253 263 271 284 317 335 400 401 628 685 748 824 892 988
6  83 326 360 439 942 948
17  32 59 82 100 103 104 165 253 263 271 317 333 400 401 629 756 988
4  4 7 14 728
5  76 108 112 352 445
3  166 248 432
3  158 441 473
14  36 122 149 243 285 377 438 611 724 728 740 891 914 926
2  151 723
21  9 32 80 94 103 138 155 224 344 375 484 519 565 568 715 757 841 863 891 926 972
5  2 252 352 586 854
5  342 403 565 715 841
10  2 217 228 236 263 275 306 465 524 792
2  290 875
2  286 489
6  282 288 382 406 559 926
5  118 138 375 526 914
9  106 244 294 470 661 757 773 863 929
4  33 466 544 545
17  47 55 76 87 98 108 176 218 228 236 252 337 343 390 559 682 972
2  4 375
8  0 1 145 219 323 547 651 926
1  151
2  148 462
1  7
5  90 421 655 773 874
1  79
6  27 83 140 326 334 926
1  171
2  41 935
12  38 156 226 235 255 381 409 426 547 572 715 814
5  21 71 307 315 529
2  109 189
16  129 179 207 288 304 448 516 554 559 619 620 651 714 728 851 858
6  300 393 463 478 774 779
5  85 196 265 559 843
8  243 404 438 479 611 710 817 924
10  44 130 152 162 163 460 524 568 617 960
4  247 424 827 959
1  57
3  17 396 923
5  83 550 690 839 978
38  0 1 2 3 4 9 11 12 21 56 63 118 130 138 155 166 219 224 238 278 328 342 349 353 500 568 586 606 651 690 715 735 824 845 851 914 926 935
2  201 706
8  122 149 243 285 340 611 724 891
1  142
10  16 68 193 208 381 481 496 568 569 632
2  211 436
15  0 16 88 116 156 162 235 255 363 379 481 569 702 930 981
3  348 442 969
2  6 13
2  20 807
10  1 4 12 25 34 63 166 180 620 777
1  92
6  204 406 472 525 552 651
4  28 230 488 595
5  304 467 541 554 619
3  87 210 352
9  5 6 146 160 184 204 745 828 869
4  97 495 869 908
7  300 367 463 478 614 779 949
6  170 190 457 670 746 885
21  81 118 130 162 163 166 199 219 224 289 426 524 547 559 565 568 586 685 755 802 837
2  373 734
2  231 649
7  13 29 408 443 480 559 824
3  129 807 937
5  165 271 333 335 988
20  1 4 7 41 63 70 117 228 238 257 263 317 333 335 559 651 685 824 854 988
2  214 986
4  344 565 596 841
4  369 611 817 924
3  93 319 833
32  7 57 78 88 105 111 118 157 162 203 204 224 238 263 282 288 297 306 348 387 524 525 533 569 606 651 682 851 854 891 926 997
27  0 1 2 3 6 10 16 22 77 95 176 185 212 218 228 236 559 580 682 685 690 715 728 740 773 854 972
7  398 443 480 482 559 608 824
4  363 417 426 572
5  11 102 127 845 869
1  131
7  5 53 193 204 568 626 703
3  120 179 512
7  6 13 26 446 540 880 957
3  312 459 568
3  233 449 579
3  409 426 572
8  320 512 520 524 602 736 938 997
2  167 751
8  132 171 227 509 520 689 736 832
4  358 655 757 933
2  161 587
4  132 177 224 520
1  371
2  309 894
23  0 6 116 193 198 199 204 225 235 255 288 289 363 395 409 417 511 547 572 702 715 757 812
2  247 827
4  122 437 667 891
2  15 834
2  277 856
2  164 644
1  338
1  1
5  32 519 687 757 773
7  47 117 448 616 662 676 824
8  9 21 211 233 380 449 635 707
2  428 891
6  243 340 369 611 891 924
2  83 334
2  232 778
5  140 158 316 339 456
1  382
14  13 24 29 85 196 221 398 408 480 559 576 585 786 807
2  151 538
5  76 98 108 112 337
1  414
4  313 700 807 891
32  5 6 13 29 61 85 117 129 169 196 207 219 228 257 265 288 304 366 435 452 511 524 533 559 619 620 651 673 698 728 807 869
6  233 263 416 436 707 845
4  143 558 626 891
2  265 511
21  6 33 61 99 129 162 196 205 228 257 263 265 448 511 559 682 728 780 845 880 926
2  206 578
13  31 51 57 60 95 163 176 177 228 254 566 677 854
2  77 690
2  441 754
7  394 485 494 531 712 746 885
6  17 69 250 305 539 682
1  415
64  0 1 2 3 4 5 6 7 10 11 13 14 15 18 19 29 42 44 47 58 63 74 77 80 94 103 120 130 131 136 162 203 207 218 219 236 238 263 311 370 511 520 524 525 559 565 568 573 576 586 620 682 685 715 776 780 789 807 854 892 914 926 935 978
7  116 117 222 521 570 820 824
2  148 356
9  71 93 101 113 300 367 393 697 905
1  246
13  0 4 42 80 89 133 204 221 263 265 306 345 651
5  351 544 545 564 993
2  389 619
1  134
3  136 671 683
5  350 661 757 888 929
3  75 128 876
3  387 525 651
2  339 878
8  12 80 212 263 288 559 690 780
2  258 486
3  324 798 815
4  59 165 966 988
6  113 300 367 393 774 779
5  243 369 611 924 929
7  29 398 408 443 501 559 824
5  208 379 381 568 569
3  408 559 608
1  232
2  342 565
5  457 494 634 712 746
1  475
6  95 274 303 647 771 868
3  388 912 916
5  78 161 213 286 347
3  73 624 887
1  293
2  180 620
3  161 753 865
6  457 485 507 634 712 746
3  392 869 908
5  16 68 379 568 632
4  7 824 935 973
1  225
2  115 593
6  8 12 375 690 777 926
1  480
2  183 952
7  2 7 10 42 124 824 935
4  10 15 174 800
1  92
8  9 65 288 522 559 620 641 728
3  494 634 746
2  17 58
3  420 520 736
1  121
58  0 1 2 3 4 5 6 8 10 12 18 29 47 61 81 86 129 193 198 203 204 205 218 219 221 224 238 248 263 265 275 288 296 306 426 448 451 452 460 524 525 559 565 586 606 651 682 685 702 715 728 835 914 926 935 972 981 987
21  120 179 203 289 312 320 413 418 520 524 542 559 591 607 681 796 807 926 938 978 997
4  188 731 883 972
7  1 2 42 124 559 735 824
2  147 568
3  366 559 728
3  302 917 928
5  14 50 51 678 854
8  32 147 342 434 565 568 757 773
45  0 1 2 5 6 11 16 20 49 53 60 81 132 139 146 168 176 177 181 184 218 265 320 418 420 423 460 509 512 524 525 559 568 626 680 682 728 736 761 807 837 929 935 938 997
4  461 570 820 824
4  506 523 641 728
1  522
47  5 6 13 29 36 53 66 81 115 162 166 176 177 193 196 203 205 207 221 248 252 263 320 345 370 395 406 418 448 460 511 512 520 542 559 565 568 607 619 728 807 869 895 926 938 960 997
61  0 1 3 4 6 8 9 10 11 12 25 55 60 63 77 83 88 94 96 97 130 152 166 176 181 193 198 204 212 218 238 248 255 263 265 302 306 317 330 387 406 460 472 511 520 533 559 565 568 651 685 702 715 789 824 835 869 891 914 926 978
4  117 118 349 914
2  295 599
3  157 571 954
1  364
2  5 690
1  457
2  262 873
22  6 13 16 17 29 65 117 120 257 282 288 406 448 525 565 568 620 728 733 757 781 924
5  21 675 803 819 936
2  98 847
3  303 647 868
1  74
2  444 583
1  458
2  414 880
4  304 389 554 619
10  512 524 559 568 607 728 807 869 926 938
4  28 40 240 294
2  351 466
4  351 466 684 866
1  122
30  1 5 6 16 55 68 84 120 145 146 198 204 255 273 288 289 312 354 363 395 426 568 586 651 702 715 755 773 845 926
3  8 9 729
1  25
8  14 62 83 374 577 653 690 972
1  299
2  387 904
2  239 871
6  304 366 389 541 559 763
2  60 902
3  88 137 559
2  148 816
1  450
106  0 1 2 3 4 5 6 7 8 10 11 13 14 24 25 29 34 42 45 49 50 56 61 85 88 91 96 97 99 116 118 129 137 139 162 163 166 168 170 176 177 185 203 205 207 212 216 218 219 220 221 223 224 228 236 238 249 257 263 265 288 296 317 328 348 352 366 368 395 398 401 407 408 443 448 452 460 474 480 482 506 511 512 514 516 520 524 525 542 554 556 565 568 651 681 708 728 736 757 807 824 843 888 914 926 997
1  166
2  189 609
3  6 17 26
1  8
1  466
43  15 31 32 46 48 57 80 166 207 224 237 263 268 288 311 317 342 344 395 403 460 484 511 519 524 525 533 559 568 606 620 655 685 715 757 773 789 837 841 929 979 981 987
9  31 51 163 228 254 454 586 677 854
1  133
81  0 1 2 5 6 11 16 17 19 27 32 36 50 53 59 68 81 83 94 103 118 120 140 146 147 162 163 166 193 203 204 208 218 220 224 248 263 265 279 312 342 370 375 379 395 412 415 460 481 496 515 519 520 524 525 533 542 547 559 565 569 586 606 607 620 632 651 690 694 703 733 740 757 773 807 854 863 869 926 960 978
16  16 68 111 162 208 212 235 379 381 406 481 568 606 657 702 733
6  117 222 461 521 820 824
6  5 6 47 122 157 528
7  226 363 409 417 426 702 812
20  0 1 2 7 10 11 19 32 74 80 123 162 248 263 299 460 715 914 986 997
6  0 22 47 55 83 617
3  228 584 842
9  11 13 63 136 443 460 585 638 685
3  550 653 690
2  206 453
2  416 743
8  95 407 600 682 693 818 841 972
1  108
1  64
1  538
2  575 842
3  443 576 622
44  1 2 5 7 9 10 11 47 60 91 94 95 117 145 176 191 192 199 219 224 228 236 248 252 266 288 306 323 343 375 395 460 511 547 566 568 651 682 733 740 757 789 854 926
1  422
14  3 20 47 56 163 265 606 770 773 845 891 935 959 978
3  285 308 891
12  10 11 15 72 181 317 318 728 768 824 907 914
5  320 512 639 926 938
1  191
2  499 946
8  5 6 47 204 205 662 728 741
1  388
2  403 766
2  42 929
2  160 229
1  527
3  580 682 818
5  9 21 32 59 82
1  418
1  225
2  19 686
1  228
32  3 15 16 31 47 57 68 81 130 265 268 288 289 302 328 375 406 511 565 568 569 588 617 685 702 715 733 750 773 824 929 981
8  512 524 542 568 773 807 869 926
2  408 482
1  561
7  9 19 30 176 672 704 888
17  36 122 149 243 285 340 369 377 404 438 479 690 724 891 914 924 929
5  178 733 867 891 914
2  122 961
2  393 799
2  186 621
2  117 435
12  16 17 55 58 130 370 574 606 685 837 926 960
3  207 645 857
19  19 120 179 207 257 288 304 366 389 448 467 524 541 620 651 728 850 869 997
32  0 1 5 17 25 42 65 146 180 207 228 288 366 385 448 460 492 506 533 565 568 619 651 694 703 715 728 733 757 773 794 858
1  615
2  585 921
1  78
2  490 887
1  259
20  0 14 53 107 135 143 166 176 193 228 280 412 450 520 685 690 703 761 882 891
1  159
3  253 333 988
3  100 335 988
3  319 785 833
1  22
10  147 193 257 379 496 568 690 727 728 740
2  88 926
5  485 494 507 746 806
3  21 211 436
1  99
3  77 293 659
2  576 685
2  591 926
1  221
32  2 4 8 9 31 43 57 63 65 78 80 83 94 95 97 130 132 166 178 263 288 506 522 694 715 728 780 837 867 872 891 972
1  168
1  257
6  0 7 25 132 164 431
2  618 857
1  270
5  303 487 536 771 868
2  72 824
1  397
1  281
73  0 1 2 3 4 5 6 7 10 11 14 15 18 19 38 42 47 57 63 77 81 88 89 91 95 97 116 117 156 193 204 224 228 236 238 257 259 263 282 288 289 301 306 312 317 323 354 366 375 387 401 406 448 465 472 511 525 547 559 568 586 619 620 682 685 690 728 757 851 854 891 926 929
1  240
3  550 577 690
2  280 882
15  48 54 75 79 90 358 421 565 679 715 722 757 773 789 979
1  220
2  16 569
2  57 861
1  637
2  117 699
6  350 470 773 870 888 929
6  47 117 259 435 594 824
2  256 762
2  261 795
2  286 853
1  217
3  122 428 891
3  148 696 816
1  193
3  170 190 394
4  136 469 683 728
2  610 704
2  448 698
2  15 757
2  534 992
4  117 219 222 435
3  31 454 566
1  518
5  75 128 655 789 876
5  66 88 176 177 520
6  223 512 559 728 783 987
47  5 6 10 26 31 42 47 58 69 85 99 117 129 130 166 176 181 192 196 218 221 224 228 236 238 257 265 305 352 406 407 452 458 460 511 520 580 586 600 651 740 764 773 780 854 891 972
3  136 469 671
1  545
60  1 3 6 14 15 16 18 23 25 44 47 48 55 77 133 135 136 157 162 166 176 181 212 218 228 238 263 265 268 275 288 317 333 395 401 407 460 511 525 565 576 606 617 626 638 651 690 694 715 732 773 837 851 854 882 914 929 950 972 981
1  604
2  434 773
1  68
1  420
73  0 2 3 4 5 6 7 10 11 12 14 15 18 23 25 30 36 41 42 47 53 62 63 77 81 83 88 89 97 116 132 138 141 166 212 216 219 224 228 236 263 279 293 328 374 375 407 455 474 500 530 550 568 577 611 626 632 651 653 685 715 724 727 728 740 757 808 824 854 882 935 964 972
3  275 726 733
4  86 134 166 245
2  580 841
14  16 18 130 152 162 203 288 568 620 641 685 715 732 981
2  38 109
1  668
2  93 463
5  196 448 673 765 968
2  117 660
9  0 20 38 49 156 313 447 705 807
1  58
20  2 5 6 16 17 235 381 426 511 525 547 569 572 606 715 733 926 929 981 997
6  32 412 568 620 626 773
2  610 672
1  700
1  376
22  0 1 2 3 4 7 21 63 117 118 224 233 238 263 299 436 449 740 854 926 935 972
2  137 559
7  13 26 725 848 859 880 982
2  369 924
1  326
3  457 485 494
3  312 719 775
2  366 851
81  0 5 6 7 8 9 11 14 17 52 55 58 62 63 66 75 80 83 89 94 103 116 118 130 131 136 152 155 162 166 177 181 193 198 204 216 218 228 235 237 238 248 255 278 306 311 342 344 363 375 407 426 460 511 525 547 565 573 606 620 641 655 685 690 694 702 728 729 773 780 789 812 845 854 858 863 891 926 929 981 986
1  251
1  326
1  9
2  713 775
4  0 3 38 255
5  5 6 16 228 772
2  655 979
1  341
16  6 36 122 146 149 204 228 340 377 611 690 727 728 733 740 891
1  709
4  275 691 733 773
6  632 690 724 728 740 972
108  0 1 2 3 4 5 6 7 8 10 11 13 14 15 16 17 18 19 25 29 30 33 36 38 45 46 47 55 56 61 63 65 69 95 96 97 117 120 125 129 132 136 137 162 178 186 193 196 199 204 205 207 219 223 228 243 257 263 265 282 285 288 336 340 366 407 448 452 506 511 516 520 522 524 533 542 559 590 594 619 620 632 641 651 671 681 690 715 724 727 740 757 780 783 807 824 843 845 851 854 869 880 891 926 929 972 978 987
21  4 6 8 9 12 18 21 71 80 97 131 135 166 172 192 548 715 888 914 997 999
1  54
2  513 972
6  5 212 685 694 824 909
33  3 4 25 63 68 117 147 178 179 183 218 228 265 275 288 533 568 569 586 606 612 620 691 702 724 726 744 773 824 891 924 929 997
1  396
7  2 124 375 514 824 855 926
17  6 13 15 26 31 99 168 257 320 418 420 509 520 559 832 914 997
3  218 749 918
1  236
1  67
26  1 4 10 149 166 228 233 288 323 340 407 568 586 632 682 690 707 724 727 728 757 764 773 854 926 972
1  594
2  267 996
2  579 951
6  0 1 63 733 929 935
2  391 869
7  394 457 485 494 507 634 885
1  223
4  82 284 333 958
2  737 918
1  606
1  419
1  269
2  493 865
1  456
3  395 547 797
2  335 988
66  1 4 5 6 8 9 11 12 15 16 21 31 32 36 41 45 46 47 63 81 88 89 166 176 178 199 218 224 244 257 263 265 288 289 294 312 317 342 350 421 426 434 470 519 533 559 565 568 586 620 651 655 674 690 728 740 764 773 780 854 863 888 891 924 978 997
1  103
2  282 926
1  281
5  176 520 626 837 882
1  663
1  554
7  682 740 757 773 780 854 972
3  698 805 968
1  596
2  133 840
5  6 11 590 824 990
2  290 821
2  588 935
4  274 487 647 901
3  2 5 721
42  32 106 130 147 157 198 244 248 294 302 350 358 407 434 519 547 565 568 588 606 607 620 655 661 682 685 687 703 715 726 733 740 757 764 780 845 854 869 870 891 929 972
3  300 367 478
2  713 719
7  0 6 13 118 238 460 828
3  12 385 500
1  440
5  113 300 367 393 478
32  8 10 63 68 117 136 181 203 221 228 257 263 265 452 460 474 641 682 715 728 757 764 773 841 845 846 854 867 891 929 972 975
2  533 924
5  27 183 218 288 976
8  97 125 681 728 829 913 972 987
1  2
2  630 833
2  443 830
1  35
3  203 920 956
17  5 6 11 16 17 177 237 288 460 525 565 586 655 679 715 862 929
1  61
2  172 999
8  16 55 197 236 263 306 345 926
2  207 257
2  620 858
5  173 195 260 261 664
2  512 836
1  755
3  324 476 815
1  614
10  25 34 56 166 174 186 218 263 504 926
1  112
1  395
1  534
1  255
1  765
1  634
44  0 1 10 13 20 49 60 61 77 85 129 130 139 163 166 168 176 199 207 249 265 288 313 384 399 443 447 448 460 512 520 524 542 559 568 607 700 728 891 926 929 959 972 987
6  42 97 110 116 132 690
2  292 893
3  163 220 224
4  6 13 24 26
8  38 156 226 228 235 426 572 715
2  208 849
1  363
3  324 476 798
3  148 557 668
4  243 369 404 924
2  580 600
1  534
6  116 117 222 461 521 570
1  769
2  196 955
1  314
68  0 1 2 4 5 7 8 10 11 12 15 16 47 63 72 77 81 86 91 96 116 117 124 164 166 181 203 222 257 265 306 317 318 333 375 398 401 408 435 461 480 497 503 514 521 525 559 570 590 606 648 662 690 728 732 733 735 768 854 872 907 914 924 926 929 935 972 973
1  310
1  117
5  247 371 427 879 959
5  5 6 26 391 776
2  783 987
1  786
1  235
3  31 420 736
4  319 405 630 785
1  429
3  18 511 525
1  796
17  17 81 88 130 166 200 228 395 520 565 617 641 685 761 891 926 981
1  273
1  374
1  767
15  80 95 117 224 342 344 403 565 580 693 780 867 914 972 979
2  575 584
4  368 559 728 854
1  154
36  8 9 10 11 15 19 21 55 80 102 127 181 192 211 212 233 263 265 375 410 449 452 547 588 715 728 773 780 854 867 869 914 926 929 973 978
6  123 163 181 780 867 914
1  535
1  709
1  813
1  619
16  179 203 236 288 366 375 406 651 685 714 728 854 891 926 972 997
1  223
1  665
90  0 1 2 3 4 5 6 11 14 16 17 18 19 22 25 27 30 34 42 45 50 51 55 56 62 63 76 77 78 80 83 84 91 94 95 114 130 131 132 136 145 163 174 176 181 218 219 224 228 248 252 254 263 323 325 343 401 406 407 454 460 518 566 568 586 651 682 685 690 707 715 728 740 757 764 773 780 824 843 845 851 867 891 914 926 929 935 972 978 997
1  735
2  277 430
2  618 645
6  0 207 366 620 715 794
4  13 709 957 982
8  9 21 94 131 169 276 914 926
2  57 658
2  5 789
6  89 342 350 568 715 757
1  242
3  161 493 753
1  545
15  178 181 218 221 612 641 780 841 845 846 854 884 891 914 926
12  1 10 11 15 31 95 274 303 487 536 647 926
32  1 2 5 6 11 97 146 160 184 204 257 391 392 410 448 495 524 525 542 568 607 619 728 745 773 845 908 914 926 940 960 997
4  661 773 891 929
1  553
9  5 19 132 181 641 824 907 914 926
1  532
1  358
1  346
3  128 471 679
2  54 925
1  473
3  247 827 959
16  0 5 6 11 26 29 61 85 99 129 414 452 540 709 728 982
1  62
13  18 129 135 218 238 263 280 626 654 685 690 761 891
3  188 513 972
2  867 891
4  190 394 457 746
1  225
3  490 624 998
24  4 8 9 12 21 28 32 45 219 224 230 263 470 559 610 661 729 757 900 911 924 929 979 997
2  223 932
1  123
72  2 6 7 8 18 19 20 36 60 83 88 94 97 105 117 122 125 129 135 143 174 176 178 221 238 263 280 285 297 308 313 340 342 377 406 428 437 438 447 450 525 588 589 611 612 626 641 651 667 682 715 724 728 733 757 773 780 807 837 851 854 867 870 882 884 914 924 926 929 972 978 981
4  263 311 333 460
2  292 809
1  425
6  115 177 290 524 938 997
1  18
3  0 3 153
3  27 64 918
1  322
2  888 911
1  771
1  555
1  216
1  552
2  71 463
1  209
6  318 590 824 872 914 935
8  120 146 160 204 392 495 869 997
1  732
1  215
2  888 900
2  488 916
1  783
57  1 2 3 4 10 12 14 15 18 21 25 32 34 47 49 71 77 86 139 147 181 238 248 276 320 340 349 375 460 511 525 526 559 573 590 611 612 685 729 736 824 841 845 846 854 860 867 869 872 891 907 926 935 978 986 997 999
1  270
3  488 912 943
1  517
5  27 218 737 749 898
3  95 163 926
1  788
1  622
1  21
1  373
39  6 7 10 11 14 15 19 31 36 46 65 149 164 176 177 181 186 199 219 243 285 288 289 369 404 438 479 533 611 710 733 757 781 817 824 888 891 929 959
2  877 974
139  0 1 2 3 4 5 6 7 8 9 10 11 12 14 15 16 17 18 22 25 31 38 47 49 50 52 55 58 60 63 66 78 80 83 84 88 91 95 96 99 103 105 116 117 118 130 131 132 137 140 145 147 158 163 166 169 174 176 177 182 186 192 193 205 207 218 219 224 228 236 238 241 248 263 265 266 279 282 285 288 306 317 320 323 328 340 342 348 354 360 375 406 452 460 500 511 512 524 525 542 547 559 568 586 591 607 617 633 639 651 702 707 715 728 735 740 759 792 800 807 824 837 845 851 854 860 867 868 869 872 891 914 919 929 935 938 972 973 997
1  298
2  302 517
52  0 1 2 3 5 7 10 12 15 19 31 42 63 81 118 176 218 219 278 299 350 470 479 520 565 597 606 611 651 661 685 702 715 728 733 744 773 780 789 807 824 845 854 870 888 891 924 926 935 959 972 978
1  381
1  45
1  889
1  421
4  10 117 222 977
45  0 1 2 3 4 7 8 10 11 14 18 20 41 47 50 81 124 166 181 203 216 218 219 224 362 375 460 497 503 511 520 588 690 707 744 770 824 854 907 914 926 929 959 972 973
1  534
1  399
12  179 203 320 418 512 520 524 542 591 895 926 997
1  205
1  869
1  71
1  334
1  916
3  2 173 260
1  98
1  593
3  17 965 972
1  334
1  393
1  685
1  743
1  502
3  8 194 206
2  157 528
2  196 822
1  788
11  13 26 29 61 85 129 196 207 414 859 982
2  82 748
14  19 20 163 247 371 588 807 827 879 924 929 935 972 978
12  2 130 163 207 248 370 524 568 617 869 989 997
2  122 613
2  17 972
2  195 260
5  53 88 97 166 690
1  947
3  477 988 991
1  7
2  698 765
1  382
2  105 980
1  265
62  4 8 10 15 17 27 41 58 63 69 73 80 88 95 117 125 130 176 181 185 188 203 218 228 236 288 342 352 407 511 513 550 580 641 682 685 690 707 727 728 731 740 764 773 780 783 807 824 841 851 854 883 891 926 929 935 947 959 962 973 987 997
9  118 265 497 824 845 926 935 972 987
1  925
1  780
2  183 782
1  934
38  0 2 4 5 6 11 13 15 20 41 49 60 77 80 83 116 120 129 133 140 162 181 263 320 374 460 512 525 568 588 728 757 845 854 891 914 929 959
8  48 224 237 565 655 722 841 888
1  970
12  228 328 381 511 565 606 685 694 702 715 837 891
4  709 859 880 957
4  15 18 74 95
3  8 194 206
1  35
7  14 214 402 573 715 914 997
15  1 4 80 97 125 166 511 565 681 728 783 807 829 972 973
14  59 165 253 271 333 335 400 401 477 628 629 756 966 991
1  960
1  768
2  966 988
1  675
1  466
1  325
1  262
2  267 742
36  28 49 58 71 179 218 248 275 290 307 320 406 418 512 520 524 559 573 619 702 729 733 736 757 851 854 869 888 895 908 914 926 938 960 972 986
1  887
4  172 729 791 914
