1000
13  107 331 335 461 515 523 647 653 737 778 912 930 962
6  186 280 790 892 908 946
10  116 233 244 324 548 653 690 751 828 902
9  38 91 106 681 864 894 931 942 971
9  178 290 437 479 555 602 702 839 976
8  11 39 59 178 237 338 616 898
6  135 171 203 267 352 574
11  90 125 229 277 314 347 360 646 740 745 970
12  58 204 254 334 368 513 599 684 706 728 787 825
14  248 298 353 356 685 706 718 765 820 852 863 885 922 940
8  271 304 322 341 359 427 805 883
11  5 41 139 187 208 486 519 528 592 667 846
5  478 511 581 956 997
14  134 208 254 300 301 381 512 703 742 779 821 858 984 998
8  47 132 170 335 405 707 800 803
13  90 110 243 332 537 552 663 671 844 858 877 953 995
10  51 250 255 615 655 672 743 827 855 934
12  28 85 135 257 367 618 646 705 721 967 968 970
6  144 190 405 661 746 991
10  269 308 628 655 689 714 763 822 838 843
9  266 304 306 378 579 582 635 643 715
6  259 328 502 655 723 793
15  113 359 433 435 437 445 470 510 678 690 694 738 775 894 964
8  250 280 370 482 525 610 643 669
11  109 183 326 331 375 495 564 604 763 822 947
10  195 241 283 306 421 441 551 606 664 847
8  85 432 513 642 858 914 927 966
14  393 422 495 497 546 597 626 641 699 826 827 943 950 977
14  17 144 159 262 334 376 411 531 543 566 843 852 862 934
9  63 141 172 405 495 536 625 802 960
4  263 526 590 828
6  58 368 440 486 524 764
8  177 358 461 573 581 910 922 923
7  46 230 521 546 730 908 977
13  130 214 276 389 474 522 526 677 751 765 844 856 948
7  112 247 306 363 454 457 509
15  93 210 259 293 294 316 347 350 562 625 752 775 785 823 993
10  271 282 328 390 454 463 712 760 763 949
9  3 51 57 100 209 474 526 531 982
12  5 111 177 349 411 534 571 692 780 826 902 953
9  120 124 144 178 335 587 688 914 953
8  11 139 199 243 462 749 829 905
6  277 413 467 570 675 765
13  61 298 368 388 475 576 599 646 792 859 882 919 985
7  452 496 583 651 866 915 938
9  108 184 239 261 382 488 599 613 921
11  33 258 270 319 392 416 478 480 800 817 857
10  14 63 263 331 335 359 376 868 876 881
13  49 95 196 199 201 240 478 530 551 553 670 864 944
9  48 187 194 199 473 738 768 860 888
6  59 133 350 609 613 776
16  16 38 80 122 240 290 300 568 586 710 751 780 843 914 924 943
6  222 408 541 614 696 936
7  288 419 489 637 646 752 940
7  59 228 398 666 820 837 854
1  965
6  455 470 526 694 902 923
15  38 60 197 222 264 267 307 320 382 495 690 798 875 932 983
13  8 31 107 163 173 188 511 645 678 809 814 869 881
8  5 50 54 93 148 360 787 899
12  57 78 276 279 310 494 533 690 851 861 937 977
9  43 137 374 445 470 625 789 876 887
7  204 223 287 536 591 673 703
11  29 47 234 355 499 616 704 712 850 855 946
13  253 297 305 346 376 445 463 569 686 752 813 823 961
9  117 118 179 462 494 625 702 806 939
8  187 215 386 404 413 519 798 871
11  69 266 323 331 416 616 700 804 882 905 996
13  94 288 346 423 436 463 503 562 613 623 772 794 841
8  67 322 544 655 701 791 805 813
12  106 123 160 294 345 351 378 515 609 823 994 996
12  115 129 137 174 307 342 405 415 589 615 675 680
11  307 465 480 487 585 683 891 926 950 974 999
7  116 134 285 367 431 522 772
9  208 443 522 739 784 816 923 934 955
4  134 179 921 980
8  176 186 300 397 418 720 733 912
7  109 159 183 285 292 369 667
11  60 127 205 235 464 537 594 707 764 907 953
12  139 156 199 212 251 462 667 689 703 764 800 969
12  51 187 291 341 489 532 598 629 709 747 755 801
12  122 199 265 290 353 530 551 565 680 728 945 978
8  116 374 414 523 545 818 832 842
9  141 187 251 385 399 486 817 840 944
6  129 236 380 556 646 989
9  17 26 103 382 722 814 832 838 903
10  167 274 376 400 427 555 717 740 788 930
7  101 240 318 595 746 895 948
13  93 202 241 256 382 453 494 506 602 603 782 925 979
8  191 212 532 628 680 712 746 980
15  7 15 92 123 125 298 317 388 530 538 665 726 869 924 964
7  3 174 261 407 651 719 737
15  90 157 196 201 269 442 503 529 552 694 836 922 975 976 995
19  36 59 88 115 182 197 231 264 400 439 450 454 600 606 649 678 679 698 872
16  68 192 394 423 482 529 540 596 635 639 644 648 717 724 784 827
14  48 139 346 422 426 460 578 598 623 628 633 675 754 770
13  281 342 356 444 487 489 523 573 737 750 846 879 944
6  173 377 752 919 924 933
8  280 343 362 587 753 905 919 974
4  169 224 888 992
11  38 220 272 420 490 499 530 737 791 929 972
9  87 166 184 437 447 449 918 938 952
6  158 543 607 644 655 760
13  85 232 272 277 283 336 347 404 585 619 685 962 982
7  404 592 612 827 910 942 988
10  159 242 244 382 404 411 431 686 782 881
8  3 70 250 437 490 724 863 961
8  0 58 170 324 545 603 696 875
12  45 273 352 524 530 543 619 834 899 930 931 935
9  24 77 172 227 288 513 561 621 631
11  15 239 247 304 307 387 397 408 613 736 782
8  39 124 284 390 450 461 820 988
9  35 199 363 404 538 727 825 866 891
10  22 153 205 236 282 367 676 690 896 943
5  173 206 330 433 932
5  71 93 337 704 831
9  2 73 82 184 238 476 612 616 761
16  65 146 203 289 502 513 540 636 733 797 814 878 908 932 962 984
13  65 145 182 253 269 464 584 624 656 758 774 850 855
8  220 238 437 517 704 918 939 970
12  40 239 243 289 309 529 721 777 866 910 912 932
6  169 277 302 318 760 858
9  51 81 723 734 750 834 838 860 893
15  70 90 174 206 312 331 351 442 580 638 702 710 834 835 872
10  40 111 159 542 577 716 719 945 957 978
12  7 90 197 201 250 309 472 547 644 707 761 798
11  220 238 283 348 423 527 542 545 896 898 957
8  78 384 437 558 679 689 784 906
6  139 239 534 544 602 886
7  71 84 283 538 541 567 810
7  34 141 245 400 457 587 907
8  152 218 269 450 507 539 770 874
9  14 168 198 242 325 557 663 773 893
8  50 282 342 605 689 735 871 926
14  13 73 75 138 260 405 441 469 596 651 696 749 912 981
12  6 17 161 162 180 344 432 447 506 548 595 883
10  275 277 388 486 586 696 704 712 766 987
10  61 71 329 400 463 510 656 705 745 925
9  134 152 194 197 510 647 676 684 836
13  11 41 79 95 128 252 322 497 509 521 570 655 871
7  181 236 365 595 654 729 801
9  29 83 130 177 610 677 715 910 919
7  373 436 621 691 757 910 983
7  156 315 485 596 635 772 863
12  18 28 40 242 246 342 645 788 856 888 903 908
8  118 267 351 402 654 692 842 949
8  117 332 379 487 510 686 878 900
5  314 399 456 520 598
11  59 218 294 302 341 499 645 800 859 886 984
12  228 374 431 458 486 555 688 816 852 863 879 883
10  163 222 346 382 563 781 868 892 933 968
11  192 241 242 243 309 545 649 806 831 876 948
8  131 138 199 319 480 534 618 885
6  113 250 388 656 806 933
9  270 308 320 546 843 882 934 970 979
11  520 526 547 562 680 751 755 761 777 935 965
8  79 143 556 577 594 609 657 669
11  92 199 266 330 408 475 587 622 673 803 830
9  102 191 263 414 538 672 734 949 962
14  28 77 105 124 175 190 225 407 452 528 556 579 771 892
7  70 456 504 653 665 964 999
8  135 380 457 467 470 642 874 945
9  135 281 311 447 460 625 674 833 926
10  58 150 164 176 365 385 408 629 733 896
6  163 475 651 744 916 979
8  168 293 347 573 630 731 828 985
8  101 237 608 612 627 674 732 756
11  86 175 271 306 379 817 857 862 888 893 990
11  132 165 498 526 531 575 819 843 851 987 998
8  99 121 278 337 531 590 773 894
9  14 107 401 427 593 724 823 831 862
14  6 218 235 293 406 482 521 609 622 624 627 639 926 987
13  29 109 430 539 581 621 656 694 727 792 803 861 997
12  58 97 114 224 233 301 414 456 526 692 774 861
10  71 91 123 325 358 530 679 680 798 980
14  159 167 223 303 305 433 467 676 701 749 784 798 956 966
5  76 163 365 840 930
16  32 39 141 236 570 646 648 744 748 802 850 861 865 929 930 958
9  4 5 40 303 313 431 894 944 961
13  65 75 234 264 434 480 603 655 689 746 881 941 984
13  135 255 408 525 551 588 596 625 835 838 962 965 989
12  140 188 300 313 454 528 557 573 685 814 817 937
15  93 118 221 284 408 423 430 485 567 595 601 772 779 853 968
10  24 77 289 306 524 620 622 681 766 944
12  45 101 116 346 360 367 479 543 612 653 901 980
10  195 214 231 312 369 436 463 671 736 980
8  1 76 242 327 341 653 833 907
15  11 49 66 80 83 365 460 464 484 494 545 692 693 744 967
11  58 181 258 290 478 653 689 691 766 836 859
9  195 216 279 434 790 824 859 943 949
9  18 159 247 280 351 409 612 687 972
7  89 158 290 828 841 908 922
5  94 151 319 708 887
15  215 245 273 286 414 588 621 661 711 730 733 785 877 930 953
7  49 138 264 580 592 737 784
9  25 185 189 227 515 621 881 900 909
10  48 92 211 504 529 651 744 848 914 946
14  57 93 125 138 212 262 315 473 659 661 746 792 820 831
8  132 293 589 669 677 743 908 964
17  41 48 49 79 81 112 152 157 272 405 639 672 703 790 852 888 923
13  205 218 220 238 241 253 324 347 352 582 753 825 910
6  48 92 125 389 423 977
10  88 235 381 410 594 737 797 912 972 987
9  6 117 306 422 453 494 627 764 907
11  8 62 249 422 478 481 547 569 620 743 913
15  78 113 200 211 239 346 355 434 584 653 715 777 819 847 848
10  114 123 233 404 515 612 733 887 896 912
8  290 357 435 476 594 713 720 752
11  11 13 74 227 350 585 622 652 686 759 770
6  38 376 465 620 820 836
6  36 321 406 442 746 956
9  196 205 462 543 649 659 712 853 936
10  79 89 197 504 543 574 646 722 739 845
10  313 368 452 473 561 595 608 694 852 877
6  34 185 329 411 806 856
14  66 193 244 253 308 372 373 389 405 452 557 656 929 962
12  189 277 295 297 439 445 466 581 607 711 815 980
6  458 559 607 684 783 917
17  131 148 171 200 358 387 454 495 556 620 672 847 854 916 919 959 989
10  387 416 460 569 695 800 873 899 949 993
8  100 119 126 200 589 904 906 993
10  182 255 342 386 423 627 675 813 880 936
6  52 57 150 523 890 999
5  62 175 230 542 868
7  99 173 353 403 525 840 903
14  159 270 344 440 453 458 459 498 499 647 714 916 979 983
11  228 249 275 336 368 469 635 653 684 752 951
13  109 195 208 354 416 451 564 610 732 756 832 943 973
8  54 149 226 344 352 397 706 804
11  7 245 276 345 364 366 449 514 739 757 939
10  33 223 300 369 390 558 559 611 834 984
8  93 185 261 366 558 580 776 971
7  103 283 370 537 562 815 934
13  2 173 206 264 402 556 659 676 836 851 863 876 978
5  63 179 328 522 909
13  78 171 202 333 359 445 459 470 484 811 907 922 962
14  84 113 140 177 383 552 617 625 729 768 817 909 957 980
11  5 166 262 325 386 408 507 721 812 960 993
18  116 119 126 200 288 399 512 636 645 671 702 806 883 908 929 976 980 983
16  45 110 120 128 205 324 398 448 518 543 615 902 905 927 946 963
9  48 51 87 456 481 621 790 798 836
17  25 88 151 200 254 426 463 469 629 698 720 768 788 810 846 853 860
9  105 132 144 151 186 438 579 816 836
6  15 41 120 151 428 939
12  2 105 215 352 414 494 533 585 763 836 848 910
7  130 193 229 396 760 787 976
7  144 441 464 517 697 776 883
11  35 110 190 278 310 388 435 696 747 957 980
9  9 377 519 608 717 815 896 971 990
11  204 226 256 341 398 469 476 603 630 776 944
15  16 23 106 125 153 296 302 303 336 449 461 576 593 751 796
9  79 83 579 605 676 684 764 958 992
7  139 309 327 668 784 814 981
15  64 118 200 215 314 337 411 504 663 730 763 865 914 935 943
13  8 13 241 268 360 377 435 436 603 664 714 955 999
8  16 180 221 421 613 956 979 983
12  88 249 267 351 404 451 481 526 529 684 782 865
5  17 371 479 678 894
13  46 188 368 464 467 608 674 680 788 830 872 918 955
6  21 36 423 431 779 822
7  134 300 343 544 563 732 777
9  45 91 231 375 528 657 698 780 882
7  28 197 237 614 713 900 901
12  30 47 158 362 376 380 503 624 644 777 869 920
13  57 93 179 194 233 293 447 628 631 665 711 771 800
8  81 366 646 768 782 795 817 904
6  20 67 157 344 565 885
13  6 57 145 256 314 485 749 759 760 762 794 884 930
9  254 365 366 406 412 482 514 615 712
7  19 92 118 131 419 805 819
13  46 154 225 318 371 373 433 434 512 529 604 645 909
9  10 37 167 420 446 564 576 631 925
9  100 103 199 311 404 620 668 805 983
9  108 193 397 461 464 495 774 776 853
7  86 390 484 572 628 869 971
6  136 226 658 716 815 916
9  34 60 229 445 673 675 696 736 888
15  7 42 103 121 136 216 310 424 514 607 609 738 808 929 983
10  169 247 431 490 584 597 624 815 959 974
16  60 189 319 376 431 441 450 690 735 764 787 807 859 944 958 972
9  1 23 98 190 396 406 760 782 963
6  96 162 464 473 707 740
8  37 113 133 312 582 735 877 942
12  25 103 126 129 232 617 669 738 870 871 878 979
9  111 182 286 297 480 535 708 729 946
9  73 77 318 442 466 503 610 750 914
7  193 284 369 621 655 737 884
8  62 327 415 602 696 747 862 889
14  53 68 109 238 299 358 418 461 501 506 538 608 959 985
6  117 120 183 518 551 974
16  4 51 81 188 191 207 367 427 486 512 520 556 764 835 836 849
11  80 305 392 395 420 431 466 678 722 740 812
9  77 308 585 589 755 814 874 881 912
10  36 165 171 198 264 336 474 563 715 813
10  36 70 148 402 512 539 689 851 955 983
16  216 302 404 438 442 545 573 644 687 769 801 848 877 882 907 953
7  250 328 437 715 745 776 998
11  64 216 284 378 411 603 651 657 707 741 785
12  9 43 90 387 450 477 575 719 747 806 820 956
9  288 330 532 660 799 801 816 862 986
14  13 51 76 181 230 260 341 351 483 542 603 780 926 960
9  13 173 382 448 545 558 612 615 646
13  121 148 250 295 337 481 488 519 568 638 677 946 952
6  175 178 250 551 746 922
9  10 20 110 351 590 755 788 878 941
8  64 175 291 433 452 639 685 686
15  20 25 35 167 183 203 318 398 485 574 879 900 907 910 955
11  57 71 72 110 453 501 590 640 651 750 811
10  19 154 215 292 423 586 720 762 801 835
13  120 125 151 252 337 427 456 531 629 695 772 891 947
12  60 247 277 461 464 485 513 601 604 817 822 904
9  162 272 346 519 670 743 797 824 837
5  123 185 282 511 670
12  178 181 213 341 362 370 435 488 720 775 832 987
4  7 147 253 267
8  143 197 479 540 559 648 709 862
6  36 389 654 768 955 981
8  90 545 552 567 661 710 791 872
11  87 121 270 285 306 488 490 704 855 929 967
10  46 152 192 279 775 825 908 938 979 998
6  57 154 618 839 853 970
9  210 336 435 437 469 580 800 892 980
7  10 69 139 470 512 575 604
7  67 340 348 590 720 745 834
11  2 107 200 239 363 410 531 702 811 855 909
12  132 174 237 333 386 410 612 636 686 788 878 933
5  24 407 856 894 971
8  186 252 287 387 495 553 693 818
13  21 37 234 296 356 411 456 474 547 579 671 732 991
7  137 214 350 415 489 855 976
8  114 157 299 526 555 590 645 993
9  0 24 47 67 123 517 755 979 992
6  15 146 363 534 679 874
13  235 325 409 452 488 568 625 704 800 832 899 911 967
9  8 28 343 454 506 549 585 642 922
15  0 14 40 47 366 369 432 471 559 717 876 908 913 932 987
11  103 226 250 293 321 462 529 600 864 870 920
14  115 169 253 302 309 358 421 435 546 548 581 813 949 986
6  5 385 401 450 550 593
6  409 419 547 568 659 766
8  323 412 508 593 604 707 811 936
11  10 80 148 186 249 300 313 350 483 847 903
14  71 96 133 144 221 412 431 516 524 537 541 546 831 977
8  98 260 334 474 576 845 911 931
9  135 225 228 266 366 522 530 562 758
7  70 229 630 705 846 902 935
9  64 68 95 150 184 205 311 709 948
9  7 36 103 165 200 455 675 871 920
8  126 323 439 596 680 860 896 935
4  39 908 910 994
11  36 50 208 329 341 361 503 742 747 849 866
11  70 123 145 190 256 300 304 378 526 582 771
11  6 108 200 228 244 410 445 596 752 775 919
9  9 81 224 500 590 617 639 812 912
6  227 360 615 756 784 885
8  63 205 434 437 657 682 738 764
8  9 96 328 509 835 919 922 934
5  207 364 417 652 739
10  32 174 218 288 337 583 585 723 902 991
9  10 22 47 235 565 583 636 774 795
14  7 59 184 254 354 362 442 447 459 550 567 636 880 951
6  350 366 463 696 786 893
16  98 263 313 360 366 402 520 521 567 694 715 820 827 847 878 993
11  35 112 324 332 423 583 722 750 894 897 966
12  229 357 447 492 498 524 529 531 669 674 730 986
11  140 163 176 187 268 501 641 663 818 938 997
15  229 231 265 268 335 344 361 362 487 507 649 671 810 898 915
9  17 73 113 184 290 391 564 646 759
12  8 31 43 213 226 258 449 482 516 598 761 984
12  77 185 230 286 335 549 601 721 825 844 861 896
8  23 232 313 479 659 724 760 833
10  257 270 397 404 446 554 619 621 685 982
4  215 392 401 805
4  142 215 270 415
8  61 82 149 486 613 765 807 833
7  24 261 448 583 718 745 928
14  28 47 64 86 209 263 279 386 491 539 621 748 749 958
8  97 248 254 516 681 846 852 873
10  20 70 297 351 496 505 629 878 958 977
6  146 167 381 615 626 982
9  84 161 263 446 567 714 744 933 952
8  13 202 379 609 649 826 950 993
16  45 57 85 88 105 150 301 452 460 496 608 750 784 815 870 922
13  236 406 457 460 564 570 577 596 614 628 765 828 984
10  127 397 434 485 492 494 696 796 839 950
8  83 163 338 486 582 691 943 976
12  66 221 237 325 376 435 448 688 810 874 925 934
12  110 218 219 298 327 486 513 619 746 782 805 985
6  43 90 136 153 247 681
11  34 201 215 316 445 482 604 728 746 786 967
8  37 111 230 274 466 534 959 962
7  367 423 584 861 864 865 969
8  46 291 372 639 700 875 878 998
9  27 472 522 587 590 772 802 852 946
6  94 407 662 774 824 844
9  291 466 542 665 694 762 763 788 804
6  245 280 484 541 718 898
11  76 110 228 273 371 384 466 496 499 713 939
10  54 239 249 306 485 510 552 617 821 922
9  83 147 238 489 614 698 708 873 963
12  86 93 130 137 411 606 610 691 776 794 902 929
16  170 338 372 431 466 555 595 630 648 674 675 705 859 890 923 927
9  145 233 294 362 514 552 834 865 992
2  224 961
12  66 103 104 105 112 206 256 272 295 371 628 891
14  14 18 29 71 134 199 215 409 482 730 784 895 909 930
12  171 210 268 280 383 421 515 554 705 783 784 846
17  91 159 326 394 419 495 525 559 624 773 794 844 860 877 912 946 975
11  52 110 157 163 180 182 237 415 696 788 881
7  190 333 339 405 787 902 957
7  202 324 325 352 556 675 786
15  28 39 105 214 253 297 328 400 513 591 613 635 689 726 767
9  268 340 342 435 602 667 741 883 940
6  42 66 550 785 827 976
10  82 158 173 193 244 418 632 656 831 906
15  71 287 329 373 408 477 592 605 695 763 781 806 868 915 992
7  46 67 219 227 550 837 941
4  357 548 635 782
9  76 288 414 518 570 600 692 810 943
11  53 269 339 407 468 558 649 680 797 855 949
9  100 271 291 499 583 749 815 894 955
8  25 255 337 406 536 645 856 867
7  27 95 203 204 505 921 967
16  68 94 126 182 201 221 259 308 363 391 564 592 625 664 673 772
6  277 603 650 691 781 887
4  561 562 818 931
9  95 241 511 586 611 692 735 944 975
8  10 86 170 290 309 801 822 947
6  243 642 657 773 783 949
4  442 525 938 940
6  172 182 655 800 811 883
16  73 105 149 178 259 278 279 291 342 401 508 535 624 779 953 984
11  26 135 335 433 480 530 728 763 933 968 997
14  22 114 175 270 305 432 438 461 488 641 678 681 810 879
13  179 189 205 270 355 384 570 680 687 748 805 825 852
12  22 207 247 254 313 321 337 386 412 783 787 910
9  68 142 185 254 589 598 702 936 995
18  4 22 101 106 119 127 296 321 355 438 443 708 712 725 742 915 920 948
11  242 295 433 437 560 590 624 653 729 819 889
10  93 216 348 474 498 519 597 716 747 755
6  31 225 458 522 610 835
9  25 134 246 279 467 716 901 936 974
12  92 123 210 285 295 360 429 526 683 774 859 886
8  74 437 458 473 546 581 618 916
5  96 519 659 897 989
14  22 61 64 216 235 276 352 389 489 573 714 773 910 988
7  271 371 380 607 677 797 804
12  101 135 162 264 360 364 738 794 811 839 902 962
10  239 301 375 386 497 723 740 865 866 925
9  101 229 250 368 555 716 805 854 866
7  93 111 131 279 298 338 554
8  227 256 492 555 651 734 927 989
13  44 159 213 215 305 333 382 591 637 760 814 849 977
6  88 203 225 307 531 618
10  35 37 93 181 218 334 537 764 797 843
6  56 347 551 581 601 806
14  147 160 173 240 309 328 510 537 574 608 757 801 882 987
10  35 130 161 383 546 556 761 873 970 971
12  149 217 225 440 443 471 557 696 727 755 833 874
8  225 235 360 602 618 664 702 794
10  95 162 187 219 382 383 505 513 518 953
15  0 32 111 250 273 288 310 433 602 698 744 773 782 881 904
17  41 65 79 211 336 558 567 577 591 667 704 734 799 811 838 894 937
12  37 64 68 137 185 241 361 588 623 630 746 787
14  78 118 187 246 258 273 281 310 533 587 624 800 842 920
4  72 209 585 879
9  216 285 291 390 395 397 401 536 999
11  42 161 175 258 441 481 642 649 659 767 892
5  419 676 697 745 837
11  134 226 241 249 321 520 580 636 703 799 823
11  22 56 61 161 235 322 474 564 648 735 764
9  335 458 474 613 658 724 756 959 994
10  125 393 504 555 628 670 674 758 948 958
8  49 197 213 281 443 587 740 793
14  34 38 293 328 343 439 470 471 575 735 756 883 934 980
10  43 157 164 495 624 681 722 751 891 940
7  116 207 249 777 802 886 977
5  298 415 517 850 968
11  12 46 48 188 204 566 574 701 768 881 883
9  4 184 257 315 370 699 703 772 937
12  46 72 152 179 284 432 601 620 724 786 978 988
7  204 240 256 302 467 555 830
16  23 94 171 268 368 389 405 501 520 616 642 648 669 752 909 935
9  300 341 513 643 685 703 735 749 908
6  187 235 274 396 733 941
11  143 182 267 306 310 384 398 493 823 896 934
13  11 31 83 136 149 290 374 385 387 587 670 683 739
10  72 96 146 366 593 637 659 673 868 993
11  45 302 313 318 333 433 638 684 822 860 961
13  53 80 96 329 399 445 673 687 702 838 889 895 962
13  100 106 278 318 522 542 643 666 692 701 711 852 912
8  376 541 567 621 650 773 862 890
8  364 384 451 568 653 715 757 877
7  485 542 561 659 805 903 948
14  60 65 88 187 203 244 384 537 599 630 689 804 852 927
13  24 27 29 57 218 273 327 407 475 626 643 779 960
11  44 378 382 397 542 607 670 718 751 757 906
5  27 139 448 685 831
10  168 225 364 439 607 687 758 795 803 842
9  63 100 148 225 397 420 659 720 941
8  353 531 582 779 841 851 858 943
7  288 307 365 482 617 742 912
4  21 117 508 590
12  68 92 263 285 350 574 595 718 732 737 845 872
9  160 196 212 253 472 539 761 797 899
12  378 422 460 518 566 586 599 796 833 843 940 956
7  88 135 288 334 800 929 935
5  131 237 366 713 856
4  340 431 502 613
6  35 139 356 560 659 707
10  22 137 138 146 398 456 857 894 955 977
5  12 58 312 426 641
9  13 238 270 290 294 322 544 575 899
10  8 26 109 117 310 387 411 460 483 742
11  229 268 277 402 518 544 547 738 806 890 970
11  0 70 195 206 406 649 673 723 781 782 925
5  342 368 377 894 959
8  119 246 331 477 682 850 894 979
11  239 289 418 460 505 514 528 621 707 749 893
11  11 66 248 302 311 439 444 537 544 690 977
9  147 155 290 362 469 482 787 825 987
11  33 139 171 362 529 637 769 836 894 899 902
15  34 73 74 234 344 393 440 490 569 598 641 668 798 809 811
7  0 82 96 222 610 618 632
7  31 108 183 342 364 864 895
9  23 180 224 407 429 610 705 889 923
13  30 34 38 56 155 168 173 256 330 351 442 613 978
5  126 534 567 645 662
13  11 159 181 261 518 731 747 755 771 781 783 791 939
14  92 94 120 196 256 270 336 364 521 571 740 791 958 991
13  48 81 90 100 108 174 344 432 798 814 918 928 977
12  28 38 168 169 309 324 364 453 500 803 908 936
7  80 89 299 723 850 895 942
5  60 244 464 824 872
12  39 128 152 332 390 527 650 652 672 864 884 982
8  284 431 717 765 774 800 885 983
8  29 62 421 466 542 557 688 822
14  15 78 232 342 454 456 494 519 590 644 742 782 926 998
7  90 112 129 158 288 729 975
12  131 172 294 376 504 616 622 741 862 879 920 965
5  94 117 315 734 972
7  52 129 342 396 491 866 945
11  124 126 223 300 395 490 493 496 536 756 761
9  28 102 108 184 211 212 239 725 731
12  69 128 260 512 514 519 585 621 647 886 930 998
10  82 107 126 151 187 295 301 317 638 846
9  27 33 154 337 342 443 457 860 972
11  125 155 204 328 339 514 660 714 747 943 958
10  2 135 337 417 596 621 634 671 743 938
11  334 369 564 616 628 629 675 771 800 819 918
9  338 360 413 416 643 697 703 757 852
18  25 48 81 180 289 303 455 560 623 644 661 699 720 733 755 798 943 953
14  15 92 236 317 398 402 582 755 842 847 851 876 885 898
9  48 327 628 664 717 728 751 756 766
7  371 406 450 621 679 861 947
12  4 86 149 330 401 449 451 472 481 618 977 993
15  84 156 159 218 233 290 410 457 563 591 618 699 765 776 894
12  132 181 215 458 536 614 710 721 763 797 823 897
8  127 230 231 301 419 462 702 796
9  217 230 315 335 407 787 850 867 879
8  438 509 551 662 831 874 893 982
9  109 213 425 493 622 640 652 659 784
11  36 68 155 232 344 425 620 643 719 773 878
11  150 260 293 556 650 699 707 884 891 902 904
11  24 227 271 367 383 423 470 549 750 828 876
9  81 266 359 662 700 703 925 949 962
10  28 478 505 590 597 656 802 858 897 953
13  129 182 317 360 362 380 462 491 527 675 730 817 910
9  51 302 333 339 492 689 766 789 920
10  64 204 219 522 584 639 743 817 829 970
13  42 139 177 383 418 434 670 823 830 896 907 952 974
3  39 529 934
7  274 578 685 760 799 833 898
13  32 96 165 181 295 445 602 626 667 670 823 945 970
13  6 212 306 456 478 503 666 693 729 764 774 827 951
9  168 298 322 474 512 743 793 854 912
10  43 250 271 343 594 660 689 932 962 972
11  124 156 383 462 629 746 750 755 783 970 979
6  95 572 770 902 978 999
8  20 159 242 251 328 653 719 731
9  123 194 231 321 469 591 736 760 874
10  12 32 172 216 337 443 455 591 764 842
13  20 200 282 351 385 500 552 596 632 634 770 888 945
12  44 358 359 363 375 420 616 707 712 714 983 984
8  118 205 278 391 569 601 847 975
11  72 103 208 244 292 334 358 465 544 766 889
11  51 136 308 426 505 683 698 744 881 940 966
15  40 98 130 157 393 464 473 486 674 688 738 740 777 789 894
4  180 193 463 891
6  71 198 220 292 436 921
15  30 169 304 307 323 330 353 393 438 502 537 566 752 779 954
10  62 411 452 462 556 580 581 704 866 969
10  11 104 194 415 423 670 704 817 926 963
7  170 250 338 340 487 772 880
10  78 156 202 207 576 620 811 950 971 978
10  87 135 140 182 213 401 503 806 852 976
17  94 134 143 180 348 352 383 548 582 706 714 733 772 814 883 889 989
6  27 278 439 566 808 892
10  80 95 147 368 436 522 620 674 913 938
6  8 43 45 494 505 735
5  93 336 418 826 897
9  182 310 369 455 480 584 689 928 972
9  4 88 128 287 412 459 461 573 780
12  88 107 179 249 254 297 300 424 674 719 859 929
10  24 270 310 322 340 389 629 636 641 917
8  133 251 415 664 665 668 856 915
6  25 93 400 704 797 942
7  102 216 217 277 446 496 498
12  166 213 248 258 288 382 456 613 798 833 862 915
10  50 70 156 171 277 381 685 710 733 766
10  23 141 227 285 400 440 523 525 647 942
5  230 426 790 885 940
12  104 116 166 184 190 206 301 325 696 733 854 952
17  45 50 68 110 255 374 411 471 508 526 608 694 726 749 860 900 999
9  52 262 383 399 557 706 776 857 961
11  16 71 239 268 301 354 379 624 964 996 997
8  5 63 67 116 482 539 549 583
14  236 283 353 398 501 672 674 750 796 830 840 872 929 967
12  17 152 320 443 453 459 523 555 556 735 918 949
4  103 108 371 387
12  183 204 209 218 272 480 562 594 598 743 843 844
20  109 142 172 193 195 240 286 371 376 491 518 544 548 554 654 717 773 828 833 884
9  157 171 183 208 539 561 735 796 807
8  68 95 463 551 731 785 795 797
12  118 171 263 278 407 431 438 464 475 615 695 875
15  29 36 61 65 162 180 236 333 423 676 689 738 844 908 918
9  27 379 495 573 802 803 901 955 997
10  166 171 203 221 700 716 750 806 834 864
16  19 89 95 264 274 383 404 472 549 553 636 655 687 758 816 963
12  80 163 241 309 378 549 577 604 866 938 956 961
9  165 249 345 401 463 494 691 705 719
9  109 264 271 650 662 689 745 889 990
6  414 523 582 665 764 822
2  95 761
4  548 582 649 789
9  20 94 143 226 411 417 737 740 795
11  117 238 325 359 360 469 604 628 814 871 991
12  53 452 487 521 697 716 739 799 915 924 935 955
7  123 302 488 545 657 827 853
9  94 171 199 305 353 392 569 654 960
5  307 561 749 901 965
11  27 365 433 511 522 604 780 787 842 877 902
7  26 161 334 428 467 482 646
14  20 23 483 490 495 550 562 710 854 906 908 948 972 997
12  94 102 125 263 295 537 551 667 803 848 891 925
11  58 144 148 238 270 330 421 527 677 952 978
16  7 17 43 53 84 177 212 265 301 367 642 726 772 799 800 990
10  0 138 225 544 610 744 750 816 866 942
12  94 177 315 401 470 482 697 757 828 883 978 983
12  93 151 211 366 381 419 467 515 634 728 892 923
9  424 491 534 563 631 751 805 885 939
13  44 91 134 164 196 297 307 451 675 680 869 933 977
4  208 357 534 561
13  0 2 160 184 186 188 205 226 438 492 579 713 895
6  140 145 316 621 639 874
16  16 19 21 69 102 139 179 286 430 628 679 739 885 946 957 995
12  118 137 153 172 215 414 566 661 811 830 884 905
8  156 261 297 355 428 638 698 933
7  275 471 771 799 840 860 947
17  197 211 233 339 370 444 467 487 493 499 509 561 673 782 818 831 883
4  299 547 576 953
13  18 193 197 317 551 656 665 728 762 810 867 872 889
8  394 527 560 565 631 679 936 987
6  15 132 253 365 671 810
8  25 254 423 459 553 605 934 942
15  90 160 264 395 605 632 661 693 712 776 801 855 906 920 951
12  54 490 574 747 757 762 792 843 855 864 886 932
8  11 77 79 412 462 573 644 672
9  252 272 522 605 736 770 796 852 998
9  23 156 198 283 364 482 814 859 941
14  48 311 312 472 486 496 570 573 592 699 816 876 909 943
11  15 185 238 328 366 548 663 722 735 783 911
12  16 158 199 218 534 617 667 680 696 713 857 872
8  62 157 276 423 487 489 515 659
14  162 166 258 364 401 472 587 598 603 617 731 760 911 930
11  42 71 95 221 276 347 401 410 549 567 651
10  113 138 175 233 251 468 625 763 980 984
9  34 141 198 302 446 645 707 729 879
8  22 58 93 257 291 433 766 988
12  93 127 174 332 554 655 662 709 711 747 800 930
15  71 81 89 155 174 258 348 419 434 651 672 753 754 984 999
9  3 183 377 388 433 475 790 828 860
4  355 517 833 916
5  72 442 486 586 925
10  8 138 217 226 251 256 488 687 760 772
13  9 103 181 305 371 483 497 572 609 697 799 918 934
6  64 105 146 208 305 325
10  190 295 434 489 498 628 684 769 851 938
7  40 149 386 536 587 767 813
20  19 79 127 133 179 188 294 411 494 568 576 601 625 631 700 745 746 774 788 817
8  2 22 57 60 113 279 519 889
13  142 188 385 400 424 630 694 745 784 892 965 976 986
9  39 145 173 187 418 426 490 749 970
5  187 327 574 665 878
12  22 56 92 172 213 362 395 613 691 778 835 886
7  219 309 415 624 806 821 866
17  52 107 134 136 247 276 287 361 384 408 458 612 672 754 820 845 911
8  246 468 550 637 648 685 757 944
8  93 241 261 399 461 586 657 761
8  27 479 551 556 563 670 852 940
6  67 392 565 627 689 914
6  69 175 478 490 925 945
9  4 65 123 238 324 436 459 489 558
12  13 62 79 199 469 479 483 550 565 822 872 946
13  63 115 119 136 318 333 462 591 592 606 782 805 929
11  17 137 345 401 406 525 630 803 836 868 935
7  8 9 228 596 614 749 781
11  14 78 125 281 297 340 509 518 563 583 677
7  192 284 399 437 823 867 869
9  80 315 346 679 712 745 802 824 835
8  51 123 317 557 609 643 717 919
7  193 216 264 490 679 852 951
11  37 63 89 136 211 268 437 583 665 709 734
10  207 262 397 507 653 672 774 839 876 887
10  19 225 254 380 445 547 583 596 747 882
13  20 141 205 293 296 362 492 728 756 825 864 922 965
11  124 275 439 441 449 627 637 791 812 941 977
13  86 94 248 335 535 553 621 710 797 834 852 854 872
9  9 375 396 496 503 725 759 835 934
11  91 124 298 562 579 603 630 731 824 830 892
11  76 207 241 308 313 323 499 551 726 775 851
6  17 120 237 369 557 742
6  85 212 291 363 475 671
10  21 122 358 448 515 532 730 828 865 901
7  94 106 170 370 471 480 808
5  437 543 718 789 916
8  90 411 613 646 720 856 906 945
10  112 172 458 745 777 786 801 920 937 980
12  8 81 389 432 553 649 661 715 789 820 829 857
10  140 236 284 438 538 574 677 832 878 993
11  33 193 253 364 405 567 723 734 889 919 946
10  165 528 543 579 623 674 719 848 967 975
6  166 227 260 328 503 745
14  76 117 163 193 206 484 551 596 609 612 770 788 830 919
10  122 158 451 462 540 712 730 889 972 973
13  133 279 282 426 470 474 483 599 618 622 671 764 962
8  110 185 276 580 668 798 821 975
10  0 91 96 100 194 202 286 503 635 986
12  22 49 277 283 355 447 514 587 625 761 775 788
10  74 212 229 357 486 637 655 781 982 996
10  7 86 281 291 448 473 529 587 635 967
7  297 412 539 796 845 851 936
7  13 350 437 501 513 537 721
10  16 198 204 311 548 569 575 620 744 877
12  164 177 187 196 380 461 586 647 743 783 903 923
14  7 137 296 323 375 468 631 689 691 709 727 732 920 996
16  18 87 89 179 197 210 303 387 389 463 577 689 831 834 846 977
13  80 247 287 298 350 439 528 547 666 679 714 764 965
3  177 376 434
15  41 134 175 267 376 420 483 518 613 640 692 706 847 893 993
12  96 122 285 307 363 382 564 577 617 627 647 760
11  2 34 51 155 250 475 496 553 650 842 880
11  36 53 64 97 207 226 352 482 590 765 808
4  98 200 680 957
8  95 680 696 796 867 908 923 994
15  80 155 292 304 331 439 458 528 551 552 577 810 818 839 962
10  166 227 354 471 474 542 553 715 830 876
11  142 229 456 492 496 550 648 666 697 895 904
9  118 344 472 498 628 826 836 931 993
7  208 267 367 718 827 920 992
14  37 102 121 245 267 280 370 452 572 580 674 684 750 881
11  116 125 155 368 457 504 542 633 698 738 890
8  267 308 395 661 666 778 794 812
14  19 24 37 244 253 395 415 432 557 676 797 830 959 965
18  31 78 79 203 251 279 290 355 454 470 574 581 632 735 747 794 952 968
10  9 34 42 374 383 535 556 752 841 996
11  136 183 188 339 553 568 585 609 678 775 954
6  411 467 688 832 974 991
9  49 236 241 265 316 478 844 874 956
7  295 521 687 828 861 904 934
8  95 131 208 578 582 668 733 948
9  159 264 351 528 549 658 858 880 992
16  68 73 143 182 309 393 423 479 593 596 646 684 819 830 944 988
10  132 169 407 428 445 461 491 562 621 930
13  118 173 273 359 394 442 535 574 689 713 810 872 877
8  22 36 313 319 352 720 738 766
14  50 231 246 249 273 296 400 556 614 665 800 846 861 940
8  120 155 205 260 263 476 587 727
5  0 694 762 805 951
11  13 182 259 431 495 500 590 819 862 908 926
6  39 51 261 300 602 641
8  150 415 424 515 528 706 739 832
15  88 105 110 256 265 280 387 417 461 515 537 659 704 884 928
12  217 406 428 435 528 577 671 744 801 859 926 944
14  74 94 127 175 194 252 354 382 405 406 561 691 797 827
7  36 193 297 413 623 806 989
8  361 389 410 480 727 789 852 955
10  8 59 245 279 409 435 463 520 559 641
14  86 144 241 258 304 325 395 408 689 733 738 827 878 928
8  61 568 587 634 725 728 786 850
7  1 189 199 240 611 681 814
8  69 100 317 528 529 716 805 938
7  43 172 197 666 942 952 978
5  21 473 575 833 859
12  68 267 400 407 447 459 762 764 847 873 881 897
7  265 359 498 623 635 880 912
10  250 384 505 558 617 622 668 741 754 803
17  117 202 311 419 446 454 504 557 606 623 717 763 784 833 844 892 895
12  57 66 125 174 175 240 522 530 551 608 736 839
8  299 462 469 572 637 646 658 685
17  14 46 79 148 219 264 321 333 430 464 506 535 549 646 679 776 968
12  80 140 295 299 308 427 456 665 727 783 902 986
8  29 177 393 476 566 626 709 925
13  14 157 172 498 531 626 644 705 796 819 870 882 958
7  67 228 395 446 494 839 891
13  10 69 269 272 372 387 434 449 493 650 704 778 791
15  65 151 153 214 238 298 415 455 514 595 627 695 785 848 909
7  279 374 622 814 837 912 956
8  277 597 724 752 832 968 973 978
6  58 522 880 906 969 989
12  129 241 366 386 418 433 661 663 755 774 956 994
11  235 307 324 340 430 447 462 522 594 656 878
6  237 291 353 716 762 889
7  64 69 221 293 337 688 857
16  58 85 117 181 252 292 452 530 596 636 669 790 807 831 854 966
8  216 232 248 275 278 382 420 885
10  74 149 242 299 628 647 670 819 830 906
11  46 83 167 181 236 265 310 567 569 592 689
6  82 327 365 425 659 755
12  168 205 269 438 549 772 779 803 816 831 860 884
10  9 54 111 197 209 298 362 696 728 994
7  13 398 695 736 832 887 998
13  19 24 259 310 427 488 536 632 703 859 863 944 991
10  36 64 70 170 469 485 557 570 573 708
7  189 311 394 533 709 719 899
9  8 112 200 319 369 434 520 715 865
9  27 39 381 600 758 934 958 974 988
12  16 27 94 104 362 413 574 638 759 784 788 852
12  2 30 165 191 383 564 621 648 681 723 769 864
5  41 569 728 886 982
14  157 258 481 570 617 656 719 733 756 763 772 816 886 938
16  115 151 170 197 342 414 497 560 659 746 814 819 932 937 959 964
13  82 85 227 313 333 729 767 781 808 821 872 897 968
15  162 186 370 374 458 505 572 608 621 682 793 797 846 870 871
11  108 122 123 230 323 402 627 717 746 954 986
12  123 180 290 308 356 440 694 709 718 880 907 929
18  92 138 188 209 233 240 242 244 290 521 705 758 872 873 902 906 930 941
5  54 311 416 468 807
8  19 85 122 180 462 489 879 967
11  4 320 384 447 713 755 798 804 881 957 976
6  83 176 224 617 658 876
6  68 191 500 765 893 985
10  82 145 464 498 552 581 641 751 847 903
9  19 28 51 154 168 454 505 620 666
11  15 34 369 394 407 620 625 768 797 924 940
6  212 343 503 696 741 876
11  11 96 241 345 377 406 545 746 776 833 852
11  25 205 218 341 362 552 584 749 794 842 913
11  196 205 244 295 644 731 806 850 860 867 967
10  290 350 452 861 879 894 904 919 928 994
11  63 118 177 477 517 532 559 789 848 876 949
10  60 168 233 294 500 552 687 720 741 960
19  9 28 149 199 213 377 393 434 490 494 550 595 668 699 711 717 786 827 846
8  182 211 241 273 320 638 897 972
8  54 218 449 575 612 643 717 814
10  16 63 118 318 324 329 419 665 666 969
11  34 144 214 326 421 507 605 726 882 889 953
8  46 167 510 614 672 728 813 955
9  13 15 26 121 500 566 771 918 921
12  43 148 188 189 279 401 442 603 669 783 793 822
15  49 122 241 348 407 488 546 613 658 681 819 848 902 913 976
11  60 172 173 177 369 391 554 769 776 849 957
10  28 167 170 287 299 315 491 539 608 779
6  9 106 143 149 233 822
11  3 48 336 391 524 534 627 666 715 828 960
9  177 253 256 391 402 448 723 825 952
12  44 112 120 350 448 449 541 591 629 647 695 970
7  421 559 661 708 754 848 900
7  47 150 223 415 487 705 901
8  58 90 263 274 651 708 948 972
6  283 336 382 803 833 926
8  66 133 139 283 347 636 833 938
14  93 123 258 317 503 533 617 661 672 703 717 774 832 836
7  219 377 399 457 794 836 981
10  131 161 292 332 386 458 560 580 654 768
4  57 107 392 624
14  47 61 151 233 335 552 564 670 713 756 840 845 850 988
10  15 193 213 282 295 407 492 641 743 774
15  117 146 283 304 325 362 378 392 562 693 729 788 811 938 950
10  96 149 306 433 465 539 559 677 838 849
10  221 360 593 751 771 795 809 835 943 953
14  47 58 105 179 195 292 408 461 478 586 760 794 839 913
11  43 67 154 261 295 456 714 803 856 931 975
12  10 135 149 238 246 412 430 474 478 596 648 659
8  267 286 534 563 621 656 782 819
11  9 152 266 354 535 552 611 650 655 815 968
11  128 148 442 476 544 666 694 829 830 920 942
6  61 192 206 424 713 821
8  49 99 144 167 199 276 582 981
13  287 438 489 525 585 596 631 661 690 730 734 812 856
7  222 401 491 514 761 898 962
10  72 112 309 404 475 563 588 644 804 994
10  1 150 159 321 467 597 649 691 719 797
8  122 132 167 361 518 560 749 841
17  3 22 169 178 257 326 363 420 462 510 516 517 521 556 587 849 924
10  87 405 489 524 532 653 757 797 930 955
10  113 126 163 206 248 348 369 485 570 921
8  363 444 557 566 600 794 832 853
8  5 126 366 396 552 572 890 971
8  59 108 219 333 504 512 521 824
6  146 195 262 306 613 867
7  184 262 441 626 640 723 868
19  2 39 56 239 345 358 400 409 447 521 563 578 641 801 836 860 914 931 941
9  85 144 224 341 493 744 842 913 995
8  220 265 310 461 563 757 769 849
6  41 67 98 239 656 999
10  127 220 414 496 643 665 726 809 816 836
11  78 130 186 203 235 295 306 570 835 982 997
16  1 33 117 144 191 198 238 319 335 349 483 531 625 643 754 779
9  195 234 236 270 324 405 482 670 806
13  32 104 120 141 142 200 244 306 349 435 445 567 997
9  333 343 671 674 696 916 973 978 996
14  0 76 120 134 202 206 292 353 407 490 501 575 795 807
9  204 335 598 847 860 881 903 937 959
9  26 40 51 196 253 285 700 902 976
11  44 366 415 437 605 608 637 939 965 968 999
9  164 218 225 275 443 682 725 911 931
3  217 604 937
10  101 119 258 530 549 618 625 685 858 944
11  43 97 98 141 218 352 356 710 730 733 849
12  263 336 347 437 464 539 568 665 727 745 759 886
7  45 75 422 589 858 896 949
11  9 32 92 191 235 303 334 356 382 398 715
10  32 56 74 199 401 525 649 744 754 934
6  51 90 97 637 844 894
13  88 137 271 386 448 515 565 644 683 701 802 960 972
11  72 133 162 171 300 537 592 779 783 870 929
5  26 239 401 451 494
7  375 530 601 782 788 849 929
15  100 177 215 238 277 318 400 506 603 617 704 835 926 928 966
14  0 86 108 176 177 193 267 405 544 674 679 773 836 895
8  3 108 343 425 758 882 902 916
8  57 114 117 120 335 576 666 831
9  97 150 153 325 380 432 651 657 963
16  16 28 74 154 232 356 386 474 485 571 664 685 718 769 826 923
10  108 155 253 345 348 482 506 637 705 995
11  52 211 221 340 436 441 531 662 741 997 999
8  60 181 462 479 727 831 913 917
13  44 101 319 365 429 548 598 629 687 791 830 871 878
8  65 119 229 243 397 528 650 915
11  9 53 412 429 475 505 586 611 699 776 844
9  179 304 416 484 499 669 716 836 902
10  3 104 282 532 606 610 647 664 792 886
13  27 51 113 189 227 253 385 418 500 547 551 670 880
14  48 83 96 178 183 249 279 426 697 772 783 822 918 950
11  81 124 161 541 573 582 701 726 974 976 990
12  1 63 196 239 284 302 393 407 655 703 730 960
5  24 309 427 554 658
10  34 87 151 346 437 472 493 643 770 869
14  37 145 158 189 219 337 419 428 565 618 850 921 984 994
8  27 72 381 384 594 878 944 979
6  226 360 574 665 711 778
9  101 302 380 570 612 645 764 792 865
13  15 39 40 78 193 295 431 460 551 566 660 856 880
3  590 766 834
13  74 254 258 294 306 316 420 510 626 637 786 857 895
11  12 175 210 255 298 505 629 768 807 810 982
9  124 126 236 247 409 655 753 839 861
11  177 251 279 376 378 472 529 547 803 826 991
9  218 278 288 390 471 516 763 831 913
9  29 237 300 495 639 851 864 925 946
9  64 106 178 403 488 614 629 971 981
15  0 103 117 158 180 215 235 390 447 489 565 576 735 755 890
6  239 280 399 592 628 933
6  22 90 160 198 615 831
11  55 155 180 539 640 691 715 747 763 915 980
7  26 175 363 586 814 929 992
11  17 187 318 333 389 422 617 731 740 838 848
12  17 150 182 432 477 764 800 808 832 885 915 987
7  79 391 591 809 855 974 988
12  7 17 119 154 320 457 514 569 573 577 692 866
9  3 231 248 274 326 457 594 898 961
13  100 190 202 279 540 546 576 601 643 734 853 869 925
5  227 734 808 911 990
10  72 98 278 289 441 570 767 826 945 969
9  92 407 426 538 584 731 736 882 990
13  4 92 238 245 329 385 413 595 691 839 860 914 945
15  27 33 60 201 342 378 452 476 510 519 530 555 651 716 746
12  81 124 233 480 526 578 594 645 648 792 808 911
11  88 154 164 225 255 283 319 331 517 577 950
15  75 89 174 184 185 216 236 238 247 321 474 676 727 965 990
7  134 252 316 873 888 961 996
10  38 103 371 379 534 560 739 829 907 956
12  57 142 225 238 255 272 277 294 535 583 648 992
12  13 117 148 179 230 368 383 431 583 676 680 949
5  43 165 288 387 841
7  299 337 364 691 737 801 834
10  136 168 171 202 313 335 456 520 662 968
9  104 111 445 480 678 772 826 876 969
8  84 180 218 444 451 596 785 809
8  167 248 631 646 945 973 975 980
8  18 328 358 529 636 767 822 958
9  99 251 331 402 415 759 771 966 983
12  36 219 220 237 330 362 381 487 555 729 749 758
9  70 349 471 754 810 820 849 891 949
6  15 92 436 655 903 935
8  67 70 615 739 745 765 911 981
10  12 172 365 432 615 626 643 907 910 936
9  13 168 296 319 392 537 544 668 821
11  72 160 222 254 466 578 613 680 905 915 936
