
***ForestFire:  GeoFire  Nodes:1000  StartNodes:1  Take2AmbProb:0
                FwdBurnP:0.35  BckBurnP:0.354  ProbDecay:1  Orphan:0
(1000, 5213)  burned: [1,2,2]  [0.01s]
1000
71  1 3 5 20 21 22 40 46 47 68 75 90 93 131 133 155 164 171 179 183 199 216 263 268 277 278 293 298 302 332 335 345 367 373 380 382 412 437 456 462 478 504 513 550 580 599 624 644 659 672 687 725 733 753 769 777 793 796 840 868 878 891 892 899 910 933 959 960 981 983 989
68  0 2 3 5 20 27 46 47 75 121 124 133 155 159 160 164 167 171 199 213 250 263 268 277 278 298 302 332 335 367 412 413 419 447 456 478 511 513 599 659 672 687 723 725 728 733 746 752 753 761 764 777 793 807 809 825 837 852 868 873 878 892 899 933 960 981 983 989
56  1 5 7 20 39 46 49 70 75 110 120 139 142 164 170 190 213 250 263 268 278 298 317 322 332 335 367 373 382 411 419 438 447 452 476 478 480 483 596 723 725 728 733 746 752 753 761 764 809 872 878 921 931 933 981 989
82  0 1 4 6 18 20 21 22 38 40 46 47 58 75 131 133 155 159 160 164 167 171 179 187 199 216 250 253 268 293 298 302 312 328 332 335 367 371 373 382 419 430 438 456 478 497 512 513 520 536 550 599 604 611 618 659 672 707 725 733 753 777 793 825 833 837 852 868 873 878 892 899 910 919 921 931 933 940 960 980 981 989
56  3 6 10 11 18 21 22 35 40 68 86 131 133 155 159 183 216 268 302 335 339 367 382 395 413 419 425 430 478 513 580 582 599 618 672 725 753 769 793 800 837 852 868 873 878 891 910 919 921 933 940 960 961 963 981 989
39  0 1 2 20 22 39 50 52 64 142 164 187 193 213 244 250 268 278 309 332 335 349 367 373 476 478 513 559 644 674 764 868 878 919 933 961 983 989 995
67  3 4 8 10 12 14 18 21 22 24 40 63 68 72 87 111 113 133 159 166 167 216 221 227 268 278 302 306 315 329 335 345 346 367 377 382 413 419 462 471 476 478 497 508 536 550 672 707 717 723 753 761 793 837 840 852 868 873 877 878 891 910 933 940 960 981 989
63  2 9 19 20 39 42 46 73 110 111 121 123 129 139 142 162 164 170 178 190 204 213 250 254 263 268 278 293 298 302 315 322 332 335 358 367 373 419 447 476 478 480 496 508 596 659 672 728 733 761 834 868 872 878 907 909 919 921 933 960 974 981 989
12  6 48 54 161 268 306 382 596 839 868 933 951
22  7 46 92 110 111 121 268 274 302 322 324 335 358 367 373 382 690 725 862 878 931 974
30  4 6 22 36 38 46 53 63 66 155 159 167 216 329 335 367 425 512 513 563 612 675 725 753 800 877 910 919 940 963
41  4 15 16 31 65 86 99 128 131 180 183 238 268 367 375 395 430 457 513 580 582 599 600 672 715 725 733 753 769 774 837 852 868 873 910 913 919 960 961 981 989
62  6 13 21 24 37 40 46 63 64 107 111 133 159 166 193 199 216 259 268 278 293 298 302 306 320 329 335 345 346 367 382 401 408 437 462 471 476 478 508 512 536 571 672 717 753 793 823 837 840 852 868 873 878 891 899 910 933 949 960 981 989 991
33  12 21 24 37 63 64 111 159 216 278 298 302 317 335 367 371 476 478 498 512 753 823 873 878 891 893 910 933 940 960 972 981 989
22  6 17 63 68 87 90 111 121 167 335 367 382 408 524 529 753 852 862 878 891 910 989
37  11 16 31 65 85 86 99 203 208 235 238 243 304 367 375 393 395 430 508 513 672 715 717 725 753 769 774 821 852 868 910 913 919 921 960 961 981
32  11 15 25 31 65 86 97 99 235 238 249 268 304 352 367 375 393 493 508 513 621 717 743 753 769 868 873 891 910 919 931 981
6  14 68 367 752 761 862
21  3 4 6 23 45 78 104 166 175 198 280 328 335 377 386 423 769 845 910 960 961
27  7 32 61 83 89 101 108 110 121 129 164 178 190 213 272 278 298 317 335 367 476 478 527 733 868 960 989
24  0 1 2 3 5 7 43 46 79 139 142 204 213 250 268 293 335 373 478 672 725 733 933 992
69  0 3 4 6 12 13 22 37 40 44 63 64 68 111 133 153 164 167 187 199 215 216 263 268 278 293 298 302 312 329 335 339 358 367 373 381 382 397 401 408 428 437 449 478 508 512 513 550 623 624 672 733 753 769 793 868 869 873 878 891 899 910 921 928 933 940 960 981 989
54  0 3 4 5 6 10 21 24 36 38 46 63 64 68 90 111 133 145 155 159 171 193 199 216 253 268 278 298 302 312 335 358 367 413 437 478 493 497 508 513 582 599 644 672 733 753 841 868 899 931 933 940 960 989
17  18 45 78 114 175 198 269 280 297 377 386 418 745 768 910 939 960
42  6 12 13 22 33 37 46 59 60 63 64 153 159 193 216 221 266 278 302 306 312 335 367 400 438 478 493 508 525 699 733 753 841 868 878 891 910 919 933 949 972 989
16  16 26 28 30 56 86 128 130 131 231 367 493 600 601 672 743
13  25 28 30 56 86 128 231 538 600 601 672 743 910
17  1 47 71 124 179 299 335 356 371 413 462 478 659 725 728 753 860
13  25 26 29 30 34 56 128 231 600 601 647 672 743
4  28 34 128 600
15  25 26 28 34 56 86 128 131 240 360 499 600 672 762 897
30  11 15 16 65 81 85 86 99 131 136 180 208 238 268 367 375 395 513 594 632 672 725 753 769 868 873 910 913 974 981
10  19 61 80 83 317 335 382 629 902 989
26  24 59 63 153 186 193 205 216 266 278 285 335 339 367 493 501 508 576 699 753 868 878 891 910 919 972
11  28 29 30 56 128 340 593 600 601 647 748
8  4 122 146 367 431 618 761 961
36  10 22 41 53 64 126 144 145 155 159 167 176 187 216 278 293 306 335 358 367 373 382 383 473 478 558 573 612 627 644 672 868 910 919 969 989
38  12 13 21 24 46 51 63 64 67 111 121 153 159 162 190 216 278 317 323 327 335 367 437 449 478 508 512 672 733 753 868 878 891 910 933 940 981 989
17  3 10 22 46 111 159 187 317 323 335 367 478 497 508 705 793 868
22  2 5 7 50 57 77 96 185 190 250 266 278 366 408 419 476 478 496 559 596 919 995
34  0 3 4 6 12 21 63 68 109 133 165 182 187 199 253 302 335 395 419 437 478 497 536 588 599 623 672 753 840 849 878 910 981 989
3  36 84 154
20  7 73 110 111 151 178 213 263 268 357 438 508 596 659 733 761 837 868 878 989
14  20 46 79 156 204 293 335 373 508 687 725 910 933 960
15  21 63 68 111 215 268 302 367 508 535 725 802 891 921 989
4  18 23 78 630
53  0 1 2 3 7 9 10 12 20 22 24 37 38 43 51 73 79 111 121 156 159 162 164 178 191 193 204 220 263 268 293 298 302 327 332 335 358 413 438 478 508 550 672 687 725 733 753 868 878 910 933 981 989
34  0 1 3 27 62 71 90 124 137 164 179 192 218 223 260 278 312 335 371 413 456 462 522 659 727 753 777 857 860 884 893 922 981 989
7  8 268 302 367 596 825 951
8  2 70 139 142 335 478 734 764
8  5 39 74 359 609 697 797 995
11  37 46 162 278 319 327 438 508 561 672 761
7  5 187 248 476 478 554 910
6  10 36 159 672 691 919
8  8 55 236 440 544 799 839 868
5  54 115 236 440 544
17  25 26 28 30 34 128 131 459 509 569 593 600 601 640 647 672 743
11  39 77 250 263 266 312 496 559 733 933 989
5  3 148 245 388 604
14  24 33 153 266 278 335 400 733 738 753 868 878 891 919
7  24 64 153 216 278 878 940
7  19 32 83 105 317 335 937
13  47 118 124 149 164 179 335 413 462 753 807 860 922
42  6 10 12 13 14 21 22 24 33 37 40 44 64 67 68 111 153 159 187 190 193 213 302 317 335 339 345 367 437 478 493 508 753 802 868 878 891 893 919 933 981 989
45  5 12 13 21 22 24 36 37 60 63 68 111 126 153 159 187 190 193 216 239 278 298 306 312 317 335 367 372 377 382 478 513 563 596 659 733 837 868 878 893 899 910 933 989 992
24  11 15 16 31 81 86 99 131 238 268 367 375 382 430 513 599 600 672 791 868 873 910 960 981
6  10 76 159 163 563 605
28  37 63 69 106 111 127 173 187 190 213 222 239 268 317 367 437 478 508 524 733 753 837 868 878 910 933 981 990
51  0 4 6 14 17 21 22 40 44 63 64 90 111 153 167 171 179 187 190 233 278 302 317 335 339 345 346 367 374 382 395 408 508 513 596 610 642 672 733 752 753 761 800 809 849 868 878 910 914 977 989
12  67 106 111 121 190 226 437 733 868 910 974 981
16  2 49 91 120 139 213 476 725 728 764 792 864 903 933 961 981
9  27 47 82 95 137 200 335 659 933
6  6 113 181 333 345 707
23  7 42 46 111 123 151 157 162 170 178 213 254 263 278 335 478 508 733 878 893 921 981 989
3  50 609 694
20  0 1 2 3 88 160 190 262 278 317 380 478 672 725 868 878 910 931 961 991
7  66 163 270 405 563 658 800
16  39 57 98 150 250 263 265 292 312 337 496 650 868 933 981 995
8  18 23 45 104 175 211 264 386
13  20 43 46 156 204 220 284 335 373 415 672 910 933
5  32 140 348 643 803
17  31 65 94 99 208 238 268 375 513 542 671 725 868 889 910 981 989
4  71 95 305 628
12  19 32 61 105 110 204 241 268 273 317 335 672
1  41
12  15 31 99 136 208 268 395 513 599 672 981 992
28  4 11 15 16 25 26 30 31 65 99 128 131 252 268 367 382 493 508 513 580 599 600 672 899 921 961 981 989
14  6 14 102 116 247 335 478 835 837 852 878 910 933 940
14  75 160 262 268 317 380 445 451 478 489 512 899 931 961
10  19 125 164 188 272 278 367 382 596 761
28  0 14 22 47 68 112 138 145 155 159 171 179 190 194 302 312 335 412 455 495 508 659 733 892 893 910 933 989
20  70 119 120 134 279 334 392 411 461 476 548 614 725 728 753 792 829 933 961 981
6  9 121 209 302 335 358
7  0 171 364 412 568 959 989
11  81 184 208 238 367 513 592 725 889 910 956
5  71 82 207 591 615
8  39 143 185 419 596 672 761 793
25  16 100 103 235 249 304 352 375 393 395 493 508 513 533 621 717 733 753 777 873 899 919 931 960 981
8  77 150 263 338 404 848 933 981
17  11 15 16 31 65 81 85 86 136 208 268 513 599 753 868 960 981
12  97 197 212 235 249 393 513 533 753 873 981 996
6  19 164 272 278 335 342
7  87 116 247 314 335 478 837
9  97 235 249 393 513 533 586 625 777
7  18 78 175 237 264 386 742
5  61 83 110 335 659
11  67 69 111 210 222 239 367 391 584 981 990
8  12 229 290 291 311 320 933 989
9  19 196 272 420 587 666 912 944 957
15  40 117 133 165 182 224 253 395 439 536 588 672 753 850 940
21  2 7 9 19 42 83 105 111 170 204 213 268 335 358 373 513 659 725 878 931 989
56  6 7 9 12 13 14 21 22 37 38 42 44 46 63 64 67 68 69 73 106 110 121 133 151 156 159 170 178 187 204 213 263 268 278 302 315 317 335 358 367 377 382 438 449 504 513 524 672 725 733 753 804 878 933 981 989
8  90 155 159 171 302 312 335 508
5  6 72 181 333 707
3  23 269 555
5  55 410 530 567 712
9  87 102 169 217 247 335 478 837 933
8  109 152 253 358 370 741 850 929
8  62 124 132 232 335 413 753 919
14  91 120 134 189 279 392 411 476 548 614 725 728 829 981
14  2 70 91 119 288 289 411 476 548 725 728 764 933 961
30  1 7 9 14 19 37 46 69 92 111 129 155 170 190 228 250 302 335 436 478 540 733 752 753 764 868 907 933 981 989
7  35 146 147 313 431 618 761
16  7 73 135 141 142 178 213 278 335 341 728 739 878 909 921 989
12  1 27 47 62 118 149 179 335 413 753 807 988
7  89 164 272 367 596 761 966
18  36 64 158 190 213 306 372 383 389 478 486 513 573 750 893 981 989 992
10  67 173 190 213 239 317 733 878 933 981
19  11 25 26 28 29 30 34 56 86 180 231 367 394 493 508 600 601 878 899
11  7 19 121 178 190 213 250 278 317 331 478
3  25 172 231
29  0 3 4 11 25 30 31 56 65 86 183 238 268 335 367 412 513 569 580 582 600 672 725 743 873 910 931 981 989
4  118 753 919 986
39  0 1 3 4 6 12 21 22 40 109 111 155 159 167 178 199 253 268 278 298 302 335 382 395 419 478 504 536 550 582 672 733 761 793 868 878 933 960 981
4  91 119 728 829
4  123 213 739 933
9  31 85 99 208 268 323 367 578 672
8  47 71 168 202 335 725 873 989
5  90 369 495 637 871
16  2 7 20 49 70 142 213 250 277 335 476 478 672 728 763 981
4  80 348 803 859
10  123 142 178 213 268 335 341 454 919 989
20  2 5 7 20 49 123 139 141 178 206 213 268 335 454 478 524 733 878 919 989
4  96 185 419 968
17  36 167 177 201 216 293 294 367 497 633 644 733 793 910 919 931 989
10  22 36 90 155 159 312 435 813 910 989
10  35 122 147 195 261 313 431 562 618 771
8  122 146 261 283 313 431 618 761
4  58 245 388 604
6  62 124 179 807 922 953
14  77 98 250 263 387 404 494 626 679 848 888 933 981 989
16  42 73 111 213 263 266 268 302 307 508 733 794 828 878 933 962
1  117
29  21 24 33 37 59 60 63 64 68 159 190 193 216 278 302 317 323 339 367 497 672 733 753 868 878 919 933 940 989
2  41 636
33  0 1 3 4 10 22 36 90 112 121 133 145 159 167 171 199 268 278 298 302 335 362 367 478 491 508 517 540 672 720 866 899 940
17  43 46 79 111 178 204 220 273 317 332 335 508 524 672 764 910 933
2  73 254
3  126 486 992
56  1 3 4 6 10 12 13 22 24 36 37 38 46 53 63 64 66 90 111 112 133 145 153 155 167 171 187 190 278 298 302 306 317 335 339 367 374 413 426 478 497 563 610 672 705 725 733 793 800 868 893 910 919 940 961 981
18  1 3 75 88 167 268 278 317 367 424 449 478 725 873 878 899 931 991
2  8 839
9  7 37 46 51 73 278 449 508 878
6  66 76 405 472 563 946
35  0 1 2 3 5 7 19 21 46 47 62 89 101 125 187 278 298 316 322 335 367 382 478 502 508 596 672 753 761 796 860 862 878 966 981
8  40 109 224 528 588 753 836 840
12  6 12 18 175 221 255 306 329 335 512 893 989
33  1 3 6 10 14 21 36 68 133 144 155 159 160 199 216 268 278 293 298 302 329 335 345 367 478 511 624 672 723 752 793 933 960
10  137 174 202 335 371 512 673 725 796 989
10  116 214 217 256 296 335 399 403 505 510
12  2 7 73 110 111 121 178 268 508 513 733 989
30  0 1 3 22 68 90 93 112 155 159 183 268 273 278 302 335 367 374 412 478 610 672 753 766 886 910 921 933 981 989
4  130 759 775 822
7  67 127 190 213 239 367 753
5  168 202 335 673 725
7  18 23 78 104 166 221 335
10  36 242 282 358 382 627 672 733 868 969
12  144 201 281 294 497 583 644 733 868 910 919 989
35  7 19 42 46 73 111 123 129 133 141 142 156 170 199 213 220 250 268 273 278 300 302 317 335 357 367 453 672 725 733 764 878 919 933 989
18  0 3 27 47 62 68 90 124 149 312 335 345 413 471 508 668 753 800
16  11 31 128 268 318 326 367 394 395 631 808 852 873 878 910 974
7  72 113 333 336 638 707 722
4  40 109 253 726
19  0 4 11 131 171 268 335 470 513 580 672 827 852 868 931 958 981 989 994
10  94 208 234 308 464 513 592 725 889 956
7  39 96 143 419 645 793 968
4  33 493 753 881
34  3 5 21 36 38 40 52 63 64 67 68 111 159 164 190 193 213 248 268 278 302 317 335 358 367 468 476 478 672 761 868 878 933 961
3  89 367 463
6  119 279 476 725 728 987
47  2 7 19 37 39 63 64 67 68 69 75 90 121 126 127 129 153 159 173 187 213 239 262 272 278 302 306 317 327 335 358 367 373 380 382 478 497 527 603 672 733 752 753 809 868 981 989
5  46 335 427 596 948
7  47 258 450 727 857 884 981
21  5 12 22 24 33 46 63 64 153 187 199 216 266 278 302 312 335 382 478 659 933
1  90
2  146 261
4  108 587 756 957
7  100 212 249 513 533 873 981
3  18 23 297
36  0 1 3 12 21 22 40 133 155 167 178 193 216 230 263 268 278 302 322 335 382 478 513 524 536 723 733 753 840 878 899 910 925 933 960 981
3  71 368 659
5  144 177 281 910 989
5  137 168 174 219 335
2  15 375
25  7 20 43 46 79 83 110 111 156 220 268 273 284 317 323 335 382 415 508 524 564 659 672 681 733
9  33 225 285 339 381 699 753 868 919
6  142 213 278 432 878 919
4  95 287 591 786
19  15 31 81 85 94 99 136 184 268 367 375 376 513 578 596 639 725 868 981
3  92 302 358
3  106 222 693
2  78 264
11  100 197 249 393 513 753 852 855 873 981 996
54  1 2 5 7 19 20 42 63 67 70 73 110 111 123 126 127 129 135 139 141 142 151 173 178 187 190 206 220 239 250 251 262 266 278 302 312 317 335 367 478 524 596 672 725 728 753 764 794 868 878 933 961 981 983
8  169 256 296 399 409 505 652 732
7  21 44 246 302 458 490 753
38  0 3 4 6 10 12 13 21 22 24 33 36 37 60 64 144 153 167 193 199 263 266 268 278 298 302 317 323 335 478 497 559 733 837 878 921 940 989
4  116 169 446 933
5  47 260 312 659 989
1  202
26  46 79 156 178 204 213 250 262 273 284 286 317 335 363 371 415 508 524 672 684 733 764 878 899 919 981
10  6 24 166 175 257 329 377 378 653 769
9  67 106 210 303 572 693 747 950 981
2  47 552
7  109 165 253 343 588 733 753
6  205 285 339 868 919 989
3  69 546 729
5  6 275 315 672 708
5  121 436 540 672 752
3  107 291 941
6  199 263 478 840 893 981
10  25 26 28 128 130 295 538 743 781 806
4  118 547 617 753
9  68 302 335 395 672 733 882 921 989
6  184 308 466 513 592 889
18  15 16 97 100 103 249 393 395 471 508 513 533 586 715 753 891 919 981
2  54 55
2  104 819
23  11 15 16 31 65 81 94 131 268 304 321 335 375 508 513 542 671 774 873 910 960 981 989
23  64 67 106 127 173 190 213 250 262 317 330 385 476 478 596 608 654 733 868 878 899 933 981
5  30 271 360 574 762
1  83
4  176 672 723 733
4  15 518 672 725
4  5 309 349 868
5  58 148 388 422 604
1  215
7  87 102 116 314 335 837 933
8  52 187 390 476 478 868 878 985
21  16 97 100 103 197 212 235 393 402 508 513 586 715 717 725 753 777 852 868 873 981
47  1 2 3 5 7 20 39 57 77 121 129 139 150 178 213 220 239 262 263 267 268 277 278 312 317 335 417 438 453 476 478 506 507 512 596 626 726 733 761 764 805 868 873 931 933 981 989
4  213 317 438 478
2  86 590
16  3 22 40 109 117 133 182 224 302 335 358 395 438 726 733 989
5  7 73 157 598 785
2  166 329
7  169 214 296 399 403 505 652
6  221 329 511 582 752 769
10  192 450 710 711 714 727 857 884 920 981
3  12 571 998
4  47 218 325 989
4  146 147 195 566
24  75 88 190 213 220 239 250 263 278 284 317 382 385 395 449 478 725 793 868 878 899 931 961 989
37  0 1 2 7 21 42 46 57 73 77 98 111 150 151 199 216 230 250 262 266 268 278 312 317 335 351 404 438 478 496 626 733 834 868 933 981 989
4  78 104 211 386
4  77 292 650 981
23  24 33 39 57 59 151 193 213 216 263 278 302 306 307 312 335 351 367 373 382 408 733 989
6  250 268 438 508 761 764
96  0 1 2 3 4 5 6 7 8 9 11 12 16 20 21 22 31 42 44 46 48 65 67 81 83 85 86 88 99 110 111 131 133 136 141 142 151 155 160 167 170 171 178 180 183 187 199 204 208 216 238 250 263 267 273 278 284 298 302 304 317 323 335 341 367 373 395 438 462 478 508 512 513 524 534 550 596 672 717 725 733 753 793 825 838 852 868 873 878 899 931 933 960 981 989 992
5  23 114 301 384 555
2  76 353
4  240 360 657 762
13  19 89 101 108 125 190 278 335 382 527 596 672 761
18  83 156 171 178 204 220 268 276 284 300 317 323 335 363 373 478 672 733
8  9 322 335 373 382 860 878 947
4  227 315 635 672
8  273 323 382 442 478 672 899 940
9  0 1 139 250 335 354 448 465 478
94  0 1 2 5 6 7 12 13 19 21 22 24 33 36 37 39 47 51 59 60 64 68 73 75 89 101 111 123 129 133 153 155 159 160 162 164 167 171 178 187 190 193 199 206 213 216 250 262 263 266 268 272 298 300 302 306 310 312 315 317 322 335 339 345 358 367 371 380 381 382 395 408 426 449 468 476 478 504 512 524 596 672 725 733 753 761 868 878 899 931 933 960 981 989
8  91 119 189 411 476 548 725 728
5  18 23 297 845 851
3  177 201 910
8  176 467 627 670 672 868 919 936
3  147 477 678
23  79 204 220 262 268 273 298 317 323 363 367 382 415 491 508 514 651 672 681 720 733 878 989
8  33 205 225 339 381 868 919 940
3  220 927 981
6  207 379 444 474 591 786
7  120 289 411 476 728 961 981
7  120 288 548 725 728 811 961
3  107 291 895
4  107 229 290 581
9  77 265 337 434 484 595 650 696 982
18  0 3 7 12 20 21 36 43 46 144 167 294 335 373 497 672 733 910
12  144 177 293 335 497 733 868 899 910 919 931 989
2  231 806
9  169 214 256 347 399 403 505 616 652
4  23 198 280 745
49  0 1 2 3 7 12 13 19 21 22 46 64 133 155 159 164 167 216 268 278 284 310 312 317 335 367 373 382 401 408 412 468 476 513 514 524 596 672 686 705 725 761 793 852 878 899 960 981 989
3  27 356 725
6  178 273 278 323 672 878
3  269 384 555
63  0 1 3 4 6 7 9 12 13 21 22 24 40 44 46 48 63 68 90 92 111 112 121 133 151 153 155 159 167 171 178 187 190 193 199 209 213 215 216 233 253 266 268 278 312 317 323 335 358 367 382 395 478 559 596 659 672 725 733 761 873 878 989
3  222 693 981
12  15 16 97 238 268 335 375 393 395 539 720 777
2  82 865
26  6 8 12 24 36 64 126 159 166 190 266 278 312 335 346 367 373 382 478 573 753 868 893 931 989 992
6  151 266 373 733 776 794
5  184 234 592 660 889
4  5 244 349 721
16  278 298 312 408 468 476 478 508 524 672 761 868 899 911 967 981
5  107 416 441 523 926
42  3 21 22 24 47 57 64 77 90 112 145 179 193 213 218 250 263 266 278 298 302 306 310 335 382 408 412 478 508 512 559 672 725 728 733 753 761 857 910 933 940 989
3  122 146 147
3  102 247 335
12  6 7 111 227 275 278 478 512 635 672 804 905
6  164 382 478 512 672 981
69  2 13 19 32 37 38 61 63 64 67 68 75 83 88 111 127 129 153 156 159 160 178 187 190 204 213 216 220 239 250 251 262 263 268 273 278 284 298 302 323 330 335 363 367 382 385 395 408 438 449 478 493 508 512 564 596 651 659 663 672 725 733 868 878 891 899 940 989 991
4  180 394 910 974
3  51 365 561
4  12 107 462 933
3  238 335 508
17  2 7 9 164 199 274 278 335 373 382 395 512 596 672 753 860 878
23  37 38 136 153 204 216 268 273 276 284 300 302 317 335 358 367 382 478 493 508 672 878 940
5  9 358 367 373 862
2  260 816
4  180 367 395 910
6  37 46 51 190 561 603
4  3 18 833 875
17  6 10 12 21 166 167 221 255 257 511 582 752 766 769 798 910 921
7  239 317 382 385 478 596 663
2  129 677
16  0 1 2 3 5 7 46 156 335 478 723 725 733 753 764 898
5  72 113 181 707 722
3  91 361 832
150  0 1 2 3 4 5 6 7 9 10 12 13 14 18 19 20 21 22 24 27 32 33 36 37 38 40 43 46 47 49 59 61 62 63 64 68 71 73 79 83 87 90 92 101 102 105 110 111 112 116 118 121 123 124 131 133 137 139 141 142 155 156 159 164 166 167 168 169 171 174 175 178 179 183 187 190 191 193 199 202 204 213 216 220 233 238 247 250 253 263 266 268 272 273 274 277 278 293 294 298 302 304 306 312 314 317 321 322 323 332 345 358 363 367 371 373 382 395 408 453 454 471 478 497 508 512 524 582 585 589 596 623 659 672 720 723 725 733 753 796 868 873 878 893 919 921 933 940 981 989
3  181 656 722
3  77 292 933
3  98 848 981
19  4 21 33 63 68 153 159 205 225 278 285 381 516 610 642 868 878 910 919
5  34 355 487 593 854
5  123 141 268 344 553
1  101
4  224 398 588 733
5  341 350 553 740 861
16  0 6 12 63 68 72 167 179 278 335 395 408 471 508 536 707
11  6 12 68 306 367 382 408 672 753 989 992
6  296 396 403 505 652 942
5  80 140 643 803 859
4  5 244 309 476
4  344 421 553 861
3  263 266 981
12  16 97 375 393 513 621 717 753 873 919 960 981
3  270 706 765
3  277 448 923
4  340 593 749 854
5  27 299 725 767 801
2  42 178
37  7 9 21 22 36 46 92 110 111 117 176 187 190 209 253 278 302 323 324 335 367 373 382 395 397 438 478 493 508 659 672 753 761 772 878 981 989
3  50 797 995
4  30 240 271 762
1  334
5  155 491 508 556 720
9  220 273 284 317 335 367 371 395 733
4  93 515 568 716
2  319 976
2  39 596
105  0 1 2 3 4 5 6 7 9 10 11 12 13 14 15 16 17 19 21 22 24 25 31 33 35 36 37 38 44 48 63 64 65 67 68 86 89 94 106 111 125 128 131 136 144 153 155 159 160 164 167 171 173 178 180 187 188 190 208 213 266 268 278 284 298 302 306 317 323 324 326 335 346 358 363 382 395 408 476 478 491 493 508 511 513 569 582 596 597 618 659 672 733 753 761 793 812 862 868 873 878 899 931 966 989
3  200 659 831
2  138 871
2  117 929
17  3 13 27 47 168 220 278 335 363 382 395 406 512 585 733 899 910
5  64 126 613 665 992
43  0 2 3 5 7 9 20 21 36 43 79 110 190 266 268 273 274 293 298 306 307 322 324 335 358 382 395 408 478 497 508 512 596 672 715 733 868 878 893 921 960 989 992
6  68 159 171 488 672 830
28  11 15 16 31 65 81 97 203 208 238 304 352 393 395 430 493 513 621 671 715 717 725 733 774 777 873 961 981
2  208 578
9  6 18 23 64 111 221 551 570 769
1  221
4  287 474 591 786
6  0 75 88 190 278 478
11  21 205 278 285 339 482 642 703 753 868 977
70  0 2 3 4 6 8 9 12 14 21 32 36 64 65 68 86 89 111 133 164 176 190 193 199 204 262 266 272 274 276 278 284 298 302 306 312 316 317 322 323 330 335 346 358 367 371 373 395 408 478 491 508 512 513 585 596 659 672 715 725 733 752 753 769 878 899 933 940 981 992
4  36 126 573 750
3  269 301 555
12  239 262 317 330 395 512 565 596 631 761 793 989
6  18 23 78 104 264 964
7  150 404 429 494 626 945 981
4  58 148 245 604
3  126 407 579
2  248 476
2  106 414
10  91 119 411 461 469 476 725 728 753 933
23  15 16 97 100 103 212 235 249 304 352 375 395 402 430 508 513 625 715 725 733 873 960 981
5  128 180 318 545 649
64  4 11 15 31 40 68 85 97 109 133 180 233 235 253 262 268 278 302 304 317 322 326 335 345 358 363 367 371 373 375 382 385 393 408 438 471 491 508 511 512 513 536 582 596 631 672 715 717 720 725 733 752 753 766 777 793 852 868 910 921 933 974 981 989
3  347 460 655
2  21 358
1  343
9  169 214 256 296 403 505 652 732 757
7  24 59 753 782 868 878 919
11  12 21 298 680 686 878 899 940 960 981 989
7  249 393 433 508 513 709 715
7  169 256 296 347 399 479 505
12  98 150 263 387 429 496 626 688 773 834 945 981
3  76 163 724
3  371 443 585
1  389
28  12 14 21 39 68 266 278 298 310 312 317 335 345 346 367 373 382 395 468 471 476 478 508 512 672 899 901 989
4  214 505 652 918
2  115 530
13  2 91 119 120 279 288 392 475 548 725 728 880 933
16  0 1 90 93 131 171 298 312 478 508 719 893 931 933 940 989
18  1 4 6 22 27 46 47 62 118 124 159 179 462 648 753 755 860 933
2  391 531
6  79 204 220 284 672 933
4  311 485 523 926
2  250 931
1  23
15  1 2 3 4 6 7 39 40 96 133 143 185 761 793 981
6  108 519 587 666 944 957
3  350 557 861
2  245 521
1  18
3  160 899 991
3  4 10 503
3  159 278 646
2  191 948
4  21 478 532 869
5  387 404 688 689 945
16  3 4 11 15 65 375 393 513 672 733 766 852 913 921 961 981
5  35 122 146 147 618
1  206
1  402
1  292
1  145
4  121 228 672 778
16  0 12 21 22 37 40 63 67 69 478 733 823 847 858 910 989
26  2 3 24 42 46 51 111 250 251 253 263 267 268 317 358 395 478 493 500 508 659 726 733 753 910 921
2  109 702
2  54 55
3  311 695 876
3  276 543 940
3  406 585 737
2  287 700
5  88 478 512 526 730
2  217 933
8  1 2 7 483 692 725 728 733
3  277 354 923
13  21 37 111 160 162 262 278 317 512 878 899 933 989
7  192 258 711 727 857 940 981
5  88 489 512 899 961
3  2 481 746
8  178 250 335 478 672 720 761 933
6  141 142 335 524 919 989
2  90 575
9  0 1 3 47 672 753 777 873 981
3  11 582 715
2  215 606
4  56 509 569 640
2  396 655
5  91 392 725 753 933
14  0 6 12 27 47 62 268 320 413 513 753 777 807 933
1  188
2  184 492
1  277
1  234
2  282 627
10  187 278 298 310 408 476 672 761 899 904
2  392 933
7  183 580 619 672 769 931 981
13  6 12 179 235 335 345 395 408 508 715 793 910 981
3  163 853 946
3  36 558 870
4  287 379 591 786
3  411 548 725
46  2 5 6 7 12 13 19 39 52 70 91 119 120 139 187 189 239 248 250 278 279 288 298 310 349 367 390 392 408 468 478 508 513 548 596 672 725 728 761 868 878 910 919 921 933 987
2  283 641
111  0 1 2 3 4 5 6 7 12 13 19 20 21 22 24 27 36 37 38 39 40 46 49 52 63 64 67 73 75 87 88 102 116 121 126 129 133 139 142 155 159 160 164 167 171 187 190 193 199 213 216 230 239 248 250 251 262 263 268 273 276 277 278 302 306 310 312 315 316 317 323 330 332 335 358 367 373 380 382 408 412 428 437 438 445 453 476 508 512 513 524 596 659 672 733 761 764 837 868 878 891 893 898 899 910 919 931 933 940 981 989
2  403 505
2  2 7
1  452
2  381 703
5  2 447 549 933 989
3  292 758 982
2  416 523
2  126 158
4  340 593 622 854
4  374 537 672 891
6  88 451 512 753 899 961
2  215 844
16  155 284 362 367 382 395 508 540 541 582 672 720 752 761 821 921
2  464 620
25  16 22 24 25 33 63 86 97 128 186 317 323 358 367 375 438 508 513 533 753 868 899 901 921 931
4  150 387 682 989
3  90 138 871
7  7 39 57 77 263 404 834
21  3 6 22 38 40 144 153 159 177 190 216 293 294 335 373 583 633 868 910 931 989
2  13 560
1  30
2  438 921
4  33 576 577 972
2  164 596
3  425 744 810
5  0 111 133 278 672
12  169 214 256 296 347 399 403 409 479 856 918 999
2  250 805
2  250 731
82  6 7 12 15 16 21 22 24 33 37 38 42 43 44 46 51 63 67 68 73 86 90 97 112 128 151 155 156 162 164 170 179 204 220 235 238 249 267 268 284 310 312 317 321 323 335 345 358 362 367 373 382 393 395 402 408 412 438 471 476 478 491 493 512 513 672 715 725 753 761 774 868 878 899 901 910 921 931 940 961 981 989
5  56 459 569 601 971
1  169
14  1 167 257 329 367 395 582 672 752 766 769 910 921 933
39  3 10 12 13 21 37 88 166 168 250 268 278 312 315 316 317 322 335 371 373 382 385 395 408 445 449 451 478 489 508 513 524 672 725 753 796 899 901 961
76  0 1 3 4 5 10 11 15 16 21 22 31 64 65 68 81 85 86 94 97 99 100 103 110 111 126 131 170 183 184 197 199 208 212 234 235 238 249 268 298 352 367 375 382 393 395 402 430 462 476 478 493 508 512 580 596 602 672 715 725 753 761 769 774 793 837 852 868 878 889 910 913 933 940 981 989
4  284 298 672 878
1  364
7  339 610 642 868 878 910 977
1  155
1  243
3  420 587 957
2  3 733
2  422 795
1  47
5  311 416 485 815 926
24  14 67 111 142 156 199 204 213 220 268 278 298 310 335 454 478 512 733 764 878 933 960 981 992
2  24 933
1  445
4  19 190 272 809
5  165 588 753 836 915
1  14
2  115 410
1  414
3  428 669 869
9  97 100 103 197 235 493 715 753 919
2  268 838
1  44
14  3 6 12 40 109 133 199 345 395 588 753 891 910 940
2  488 891
4  26 231 600 743
3  304 720 843
7  121 155 228 491 672 940 989
3  491 582 752
4  81 238 671 910
3  442 863 940
2  54 55
1  394
2  226 729
1  232
14  91 119 120 279 289 411 475 476 672 725 728 900 933 981
2  483 933
12  0 3 6 21 46 133 268 623 624 868 960 981
4  377 570 607 754
1  223
4  341 344 350 740
1  52
4  114 269 301 384
2  362 720
2  421 861
3  36 473 612
10  5 39 57 216 302 312 704 878 933 940
1  498
5  51 319 327 603 667
1  146
7  10 64 66 76 159 163 800
2  204 317
1  385
2  261 698
1  115
2  93 364
6  56 131 367 459 509 647
3  377 551 607
3  12 259 998
4  222 693 950 981
6  36 126 306 383 750 934
2  240 762
1  455
2  33 501
1  501
4  136 208 376 725
1  389
19  0 4 11 86 131 183 470 513 596 672 761 769 837 852 878 931 933 981 989
1  291
26  4 11 22 131 133 257 329 335 367 395 457 491 511 541 672 733 752 766 769 878 931 933 961 974 978 981
5  177 497 633 868 989
1  106
7  335 371 382 406 443 752 878
4  103 235 249 715
7  108 196 420 519 666 944 957
11  40 109 165 224 343 528 536 753 891 940 989
2  335 634
1  252
8  95 207 287 379 474 615 735 786
6  94 184 234 308 725 889
8  34 56 340 355 487 600 622 854
2  31 787
2  292 696
47  2 7 8 39 42 48 64 68 89 96 125 164 191 208 213 239 250 268 272 278 298 302 317 322 330 335 366 367 373 382 385 395 476 478 502 513 580 631 672 752 761 793 852 868 878 893 981
5  367 618 659 812 820
1  254
15  0 1 3 4 11 22 40 65 85 86 99 728 811 896 981
16  11 25 26 28 29 30 34 56 65 86 128 131 538 593 921 981
8  25 26 28 34 56 128 509 672
3  513 664 784
4  190 327 561 780
7  3 58 148 245 388 661 733
1  66
1  458
2  551 570
3  239 654 981
4  50 74 694 713
10  68 159 171 339 516 642 683 868 910 977
3  3 777 989
3  10 36 558
2  372 665
2  91 119
4  95 591 735 887
3  296 652 662
1  232
13  3 4 35 122 146 147 367 431 597 733 761 873 878
5  470 672 885 913 981
1  492
11  16 97 352 375 717 753 779 852 873 919 938
3  487 593 854
6  21 40 335 550 891 899
5  0 21 167 550 672
2  103 393
6  150 250 263 387 404 981
9  36 176 282 467 670 672 725 873 910
1  82
1  32
1  45
9  180 385 395 596 672 761 793 910 981
1  31
5  144 497 583 868 989
1  589
4  275 315 672 790
2  154 685
1  138
2  181 707
1  208
2  56 459
1  477
9  68 339 381 516 610 753 868 919 977
4  80 348 803 859
7  0 5 22 36 144 177 868
3  185 718 879
1  426
4  28 34 56 569
4  413 736 751 860
1  394
4  77 265 292 696
3  284 317 681
9  214 256 296 347 399 409 616 818 918
1  221
4  239 608 817 981
3  396 460 676
1  336
1  271
2  76 800
33  0 1 3 7 27 42 47 64 71 90 105 110 193 200 204 218 302 317 335 358 367 368 382 438 478 597 761 837 868 878 921 933 989
1  308
1  604
1  616
2  317 330
1  602
3  372 613 788
5  108 420 587 867 957
3  561 701 930
2  179 800
1  532
5  282 627 672 873 910
13  81 238 375 542 725 774 868 873 910 931 933 961 981
148  0 1 3 4 6 7 11 12 15 20 21 22 25 26 28 30 31 36 37 40 46 51 53 56 65 68 75 79 83 85 86 96 109 111 131 133 136 139 153 155 156 159 164 167 171 176 178 183 187 190 204 213 220 227 228 233 242 243 268 272 273 275 276 278 282 284 293 298 300 302 310 312 315 316 317 322 323 335 346 358 367 373 374 382 395 408 415 430 436 453 456 468 470 476 478 488 491 504 508 511 512 513 514 540 548 580 582 596 601 619 624 627 631 635 670 691 715 717 723 725 733 752 753 761 766 769 793 821 837 852 868 873 878 891 899 901 910 913 919 921 933 940 960 961 981 983 989 991
3  168 174 725
3  5 868 878
2  10 963
1  655
1  331
1  283
1  150
4  401 686 940 981
3  204 284 651
1  494
1  610
2  220 826
1  636
8  298 401 680 852 878 940 974 981
6  0 1 43 46 764 954
5  404 429 773 945 981
3  429 945 981
4  9 862 878 931
5  53 672 753 868 919
3  447 725 916
7  210 222 303 572 917 950 981
2  74 609
2  441 876
4  292 595 650 935
1  50
1  566
5  24 33 205 753 919
1  444
1  667
1  439
2  381 482
2  559 878
5  38 159 298 793 824
2  353 765
8  3 6 72 113 181 333 345 638
1  227
1  402
5  258 711 714 727 857
4  258 450 710 727
1  115
1  609
3  258 710 884
25  11 15 235 249 373 375 382 393 395 402 457 471 508 513 533 586 672 717 725 753 761 777 852 868 981
2  364 874
23  6 12 15 16 97 249 268 352 375 395 621 672 715 725 753 777 852 868 873 933 960 961 981
2  645 879
3  412 931 989
11  155 284 304 335 362 395 453 491 539 556 789
1  309
4  181 333 336 770
13  1 2 6 167 199 242 332 335 672 733 868 921 933
2  405 783
91  0 1 2 3 4 9 10 11 15 20 27 31 43 44 46 70 75 81 91 94 110 111 119 120 131 137 159 160 168 174 178 184 189 208 213 243 249 262 268 278 279 289 298 299 302 312 317 332 335 356 375 382 392 393 395 411 447 461 475 476 508 512 513 548 578 592 627 671 672 673 692 715 717 728 753 761 766 837 852 868 873 878 880 899 900 921 931 933 961 981 989
4  182 250 253 438
8  47 192 258 450 710 711 857 884
32  1 2 7 27 70 91 119 120 123 134 139 189 213 279 288 289 312 392 411 447 476 548 599 725 753 764 811 829 933 961 981 989
3  226 546 943
2  445 965
1  507
2  214 399
100  0 1 2 3 7 11 19 20 21 22 24 37 42 46 57 59 64 67 68 69 73 90 97 111 121 127 133 142 144 151 153 159 170 176 177 178 190 199 204 216 220 224 233 239 242 250 253 263 266 268 273 278 284 293 294 302 307 312 317 332 335 343 363 367 371 373 375 382 393 395 430 437 438 447 478 520 524 582 604 618 672 723 753 764 766 769 823 868 873 878 893 910 919 921 931 933 960 981 989 992
1  49
2  591 615
1  648
1  443
3  59 842 919
3  123 135 933
3  344 553 760
1  117
2  104 997
9  16 25 26 28 56 131 231 538 781
2  503 810
2  23 297
3  1 2 452
3  222 950 981
1  34
2  355 854
4  126 383 573 934
1  648
32  1 2 17 68 121 167 190 228 257 329 382 395 491 511 541 582 585 596 672 753 761 766 769 809 821 868 878 921 931 933 960 961
116  0 1 2 3 4 6 10 11 12 13 14 15 16 21 22 24 27 31 33 37 40 46 47 59 62 63 67 68 91 97 99 100 109 111 118 121 124 132 153 164 165 171 173 179 186 190 199 205 212 213 215 224 232 235 249 268 278 306 312 322 332 335 346 352 358 367 381 382 392 395 400 413 438 456 461 462 489 493 508 512 513 528 533 536 588 621 642 672 691 699 715 717 725 728 733 752 769 777 779 800 814 852 868 873 878 891 893 899 910 919 931 933 960 961 981 989
1  551
1  413
1  196
1  399
2  484 982
2  172 775
1  740
59  1 2 6 7 17 35 42 51 68 89 96 122 125 133 147 164 187 250 267 272 278 298 302 310 312 358 367 385 419 453 468 476 478 491 508 513 580 596 618 631 659 672 715 725 752 766 793 837 852 868 873 878 899 921 933 960 981 989 991
6  30 240 271 360 574 897
1  139
24  1 2 5 49 70 120 121 156 178 213 220 250 267 332 478 524 687 728 733 921 933 960 981 989
2  353 706
19  171 329 395 430 511 582 672 725 733 752 761 769 852 868 878 921 933 960 961
2  356 801
2  23 939
36  0 4 11 15 16 18 21 31 221 257 329 377 382 470 511 513 580 582 672 733 752 753 766 779 821 837 852 878 893 910 921 931 933 960 961 981
1  722
1  146
1  358
3  404 688 981
13  11 15 238 375 508 513 671 837 852 868 873 910 981
2  172 759
1  307
20  0 1 3 47 97 103 249 304 375 395 456 462 611 715 717 753 852 868 878 981
1  436
9  621 753 769 821 852 893 910 919 938
1  603
2  231 743
2  400 868
1  724
3  602 883 970
1  254
5  207 287 379 474 591
1  594
1  665
1  720
2  635 846
1  65
4  70 91 864 933
32  0 1 3 4 6 12 21 38 96 133 144 159 167 185 262 268 298 367 385 395 419 471 513 596 631 672 705 761 852 868 910 981
3  151 213 307
1  521
8  0 164 168 335 512 899 955 981
3  50 359 995
1  329
1  54
11  4 10 68 76 159 179 563 658 668 753 878
3  356 767 906
3  44 63 868
5  80 140 348 643 859
3  111 315 932
2  250 506
2  231 295
5  1 62 124 149 462
2  180 910
6  1 2 68 190 527 752
2  503 744
5  289 599 728 961 981
2  367 597
1  145
1  753
1  523
1  325
2  654 981
1  652
1  237
1  597
12  15 491 672 752 769 779 868 913 921 938 960 981
1  172
10  12 13 437 733 858 873 893 910 921 989
1  705
5  1 3 48 268 899
1  684
1  183
1  151
5  91 119 134 728 981
1  374
1  368
2  334 894
3  3 328 875
5  7 263 404 496 933
1  87
2  165 528
30  1 3 4 6 11 12 42 64 67 87 102 116 216 247 478 513 580 659 672 725 761 769 774 852 868 878 933 960 961 981
2  268 534
4  8 54 161 868
8  0 6 12 40 165 199 230 981
3  22 24 924
1  738
1  539
1  490
3  18 280 993
1  790
1  437
4  98 150 338 981
2  40 68
2  109 117
1  280
47  1 3 4 6 11 12 14 15 87 180 183 212 249 268 298 395 430 513 580 596 621 672 686 715 717 725 753 761 766 769 774 777 779 793 837 868 878 910 919 933 940 960 974 981 989 991 994
1  472
6  340 355 487 593 622 749
2  212 996
3  505 918 999
8  47 192 258 312 450 710 727 940
5  437 823 893 910 921
4  140 348 643 803
10  27 47 62 164 274 322 413 648 878 910
4  344 350 421 557
9  9 14 17 164 324 367 690 878 931
1  543
3  70 792 933
1  305
1  155
1  666
121  0 1 3 4 5 6 7 8 11 12 15 16 19 21 22 24 31 33 36 37 38 42 46 54 59 63 64 65 67 68 69 75 77 81 99 121 133 153 159 176 177 183 187 190 205 208 213 225 239 244 248 249 250 262 263 268 278 282 285 294 306 310 317 335 339 367 373 381 395 400 476 478 493 497 508 513 516 550 583 596 610 633 642 644 659 671 672 674 691 715 717 723 725 733 752 753 761 766 774 777 782 793 802 821 837 839 852 873 878 891 893 899 919 921 931 933 940 960 974 981 989
3  21 428 532
1  473
4  138 369 495 908
2  2 7
54  1 3 4 6 11 12 13 16 21 31 65 97 100 131 137 160 180 197 212 238 249 250 268 302 335 352 367 375 393 456 618 621 627 670 671 672 717 725 733 753 761 774 823 868 878 891 893 910 919 921 931 933 961 981
1  716
2  328 833
2  441 695
2  6 10
117  0 1 2 3 4 5 6 7 9 12 13 14 21 24 33 37 40 42 46 59 60 63 64 67 68 73 75 87 110 111 123 127 128 133 142 151 153 160 162 164 178 180 187 199 206 213 216 220 239 248 262 268 274 278 284 298 300 302 317 322 323 335 339 358 367 373 382 400 401 449 476 478 508 513 514 516 524 559 580 582 585 596 618 659 672 674 686 690 704 725 733 752 753 761 766 769 777 800 837 852 860 862 868 873 891 910 919 921 931 933 940 960 961 974 977 981 989
2  645 718
3  411 725 933
1  186
2  233 989
2  784 970
5  47 192 258 714 727
2  619 913
1  171
1  615
2  150 933
9  81 94 184 234 308 513 592 890 956
1  889
34  0 4 6 12 13 14 16 21 24 33 37 44 59 63 235 317 478 488 536 537 588 623 672 753 868 873 878 893 899 910 919 921 940 989
4  0 1 3 90
32  13 47 63 64 73 90 126 159 166 230 306 335 373 412 478 596 733 753 769 779 823 858 868 873 891 910 919 921 931 981 989 992
1  832
1  290
1  599
2  30 762
3  332 478 940
55  0 1 3 12 21 22 64 86 88 97 128 155 160 199 220 239 262 268 276 278 294 298 310 317 367 371 382 401 408 424 449 451 468 478 489 493 508 512 623 672 725 753 761 796 825 868 891 910 919 921 931 933 961 981 989
3  548 725 981
7  408 493 508 512 672 961 981
1  32
1  70
2  468 979
1  315
1  801
3  7 121 919
1  871
2  7 123
100  0 3 4 6 10 11 12 13 14 15 16 18 21 23 24 26 31 33 36 37 40 43 46 52 64 65 67 68 69 75 79 81 87 90 94 131 144 145 156 159 171 177 180 199 201 238 281 293 294 312 318 326 329 339 371 395 437 438 471 476 478 497 508 511 513 516 536 542 610 627 631 670 671 672 733 753 769 774 779 793 808 823 852 858 860 873 878 891 893 899 919 921 931 933 940 960 961 974 981 989
1  310
2  108 957
10  11 15 31 430 513 619 672 821 885 981
1  68
1  528
1  692
2  693 950
4  409 505 652 856
66  3 4 5 7 10 11 15 16 24 33 36 39 53 59 63 97 118 132 141 142 144 153 159 177 178 205 206 220 225 235 282 285 294 335 339 352 400 454 476 478 533 621 642 672 691 699 733 738 753 779 852 868 873 878 891 893 899 907 910 921 931 933 940 974 981 989
1  258
52  2 3 4 7 15 21 44 73 86 123 171 216 233 329 335 373 395 430 438 476 491 493 500 508 511 600 659 672 723 725 733 752 761 764 766 769 821 823 858 868 873 878 891 893 899 910 919 931 940 961 981 989
3  47 62 149
2  354 448
2  841 973
4  199 933 960 981
3  311 416 523
2  286 981
1  21
2  117 370
1  667
49  2 3 9 16 22 75 88 97 110 131 144 160 183 250 262 268 278 294 306 367 412 417 470 478 493 497 508 580 582 671 690 719 725 733 752 753 769 862 868 873 878 893 899 910 919 921 961 981 989
1  804
120  0 1 2 3 4 5 6 7 8 12 13 20 21 22 24 37 43 46 57 63 64 67 70 71 77 79 87 90 91 98 107 111 116 120 121 127 133 135 150 151 153 156 167 171 178 187 193 199 213 217 239 247 250 263 268 278 312 320 335 337 382 392 395 411 412 413 415 446 449 453 461 462 469 476 478 483 511 513 524 525 548 549 559 580 582 659 671 672 717 723 725 728 733 739 752 753 761 764 766 769 792 834 837 852 864 868 873 878 880 888 899 910 919 925 940 960 961 981 983 989
2  573 750
1  696
1  282
1  61
3  621 779 821
2  23 768
52  3 4 6 10 13 21 22 37 60 87 109 153 155 159 216 276 285 312 317 323 335 382 401 412 442 450 478 508 513 536 540 543 559 588 672 680 686 852 857 868 878 891 898 910 919 921 933 960 961 974 981 989
1  229
2  347 952
1  729
3  108 420 587
6  387 404 429 688 689 981
2  163 472
1  274
2  191 427
2  12 24
5  222 572 693 747 917
2  8 48
1  942
2  149 984
1  687
1  796
3  94 184 889
7  108 196 420 519 587 666 912
2  183 994
2  0 93
53  0 1 3 4 6 7 11 12 13 15 18 19 21 22 23 43 65 97 99 133 167 199 238 268 278 298 352 373 393 401 524 550 672 717 733 752 753 761 764 766 769 821 837 852 868 878 910 925 933 940 961 981 989
49  4 5 11 15 18 35 70 75 86 88 91 120 159 187 213 262 288 289 375 430 451 489 508 512 582 671 672 717 725 728 752 753 766 769 811 837 873 878 899 901 910 921 931 933 940 960 981 983 989
1  151
3  4 10 675
1  386
1  730
4  125 164 367 981
2  310 981
2  143 185
3  36 176 975
2  784 883
1  509
5  13 24 33 501 989
1  924
17  7 9 31 69 180 318 395 582 686 852 868 878 910 919 940 981 989
1  969
1  365
7  68 381 516 610 642 878 981
1  582
1  904
1  3
162  0 1 2 3 4 6 7 11 12 13 15 16 21 31 37 40 46 47 63 65 67 69 70 73 77 81 85 86 91 97 98 99 100 106 111 119 121 126 127 131 133 139 150 159 164 171 183 190 192 197 199 208 212 213 220 222 230 235 238 239 249 250 258 263 265 268 278 286 288 298 303 310 316 335 338 351 352 358 375 382 387 393 395 401 404 419 430 450 456 470 471 478 508 513 524 548 550 572 580 582 596 599 600 608 619 626 631 654 671 672 680 686 688 689 693 715 717 725 728 733 747 753 761 764 769 773 774 777 793 796 811 817 821 829 837 840 848 852 868 873 878 893 899 900 901 910 913 919 921 925 927 931 933 940 945 960 961 966 967 974 977 989
3  292 484 758
8  0 1 5 213 672 933 961 989
1  953
1  248
1  132
2  189 476
1  124
131  0 1 2 3 4 5 6 7 11 12 13 14 19 21 22 24 32 36 37 40 42 44 46 47 57 63 64 68 73 81 86 90 93 107 110 111 121 123 126 131 137 141 142 144 145 150 153 166 168 170 171 177 178 183 190 201 216 218 225 233 238 250 253 260 262 263 266 268 278 284 294 298 302 306 312 317 335 346 358 367 373 385 395 401 408 412 437 449 454 478 483 494 497 508 513 540 580 583 588 611 633 659 672 719 725 728 733 753 761 764 823 852 868 878 882 891 893 899 910 919 921 931 933 940 960 961 972 974 981 983 992
2  67 106
8  12 75 160 317 424 672 761 852
15  20 64 85 126 158 268 306 346 372 373 382 524 733 893 989
1  845
3  183 852 958
6  5 39 50 77 359 797
3  100 212 855
1  742
2  259 571
2  505 856
