1000
12  19 167 294 304 383 401 496 732 749 917 964 980
8  400 405 481 533 553 566 688 716
12  69 134 165 175 232 240 294 384 403 572 722 816
2  137 179
16  20 86 94 172 180 198 342 354 401 504 556 626 644 690 728 906
9  29 96 366 457 566 570 657 809 943
7  138 515 598 668 756 917 920
4  523 534 545 779
14  16 17 19 68 185 258 289 322 418 464 575 618 711 762
7  307 309 369 608 689 853 898
9  283 490 533 638 666 824 887 914 979
10  119 214 221 266 358 474 490 627 804 965
8  469 578 795 851 860 891 909 964
8  83 292 495 887 921 957 960 998
9  87 393 503 546 604 827 832 957 967
10  62 183 234 240 358 414 502 729 734 994
9  8 117 227 255 514 640 716 810 973
13  8 50 85 104 216 272 475 509 688 739 952 972 989
8  59 70 87 228 310 503 518 915
9  0 8 82 131 240 243 460 555 951
13  4 27 113 125 258 283 317 498 522 627 668 941 974
7  47 256 452 567 772 778 800
11  252 260 275 300 311 381 488 549 571 589 702
12  27 59 93 110 277 283 451 575 847 865 924 983
15  106 138 186 223 512 608 647 768 769 846 860 892 931 936 992
7  98 109 133 186 208 578 722
8  194 216 424 515 684 786 791 823
12  20 23 156 192 223 329 365 579 659 796 874 883
11  148 181 279 298 434 595 645 687 809 892 936
7  5 276 293 339 480 507 918
8  147 355 404 416 520 924 929 990
14  46 90 100 124 222 285 287 387 451 467 518 563 733 954
10  157 315 358 362 462 622 674 711 743 844
14  79 125 192 235 286 485 504 557 571 627 722 744 776 849
12  125 168 223 232 242 492 496 531 583 634 799 811
11  42 64 147 216 230 304 460 467 792 888 954
14  133 195 297 391 484 569 612 699 739 750 829 839 888 952
7  291 311 372 456 511 536 672
13  44 76 241 248 318 340 403 417 627 631 657 694 803
11  88 119 121 297 324 362 387 426 808 874 904
11  61 352 409 418 447 542 764 899 912 916 972
12  118 120 180 276 349 455 523 642 645 744 768 810
9  35 144 169 614 717 929 948 954 981
6  92 149 753 770 821 863
12  38 96 155 403 517 722 821 861 879 949 977 986
14  124 152 186 253 321 766 769 775 804 816 864 940 951 987
9  31 136 160 206 291 698 784 794 894
10  21 130 328 357 381 517 563 601 672 763
10  79 194 284 295 396 453 666 705 742 770
11  78 123 134 271 725 838 882 886 891 945 954
12  17 180 224 355 481 550 584 599 670 748 874 988
13  230 310 377 385 428 444 453 472 515 615 636 718 729
9  200 501 707 729 877 910 960 964 992
9  245 329 396 613 694 756 902 915 934
8  56 86 194 233 282 305 614 821
13  66 107 267 425 569 645 675 682 704 892 925 966 997
11  54 93 185 310 331 448 599 618 709 812 964
10  77 178 210 299 671 718 826 983 984 991
9  121 253 335 355 412 538 588 599 787
12  18 23 107 324 366 388 595 688 746 870 936 979
12  278 349 354 490 666 697 856 890 896 927 929 975
11  40 78 79 154 477 504 588 639 802 862 892
9  15 396 629 638 663 716 926 940 987
10  167 211 216 262 346 348 440 651 891 972
11  35 111 138 183 231 469 582 687 809 810 858
15  83 86 125 316 410 430 553 558 636 664 726 860 904 945 971
4  55 416 865 994
7  80 151 400 551 667 687 821
9  8 269 300 445 451 490 792 845 968
11  2 83 98 319 413 545 684 706 917 946 993
9  18 94 239 455 677 748 856 943 970
12  237 360 495 508 603 615 621 741 791 812 937 967
6  422 433 577 591 711 982
13  406 411 514 520 549 725 728 785 822 878 883 923 973
9  96 153 184 249 507 639 670 858 867
6  200 282 392 548 599 801
13  38 144 241 262 379 392 430 603 678 726 796 867 886
13  57 156 191 232 314 491 494 563 804 846 864 896 903
12  49 61 329 468 513 585 853 868 886 911 970 988
9  33 48 61 222 321 677 765 792 950
12  67 106 306 343 473 626 671 685 703 753 856 884
6  222 288 411 503 646 866
9  19 260 432 438 491 549 660 694 886
13  13 65 69 200 382 578 678 817 871 885 937 966 982
4  291 482 554 910
13  17 101 154 178 185 331 497 554 557 723 754 869 952
11  4 54 65 157 348 514 633 668 820 851 863
15  14 18 122 180 408 447 557 628 689 752 757 766 812 921 944
7  39 137 251 346 518 817 862
8  101 166 517 524 603 650 708 927
5  31 174 303 316 879
14  114 194 212 237 311 336 473 533 642 728 766 842 880 997
11  43 347 459 503 522 578 682 826 852 892 933
4  23 56 425 659
7  4 70 119 364 452 602 671
10  117 184 255 401 512 586 640 785 801 879
12  5 44 74 112 168 194 296 343 345 498 749 896
5  426 655 760 773 952
10  25 69 139 181 296 317 405 756 857 996
6  181 302 333 685 717 814
7  31 218 281 387 708 724 867
17  85 89 139 217 271 273 422 428 446 551 640 710 812 933 934 948 993
12  144 156 310 320 542 547 617 829 871 926 935 957
9  190 402 591 676 730 742 765 955 966
12  17 154 170 202 210 392 506 514 789 845 858 929
5  727 746 831 964 995
12  24 80 206 370 462 523 643 791 800 844 859 990
9  55 59 185 252 302 370 575 736 985
12  224 245 268 280 425 431 444 473 642 692 855 874
6  25 292 589 596 704 743
12  23 263 266 304 386 496 557 618 652 797 971 997
12  64 145 230 272 439 459 560 573 584 589 852 995
11  96 169 263 347 355 359 375 381 483 635 706
12  20 224 332 372 410 492 581 611 824 913 917 951
10  91 247 342 477 499 555 562 950 951 952
7  433 488 553 611 613 709 975
9  188 223 271 285 482 497 540 823 836
11  16 95 247 309 588 647 718 793 836 844 854
11  41 121 384 399 464 545 562 569 635 653 992
13  11 39 94 156 196 283 360 382 500 662 740 829 971
9  41 239 365 521 595 743 746 789 996
16  39 58 118 126 138 175 307 323 384 431 571 628 637 639 751 916
8  87 251 448 456 581 825 828 907
10  49 152 232 272 379 416 758 923 962 972
17  31 45 128 162 193 349 504 521 552 565 630 698 738 751 765 852 890
11  20 33 34 65 215 491 544 718 814 874 997
14  121 211 217 257 283 290 332 371 471 514 549 834 836 930
7  289 593 624 732 737 813 845
12  124 272 273 450 639 648 744 756 822 850 934 974
6  190 296 439 492 538 562
12  47 158 253 301 311 358 459 683 737 827 849 959
13  19 256 344 349 455 505 588 627 759 846 862 911 945
11  209 227 243 321 350 387 411 423 534 539 807
7  25 36 452 495 566 644 829
8  2 49 458 600 619 737 876 969
10  224 234 351 433 443 474 479 651 681 849
10  46 246 291 369 448 479 509 726 789 836
10  3 88 230 265 325 343 540 707 920 955
13  6 24 64 121 206 237 487 592 676 815 916 933 967
9  98 101 153 229 314 649 694 797 963
13  262 323 417 565 581 641 707 810 849 964 986 991 995
5  260 326 406 552 764
10  157 164 171 251 349 607 739 764 926 945
14  203 213 270 400 547 675 695 775 817 826 844 852 903 986
12  42 76 102 147 171 254 310 390 580 735 931 991
11  111 160 165 227 238 535 755 765 786 958 971
9  193 212 218 430 501 549 648 821 984
6  30 35 144 204 318 464
13  28 209 365 512 544 568 645 690 851 868 905 945 980
13  43 278 325 339 341 412 479 523 527 592 825 848 851
3  442 615 971
12  67 224 439 510 594 630 693 701 708 759 927 987
10  45 123 401 475 710 734 854 882 888 998
10  74 139 282 385 713 722 774 797 807 941
7  61 85 104 171 431 644 804
7  44 440 478 607 737 838 917
18  27 77 102 119 162 190 232 313 396 443 484 548 605 645 656 800 822 954
11  32 86 142 299 465 532 589 798 807 968 998
11  130 253 256 404 413 450 532 535 583 690 742
3  298 356 408
6  46 145 606 769 859 881
7  166 319 444 552 749 956 957
10  124 156 259 299 329 396 539 769 828 829
5  561 628 679 821 985
9  142 176 179 397 537 574 631 702 734
13  2 145 457 465 553 559 623 660 795 859 861 869 961
13  89 161 209 273 291 320 396 523 550 756 759 807 848
10  0 63 279 340 404 816 831 953 985 997
10  34 96 327 355 361 449 551 577 681 868
12  42 112 186 245 267 353 391 413 618 653 675 711
8  104 202 260 285 583 876 975 982
10  142 144 154 194 299 364 689 704 858 983
10  4 405 439 466 512 573 593 726 802 953
10  258 343 351 510 564 583 812 952 964 971
10  90 199 461 635 788 805 869 891 961 971
6  2 121 378 754 839 989
10  164 334 573 655 794 799 848 869 971 999
11  180 306 558 600 670 682 762 763 790 811 956
12  57 85 200 377 406 485 520 684 781 802 882 892
6  3 164 381 456 460 943
14  4 41 50 87 177 194 278 326 462 636 662 678 716 914
10  28 98 99 214 401 410 600 818 824 880
11  336 401 473 484 542 545 563 576 577 636 728
7  15 64 550 770 815 871 942
13  74 95 228 233 240 269 417 510 605 676 779 873 949
14  8 56 85 107 195 248 431 468 478 480 589 611 874 882
10  24 25 45 169 357 453 782 868 874 940
9  220 291 300 322 645 664 756 807 820
5  116 237 911 930 950
5  441 721 751 846 933
10  103 129 156 550 562 598 644 685 897 995
7  77 403 665 766 828 877 999
9  27 33 199 334 390 428 670 716 719
6  124 146 413 559 647 667
17  26 48 54 91 96 171 180 253 255 358 462 494 561 661 698 739 928
11  36 185 289 324 509 583 707 737 756 838 903
10  119 243 416 464 559 576 645 657 806 839
5  298 499 875 929 997
8  4 200 213 374 474 554 753 930
5  174 192 300 773 832
11  52 75 83 178 198 275 466 705 860 863 878
15  209 261 333 341 394 423 538 578 609 624 669 715 783 969 996
8  104 170 203 325 401 562 780 866
8  143 202 359 394 573 768 914 973
7  147 298 408 423 630 784 997
8  209 437 539 543 555 566 735 928
9  46 106 138 282 485 568 731 790 987
5  238 463 628 911 927
6  25 236 340 568 812 874
15  132 148 166 201 205 467 485 590 614 634 659 750 805 885 935
14  57 104 215 245 424 442 456 505 545 692 747 870 984 986
13  63 126 218 317 374 382 474 606 673 686 694 822 937
15  91 146 323 399 448 472 497 550 616 621 718 724 834 932 972
5  143 198 312 330 360
7  11 181 247 496 537 579 648
8  125 210 439 507 716 740 899 997
11  17 26 35 63 245 347 508 594 662 846 888
10  101 126 220 234 376 431 580 584 642 653
13  100 146 211 334 382 435 508 638 756 781 791 792 941
9  224 344 446 494 616 666 711 740 761
11  187 217 237 343 357 381 585 713 724 793 820
9  11 243 316 333 574 677 698 786 977
12  31 79 81 364 400 558 609 732 746 946 954 992
13  24 27 34 116 225 285 389 529 591 618 824 843 851
17  50 108 113 135 151 219 254 347 462 499 517 582 622 639 652 770 805
8  223 229 374 408 583 665 814 978
11  386 392 395 506 530 535 537 604 717 876 989
13  16 132 145 392 409 448 454 475 499 523 560 738 915
9  18 184 545 577 581 704 730 926 944
15  139 225 244 283 369 458 535 538 541 564 582 584 746 781 910
12  35 51 111 137 261 300 311 477 487 511 608 647
8  64 321 493 600 613 706 823 918
18  2 34 77 123 156 234 355 408 410 426 501 537 624 668 818 839 852 874
10  54 184 242 288 332 565 864 881 898 966
15  15 135 217 232 272 328 387 398 449 451 510 643 646 670 944
13  33 261 297 299 343 351 484 632 662 824 878 890 920
8  208 472 533 586 738 968 970 984
11  71 91 138 188 220 258 343 346 485 513 514
11  145 207 356 461 476 485 551 590 700 852 872
12  70 120 242 283 468 499 566 681 727 794 855 993
12  2 15 19 184 391 402 546 565 857 912 975 985
12  38 76 250 272 338 368 412 464 559 639 689 763
8  34 233 239 264 855 893 958 966
14  19 132 196 221 290 295 343 532 700 762 772 887 940 982
6  229 268 342 722 752 778
17  53 108 169 210 216 258 350 603 761 769 858 868 877 924 936 967 999
5  136 265 335 547 683
8  114 117 214 296 449 697 847 955
9  38 185 409 457 464 663 870 881 981
6  74 280 325 521 529 943
8  241 290 528 701 712 736 905 926
12  88 122 142 351 390 459 479 538 692 713 761 941
9  22 107 341 395 676 692 724 875 946
14  45 58 130 158 194 259 360 395 465 499 715 733 756 816
10  144 224 276 351 556 633 637 720 741 919
14  16 95 194 326 413 433 460 624 674 742 814 944 952 961
13  21 131 158 277 409 548 554 566 632 891 904 934 990
4  126 609 880 966
11  8 20 173 237 245 268 315 342 593 959 990
9  162 253 314 522 622 812 890 924 935
9  22 82 141 170 297 446 507 659 864
10  201 230 235 432 469 512 551 583 613 659
12  63 76 140 313 390 431 474 651 765 825 951 977
5  110 112 467 741 901
7  242 381 452 488 732 752 851
9  137 246 302 374 446 633 662 919 931
12  11 110 393 397 594 650 710 738 859 874 928 975
7  55 169 365 386 599 784 870
8  108 244 258 353 375 532 613 995
8  68 184 360 430 431 739 798 834
10  143 315 471 533 543 550 745 746 928 937
11  49 101 116 401 412 541 664 701 758 761 985
16  17 111 123 128 234 241 370 438 439 450 539 628 642 665 984 988
12  101 128 166 415 470 505 537 538 579 594 814 871
11  378 379 427 578 615 681 807 869 877 982 987
5  22 200 735 743 964
15  29 41 254 380 538 554 566 571 619 625 678 740 831 908 941
15  23 256 314 337 479 480 622 656 742 827 838 876 882 893 895
12  60 149 180 323 534 535 563 588 757 797 829 878
10  28 167 393 453 535 598 682 793 909 928
7  108 249 366 543 559 685 959
10  100 373 400 482 505 546 548 594 737 980
9  54 75 153 206 325 838 859 875 880
8  10 20 23 119 126 229 239 841
8  48 379 474 696 760 835 894 948
17  31 116 170 223 303 311 357 389 614 633 674 736 743 806 823 827 874
13  33 390 443 505 561 648 653 668 678 865 877 951 955
6  31 347 396 410 615 846
11  81 233 306 336 354 383 515 706 765 802 917
9  8 127 195 367 402 661 723 812 978
15  126 243 250 396 399 439 460 514 640 650 690 734 782 829 830
9  37 46 84 136 166 187 512 636 647
9  13 109 366 436 605 637 668 781 950
7  29 379 428 589 764 859 946
10  0 2 390 465 473 579 609 648 877 982
6  48 243 455 470 842 953
7  96 98 129 247 316 425 655
13  36 39 235 260 367 385 415 500 641 657 715 940 978
7  28 159 197 204 373 421 980
10  57 157 162 171 235 396 508 709 729 847
8  22 68 187 199 230 428 433 587
10  130 317 748 779 789 895 915 934 977 978
11  99 107 265 326 529 643 671 700 796 855 858
8  90 285 387 402 419 624 821 973
14  0 35 110 309 347 382 463 464 477 507 616 675 713 757
9  54 377 414 597 710 745 937 949 987
9  80 177 288 594 658 752 864 884 894
7  9 121 516 743 779 925 991
11  309 321 521 764 797 799 841 883 884 886 918
13  9 117 304 308 398 441 443 521 546 810 856 903 948
13  18 51 56 102 144 330 354 490 584 591 656 713 737
19  22 37 91 130 230 285 326 331 452 459 467 477 511 537 710 721 727 805 873
5  213 350 419 694 926
7  156 262 349 644 664 987 992
9  77 139 259 277 336 403 419 485 939
9  32 258 270 349 375 504 609 899 922
10  65 90 221 296 496 503 521 585 652 994
11  20 98 211 301 390 428 578 606 612 773 993
7  38 147 498 614 697 732 770
6  69 161 536 687 753 781
7  102 166 361 369 514 932 998
10  45 79 132 231 308 346 375 582 889 896
11  8 187 468 527 531 604 609 770 792 828 862
10  121 140 212 278 416 562 680 769 805 820
10  39 59 195 349 529 539 726 741 789 962
16  137 149 202 249 282 403 448 713 723 823 829 843 849 865 985 990
9  141 180 255 302 311 567 612 715 972
7  168 403 462 596 648 801 920
11  47 234 402 465 523 653 771 861 898 916 940
12  27 53 78 162 474 521 598 608 859 870 944 959
6  213 310 530 549 753 842
12  56 85 311 359 389 420 422 600 825 892 954 956
7  113 126 233 689 880 915 965
10  99 201 221 392 445 565 612 842 955 985
10  176 192 218 370 456 493 629 738 820 855
8  58 246 346 567 813 819 927 979
11  91 182 288 314 567 605 616 775 792 795 857
12  277 425 513 531 535 550 572 694 744 781 884 933
9  241 358 366 401 425 656 722 802 850
6  29 149 473 656 723 759
12  38 167 208 426 430 473 531 693 797 822 888 925
8  149 201 252 370 447 519 689 986
12  4 114 244 258 345 502 560 746 869 904 946 991
21  80 96 137 173 220 235 237 243 392 445 532 574 609 620 633 681 832 882 886 955 974
7  131 219 380 423 729 739 781
14  96 342 438 464 465 684 723 826 828 856 894 897 915 922
14  63 88 237 321 335 488 489 575 657 700 854 881 933 989
8  92 112 216 224 287 304 686 791
8  63 86 600 649 704 728 757 925
17  41 60 124 131 142 313 315 324 630 697 744 827 874 952 954 967 979
12  132 245 312 353 362 634 664 746 817 877 882 980
8  135 173 235 251 254 512 570 597
10  40 411 420 628 686 772 816 831 941 968
10  169 268 350 404 647 734 740 757 809 954
12  4 60 288 310 377 402 620 642 684 799 848 944
12  30 50 58 112 168 232 517 573 608 642 745 888
11  159 238 620 638 727 750 819 844 895 920 942
17  47 186 220 285 383 389 469 477 518 525 564 637 691 832 936 966 968
14  11 15 32 130 194 338 398 412 425 516 529 574 748 940
10  112 203 331 427 727 728 817 931 933 973
15  71 119 213 253 269 395 415 552 573 682 774 794 877 891 997
9  168 320 665 699 721 835 905 920 944
6  32 39 350 488 549 612
6  432 454 512 830 992 999
10  94 171 222 392 423 567 568 623 865 925
11  27 120 148 267 470 734 766 868 929 932 957
14  5 59 280 292 338 427 565 634 727 813 867 881 920 951
12  289 297 386 390 449 576 606 633 700 802 880 914
10  241 404 516 585 676 695 713 837 872 985
9  9 136 229 320 448 649 781 968 983
15  106 107 272 334 341 491 549 631 637 672 788 887 940 957 986
6  126 593 618 810 822 856
8  37 113 458 573 756 769 807 938
5  281 298 904 952 979
9  198 211 225 265 405 466 546 634 636
8  112 268 315 321 644 811 932 994
3  217 751 884
15  51 178 305 354 388 421 455 572 598 650 815 897 914 936 965
10  175 274 614 629 765 821 873 914 919 940
7  76 123 274 284 293 720 901
10  276 344 410 411 573 728 744 794 848 919
13  22 47 112 179 220 264 435 606 641 694 728 730 829
11  83 119 211 218 304 420 560 631 665 748 787
6  0 288 357 391 603 686
7  2 118 121 539 609 835 844
11  51 153 297 458 542 623 636 679 731 751 887
11  110 226 267 367 493 548 558 566 588 824 890
10  31 39 100 132 234 303 613 707 734 796
9  59 377 604 624 697 724 790 909 919
11  223 285 331 357 583 634 653 702 850 927 969
11  144 192 251 262 286 294 317 367 580 666 748
12  36 169 240 383 402 604 700 742 823 906 935 940
18  75 76 104 226 227 333 343 364 577 604 624 655 762 793 838 843 868 895
13  14 266 279 400 419 489 539 744 762 825 911 951 977
7  201 203 491 726 856 884 895
11  226 252 253 360 465 486 501 636 901 951 966
13  48 53 62 156 162 166 287 290 299 452 746 900 928
9  164 266 420 552 685 737 848 906 967
9  234 309 358 419 487 563 672 832 902
9  118 212 290 443 448 550 644 795 991
7  1 67 143 222 281 393 668
15  0 4 95 152 181 182 202 271 338 410 519 531 610 833 942
9  103 240 289 303 328 354 391 808 877
13  2 38 44 191 314 325 327 447 488 541 574 643 691
10  30 158 167 353 368 511 540 685 904 994
10  1 98 172 374 486 629 632 862 876 951
11  73 141 178 427 667 678 697 813 843 884 893
3  550 627 810
8  87 159 204 225 232 754 886 948
11  40 227 248 256 475 578 603 704 810 850 910
10  65 113 181 232 287 380 401 464 529 917
10  73 81 132 352 380 440 575 605 820 959
12  58 149 241 271 358 442 570 583 749 882 914 979
9  69 158 169 193 255 443 547 585 772
6  15 305 560 870 929 946
9  273 297 360 441 518 579 809 869 990
10  30 66 123 196 323 435 488 588 845 903
6  38 140 184 637 764 862
9  8 40 459 505 523 632 695 831 867
9  303 312 314 393 398 596 609 756 890
11  331 352 382 397 446 528 580 621 797 891 949
9  298 377 447 461 503 538 549 636 974
13  72 101 331 457 507 509 674 709 726 773 816 863 880
9  132 201 204 344 364 705 725 727 897
10  26 210 439 494 535 581 643 809 824 984
13  55 93 108 296 337 338 358 710 784 876 885 958 970
11  39 97 232 340 482 535 562 602 622 801 842
8  274 359 366 406 491 627 705 832
9  51 101 192 293 300 317 710 936 962
7  493 520 543 680 781 893 996
15  65 76 146 269 340 490 519 520 608 623 741 758 826 915 969
13  108 121 154 185 217 262 269 684 755 831 860 882 974
11  82 261 363 502 522 556 569 615 717 723 852
9  72 115 135 255 300 511 558 646 727
10  28 437 583 655 701 716 797 847 862 923
8  218 381 416 457 822 830 958 991
8  292 490 541 662 763 859 938 958
10  205 434 441 467 546 564 668 677 721 951
4  82 272 345 828
14  111 129 151 172 215 272 290 424 503 557 671 891 918 953
7  63 155 411 489 831 956 974
8  189 309 415 437 695 754 830 966
6  150 210 412 653 963 977
13  135 156 286 309 399 413 553 554 670 825 849 961 995
13  51 108 161 583 637 709 727 942 953 967 969 974 979
5  68 333 343 632 759
8  101 219 260 265 420 761 913 964
15  40 87 341 403 421 510 531 542 608 622 640 766 809 846 881
10  56 122 136 212 227 325 369 399 897 954
9  168 234 247 367 554 684 728 835 981
5  128 158 272 639 671
9  23 31 68 234 475 632 974 976 988
10  21 94 133 264 311 396 504 585 702 746
8  48 51 186 279 545 740 812 857
10  227 363 680 705 708 729 821 843 864 916
9  41 70 131 295 377 495 752 808 927
13  37 122 179 210 334 622 675 746 798 860 871 946 969
15  5 165 248 422 435 526 532 556 629 650 652 695 923 937 968
4  134 229 372 385
9  92 111 130 251 311 418 534 540 792
9  19 35 179 255 290 637 641 657 780
5  174 238 421 613 739
10  32 106 180 194 224 327 688 719 830 864
7  207 304 577 752 794 810 822
17  8 118 147 196 241 248 304 345 410 492 614 638 670 731 739 925 927
8  157 165 253 294 328 345 395 775
7  172 200 374 486 573 720 733
9  31 35 209 263 311 437 635 645 764
9  78 185 239 322 524 538 937 967 993
7  12 64 261 357 563 706 848
6  273 295 365 604 701 721
11  126 270 475 493 600 609 679 729 858 884 915
5  51 212 236 913 976
11  80 91 108 182 294 339 340 479 636 637 682
9  11 135 198 211 262 284 329 642 974
12  17 152 227 409 451 471 482 611 747 855 891 945
3  238 480 562
13  61 114 230 304 311 357 548 616 648 748 815 905 965
10  155 185 604 606 633 646 842 882 916 992
14  135 136 149 251 277 473 560 633 692 694 792 803 818 907
7  29 185 277 476 559 575 787
5  1 50 554 646 846
12  84 116 281 426 475 589 602 635 703 706 763 784
9  112 498 535 659 709 843 913 954 986
6  36 156 182 235 808 921
12  33 178 206 209 237 238 314 680 693 804 901 959
12  395 405 466 511 528 646 649 710 798 863 954 991
7  138 230 398 619 685 689 713
17  22 115 264 346 362 403 416 508 567 594 614 662 735 865 922 937 948
8  346 393 440 562 570 827 838 922
13  10 11 60 68 310 430 436 588 612 634 788 794 914
8  77 82 125 370 394 427 818 827
7  34 113 129 464 504 705 849
7  231 334 386 429 471 718 906
7  77 194 219 424 593 655 777
9  13 71 133 455 655 789 812 860 873
9  0 34 110 214 316 567 670 836 918
10  85 116 212 604 607 660 793 892 921 927
14  20 96 318 483 545 550 701 715 742 864 877 941 954 970
10  114 197 224 227 239 253 572 574 932 976
8  119 297 566 654 719 727 790 829
8  52 146 232 395 881 912 946 989
9  15 342 432 710 784 818 830 948 989
11  14 18 81 92 316 421 439 538 799 853 943
11  4 33 61 124 315 452 492 922 927 968 982
11  131 210 273 281 286 418 533 554 613 680 881
8  104 226 540 622 632 756 933 959
11  29 74 215 260 304 422 542 593 623 722 779
9  71 216 218 299 488 611 796 853 956
10  17 136 195 422 684 725 774 817 836 959
9  151 173 184 234 447 889 921 937 989
16  37 230 311 404 433 486 522 559 609 715 792 804 840 879 949 979
14  24 95 148 172 261 291 351 363 592 726 779 886 965 997
10  78 237 337 538 618 662 693 708 762 991
10  16 73 86 104 126 237 290 320 905 936
7  6 26 51 288 633 893 966
9  307 358 368 786 862 889 894 906 959
9  44 47 89 224 355 563 754 810 970
10  18 31 88 357 415 647 692 725 743 871
7  341 401 430 532 604 741 801
11  30 73 178 429 430 664 721 862 919 972 994
9  120 124 249 308 309 316 329 656 944
10  20 92 259 432 511 582 588 653 718 785
13  7 41 106 149 166 227 328 418 583 674 756 896 909
3  89 468 586
5  357 558 636 883 928
2  457 940
11  149 322 531 608 616 632 653 661 791 924 972
10  250 420 486 558 582 625 660 818 908 936
12  223 249 302 324 358 410 579 611 785 884 899 905
9  226 330 541 565 652 753 784 831 946
11  34 322 337 340 401 447 527 565 611 732 881
12  157 158 243 268 343 457 519 599 785 949 972 994
12  1 10 91 236 270 505 600 719 786 856 914 984
6  7 132 278 459 621 655
14  145 158 226 229 278 279 337 424 426 483 642 841 854 893
3  37 319 883
10  164 214 226 232 273 311 675 736 802 936
15  58 129 201 229 251 273 276 421 468 503 513 560 708 895 996
13  132 162 205 272 324 384 393 624 718 762 782 800 944
12  116 137 404 459 506 614 663 704 837 860 974 995
7  229 271 403 436 530 597 873
19  40 102 182 385 447 507 566 674 709 756 780 796 800 835 920 937 948 978 983
8  205 270 280 429 706 740 818 868
7  125 148 733 773 888 963 966
14  7 69 118 182 210 228 453 498 558 615 671 946 955 960
12  14 240 281 309 374 437 779 802 839 878 888 890
8  102 143 246 413 684 857 980 986
11  75 156 256 281 386 477 654 742 867 876 963
9  22 73 82 126 146 330 362 370 421
13  50 166 183 190 212 270 337 399 407 498 669 692 788
9  67 101 168 238 261 575 655 784 824
9  124 141 161 360 397 721 807 819 843
6  1 65 115 165 443 816
14  84 85 198 256 276 443 449 481 505 620 638 763 839 884
8  19 114 205 646 651 656 686 922
7  4 254 432 457 762 884 956
7  33 85 87 110 439 628 986
17  65 177 222 386 433 525 528 545 607 616 656 660 742 790 806 838 992
11  165 193 196 241 280 480 511 589 600 761 915
10  111 227 342 382 414 479 538 600 666 775
4  163 194 286 963
12  114 118 129 190 202 323 426 476 489 624 865 927
15  31 47 77 182 278 398 469 517 655 693 729 736 864 891 960
5  173 229 357 437 666
15  124 140 233 240 333 366 530 531 698 719 739 788 872 948 960
14  1 5 133 205 239 256 276 386 500 542 572 720 902 985
16  21 326 335 336 364 488 496 584 609 728 776 793 859 868 934 946
9  148 206 208 364 656 770 785 807 811
8  36 55 118 432 700 713 904 943
5  5 351 412 489 802
9  22 33 121 276 672 766 792 844 886
9  2 337 377 499 566 671 766 772 946
14  111 172 176 203 355 360 372 380 466 654 678 726 900 910
10  164 221 343 358 403 499 779 867 905 950
11  8 23 107 346 411 480 551 613 650 653 659
7  182 196 367 585 761 800 878
7  72 168 182 228 392 463 753
10  12 25 83 92 201 274 317 409 682 732
13  27 214 273 294 415 529 580 593 654 772 843 867 949
7  144 217 390 420 579 806 850
13  113 122 140 228 424 608 643 693 709 717 902 955 992
11  64 224 229 321 522 528 617 621 673 745 997
15  34 158 170 173 195 225 261 389 412 434 444 523 823 842 859
8  50 111 217 229 310 567 633 708
13  78 220 316 368 413 452 576 615 804 823 851 961 993
14  95 236 524 605 644 664 665 671 729 777 827 942 952 967
6  300 681 704 762 772 973
11  58 61 117 131 278 386 416 490 522 614 956
11  22 109 111 157 185 293 482 559 696 833 945
8  209 238 691 696 742 768 839 961
8  72 103 223 310 681 709 714 819
5  138 149 512 686 932
12  127 172 258 371 494 507 579 702 711 771 795 925
9  151 216 266 273 281 306 488 732 990
6  28 59 120 630 764 882
6  109 327 419 645 917 933
6  305 351 541 817 921 963
12  6 190 279 329 377 642 705 706 719 767 795 841
8  50 56 58 75 267 532 802 945
17  134 177 181 231 331 348 471 533 559 560 667 787 811 955 957 963 993
4  47 674 706 873
9  94 426 482 737 836 847 855 986 987
12  71 76 89 245 383 409 675 693 728 772 823 932
14  14 226 322 388 391 392 470 478 497 519 791 794 809 967
8  156 184 292 336 411 586 647 888
9  160 211 317 367 381 478 895 910 933
8  142 155 497 558 623 710 762 803
13  9 24 230 329 355 430 447 527 581 612 711 735 743
18  201 222 257 294 315 322 343 384 419 471 511 567 764 844 856 955 965 994
5  401 660 972 979 986
12  113 115 185 475 508 529 531 661 664 702 808 900
10  36 317 326 333 362 490 608 618 636 704
11  53 115 231 261 268 387 461 505 575 756 911
14  42 54 209 285 318 378 464 488 540 588 691 696 838 940
9  51 71 150 274 287 432 545 585 794
11  212 219 304 336 477 527 558 697 707 760 894
8  102 582 643 654 790 814 858 865
11  8 56 110 169 223 371 513 612 675 823 871
6  134 276 487 690 842 974
6  343 354 356 554 805 831
7  71 212 420 534 582 711 738
12  32 224 259 277 426 447 456 506 628 633 780 819
10  165 364 385 430 507 607 743 849 862 883
11  127 201 232 255 303 388 392 539 562 805 949
7  276 528 698 799 824 911 937
5  4 80 686 757 860
11  11 20 33 38 131 407 427 824 831 881 970
9  87 121 163 207 272 352 557 622 954
6  62 334 378 405 457 694
13  124 151 204 349 595 647 682 712 811 892 893 928 993
8  38 164 370 382 663 825 856 884
10  235 256 405 418 445 451 506 527 759 986
13  86 254 265 285 343 367 478 479 515 584 622 692 818
13  34 209 350 366 374 389 490 654 693 715 819 888 919
10  112 118 174 467 482 795 865 868 877 902
14  51 65 180 182 291 374 385 395 421 473 525 612 839 957
16  121 254 292 357 370 417 444 460 473 645 658 722 731 879 924 936
10  10 62 218 356 464 554 704 825 857 944
16  61 74 121 128 224 241 450 735 813 832 842 857 864 946 956 979
7  16 95 101 290 447 697 817
8  140 297 381 460 673 697 718 974
14  41 91 108 217 272 354 355 474 535 598 693 752 911 949
9  106 234 302 403 424 581 617 739 993
12  4 133 154 190 313 375 399 586 726 785 819 921
13  28 41 55 148 156 187 196 467 596 637 755 765 894
12  81 234 433 478 481 486 555 738 786 895 897 900
11  24 117 193 230 291 353 518 605 630 833 899
10  128 146 214 286 294 327 477 729 788 909
9  139 348 369 486 729 807 811 889 969
9  89 266 290 377 457 575 681 738 883
9  63 135 262 555 769 774 819 933 949
8  110 224 316 457 530 801 868 997
16  118 169 217 286 328 389 442 522 527 575 725 734 771 808 877 970
7  500 548 573 579 617 634 799
13  97 176 296 392 434 494 495 534 551 563 728 774 996
13  156 277 310 338 339 521 555 558 568 678 719 784 943
8  5 38 196 297 346 460 760 779
8  306 637 664 710 750 814 931 937
9  27 93 209 260 261 483 575 753 770
6  82 165 497 528 558 610
8  194 289 527 611 718 725 791 946
13  119 180 216 235 265 436 488 513 714 719 786 888 962
5  62 248 540 631 980
13  65 187 271 313 350 520 586 611 658 824 886 925 927
12  191 225 272 361 382 586 688 774 796 849 920 979
9  10 48 60 219 390 560 564 688 726
7  67 193 406 600 737 779 997
14  6 20 86 232 286 292 400 437 785 795 799 805 854 869
6  201 550 738 797 823 975
16  50 74 177 192 234 443 464 496 722 795 822 842 877 879 918 934
11  57 80 94 302 439 450 545 572 586 721 968
7  37 47 370 398 571 673 830
6  211 582 641 672 793 836
9  32 255 285 422 523 542 601 782 961
9  55 143 169 304 456 537 603 618 829
9  103 138 184 252 368 740 830 906 952
7  70 79 221 437 717 833 997
11  76 83 180 276 286 406 573 656 809 827 849
5  163 385 471 781 983
8  323 429 454 485 505 736 768 872
12  135 168 239 274 343 587 591 650 896 910 941 998
10  55 92 177 279 360 473 578 630 779 995
5  130 246 739 744 920
13  26 69 178 345 354 431 449 509 547 749 757 826 878
9  80 99 190 280 397 404 487 705 719
9  211 347 352 383 555 592 626 902 966
7  28 64 67 319 772 907 960
8  1 17 59 462 665 666 784 799
10  9 87 171 241 332 341 487 703 791 951
8  4 148 158 290 619 776 925 997
6  357 403 590 614 958 999
10  108 210 251 252 479 518 550 633 694 707
13  151 340 485 513 563 581 603 634 642 694 801 821 923
15  38 53 82 139 211 312 337 381 479 629 692 693 750 871 950
6  143 368 418 441 457 750
6  284 589 590 614 725 813
12  60 247 318 349 388 406 616 640 641 721 826 859
10  46 124 194 221 565 625 721 805 851 987
7  36 361 886 899 930 961 997
10  238 243 302 346 367 391 569 802 945 963
9  151 250 271 434 470 498 724 779 796
10  22 164 389 452 593 611 797 838 842 894
4  80 482 689 715
13  55 109 171 228 348 409 540 587 612 638 827 938 950
12  48 200 423 427 454 492 598 685 749 799 833 903
15  69 112 231 288 469 482 543 598 601 748 781 787 863 870 964
8  52 137 140 195 387 616 692 874
10  89 100 151 454 513 538 584 769 812 866
13  56 115 299 422 444 483 542 581 591 873 874 887 986
14  101 152 266 305 311 425 428 486 502 607 658 757 908 964
12  8 32 72 169 219 593 608 621 784 787 860 951
2  250 630
14  153 220 251 304 310 325 368 487 569 746 747 935 977 982
4  591 662 867 923
12  201 253 297 326 498 511 634 703 835 915 952 958
10  1 16 62 180 192 215 434 878 955 970
7  42 99 226 432 581 677 827
14  51 57 117 125 212 493 522 539 641 661 733 776 939 955
11  192 462 500 533 565 598 656 662 685 903 909
10  254 379 466 566 752 798 818 927 932 946
15  189 311 361 437 470 520 552 671 697 698 881 904 908 925 991
10  2 25 33 44 153 244 338 507 637 670
8  85 289 325 339 345 432 861 982
10  100 212 220 252 388 701 787 848 888 949
9  49 73 423 509 518 653 661 696 979
15  65 76 136 172 324 394 422 512 573 644 666 773 778 828 944
12  105 239 311 356 359 366 423 433 444 500 753 901
14  4 73 91 182 348 359 380 381 449 567 603 655 905 954
12  15 51 52 299 344 454 471 563 586 648 649 937
8  103 228 381 796 814 908 909 921
8  206 385 464 637 753 797 837 941
10  0 127 222 264 318 531 578 594 741 949
8  31 253 466 544 718 892 934 941
9  15 152 164 290 353 365 387 653 840
8  144 205 275 488 608 639 783 807
8  107 250 285 537 563 680 823 896
11  127 130 134 155 195 281 310 397 602 667 942
14  124 227 236 266 334 621 646 650 669 800 839 899 956 965
12  17 36 142 194 269 344 461 464 565 643 683 982
10  119 215 219 276 353 453 543 676 798 926
11  71 254 263 324 430 519 732 808 906 933 998
12  48 103 158 255 277 391 498 548 558 590 861 867
12  32 109 120 275 285 307 518 608 623 754 893 960
14  33 41 128 337 349 380 393 683 757 789 884 898 947 985
6  270 305 355 582 815 968
14  59 105 120 222 229 270 342 350 396 452 456 713 846 877
4  210 475 713 754
12  50 70 301 358 382 390 477 706 759 872 954 989
9  0 96 161 412 684 705 766 832 880
7  36 209 356 658 694 695 970
6  121 124 189 376 385 862
12  87 244 264 306 455 463 642 720 798 843 935 991
12  43 80 198 319 330 530 577 659 727 731 827 893
11  85 175 408 441 517 743 747 826 856 857 927
4  145 431 645 884
16  6 53 98 128 166 187 195 218 253 372 419 506 523 542 613 995
12  87 278 304 348 353 626 684 710 744 812 912 963
4  123 271 430 976
9  131 151 166 339 445 632 748 850 987
4  97 284 616 657
8  219 245 251 271 446 559 576 811
12  8 177 243 392 393 513 539 556 587 607 791 925
8  47 177 241 436 482 554 797 927
11  40 141 142 293 308 417 467 595 609 917 999
10  79 103 124 145 262 288 378 645 858 943
12  45 87 91 191 365 447 571 572 749 881 882 960
3  598 958 974
7  24 41 203 590 680 910 930
10  24 45 160 162 245 323 372 651 708 922
10  43 48 183 224 318 322 568 659 888 953
6  328 593 653 889 899 938
14  21 243 352 413 572 579 587 603 687 783 789 825 890 940
6  97 199 317 422 544 726
9  153 360 509 651 655 665 777 803 942
9  45 143 336 465 560 806 822 823 860
4  33 567 690 718
4  494 586 774 842
6  21 244 726 797 890 961
14  7 184 301 307 507 512 546 574 657 667 682 701 859 885
5  202 460 542 622 797
11  178 218 229 292 319 337 344 369 429 679 706
7  186 290 539 674 823 889 933
4  201 735 772 970
12  46 204 267 425 482 502 530 551 656 688 711 828
10  73 95 522 529 532 568 644 668 818 942
10  26 145 221 516 533 646 662 868 874 887
9  58 382 480 600 706 711 724 867 903
10  174 370 490 550 565 648 811 813 917 986
9  104 120 136 301 324 495 744 772 852
8  177 206 388 500 558 617 936 949
11  26 71 106 218 347 527 604 661 689 762 853
12  35 68 79 218 322 336 459 479 511 571 840 934
8  117 220 279 392 497 567 673 829
11  46 176 239 360 380 463 490 604 615 806 959
10  12 165 336 399 593 598 635 668 670 941
9  27 76 302 387 508 542 665 701 730
16  110 139 153 278 308 340 420 434 669 702 731 763 778 780 804 994
8  157 269 456 486 720 740 752 850
14  34 176 308 354 503 625 654 668 688 705 854 890 989 996
10  21 106 156 539 542 576 738 825 911 918
11  75 95 327 426 519 652 693 947 959 977 988
14  61 172 178 288 338 367 537 546 570 599 700 856 948 984
8  38 479 607 774 945 966 982 993
10  11 45 77 154 485 511 585 797 866 982
11  174 209 224 311 323 620 624 668 698 911 999
7  196 285 558 580 775 794 966
12  132 153 157 166 187 274 372 552 568 649 735 995
12  39 402 455 484 611 653 741 837 838 956 981 996
9  5 28 64 353 415 424 447 604 678
10  16 41 64 140 309 371 407 409 463 517
10  34 177 375 568 600 630 649 761 788 938
14  56 71 87 101 173 208 259 289 453 495 708 757 826 867
8  127 335 366 406 639 696 788 931
9  99 125 225 255 273 617 658 730 913
7  138 183 377 477 745 887 946
9  2 45 167 253 352 422 553 829 858
11  83 88 143 350 359 509 597 640 880 885 976
12  181 232 479 491 502 528 543 633 720 785 910 989
10  335 356 552 591 622 634 644 651 967 969
9  86 187 220 323 334 411 874 959 984
14  43 44 54 67 146 163 303 378 454 693 832 838 973 984
11  73 128 156 211 340 371 435 463 670 775 981
16  26 116 231 285 325 391 583 585 603 618 669 736 775 782 956 994
13  10 113 181 223 235 386 424 551 625 627 664 900 947
13  122 149 262 331 393 443 631 638 772 800 881 991 994
11  57 92 143 345 430 684 697 754 812 887 933
13  14 130 277 285 349 489 491 586 678 704 717 753 891
10  122 162 191 322 345 438 726 784 865 899
15  36 102 119 133 162 278 290 325 381 500 675 793 816 888 921
9  290 363 435 441 462 502 672 676 963
11  105 167 276 352 418 431 440 530 620 627 856
9  14 199 343 357 398 427 639 749 821
7  401 589 647 677 705 961 979
5  126 212 269 855 982
11  284 361 384 449 542 715 865 884 927 948 961
9  116 117 126 136 496 509 602 673 855
5  368 540 731 808 987
14  49 155 195 277 282 392 489 558 614 702 808 821 844 848
13  36 175 196 232 546 554 590 636 738 860 935 944 999
3  511 734 792
6  283 308 535 598 881 989
12  91 295 330 333 426 478 583 619 639 670 702 777
10  223 325 392 406 454 483 552 579 752 987
9  32 106 117 143 356 384 571 609 838
8  68 104 127 416 918 955 958 998
10  24 77 131 189 216 287 447 481 746 889
7  23 247 299 434 602 864 933
10  149 166 176 354 380 397 469 724 838 988
12  33 130 135 140 325 443 492 623 665 678 925 945
10  128 338 389 409 580 759 798 895 977 984
12  12 86 148 149 223 264 585 698 888 946 982 997
10  92 111 124 143 232 238 432 789 920 927
7  9 78 503 508 791 891 913
7  117 152 346 535 668 799 924
12  108 239 242 302 334 475 602 834 836 943 961 998
15  60 70 80 309 345 371 394 533 609 631 754 802 831 907 929
9  98 240 336 453 547 638 639 754 973
12  64 74 104 171 245 302 471 617 765 816 915 945
14  106 160 165 266 282 293 329 436 567 583 697 779 925 990
13  12 24 65 200 431 456 495 540 626 711 775 839 868
6  44 165 328 723 742 944
11  61 88 131 322 405 417 434 516 520 623 751
6  43 86 200 422 486 706
15  45 77 233 260 306 454 462 498 563 639 847 914 960 971 981
11  23 66 286 325 364 488 562 617 635 828 835
4  81 202 708 804
13  74 76 100 366 418 548 574 579 714 742 787 812 976
14  78 148 168 186 245 365 392 543 567 635 652 786 860 955
9  85 165 174 176 274 342 415 668 903
7  59 210 248 267 329 414 706
8  83 102 183 273 456 518 618 694
9  238 368 565 680 748 875 879 964 976
7  184 311 378 495 541 601 709
17  27 39 50 108 125 185 186 208 232 266 285 349 707 709 786 820 891
4  197 252 282 872
8  134 170 226 277 405 425 548 887
15  52 191 245 274 286 294 350 360 402 498 635 653 670 746 918
8  73 200 235 278 546 576 684 716
8  44 90 95 511 637 670 872 881
10  91 181 257 282 332 367 422 749 817 905
18  160 233 248 346 366 447 501 505 531 627 721 766 825 841 879 882 955 978
15  49 152 178 185 277 343 350 412 431 478 595 766 881 885 966
8  27 73 308 525 536 623 650 891
16  80 306 308 337 376 394 406 471 529 554 556 631 744 755 835 911
6  83 209 425 779 817 882
11  49 76 78 82 308 343 408 512 571 664 699
11  10 13 243 370 385 709 786 815 826 876 965
16  35 36 152 216 340 355 544 546 605 634 662 724 770 829 851 975
8  321 510 516 649 771 782 846 937
12  60 124 235 259 386 419 546 772 778 799 912 923
16  12 49 63 174 256 360 420 439 475 563 827 853 874 883 921 951
11  24 28 55 61 92 178 331 497 630 733 975
9  242 277 406 429 515 535 630 743 753
10  46 284 306 345 516 616 645 702 958 977
9  277 301 356 392 394 538 606 646 850
7  60 77 96 321 523 681 736
7  190 345 377 423 448 646 984
4  9 233 328 744
10  40 215 315 529 647 699 738 771 828 945
6  396 573 611 646 824 952
6  263 379 395 485 727 986
7  53 398 566 581 635 686 906
9  77 143 195 309 416 705 719 787 869
9  39 65 256 342 373 404 569 721 938
9  148 250 361 477 514 529 574 728 880
8  4 391 397 493 516 676 741 902
4  122 479 687 856
5  276 528 710 721 730
7  12 279 388 523 648 719 730
9  52 84 229 409 573 606 681 768 818
11  78 131 188 207 393 613 625 642 800 805 884
6  40 240 501 757 890 933
7  113 446 472 483 814 853 924
11  10 180 203 367 377 378 412 490 533 864 988
13  18 53 227 301 332 345 430 471 559 715 858 974 997
8  40 121 138 328 454 478 947 966
11  0 6 69 113 155 288 410 596 764 788 922
12  29 231 308 439 496 670 800 845 877 921 978 991
8  254 265 378 380 388 520 634 983
12  6 137 235 327 356 361 366 542 665 683 852 969
11  13 87 484 497 510 597 644 730 829 891 918
9  315 345 488 489 504 555 769 917 976
7  73 123 434 457 693 714 890
8  23 30 245 259 527 637 854 913
13  55 307 340 348 364 464 593 664 690 721 762 849 859
7  62 102 142 228 250 312 740
19  60 89 151 207 335 389 455 464 497 504 562 664 720 754 763 835 852 930 992
9  194 205 266 270 279 396 525 630 989
8  30 42 60 104 197 365 414 856
6  126 188 198 699 768 927
9  24 144 265 359 658 813 936 940 979
8  212 320 365 375 499 592 603 720
17  92 101 138 189 337 346 359 506 596 606 651 741 782 826 847 912 987
11  53 101 128 256 301 567 670 733 792 969 977
8  102 209 259 391 713 752 839 995
15  24 28 59 245 357 377 428 514 528 537 637 790 931 976 999
14  71 83 211 270 305 457 468 488 510 542 625 658 729 889
6  372 436 704 771 811 904
3  314 718 978
14  45 62 186 243 297 328 358 370 378 391 526 614 772 931
12  20 153 218 251 276 352 498 681 731 733 795 970
8  183 356 401 444 586 737 774 785
12  5 70 179 249 503 569 656 765 855 946 964 997
13  87 228 234 255 329 354 361 521 539 638 726 839 861
14  49 65 131 142 148 475 589 599 700 803 849 858 899 958
18  69 222 252 293 342 414 456 501 530 545 567 572 639 661 720 815 851 943
4  744 801 824 916
14  42 101 284 309 408 488 502 542 565 802 835 963 966 992
14  44 184 305 420 511 532 579 624 642 651 724 732 790 973
7  79 114 188 292 574 694 704
15  19 45 113 114 262 286 366 393 395 405 437 689 711 891 974
13  17 36 85 97 114 173 255 349 373 586 676 715 900
6  167 172 295 439 444 770
16  31 35 42 49 156 222 331 349 353 448 483 486 498 628 728 748
16  103 137 247 286 333 343 545 581 600 609 716 718 845 868 881 983
12  161 177 331 440 508 556 588 639 738 808 823 967
8  13 14 102 161 365 370 600 636
11  145 242 425 435 436 691 715 767 845 894 945
12  130 258 280 329 411 485 506 509 516 794 801 820
9  13 52 545 563 565 687 743 766 864
12  165 174 255 443 585 590 674 699 778 833 835 855
4  123 324 428 662
11  139 442 544 548 561 597 600 700 757 830 948
13  0 12 52 56 105 140 173 275 446 706 710 872 943
8  11 332 377 477 512 609 738 887
19  55 83 103 233 242 257 357 395 441 515 544 686 803 806 882 916 948 967 999
13  14 71 138 245 349 397 444 468 586 604 819 956 966
10  68 157 236 352 357 369 457 504 671 745
10  134 201 389 430 444 456 649 819 920 934
12  70 78 236 425 498 517 627 653 716 750 783 941
10  65 110 119 145 150 173 174 176 864 996
11  17 40 63 123 212 326 520 527 532 610 995
9  16 73 203 303 359 587 821 857 949
15  20 128 343 421 431 440 444 451 474 540 619 641 767 915 951
8  60 115 170 240 266 669 888 892
9  451 472 499 758 817 867 872 922 936
11  44 221 262 301 393 442 713 801 850 894 934
8  225 289 297 301 542 881 918 939
14  10 59 335 349 373 412 444 511 610 639 665 725 833 931
7  0 148 281 298 350 547 663
7  42 248 449 808 822 864 991
14  72 83 170 243 274 294 504 713 723 739 803 804 834 851
8  23 57 171 369 542 679 919 955
12  57 146 210 236 272 424 533 802 820 821 850 897
10  107 163 167 240 271 325 333 368 566 744
15  44 140 143 210 341 370 483 547 557 602 610 632 709 788 901
13  45 62 151 206 274 305 313 602 698 759 837 843 933
7  50 78 272 451 801 848 914
12  17 175 226 346 501 502 510 748 799 818 841 928
8  30 106 256 258 325 415 594 859
14  57 140 144 307 342 399 435 486 513 721 752 825 918 981
11  24 52 118 222 313 363 478 558 581 927 948
10  69 101 239 317 468 585 600 630 643 803
11  15 66 316 375 404 520 532 609 797 823 825
12  105 111 140 190 268 443 540 682 756 807 935 972
9  98 120 201 429 538 655 799 808 971
19  55 91 110 125 167 197 204 215 360 512 582 652 667 677 690 699 851 915 943
8  13 152 157 320 681 741 845 855
10  176 191 245 363 691 764 805 839 936 966
