
***ForestFire:  GeoFire  Nodes:1000  StartNodes:1  Take2AmbProb:0
                FwdBurnP:0.35  BckBurnP:0.354  ProbDecay:1  Orphan:0
(1000, 4614)  burned: [1,21,3]  [0.01s]
1000
119  1 2 4 6 8 10 11 12 18 25 27 30 38 39 42 49 52 56 57 66 69 96 120 124 126 146 154 157 165 174 179 207 209 222 225 240 242 254 256 258 283 286 288 298 305 312 318 347 353 357 361 378 381 393 406 412 413 462 465 466 476 485 493 497 508 516 517 520 525 531 532 567 570 586 589 595 603 604 624 633 635 642 653 666 673 690 691 692 701 708 709 714 732 769 782 783 785 787 794 814 822 834 835 841 862 864 883 893 896 899 901 916 919 930 961 966 974 980 998
92  0 3 4 8 10 11 18 22 25 27 30 38 39 52 56 66 69 77 83 90 96 120 146 154 179 197 209 240 242 245 256 262 283 318 337 347 353 357 361 378 381 393 411 412 435 462 485 493 497 517 520 531 570 586 589 592 595 607 633 649 666 667 673 681 691 701 708 709 714 732 765 769 783 785 794 814 822 841 844 862 868 883 896 916 919 926 930 940 966 974 980 998
55  0 4 6 7 10 25 30 41 56 59 66 100 120 126 154 169 190 197 207 225 242 254 258 270 337 345 357 361 412 462 463 465 466 586 589 595 622 630 633 642 650 651 653 673 692 701 732 737 782 783 814 822 883 919 930
65  1 5 9 10 22 25 33 38 51 52 56 69 70 77 83 96 154 157 197 242 245 256 282 297 312 343 361 368 371 412 414 417 420 437 463 465 493 517 520 521 536 586 592 638 649 681 701 706 713 732 737 756 765 769 783 794 810 814 822 883 884 920 930 973 998
43  0 1 2 10 25 30 31 40 77 93 120 126 154 157 160 231 269 270 312 337 357 361 378 406 412 414 426 465 493 586 589 595 633 649 673 708 714 765 783 822 864 883 895
22  3 51 154 196 197 209 242 282 343 361 385 493 517 708 714 730 732 756 783 811 822 919
40  0 2 10 13 16 25 56 62 100 120 126 154 155 286 348 357 361 387 388 393 412 414 508 589 610 613 633 708 732 782 783 814 822 828 835 883 919 961 990 998
34  2 25 32 41 56 59 62 154 169 184 190 207 242 254 258 361 372 378 406 412 462 466 511 595 633 651 673 684 714 727 732 783 822 831
28  0 1 15 22 25 35 39 57 66 165 283 460 462 485 589 613 653 691 706 782 783 822 834 862 883 930 940 980
9  3 25 33 149 240 465 592 732 930
45  0 1 2 3 4 6 22 25 28 30 41 42 52 56 66 77 90 111 120 154 157 174 242 265 283 361 414 446 493 586 633 706 714 731 732 783 789 814 822 831 853 883 919 926 930
37  0 1 14 19 39 42 56 69 90 154 167 190 197 242 265 283 298 318 361 393 463 479 497 523 525 531 578 586 607 673 719 822 834 896 916 926 974
23  0 42 56 57 124 130 218 225 238 256 466 525 595 604 651 681 690 691 732 783 822 826 899
41  6 17 20 25 37 60 100 136 155 198 202 218 225 250 326 361 367 387 407 412 458 508 525 540 613 645 650 694 708 732 769 782 783 822 828 879 917 919 961 973 990
28  11 23 36 39 55 65 99 167 170 176 265 266 268 283 293 354 385 465 479 590 719 783 829 896 904 926 933 966
7  8 25 165 333 485 589 883
8  6 25 120 253 348 610 899 961
31  13 20 21 34 37 43 60 100 136 155 183 202 250 326 387 407 451 458 494 508 525 613 650 769 782 783 822 917 919 961 973
20  0 1 45 92 109 154 165 206 208 216 264 305 493 624 693 701 857 883 916 974
14  11 167 182 190 393 395 443 479 562 589 607 715 896 961
36  13 17 21 34 37 47 60 100 155 197 225 256 326 335 359 387 407 572 589 613 645 650 669 708 714 725 761 782 783 822 867 882 917 961 973 990
43  17 20 26 29 34 37 44 85 100 113 131 136 155 198 225 326 335 367 387 407 450 465 525 529 573 589 645 650 682 708 732 740 741 769 782 783 822 823 892 917 919 984 990
30  1 3 8 10 25 27 35 120 234 240 262 283 286 318 328 347 353 381 389 401 411 412 613 696 706 713 732 782 822 930
10  14 24 94 302 385 597 829 904 911 943
13  23 48 79 84 94 204 541 597 829 866 904 911 943
47  0 1 2 3 4 6 7 8 9 10 13 15 16 22 39 41 56 62 120 154 240 254 262 266 271 283 286 333 388 393 412 446 465 508 525 650 684 732 737 783 814 822 899 919 930 961 998
24  21 29 44 103 113 131 136 200 281 283 367 387 398 407 465 525 589 648 682 741 769 783 822 892
17  0 1 22 58 96 127 205 222 324 328 347 361 461 493 667 936 996
3  10 66 90
21  21 26 44 113 131 136 200 202 281 363 465 525 589 648 682 732 741 783 822 823 890
38  0 1 2 4 10 41 66 77 86 93 126 154 174 211 229 231 254 267 357 361 378 493 531 586 589 595 633 649 673 690 692 783 822 834 883 919 966 973
8  4 105 137 142 270 423 433 752
15  7 73 74 154 190 262 352 434 511 633 727 732 769 814 822
17  3 9 76 149 154 240 297 414 437 465 521 536 589 592 594 714 732
11  17 20 21 43 202 340 387 589 613 650 783
18  8 22 63 161 163 230 248 283 286 353 412 613 706 708 713 754 822 929
19  14 39 114 185 265 266 283 354 380 410 479 506 518 641 783 822 926 933 966
34  13 17 20 21 44 71 100 129 183 198 202 225 226 250 306 367 387 406 451 465 494 525 530 586 613 645 650 681 708 772 782 783 822 990
17  0 1 3 46 52 54 56 69 179 361 465 493 497 783 785 822 919
20  0 1 8 11 14 25 36 42 56 130 242 266 283 357 493 497 579 589 673 783
10  4 64 93 126 412 497 822 895 939 966
32  2 7 10 25 30 42 56 62 69 78 81 93 119 154 171 254 265 274 361 531 633 656 673 737 769 783 791 822 834 868 919 930
35  0 10 11 12 39 41 56 69 77 93 124 130 154 175 190 210 218 242 283 406 424 449 525 577 642 681 690 714 732 783 803 814 822 930 966
17  17 34 89 95 152 202 340 387 393 589 645 650 714 783 869 961 990
26  21 26 29 37 97 113 131 136 202 220 259 281 283 367 393 465 507 589 682 732 783 822 823 872 894 974
19  18 50 53 67 92 118 125 206 216 252 305 366 611 624 693 701 852 916 974
10  38 187 194 251 295 416 513 785 822 919
10  20 60 148 155 326 332 359 474 539 725
4  24 61 201 911
5  0 288 312 516 838
10  45 53 67 92 214 216 304 624 693 701
14  3 5 83 123 282 343 361 371 420 463 701 732 756 822
16  0 1 3 10 38 77 154 322 414 465 626 783 812 822 853 920
11  45 50 67 214 216 305 454 624 693 701 835
11  38 69 72 93 482 493 497 586 822 919 966
11  14 65 99 180 265 268 385 462 465 768 896
57  0 1 2 3 6 7 10 11 12 25 38 39 41 42 69 90 101 124 154 184 190 196 197 218 240 242 271 283 286 323 381 393 414 497 525 532 578 585 586 589 595 633 651 673 684 690 714 732 783 791 814 822 849 919 930 950 956
30  0 8 12 80 87 91 107 110 120 138 151 218 225 256 283 323 361 393 413 462 508 525 589 684 783 818 822 862 919 967
10  27 108 127 324 328 347 461 493 584 936
18  2 7 154 188 190 197 258 301 323 393 406 462 595 642 714 783 822 935
10  13 17 20 47 88 155 168 197 326 879
3  48 139 415
17  6 7 25 41 154 190 193 254 256 361 378 466 714 727 732 814 822
21  35 82 98 104 153 230 248 286 344 556 613 703 706 707 713 746 822 899 909 919 929
8  40 68 117 308 505 724 808 895
7  14 55 263 268 385 846 981
20  0 1 2 8 10 28 30 90 154 174 209 242 283 378 493 497 586 653 769 919
18  45 50 53 75 141 191 214 216 252 287 305 366 567 624 655 693 701 852
5  64 117 505 724 895
32  0 1 3 11 38 41 42 54 56 93 135 146 154 175 190 301 361 378 381 463 493 497 586 595 690 714 768 769 783 822 868 966
3  3 242 783
7  37 306 336 613 629 772 945
2  54 181
6  32 74 260 434 511 769
7  32 73 262 434 511 769 822
7  67 141 147 166 216 587 693
7  33 297 331 465 594 732 881
19  1 3 4 10 30 42 52 93 146 154 254 361 414 547 595 626 649 783 920
9  41 81 171 274 361 656 737 769 834
6  24 94 597 829 904 911
14  57 91 110 151 225 256 323 361 589 613 650 801 919 990
9  41 78 106 119 171 274 361 436 720
16  63 98 104 122 153 230 286 556 613 623 703 706 822 909 929 975
23  1 3 51 239 282 343 361 368 406 413 414 420 463 589 592 638 681 701 708 732 783 899 990
7  24 133 510 541 829 866 904
4  21 335 529 573
7  30 102 211 231 254 554 586
16  57 110 151 218 232 360 361 413 525 608 672 684 732 818 919 967
7  60 289 326 484 527 817 879
7  43 95 645 650 869 899 910
15  1 10 11 28 56 66 174 209 242 283 337 406 493 497 769
8  57 80 110 116 256 493 589 783
18  18 45 50 109 199 206 216 246 305 320 563 567 624 693 701 883 916 974
25  4 30 40 41 42 54 69 77 146 154 229 231 290 361 412 497 554 586 595 708 769 783 822 905 966
7  23 24 79 597 829 904 911
7  43 89 212 317 489 645 650
21  0 1 3 27 127 156 222 296 324 328 461 465 493 526 635 667 782 787 936 940 980
5  44 131 136 507 822
16  63 82 104 112 144 153 230 248 286 550 556 613 706 822 929 946
10  14 55 159 170 233 268 334 590 719 896
22  2 6 13 17 20 21 37 155 190 197 198 225 367 387 493 586 589 650 692 782 919 990
14  56 115 132 190 197 240 242 338 497 532 578 681 732 950
3  86 211 254
4  26 136 283 407
9  63 82 98 230 286 706 822 919 929
4  31 137 423 752
4  81 171 274 361
7  57 110 225 783 814 862 935
11  58 145 164 172 324 461 584 667 763 804 816
12  18 92 134 143 186 206 216 252 382 701 739 974
16  57 80 87 91 107 121 151 225 323 361 413 684 783 814 935 990
2  10 307
7  98 153 255 327 515 706 728
20  21 26 29 44 131 136 155 202 283 329 387 396 442 463 504 525 589 732 783 822
9  36 128 280 354 384 425 479 783 813
3  101 240 900
2  91 589
3  64 68 876
2  45 217
10  41 81 171 192 241 244 274 361 365 468
25  0 1 2 4 6 10 16 22 25 57 225 286 294 323 348 381 389 412 495 535 551 622 708 889 924
3  110 225 361
5  82 286 788 822 975
10  51 343 361 420 429 589 732 756 794 822
19  0 12 42 56 190 218 238 325 463 488 490 493 497 525 595 681 783 822 919
8  45 150 195 216 252 403 611 701
10  0 2 4 6 30 40 222 357 493 919
16  27 58 96 156 162 222 237 324 328 369 461 493 564 680 805 936
5  114 280 354 425 431
7  37 225 226 367 525 530 589
6  12 39 42 218 651 701
22  21 26 29 44 97 113 136 155 202 225 281 283 311 463 465 589 732 822 894 908 961 974
10  101 140 291 321 558 732 798 919 930 950
6  84 235 510 541 771 829
7  109 143 186 364 375 688 701
5  69 301 463 681 822
26  13 17 21 26 29 44 97 103 113 131 155 198 202 213 225 283 367 387 525 589 645 650 732 741 822 961
5  31 105 142 423 752
8  57 151 225 256 323 361 814 822
3  61 415 459
1  132
7  67 75 166 216 272 394 686
5  31 137 423 477 752
8  109 134 173 186 261 509 701 994
2  98 189
4  108 164 593 809
24  0 1 69 77 93 154 165 196 197 208 229 412 493 517 586 595 701 708 714 822 824 835 883 966
4  75 422 469 992
4  47 155 283 326
9  9 33 240 276 465 592 594 708 732
2  125 736
14  57 80 87 110 138 225 323 361 508 525 783 822 935 990
14  43 202 227 316 387 393 406 589 634 645 822 865 869 990
7  63 82 98 112 706 707 929
79  0 1 2 3 4 5 6 7 10 11 18 25 30 32 33 41 42 52 56 59 62 66 69 77 93 146 158 171 175 184 188 190 196 197 209 218 229 240 242 256 262 265 283 286 301 357 361 385 406 412 414 462 463 465 493 497 517 586 589 592 595 633 635 673 684 692 708 714 727 732 783 814 822 834 883 887 919 961 973
43  6 13 17 20 21 47 60 100 113 131 136 148 183 190 202 225 283 326 329 361 367 387 396 418 463 494 525 528 589 645 650 681 689 708 732 764 769 782 783 822 935 961 990
5  96 127 315 526 936
15  0 3 4 10 203 225 242 312 406 586 714 810 831 883 961
9  154 171 175 190 262 361 381 532 609
9  99 170 233 243 293 405 590 719 896
5  4 177 269 337 630
5  35 163 353 357 754
8  127 222 324 369 427 461 564 640
7  35 161 286 353 357 750 822
3  108 145 809
16  0 8 15 18 146 208 247 298 333 341 412 460 493 576 744 883
6  75 141 272 278 394 686
6  11 14 19 479 715 896
4  60 178 215 326
6  2 7 207 254 361 595
9  14 99 159 233 243 293 590 719 896
11  41 78 81 106 119 154 158 361 797 834 930
3  108 300 804
3  143 509 994
10  0 10 30 66 90 242 283 531 714 822
19  42 69 154 158 190 197 265 301 385 402 414 525 589 662 690 732 768 769 783
3  14 465 479
5  160 337 475 481 630
5  168 215 377 496 863
7  0 1 38 314 570 745 802
3  55 265 478
2  72 836
8  19 395 562 589 639 715 896 961
10  17 37 155 202 494 525 681 732 930 990
17  7 56 154 188 190 197 286 301 351 586 595 633 638 684 714 783 919
11  36 221 223 224 279 309 354 410 506 926 933
6  109 134 143 509 701 743
6  46 194 295 404 513 822
17  59 154 184 190 197 301 361 393 463 586 650 714 783 822 887 919 935
1  144
60  2 7 11 19 32 42 56 59 62 69 100 101 124 154 155 158 175 184 188 196 197 202 218 225 242 256 262 283 325 329 352 361 393 396 406 413 429 465 493 497 525 578 586 589 595 609 633 681 708 714 727 732 783 814 822 834 919 930 961 966
9  67 447 537 555 654 735 800 927 938
4  119 244 349 361
9  62 254 256 361 466 673 708 732 822
7  46 187 295 404 416 513 822
6  125 252 285 403 611 751
14  5 56 146 154 190 197 202 218 242 393 517 589 714 822
44  1 2 3 5 11 20 56 59 60 100 101 146 154 175 184 188 190 196 202 219 225 228 256 301 323 329 361 367 378 393 413 463 517 586 589 681 690 708 714 732 783 814 929 998
12  13 21 37 100 136 225 407 589 708 732 783 899
4  92 246 320 974
7  26 29 589 648 732 783 822
5  48 257 358 599 911
32  13 17 29 34 37 43 44 113 131 136 152 155 183 190 196 197 218 219 225 283 367 387 393 463 525 589 650 732 783 822 869 908
3  157 586 883
1  24
2  27 667
17  18 45 92 109 216 246 252 264 305 320 366 567 624 655 701 916 974
14  0 2 7 169 254 256 361 466 525 595 673 732 783 822
7  18 146 165 493 822 835 883
16  0 1 5 66 90 154 242 361 378 476 493 531 605 708 732 769
6  42 400 406 525 714 803
3  30 86 102
2  95 489
4  136 589 732 741
13  50 53 67 273 304 305 366 454 624 693 701 835 998
4  168 178 377 408
17  18 45 50 53 67 75 92 109 125 141 206 252 272 305 567 693 701
2  118 871
32  12 13 42 56 57 87 124 130 154 190 196 202 219 225 238 256 361 393 465 525 589 638 650 681 684 708 732 783 822 826 899 919
13  197 202 218 225 238 256 525 589 681 732 822 919 930
2  44 393
3  185 236 718
9  0 27 96 126 127 162 299 324 919
6  185 279 506 912 926 933
3  185 506 933
59  0 2 12 13 20 21 37 57 80 100 107 110 120 121 129 131 136 138 151 155 157 190 197 198 202 218 219 238 256 283 323 329 342 348 361 378 387 389 465 525 589 591 610 617 645 651 681 708 732 783 814 822 834 899 925 935 961 990 998
4  37 129 525 530
8  152 393 589 634 727 769 822 865
9  197 329 361 396 413 439 571 589 899
14  30 93 146 154 275 301 361 497 586 595 708 822 966 991
14  35 63 82 98 104 248 249 286 323 556 613 706 919 929
8  4 30 86 93 357 493 554 649
7  87 361 392 399 413 499 940
8  99 159 170 243 293 405 590 719
11  22 262 292 381 411 412 441 609 782 822 990
4  133 510 771 829
2  221 718
2  127 680
15  12 124 218 219 225 256 325 463 525 589 595 638 673 783 822
11  83 282 343 361 368 392 414 429 463 589 681
26  0 1 9 22 25 33 56 101 115 149 154 256 265 286 318 353 465 532 536 589 594 673 732 782 783 973
3  119 365 468
39  0 1 2 3 5 7 10 11 39 42 56 66 70 90 101 154 157 174 190 196 209 258 283 323 361 393 396 406 413 463 479 483 497 531 714 783 822 919 968
6  159 170 233 293 590 719
8  119 192 361 697 774 779 957 961
8  1 3 520 666 701 814 822 998
9  92 199 206 264 305 320 567 701 974
5  165 333 350 460 907
12  35 63 98 230 284 286 323 344 409 613 929 935
3  230 286 323
10  13 17 37 367 412 451 465 471 497 918
6  46 277 295 620 919 971
11  45 67 109 125 195 206 216 285 693 701 974
5  16 610 748 899 961
22  0 2 7 25 30 41 62 77 86 102 169 193 207 256 361 466 586 595 650 673 727 822
1  112
40  0 1 3 12 20 57 62 80 91 138 154 190 193 197 207 218 219 225 238 240 254 283 286 323 361 378 493 525 589 595 650 673 690 708 732 783 791 814 822 973
1  201
16  0 2 7 59 242 283 361 406 476 493 531 727 783 822 919 922
9  44 355 393 448 465 589 732 930 935
3  73 434 511
3  143 509 767
21  1 22 25 32 74 154 158 190 234 286 292 361 381 401 445 511 609 633 822 868 930
6  65 268 385 465 846 981
10  18 206 246 303 305 567 701 839 857 974
17  10 11 14 36 41 55 154 175 180 240 385 462 465 478 769 926 983
8  14 25 36 39 271 283 479 589
4  30 531 568 782
15  14 55 65 99 263 313 385 462 465 545 768 769 846 890 981
4  4 160 337 630
6  2 4 31 361 423 783
9  25 56 266 283 286 479 497 534 589
3  141 166 216
8  214 304 454 624 693 701 835 998
6  41 78 81 106 119 361
7  229 361 595 628 708 854 966
4  149 465 502 732
5  251 295 880 919 971
2  166 891
8  185 223 309 410 430 444 912 933
6  114 128 310 354 425 778
13  26 29 44 131 283 391 393 465 589 732 783 822 890
15  3 5 51 83 239 343 361 390 392 414 429 437 463 589 783
64  0 1 8 10 11 14 22 25 26 35 36 39 42 44 56 57 66 90 103 113 131 136 148 154 155 174 190 202 225 242 256 258 266 271 281 286 301 329 361 387 393 406 463 465 497 525 531 583 586 589 592 673 691 708 714 727 732 769 782 783 814 822 899 919
4  248 344 409 457
6  195 252 330 346 693 701
44  0 6 22 25 35 56 63 82 98 104 120 122 154 163 184 230 240 248 249 256 262 271 283 301 323 329 353 357 361 388 393 412 465 497 586 613 703 706 708 822 919 935 975 998
1  67
4  0 49 514 838
3  88 527 828
1  93
4  132 321 558 950
3  234 262 868
9  14 159 170 233 243 590 678 717 719
3  120 551 622
7  46 187 194 251 277 919 971
2  96 324
7  3 33 76 331 437 536 881
5  0 11 165 333 603
2  222 324
3  172 356 581
28  59 69 135 154 175 184 188 197 229 283 286 323 329 361 393 396 413 432 463 497 586 595 645 681 769 783 822 935
3  23 597 904
7  264 305 567 839 857 903 974
9  50 214 273 454 624 693 760 835 998
26  0 18 45 53 67 92 206 214 216 246 264 303 454 567 614 624 635 693 701 782 835 839 848 903 916 974
6  37 71 336 374 629 723
2  111 455
4  64 440 505 724
5  185 279 410 444 580
4  280 319 354 778
5  131 759 822 888 908
8  0 3 4 49 157 586 765 883
4  268 465 545 890
3  179 745 802
2  156 972
4  152 421 452 822
2  95 489
7  0 1 11 22 240 604 822
4  310 354 470 778
10  92 199 206 246 370 480 567 701 833 974
5  132 291 558 860 950
9  52 373 414 626 658 714 783 812 920
27  56 57 59 80 110 120 138 151 197 225 230 242 248 249 256 286 301 329 361 393 589 708 783 822 929 935 990
12  27 58 96 108 127 162 222 296 299 328 383 584
14  124 190 238 396 413 429 463 525 589 595 673 783 834 930
18  13 17 20 21 47 60 88 148 155 168 339 367 484 525 527 589 828 879
3  112 706 728
10  22 27 58 96 127 324 383 584 635 782
20  113 155 190 197 225 228 283 286 301 323 361 387 393 396 432 463 589 645 708 935
6  285 346 419 693 701 960
7  76 297 362 594 647 821 885
2  47 539
7  15 25 165 247 298 612 668
2  99 553
6  20 21 85 573 650 725
2  71 306
10  1 2 4 90 160 177 269 493 630 937
1  101
2  326 367
6  34 43 589 638 674 930
5  165 467 621 637 744
5  225 387 617 819 935
25  3 5 51 83 123 239 282 361 368 392 399 413 414 420 429 463 465 538 589 681 732 769 795 877 990
6  63 248 284 746 929 935
3  2 770 886
4  285 330 693 916
9  0 1 22 27 58 565 584 796 841
12  6 16 120 225 389 487 503 610 748 814 899 961
3  192 361 665
3  247 460 907
1  184
7  32 190 393 406 434 727 822
21  0 1 22 35 161 163 240 286 357 361 381 393 406 412 462 463 485 532 822 868 915
10  14 36 114 128 185 280 310 319 376 783
4  259 386 393 465
2  300 581
21  0 1 2 4 6 30 39 126 154 161 163 231 286 353 361 463 493 692 919 940 961
2  201 599
2  20 47
6  87 643 818 913 919 967
109  0 1 2 3 4 5 6 7 10 11 13 27 30 38 41 51 57 62 69 77 78 80 81 83 87 93 106 110 119 121 123 138 151 154 155 158 169 171 188 190 192 193 197 207 209 218 225 228 229 232 239 242 244 254 256 258 262 270 274 275 282 283 286 301 323 329 343 349 353 357 368 387 392 393 399 406 412 413 429 453 463 491 493 497 508 522 525 586 589 595 609 642 665 673 681 708 727 732 774 779 783 814 822 831 862 919 935 961 990
1  331
7  29 428 589 600 636 732 890
3  134 588 701
5  119 241 468 501 561
8  45 67 206 214 397 655 721 974
22  13 21 26 37 44 100 129 136 155 197 202 250 326 339 406 465 525 530 589 692 708 783
10  3 83 239 343 361 392 399 413 463 638
3  127 162 461
2  320 480
4  3 51 438 822
3  7 379 677
4  322 626 812 920
2  306 698
3  134 663 699
1  354
3  178 215 685
21  0 1 4 7 30 62 66 69 197 209 225 256 493 531 586 595 651 701 708 709 714
1  372
2  36 966
14  0 1 22 56 69 120 158 234 262 353 456 532 868 901
2  109 543
2  324 328
1  114
15  5 14 23 55 65 154 175 263 265 268 462 465 589 768 846
3  355 465 650
40  6 13 17 20 21 26 34 37 43 100 113 136 152 155 202 225 283 329 342 361 393 399 406 429 463 525 589 613 617 645 650 708 732 769 774 776 783 935 961 990
11  6 25 286 525 613 703 708 815 822 919 961
8  22 120 225 348 610 708 899 961
1  282
2  281 465
15  232 239 282 343 361 368 399 406 414 429 463 525 642 783 990
60  0 1 6 11 19 25 43 44 56 57 59 152 188 190 196 197 202 218 220 227 242 259 281 283 286 301 323 329 352 353 355 361 387 396 399 406 413 414 429 448 462 465 508 525 586 589 645 650 708 714 727 769 783 814 822 826 868 887 899 935
2  141 166
5  19 182 479 557 949
17  113 155 190 228 242 301 325 329 393 413 429 463 595 679 769 822 930
3  366 655 721
1  26
17  232 343 361 368 387 392 393 406 413 429 463 589 645 650 775 830 990
2  210 525
2  22 262
3  175 662 858
3  125 195 611
3  187 194 659
3  159 233 719
44  0 4 7 37 42 59 83 90 152 154 157 190 210 242 258 283 352 353 361 367 387 392 393 399 413 414 429 463 465 497 525 530 586 589 638 642 645 650 675 692 708 714 732 783
14  13 17 20 21 26 103 198 465 708 732 761 769 783 973
2  215 705
2  248 284
7  36 185 279 309 519 618 933
4  1 22 234 412
34  0 1 2 3 4 6 7 13 22 25 35 40 93 120 146 154 165 234 250 286 353 361 411 462 471 517 576 673 701 706 782 810 868 883
37  0 57 83 87 110 190 197 228 232 242 301 325 343 361 368 393 396 399 406 414 420 429 463 497 525 589 595 691 702 708 714 783 785 822 834 930 940
34  3 4 6 10 33 52 56 77 83 154 175 239 282 322 343 392 393 406 413 420 437 463 525 589 595 596 638 657 714 757 783 814 919 966
2  61 139
5  46 194 513 822 919
6  3 437 536 616 646 822
5  155 528 732 764 961
2  330 712
20  3 51 83 123 343 413 414 437 492 536 538 589 691 702 732 783 794 795 930 940
2  316 452
3  147 469 992
6  31 105 137 142 270 752
4  42 464 548 577
4  114 128 280 778
1  4
2  162 615
5  363 560 589 636 989
21  123 190 239 282 325 343 361 387 392 393 396 399 406 413 463 525 589 595 613 650 930
2  279 444
1  128
8  301 329 463 512 525 586 645 732
1  31
7  32 73 74 260 352 511 831
4  1 709 714 814
1  81
11  3 33 282 297 414 417 420 536 616 649 884
4  371 472 742 822
2  228 571
2  308 724
1  234
3  113 504 855
2  19 961
3  279 309 430
3  262 633 789
3  10 25 963
6  191 537 555 654 735 927
7  259 393 465 471 500 589 961
4  42 681 690 973
9  21 552 631 670 708 740 794 976 984
4  17 37 250 471
2  316 421
3  361 525 814
10  53 214 273 304 305 624 693 701 835 998
5  307 544 790 827 898
3  381 542 901
3  284 546 781
2  13 17
1  139
6  8 165 247 350 576 907
10  27 58 96 108 127 162 369 640 667 816
26  0 1 2 7 8 55 57 59 154 265 268 353 385 393 412 465 517 595 642 782 783 822 868 893 926 930
55  2 3 11 51 69 83 113 124 131 135 154 155 188 197 202 238 239 242 282 283 301 325 329 343 353 357 361 368 387 392 396 399 406 413 414 429 432 465 488 490 493 525 589 595 650 681 708 783 822 830 883 887 899 919 990
2  424 548
68  0 2 3 4 9 14 21 25 26 29 33 37 38 44 52 55 76 96 131 149 154 176 190 218 225 240 250 259 263 265 268 276 281 283 286 313 343 355 367 385 386 391 393 406 407 448 462 463 471 490 497 525 589 592 594 648 650 651 708 732 769 807 822 846 890 930 961 974
13  0 2 7 12 62 193 207 254 586 673 692 727 822
2  341 637
6  119 241 365 473 561 747
3  147 422 601
2  319 778
9  250 412 448 451 465 490 497 525 974
3  438 625 742
1  468
1  47
2  177 630
7  0 209 258 493 531 782 919
2  142 944
3  180 265 983
15  11 14 19 36 114 167 176 242 266 271 395 486 589 619 813
4  320 370 498 833
2  177 630
2  54 497
2  242 783
4  88 326 527 879
5  0 1 8 15 353
3  479 533 619
2  348 503
5  124 463 490 497 919
3  95 212 317
8  124 463 465 471 488 497 595 919
1  361
3  420 795 940
47  0 1 3 4 5 10 18 27 30 38 39 54 58 66 69 90 91 96 100 124 126 127 146 154 165 190 208 209 231 256 258 337 357 361 378 463 476 531 554 586 651 673 690 782 822 883 919
7  17 37 155 183 708 783 990
4  120 535 622 889
1  178
42  0 1 11 38 39 40 54 56 66 69 90 93 101 124 154 190 229 242 250 271 283 286 301 361 406 413 465 471 482 488 490 525 574 586 589 592 595 708 769 822 919 966
3  480 627 978
2  232 766
2  448 734
1  365
1  276
2  348 487
3  113 442 732
6  64 68 308 724 808 895
7  36 185 223 224 652 912 933
3  44 97 822
12  0 6 13 17 25 57 151 361 393 613 774 961
5  143 173 186 261 897
5  84 133 235 541 829
11  7 32 73 74 260 262 434 738 769 822 831
4  432 525 732 993
4  46 187 194 416
3  288 733 838
2  112 728
3  0 49 874
14  0 1 3 5 146 154 196 197 412 462 592 710 783 926
1  36
2  410 618
7  0 1 3 245 666 701 814
3  3 33 524
2  361 642
3  11 607 814
1  521
72  0 11 12 13 17 21 25 26 29 37 42 56 57 87 113 124 129 136 151 155 175 183 190 202 207 210 218 219 225 226 238 256 283 325 326 361 367 387 388 392 393 400 406 413 414 429 432 453 463 465 471 497 512 586 589 595 603 613 651 657 673 681 689 703 708 732 783 814 822 919 930 935
2  96 156
5  88 289 326 484 828
4  155 418 764 961
2  21 85
8  37 129 226 367 406 589 692 793
23  0 1 11 30 41 174 209 242 258 267 283 378 476 493 583 589 690 708 769 782 783 899 919
10  0 56 101 158 240 353 381 589 692 868
2  486 619
2  271 716
3  120 495 559
8  3 33 240 297 417 420 437 881
6  191 447 555 602 654 927
2  343 420
2  47 332
1  13
6  24 84 133 510 566 829
2  456 606
1  382
7  455 762 790 827 898 902 979
5  268 313 768 890 914
3  457 549 755
4  77 595 842 966
2  424 464
3  546 878 995
1  98
3  120 294 622
3  450 670 740
1  334
7  86 93 231 493 649 651 783
4  191 447 537 654
8  63 82 98 230 569 822 826 899
2  395 949
4  132 291 321 860
1  535
2  428 636
2  365 468
6  19 182 715 851 896 961
1  92
3  127 162 640
2  347 841
1  541
15  0 67 92 206 216 246 264 303 305 320 575 693 701 903 974
1  267
2  556 826
3  0 1 179
2  228 439
3  20 725 882
3  21 85 335
5  497 586 589 660 708
2  567 974
4  165 412 460 582
5  42 424 714 803 982
7  11 56 101 190 595 786 822
1  39
1  309
2  300 356
3  576 598 644
8  283 531 708 769 782 783 899 973
7  58 108 324 328 347 722 763
6  56 676 749 783 956 964
53  0 1 2 3 4 10 11 30 37 54 56 66 69 86 93 100 146 154 157 184 188 190 197 203 229 254 283 286 301 312 361 378 393 406 432 466 493 497 525 574 589 638 657 681 690 692 708 714 822 824 831 883 887
1  75
2  364 701
113  0 1 2 4 6 8 15 19 20 21 26 29 30 33 34 39 43 44 56 57 80 83 91 100 113 116 123 129 131 136 152 154 155 175 182 190 196 197 198 200 202 213 218 219 225 227 228 238 239 240 256 259 266 271 281 282 283 323 325 326 329 340 343 361 363 367 385 387 393 399 406 413 414 420 428 429 448 463 465 479 497 525 530 531 532 574 586 592 595 610 613 638 645 648 650 657 708 710 714 715 727 732 769 782 783 794 814 822 896 899 930 940 961
8  14 99 159 170 233 243 293 719
3  225 683 783
21  1 3 9 33 83 149 154 283 465 497 517 589 594 638 661 708 710 769 783 794 930
2  145 809
11  33 76 149 240 331 465 592 664 673 732 782
63  0 1 2 4 7 12 30 56 59 69 77 93 124 146 154 169 184 190 207 229 238 254 256 275 301 325 361 378 396 413 414 429 462 463 490 497 525 547 578 589 638 642 645 650 651 653 673 690 708 714 732 777 783 791 794 814 822 842 919 930 966 973 991
2  414 757
10  23 24 79 94 302 632 829 904 911 943
2  582 644
3  201 358 911
2  363 732
1  469
2  537 927
5  0 298 525 651 930
5  0 12 318 673 883
2  209 769
2  542 850
6  1 11 19 523 814 931
1  87
6  158 190 234 262 361 822
12  6 16 225 253 348 389 589 714 748 814 899 961
5  45 125 195 403 693
2  333 668
32  6 8 13 17 20 22 34 35 37 63 71 80 82 98 230 248 286 387 388 429 508 525 589 703 708 774 822 834 919 929 961 990
1  305
1  427
2  417 437
6  225 342 387 819 925 935
2  410 519
3  479 486 533
3  251 919 971
2  341 744
6  2 120 294 495 551 924
2  82 975
20  0 18 45 50 53 67 92 206 214 273 304 305 454 635 642 655 693 783 835 998
2  472 711
7  52 77 322 373 783 812 920
2  498 978
1  275
2  71 306
9  2 160 177 269 337 475 481 671 840
4  450 740 794 984
2  597 829
24  0 1 2 4 6 7 10 30 32 41 56 154 184 190 262 445 656 690 732 769 782 789 814 834
3  152 227 822
8  0 96 154 305 328 624 642 974
3  363 428 560
3  341 467 687
20  3 83 184 218 238 340 368 406 414 586 589 592 595 650 657 681 684 769 783 930
2  182 726
4  162 461 564 667
1  36
18  0 2 42 59 361 392 406 462 522 595 624 635 651 681 701 732 783 998
2  360 913
2  582 598
28  13 20 21 37 43 89 95 136 152 155 225 301 329 387 393 399 406 432 589 595 648 732 783 822 865 869 899 990
3  417 822 928
2  331 970
9  26 29 200 465 589 645 714 732 822
9  1 3 4 30 77 231 437 554 651
44  2 13 17 20 21 25 34 37 43 80 89 95 100 136 155 188 202 218 254 256 335 386 387 393 399 406 429 463 465 589 595 638 681 682 695 708 714 769 775 783 826 899 961 990
21  2 7 12 56 130 225 378 465 493 525 554 595 603 642 649 681 690 701 783 919 930
3  506 933 942
7  0 2 8 66 595 732 783
6  191 447 537 555 735 927
8  67 206 366 397 624 700 721 951
7  41 78 633 690 732 769 834
6  414 525 586 589 638 919
3  322 812 920
1  404
1  574
1  592
3  175 402 783
2  375 843
2  594 782
2  349 361
4  0 1 245 520
7  1 27 96 108 205 461 640
2  333 612
4  20 725 761 882
4  450 552 740 976
1  630
1  87
34  0 1 2 4 7 11 30 39 41 56 154 193 207 238 240 254 256 283 325 361 412 466 493 525 594 595 604 690 714 782 814 822 834 919
1  340
1  406
3  585 749 783
1  372
2  293 717
1  396
4  127 237 805 906
36  1 3 12 37 42 83 101 124 135 155 183 190 197 218 219 225 239 301 343 361 449 463 525 586 638 642 650 651 690 732 783 803 826 899 919 930
7  21 26 29 44 650 732 783
1  591
14  7 25 56 57 87 110 154 184 218 638 732 783 845 999
3  377 799 987
2  141 166
1  637
1  134
3  155 525 961
32  0 12 30 42 56 69 175 197 256 449 493 531 586 595 633 651 656 673 681 691 701 708 714 732 769 782 783 791 806 834 883 973
15  0 1 8 12 283 413 420 690 701 708 714 782 791 822 940
16  0 2 30 100 154 357 367 406 466 530 532 586 822 899 919 961
25  18 45 50 53 67 75 92 214 216 252 273 285 304 305 330 346 454 567 611 624 701 832 916 974 998
2  13 870
3  650 704 783
2  22 930
4  244 779 957 961
1  374
1  375
2  655 951
54  0 1 2 3 18 45 50 51 53 67 83 92 109 125 130 134 143 146 186 206 214 216 245 246 252 264 273 285 305 320 330 364 378 412 454 520 567 588 642 651 690 691 693 706 729 739 753 814 822 832 835 903 974 998
4  413 420 783 985
15  63 82 286 388 525 613 707 708 758 774 815 822 919 929 990
1  695
1  408
22  3 8 10 22 35 63 82 98 104 112 153 230 286 327 412 701 728 782 822 868 909 919
3  63 153 703
75  0 1 4 5 6 13 20 21 35 37 83 93 120 146 149 154 155 190 193 197 198 209 218 225 229 256 275 283 286 323 329 361 367 378 387 388 389 393 406 407 413 450 463 465 494 497 525 531 574 583 586 589 592 595 613 650 690 691 703 714 732 769 774 782 783 794 822 831 899 930 935 961 966 973 976
6  0 1 378 435 714 814
4  517 589 592 783
1  625
1  419
4  3 22 35 63
56  0 1 4 5 7 10 20 33 42 43 56 59 62 69 146 154 157 174 184 188 190 196 197 210 242 283 322 378 393 406 413 414 435 577 586 589 595 610 648 650 673 690 691 708 709 769 777 783 785 791 814 822 824 919 930 961
7  19 167 182 562 589 896 961
1  534
2  293 678
2  221 236
11  11 14 99 159 170 233 243 293 405 590 962
1  81
3  366 397 655
2  584 763
1  306
7  64 68 308 440 505 808 895
7  20 47 335 572 669 820 882
1  639
20  7 32 62 154 190 227 254 258 283 352 361 393 466 589 783 822 862 883 919 973
4  112 327 515 706
2  701 753
1  5
1  10
97  0 1 2 3 5 6 7 9 10 12 13 21 22 25 29 32 33 42 44 51 56 62 76 83 87 101 113 123 131 132 136 149 154 155 175 183 190 193 197 198 200 202 207 209 213 218 219 225 240 256 259 276 281 283 343 361 363 387 406 407 418 420 432 465 504 512 525 589 594 595 600 633 642 645 648 653 656 681 682 684 690 708 769 782 783 794 803 814 822 890 908 919 930 974 990 998 999
1  514
1  500
3  191 447 654
1  150
8  2 3 25 41 78 769 899 919
2  511 769
3  109 701 780
8  21 450 552 631 670 741 976 984
10  21 26 29 136 213 740 783 917 976 984
2  438 472
1  186
4  165 341 621 837
3  179 314 802
4  63 344 929 935
1  468
5  253 348 610 899 961
3  585 676 783
1  163
1  195
5  31 105 137 142 423
2  701 729
2  35 161
1  546
7  3 5 51 123 822 826 953
2  414 596
2  703 990
2  311 888
2  304 998
4  20 407 669 769
2  544 898
4  108 584 722 875
4  155 418 528 961
5  1 3 4 312 864
1  499
1  261
10  55 69 175 268 385 545 769 783 890 914
60  0 1 3 13 17 21 26 32 41 66 69 73 74 78 90 93 155 175 209 227 265 268 283 301 343 387 393 396 407 465 497 511 531 583 589 592 605 633 638 650 656 690 708 714 732 737 738 761 768 773 777 782 783 789 794 822 826 890 899 973
2  345 784
2  133 235
3  37 71 945
1  769
13  244 361 387 508 613 703 708 779 831 957 961 976 990
4  399 650 783 958
1  387
4  595 714 769 783
5  280 310 319 425 470
8  244 361 697 774 935 957 961 990
1  739
1  457
42  0 2 6 8 13 17 20 21 22 37 96 100 155 234 240 267 283 305 328 412 462 476 493 531 583 589 594 633 664 673 690 691 706 708 732 769 822 899 940 973 974 990
137  0 1 2 3 4 5 6 7 8 10 12 13 14 17 20 21 25 26 29 30 34 36 37 38 39 41 42 43 44 52 56 57 59 69 70 77 83 91 93 107 110 113 114 124 151 154 155 175 184 188 190 197 198 200 202 207 218 225 238 240 242 256 258 270 281 282 283 301 322 323 325 354 361 367 387 392 393 406 407 413 414 420 462 463 483 494 517 525 531 554 583 585 589 591 592 595 624 626 638 642 645 650 651 653 662 676 681 682 684 690 695 702 708 710 714 727 732 741 749 768 769 775 777 794 814 822 824 834 868 887 899 917 919 926 930 958 998
1  770
11  0 1 38 46 413 714 791 822 941 948 961
1  578
3  0 96 792
2  122 975
4  10 445 633 769
5  455 544 827 856 898
10  41 56 256 595 690 691 714 785 873 941
1  787
1  530
17  0 1 3 123 420 450 589 592 595 631 708 732 769 783 822 961 976
4  343 420 492 940
1  347
2  171 834
1  132
1  685
1  191
1  80
3  179 314 745
5  42 210 577 681 732
2  108 172
2  127 680
1  690
1  465
4  64 505 724 895
3  145 164 593
5  3 157 412 883 961
1  5
6  52 322 373 626 658 920
2  114 479
45  0 1 2 3 6 10 25 32 42 56 62 107 110 138 154 190 197 225 245 256 283 348 361 393 414 435 453 520 523 525 589 595 607 610 633 673 701 709 714 732 783 822 834 899 961
4  388 703 822 990
2  108 461
2  88 879
6  57 87 360 913 919 967
4  342 617 825 977
1  725
1  331
151  0 1 2 3 4 5 6 7 8 10 11 12 13 17 20 21 22 25 26 29 30 32 35 36 37 38 40 41 42 44 46 51 52 54 56 57 59 62 63 69 74 82 93 97 98 104 113 122 123 124 131 135 136 138 146 151 152 154 155 163 174 187 188 190 193 194 196 200 202 207 208 218 219 225 227 229 234 238 242 245 254 256 258 262 281 283 286 301 311 316 318 323 352 353 361 371 388 393 396 413 416 417 438 462 463 465 466 493 497 507 511 525 556 578 586 589 595 609 613 634 645 646 648 673 691 692 701 703 706 708 714 727 732 756 769 782 783 785 794 814 815 826 861 887 899 919 930 953 966 968 976
3  21 29 44
5  146 586 714 783 883
1  819
13  12 218 393 556 569 650 681 756 769 822 861 899 935
4  455 544 790 898
5  6 13 289 326 527
13  14 23 24 79 84 94 133 235 510 541 597 632 904
3  399 463 847
15  7 10 157 361 434 511 586 708 774 921 934 957 961 976 990
2  693 701
2  320 480
22  0 8 11 30 41 78 154 171 190 225 325 413 613 633 656 673 690 783 797 814 883 930
13  0 6 53 146 208 214 273 304 305 454 624 701 998
2  181 988
1  744
3  49 288 514
6  264 303 305 857 903 974
1  630
4  0 1 347 565
2  547 595
1  663
1  1
2  684 999
5  65 263 268 385 465
1  830
2  305 974
2  56 930
1  606
4  562 859 896 961
2  45 67
2  10 52
1  275
1  442
2  790 898
6  18 264 303 839 903 974
1  402
3  851 896 961
3  321 558 959
2  822 826
9  0 1 8 57 107 361 727 919 980
1  178
3  0 4 765
3  152 227 645
3  24 84 904
2  20 952
15  1 41 69 262 292 353 381 393 412 462 532 706 783 930 955
6  43 89 152 202 645 899
1  694
1  217
1  44
2  791 941
1  516
2  763 923
1  117
1  343
2  549 995
6  13 60 88 326 484 817
1  277
3  76 297 536
4  20 572 669 725
31  0 1 2 3 4 6 8 10 15 18 30 92 146 154 157 165 203 208 312 412 463 493 586 604 690 727 810 824 834 930 973
2  3 437
1  331
1  345
8  154 188 393 463 586 783 822 899
2  311 759
3  120 495 986
11  29 268 281 313 363 465 545 732 768 769 914
1  278
2  21 26
3  0 462 997
3  44 131 974
8  4 40 64 68 505 724 808 954
18  0 1 11 14 19 55 99 159 167 170 182 562 589 715 851 859 961 984
1  509
6  455 544 762 790 827 856
39  0 12 16 25 63 83 89 198 218 225 228 253 283 348 389 393 463 531 556 583 589 610 645 650 681 692 708 737 748 769 782 783 814 822 826 869 887 919 961
1  115
3  0 381 456
2  544 969
7  303 305 567 701 839 857 974
11  14 23 24 79 84 94 302 597 829 866 911
1  93
1  680
3  247 350 460
5  131 202 311 732 965
3  63 82 706
1  89
9  23 24 48 79 94 201 597 599 904
4  223 279 506 933
3  360 643 818
3  545 768 890
1  353
11  0 1 11 18 45 92 206 305 346 693 974
7  13 17 20 21 741 783 930
1  250
77  0 1 2 5 6 10 13 17 21 25 30 38 41 46 54 56 57 63 66 80 87 100 104 124 126 132 154 184 188 190 218 219 222 230 242 251 258 277 283 286 295 357 360 361 388 414 416 463 476 488 490 493 497 525 531 595 613 620 651 657 673 681 692 703 706 714 727 732 737 783 818 822 862 899 940 961 971
8  3 52 77 322 373 626 658 812
2  831 934
1  258
1  875
2  120 622
2  225 617
12  1 10 11 14 36 185 223 265 462 517 783 933
6  191 447 537 602 654 938
1  646
15  35 63 82 98 104 153 197 230 248 323 344 613 703 746 935
50  0 1 2 3 8 9 10 22 25 41 42 56 132 171 183 190 219 259 262 325 340 396 413 420 429 462 465 525 589 592 595 603 638 651 681 696 708 714 732 783 822 834 849 868 883 917 932 940 955 966
1  607
1  930
11  14 36 185 223 224 279 410 506 652 912 926
2  831 921
25  59 107 110 151 155 188 225 248 259 286 301 323 329 342 344 361 387 393 525 617 708 746 779 826 929
5  27 58 96 127 156
1  337
2  191 927
1  40
16  1 8 96 232 357 413 420 492 589 691 782 795 919 930 961 990
3  785 791 873
1  652
3  23 24 597
1  477
3  71 772 947
1  98
1  945
1  785
2  395 557
5  56 101 132 291 321
2  655 700
1  867
2  756 822
1  895
2  868 930
2  56 585
7  244 697 774 779 831 961 976
2  775 783
1  860
1  330
61  0 6 13 16 17 19 20 25 43 131 136 154 155 157 182 190 225 244 253 348 357 361 387 388 389 418 443 448 465 508 528 562 589 610 613 650 689 692 697 708 714 715 748 764 774 779 785 794 810 814 831 851 859 896 899 919 940 957 976 984 990
1  719
1  446
1  585
1  908
22  0 1 14 30 36 40 42 54 69 93 146 190 229 275 380 414 497 547 595 708 822 930
4  57 87 360 818
2  242 822
1  902
1  647
5  251 277 295 620 919
1  315
18  3 13 17 20 30 154 240 256 407 449 583 595 690 708 727 769 782 883
33  0 1 11 18 44 45 92 109 131 199 206 246 252 264 303 305 320 366 465 471 567 575 635 693 701 732 782 839 848 857 894 903 916
5  82 122 286 623 788
12  450 670 708 740 741 774 794 822 831 957 961 984
1  819
2  498 627
1  544
5  0 1 8 96 862
3  65 263 268
1  577
2  265 478
8  21 450 631 740 741 896 961 976
1  702
1  889
1  685
1  836
1  428
37  6 13 20 21 37 43 80 83 100 110 151 152 155 183 225 234 323 343 361 387 392 399 463 494 613 645 650 703 732 758 774 779 782 815 831 940 961
2  229 595
2  147 422
1  512
2  143 173
2  549 878
1  27
1  893
21  0 1 3 6 25 197 214 225 245 273 286 304 454 624 642 693 701 732 760 783 835
3  684 732 845
