
***ForestFire:  GeoFire  Nodes:1000  StartNodes:1  Take2AmbProb:0
                FwdBurnP:0.35  BckBurnP:0.354  ProbDecay:1  Orphan:0
(1000, 7179)  burned: [1,1,2]  [0.02s]
1000
86  1 3 7 8 10 14 20 33 62 83 88 116 156 157 159 174 183 188 208 234 241 272 274 276 305 311 314 316 321 328 362 364 367 379 389 398 423 427 451 452 454 461 475 476 477 482 489 490 493 525 526 565 584 593 597 601 602 606 609 611 613 619 620 634 652 679 715 716 730 769 786 795 810 813 827 845 853 883 906 909 910 944 945 963 978 982
86  0 2 3 8 14 15 20 23 44 48 49 54 62 65 83 88 156 157 159 164 174 183 188 208 215 217 241 274 311 314 316 321 328 350 354 362 379 389 392 398 427 451 452 454 461 476 477 482 493 508 525 526 549 582 589 593 597 601 602 606 609 611 613 619 620 629 634 652 679 751 776 786 789 810 813 827 831 845 883 909 915 943 945 972 978 982
72  1 3 8 14 15 16 20 44 49 62 83 88 109 116 151 156 159 174 188 198 202 208 234 241 311 314 316 327 362 379 389 391 392 427 451 452 461 475 476 477 490 493 508 582 589 593 597 602 606 611 613 619 634 652 679 751 769 786 810 813 820 827 831 845 853 867 883 943 945 972 978 982
107  0 1 2 4 5 6 8 11 14 16 20 23 24 41 44 49 62 83 88 89 116 125 138 154 157 159 174 188 198 202 208 231 241 272 305 311 314 316 327 350 354 362 364 379 389 392 423 425 427 451 452 454 460 461 472 473 475 476 477 482 489 490 493 506 508 510 513 525 582 589 593 597 601 602 605 606 611 613 619 620 634 652 679 730 751 769 776 786 795 810 813 819 827 831 845 853 883 892 906 909 926 944 945 972 974 978 982
70  3 6 17 44 62 68 83 88 154 157 159 208 241 270 271 272 316 334 350 354 364 387 389 392 415 423 453 454 460 461 465 472 475 476 477 482 508 510 514 525 540 564 582 589 593 597 601 602 605 606 613 619 634 652 679 751 786 795 810 819 845 853 896 926 942 945 972 978 982 983
69  3 6 9 18 23 41 49 52 53 62 83 95 104 116 125 153 154 157 208 241 244 272 283 305 334 354 360 379 389 391 392 425 427 430 451 454 460 461 475 476 477 482 490 493 513 582 589 593 597 606 620 634 652 679 688 716 751 769 776 786 810 813 845 853 926 945 972 978 982
101  3 4 5 17 18 34 40 41 44 46 49 53 62 67 68 69 83 88 103 151 153 154 157 159 185 208 224 241 244 265 270 272 299 314 316 321 354 379 389 391 392 402 407 415 423 451 453 454 460 461 475 476 477 482 484 490 493 508 522 525 534 548 582 589 593 597 602 603 605 606 609 613 619 620 634 642 652 659 679 688 695 716 737 751 769 776 778 786 810 813 819 831 845 879 896 926 945 972 978 982 983
31  0 19 20 105 116 150 157 188 241 274 276 299 314 398 451 477 508 589 593 601 602 606 613 634 655 679 716 892 945 963 978
65  0 1 2 3 10 14 15 20 33 50 54 62 83 156 164 174 188 202 208 234 274 282 316 362 367 372 379 389 407 447 451 454 476 477 485 489 490 493 508 521 525 526 597 601 602 606 609 613 619 620 634 652 721 786 810 813 827 845 883 906 910 942 963 978 996
42  5 12 21 23 95 125 286 311 318 334 351 374 379 389 426 427 451 461 508 582 585 589 597 599 603 606 613 620 621 751 769 786 810 813 845 847 853 883 926 942 978 982
26  0 8 13 20 33 188 234 241 362 365 379 423 454 477 508 589 597 601 602 613 652 831 853 910 959 982
16  3 88 151 153 157 327 389 454 582 593 606 634 821 831 892 909
25  9 42 92 125 170 264 324 351 379 389 415 456 549 589 603 606 613 634 786 832 847 883 892 964 978
15  10 31 177 180 234 241 362 423 593 613 867 876 885 892 978
57  0 1 2 3 8 15 20 48 49 55 62 88 156 164 183 188 191 241 245 272 311 314 316 327 379 389 407 423 451 454 461 475 476 477 493 508 513 549 582 593 601 602 606 609 613 619 634 652 693 778 786 827 831 883 890 978 982
38  1 2 8 14 20 38 57 72 83 88 156 174 202 208 314 316 372 379 389 451 477 493 506 508 582 602 609 613 629 634 652 769 778 786 803 963 978 982
24  2 3 20 29 71 116 174 314 362 390 462 472 477 508 525 536 589 625 652 751 796 817 909 950
84  4 6 22 32 41 53 58 62 63 68 83 88 94 101 104 121 145 154 156 157 159 195 208 210 248 268 272 299 314 316 350 354 364 371 379 384 389 397 407 451 452 453 454 460 461 475 476 477 482 493 508 525 582 593 597 602 605 606 613 620 629 634 652 660 679 696 737 751 769 778 786 795 841 845 883 896 926 942 945 972 978 982 983 994
32  5 6 26 30 35 40 99 187 196 197 209 277 360 381 437 461 532 558 603 632 634 659 676 680 688 695 716 813 831 904 906 978
26  7 28 56 105 116 174 204 241 272 276 314 379 452 454 476 477 493 593 601 602 652 679 737 751 795 945
59  0 1 2 3 7 8 10 14 15 16 29 38 57 71 72 83 88 105 116 151 156 157 164 188 241 244 272 274 314 362 379 389 451 472 476 477 493 508 521 525 582 593 597 601 602 606 609 613 619 652 688 751 769 786 803 884 945 950 978
30  9 23 95 133 208 286 311 314 318 379 389 451 452 460 461 471 582 606 620 621 634 652 679 715 751 786 813 942 972 982
69  17 27 32 39 41 63 68 83 94 101 119 142 145 157 159 188 242 248 299 314 316 350 354 379 384 389 391 451 452 453 460 461 473 475 477 493 508 520 582 593 597 602 603 606 609 619 620 629 634 652 677 679 731 737 751 769 790 795 812 831 845 853 926 942 945 953 972 978 982
29  1 3 5 9 21 25 41 83 91 125 135 154 198 208 314 318 389 451 506 582 597 606 730 751 786 813 845 883 982
6  3 86 137 392 451 469
10  23 41 43 83 154 208 314 597 845 887
9  18 90 197 333 360 680 813 904 972
44  22 32 41 63 68 145 157 232 293 305 316 425 447 451 452 461 473 477 493 520 593 597 602 619 620 623 634 652 677 679 730 737 751 769 786 795 813 821 845 847 909 945 972 978
18  19 59 116 174 236 241 276 476 477 493 520 573 602 604 607 634 641 827
15  16 20 57 64 71 83 362 379 390 408 525 652 751 950 958
15  18 35 99 187 196 197 209 277 333 381 517 632 676 680 904
20  13 36 120 132 144 161 177 180 234 241 319 331 416 487 593 613 652 808 867 885
77  17 22 27 37 39 41 45 63 68 70 76 83 88 106 108 142 145 156 157 164 171 174 188 217 241 242 248 287 305 314 316 354 379 384 389 391 407 425 451 452 460 461 473 476 477 493 508 525 565 582 593 606 612 613 619 634 677 679 720 731 737 751 769 786 790 810 831 845 853 883 896 901 907 945 972 978 982
15  0 8 10 83 252 301 379 454 577 613 721 773 902 926 978
13  6 46 77 103 134 230 244 316 484 589 651 813 983
17  18 30 66 73 146 162 187 209 212 277 297 366 517 680 736 904 973
5  31 144 180 234 593
27  32 60 76 98 108 139 142 145 157 174 322 451 460 477 525 593 612 619 720 731 769 776 790 896 901 902 945
24  15 20 51 57 71 83 94 127 174 204 255 316 359 451 452 535 597 613 634 751 803 845 963 978
40  22 32 45 68 70 80 83 94 106 119 188 217 242 354 379 391 460 473 477 508 525 582 593 603 606 620 634 677 679 688 751 786 831 853 883 907 912 926 942 978
28  6 18 67 115 155 178 185 188 267 299 314 452 532 602 603 613 620 634 642 659 680 688 716 813 827 831 945 978
65  3 5 6 17 22 23 25 27 32 44 68 83 97 135 157 159 168 181 248 269 305 314 316 317 318 320 379 389 391 392 425 451 452 454 461 476 477 482 493 506 593 597 601 602 606 612 620 634 677 679 685 730 751 769 786 795 813 831 834 845 883 926 972 982 983
20  12 79 92 125 143 170 379 389 549 582 589 606 669 741 769 810 843 883 964 978
7  25 213 235 368 580 598 887
45  1 2 3 4 6 41 49 83 87 88 97 157 159 269 303 311 312 314 316 321 379 392 452 461 476 477 506 508 582 602 603 606 609 611 620 634 652 679 786 831 845 883 909 972 982
47  32 39 47 68 70 74 83 94 97 106 156 157 171 174 208 217 219 228 316 379 391 447 451 461 472 476 490 493 508 582 593 606 613 615 619 620 634 677 679 786 907 912 934 942 945 972 978
15  6 34 78 103 134 136 179 270 316 484 606 620 651 751 983
29  45 68 70 83 94 156 167 219 228 311 314 316 379 391 447 452 460 476 477 494 593 619 620 634 652 786 896 972 978
38  1 14 49 55 61 62 81 88 149 156 164 182 198 215 237 295 311 328 389 391 398 405 475 477 508 545 593 606 609 620 634 652 786 827 890 968 978 982
47  1 2 3 5 6 14 44 48 62 83 88 138 174 188 198 231 272 311 389 391 392 427 452 461 477 508 513 555 582 589 593 597 602 606 613 620 634 652 751 769 786 789 813 833 853 968 982
14  8 202 208 243 321 419 454 508 582 652 780 786 813 983
13  38 57 251 379 389 503 535 684 699 803 845 853 972
26  5 53 104 157 218 222 299 393 430 449 451 508 582 593 602 606 620 634 679 769 786 810 813 883 972 978
36  5 6 17 52 62 63 68 83 104 141 145 157 305 316 379 393 451 452 454 457 461 493 508 585 593 620 679 737 769 786 813 845 945 972 978 982
35  1 8 62 65 83 164 174 183 200 241 309 311 379 389 423 452 477 521 549 553 606 613 619 636 652 721 786 813 831 845 906 926 942 945 978
23  14 48 75 100 156 182 211 263 314 372 398 451 477 492 613 652 670 806 873 883 890 975 978
25  19 82 116 204 241 256 272 316 320 375 379 385 389 454 461 477 493 506 589 593 652 751 769 945 972
26  15 20 29 38 51 64 71 83 113 156 362 379 389 408 451 493 525 597 609 652 744 845 853 873 972 978
25  17 68 83 85 88 94 154 174 389 391 415 425 461 508 606 634 655 679 751 786 813 831 845 978 982
8  28 116 174 335 434 477 573 602
12  37 76 98 139 142 229 612 731 776 901 978 985
9  48 149 246 254 389 475 477 606 652
77  0 1 2 3 4 5 6 8 14 17 48 49 53 54 63 65 68 83 88 93 94 104 116 117 138 156 157 174 188 208 218 241 242 299 302 311 316 371 379 389 427 451 452 461 473 475 476 477 493 508 545 582 585 593 597 601 602 606 613 619 620 634 652 725 751 769 786 810 813 827 845 926 945 968 972 978 992
45  17 22 27 32 53 62 68 83 93 145 156 157 218 305 316 379 430 447 451 452 454 460 461 473 476 477 493 508 540 593 606 620 629 652 679 729 730 768 778 786 795 810 845 883 972
14  29 57 156 323 362 379 408 482 490 525 652 813 958 978
28  1 54 62 83 88 119 156 157 164 174 183 221 241 311 371 389 454 477 549 606 613 631 742 786 845 926 945 978
12  35 73 84 162 187 209 212 277 366 556 904 973
18  6 40 68 260 316 453 484 534 584 602 613 620 634 652 786 810 813 978
69  4 6 17 22 27 32 39 41 45 47 53 58 62 63 67 70 83 88 94 97 116 145 147 156 157 174 181 188 242 244 299 305 307 314 316 334 379 389 391 405 407 415 418 425 426 451 452 460 461 477 493 508 584 585 593 597 602 606 613 619 620 679 769 810 831 853 893 978 982
22  6 110 114 244 278 379 389 402 415 451 490 548 553 589 593 601 606 613 619 776 790 978
24  32 39 45 47 68 83 88 94 97 116 156 157 242 299 379 461 477 582 584 593 679 896 912 945
17  16 20 29 38 57 83 156 173 174 255 288 314 379 451 525 602 687
9  15 20 83 244 391 477 493 601 945
7  35 66 187 209 212 277 353
17  45 83 124 157 171 192 208 426 461 574 593 606 620 635 638 786 907
11  55 123 182 211 263 372 398 432 477 652 975
10  32 37 60 139 142 606 612 790 883 978
2  34 230
8  46 103 136 189 352 455 620 792
8  42 92 379 389 482 541 549 589
14  39 83 94 112 156 292 391 674 679 742 751 883 926 998
7  48 237 389 460 461 477 620
16  56 116 154 204 220 241 314 316 375 379 389 477 493 733 926 945
108  0 1 2 3 4 5 6 8 15 17 20 22 23 25 29 32 33 38 39 41 44 45 47 49 53 54 57 58 62 63 65 68 70 71 72 74 80 88 94 95 97 102 107 116 119 124 156 157 159 168 171 188 191 208 228 241 252 255 269 282 288 299 311 314 316 379 389 391 420 438 447 451 452 454 460 461 476 477 493 500 508 549 574 584 593 601 602 606 609 613 620 634 635 652 679 685 737 751 786 810 827 837 845 853 883 926 978 982
5  66 162 187 209 357
24  58 94 122 128 174 191 201 208 314 389 391 411 427 493 525 582 593 602 679 751 786 813 845 978
3  24 175 404
12  44 88 126 159 242 452 606 634 751 786 831 883
86  0 1 2 3 4 6 11 14 15 17 20 32 44 48 49 58 62 65 68 70 83 87 94 95 97 116 126 138 151 153 156 157 164 188 198 241 242 282 311 314 320 321 327 367 379 389 391 392 427 451 452 454 461 471 472 476 477 497 508 525 582 593 597 602 606 613 634 652 751 769 786 813 821 827 831 845 883 892 896 909 912 942 945 972 978 982
2  3 148
9  26 186 253 310 333 676 680 706 904
7  23 125 208 386 389 606 704
20  12 42 79 96 143 170 324 379 389 460 549 582 589 603 606 613 634 883 930 978
14  62 63 156 214 248 379 451 473 476 508 593 603 751 972
55  17 22 38 39 45 47 58 62 68 70 80 83 85 88 97 116 119 121 122 128 156 171 174 191 208 314 389 391 411 425 427 451 452 454 461 473 476 477 482 493 597 601 602 606 634 694 751 786 810 831 845 853 926 945 978
23  5 9 21 83 88 131 138 159 188 208 241 311 351 379 389 427 460 461 471 508 652 762 982
13  92 143 324 348 379 389 460 472 606 786 945 953 978
49  41 44 45 68 70 83 88 94 116 119 157 174 188 191 193 204 220 221 241 269 311 314 316 320 367 379 461 476 477 482 493 506 582 597 602 603 613 620 634 652 679 769 810 845 912 926 945 982 983
12  37 60 139 142 229 379 389 612 731 776 790 901
14  18 30 111 184 187 196 273 277 381 663 680 777 927 929
4  55 398 451 666
24  17 22 104 119 157 241 248 262 299 314 316 389 451 477 480 508 582 620 629 769 813 926 945 978
19  83 194 269 282 288 355 379 477 506 525 602 609 611 658 737 786 813 883 978
8  6 34 46 78 134 136 436 792
33  5 17 52 53 62 101 119 157 188 218 299 305 314 379 389 391 425 430 449 451 476 508 613 620 655 730 786 795 813 943 968 978 982
18  7 19 20 116 150 154 174 188 241 244 274 314 379 472 508 601 609 613
8  32 39 45 606 620 651 703 969
3  83 241 586
8  32 37 345 477 593 720 865 896
1  2
9  69 379 402 415 490 493 529 776 978
10  99 129 184 196 238 277 437 630 680 777
4  80 378 442 742
10  57 156 239 314 316 362 389 427 602 652
7  69 118 278 379 415 522 553
14  40 155 178 216 267 356 505 532 603 642 652 688 738 831
53  0 2 3 5 7 16 19 20 28 56 59 62 68 70 82 83 88 94 97 105 119 154 157 166 174 188 204 221 241 244 274 307 314 350 389 427 451 454 476 477 493 508 525 526 589 606 609 674 719 769 926 945 972
3  62 613 920
6  114 278 294 415 522 700
33  22 39 65 83 94 97 101 104 116 156 157 174 188 221 223 241 314 379 389 391 461 476 477 597 606 695 751 813 831 845 926 978 983
8  31 144 177 180 319 416 487 593
9  17 94 195 208 314 350 389 461 482
17  85 94 128 174 191 208 314 389 391 427 477 634 786 845 945 978 983
3  75 182 249
14  74 83 130 431 447 476 523 574 620 635 638 845 945 978
28  3 5 9 12 23 42 91 143 170 208 379 389 415 425 427 493 582 606 613 651 769 776 786 883 899 978 982 996
12  87 88 140 158 242 464 578 587 606 786 831 883
6  38 346 359 451 679 845
14  85 94 122 174 191 208 314 389 391 447 476 786 845 945
5  111 277 437 680 777
10  124 163 431 523 616 620 638 845 945 978
9  95 159 379 476 614 672 751 762 982
6  31 161 177 336 755 885
17  21 160 206 208 286 318 379 427 452 582 602 613 634 679 751 840 911
15  34 46 103 136 152 281 376 377 488 539 606 620 651 712 845
5  23 41 786 883 982
7  46 78 103 134 169 376 620
1  24
27  3 49 62 88 95 157 174 188 208 311 316 395 447 472 476 477 489 508 525 602 613 620 769 789 845 883 945
19  37 60 76 98 142 326 379 389 490 491 612 664 731 790 813 883 901 972 978
10  126 199 203 242 369 464 578 601 831 883
12  53 145 157 176 338 393 451 457 493 508 585 634
16  22 32 37 60 76 98 139 326 379 490 589 606 664 776 883 978
21  42 92 96 125 170 226 324 342 379 389 454 461 493 549 582 606 785 813 883 978 984
6  31 36 120 177 180 428
33  17 22 27 32 37 53 63 68 141 157 165 174 305 307 379 391 447 451 460 461 476 477 493 562 593 606 644 652 737 790 892 945 972
7  35 187 209 212 277 552 973
5  68 157 242 299 476
1  89
10  48 61 237 311 389 427 482 606 609 727
5  7 105 241 244 379
23  2 6 11 20 88 153 157 198 208 234 337 389 391 454 582 634 652 769 786 813 821 845 867
9  134 341 376 413 620 705 712 807 845
9  5 6 11 88 151 299 476 791 821
33  3 4 5 6 17 23 25 58 82 105 116 159 174 188 241 244 272 307 314 451 454 472 482 508 541 579 582 603 609 751 856 883 978
3  40 115 945
65  0 1 2 8 14 15 17 20 32 45 47 48 55 57 62 63 64 65 68 70 71 80 83 88 93 94 113 119 171 174 188 190 207 208 214 239 241 248 292 311 316 364 379 408 423 427 451 461 476 482 489 525 582 593 597 601 609 613 619 634 652 742 810 845 967
84  0 1 3 4 5 6 7 11 17 20 22 27 32 37 41 44 45 52 53 62 63 65 68 70 74 83 88 97 101 104 116 119 138 141 145 147 151 159 171 174 188 241 248 258 272 276 293 299 307 314 316 321 379 389 425 426 447 451 454 460 461 475 476 506 508 549 574 593 603 606 613 620 634 679 751 769 786 821 845 883 892 926 945 978
4  126 578 587 895
48  0 1 2 3 4 6 17 22 41 44 83 87 95 131 154 157 174 185 188 198 208 241 269 272 311 314 316 379 427 451 452 454 460 476 506 508 582 584 602 609 634 696 751 786 827 845 942 982
2  133 318
11  31 132 177 180 331 399 487 593 613 652 885
6  35 66 84 187 209 240
9  130 172 409 431 486 616 726 845 979
30  1 8 14 20 32 48 54 65 88 183 217 233 241 272 311 379 380 389 403 423 508 521 601 606 613 619 652 751 978 982
13  145 174 391 451 476 550 644 652 702 769 909 972 982
7  116 421 451 473 493 795 916
5  47 228 447 476 978
13  41 83 248 299 379 391 451 460 476 490 603 620 786
3  136 376 410
21  12 42 92 125 143 205 324 379 389 479 549 582 589 606 613 692 773 776 832 883 978
20  32 45 74 83 94 156 157 207 208 311 425 427 461 593 597 619 634 652 978 983
3  163 486 979
2  71 602
85  0 1 2 3 8 15 16 19 28 32 37 38 45 49 54 58 59 62 65 68 71 85 94 97 105 116 119 122 128 138 145 154 156 157 159 165 188 191 202 204 208 241 266 274 305 311 314 316 379 389 391 405 427 447 451 452 454 461 472 476 477 493 508 526 540 565 589 593 596 601 606 609 613 634 652 731 751 769 786 813 827 845 909 978 982
2  86 404
7  141 338 451 457 493 508 627
14  13 31 120 132 144 161 180 280 370 487 571 593 652 885
7  40 115 443 603 688 892 945
2  46 474
13  13 31 36 120 144 161 177 362 423 487 593 613 652
13  41 68 279 305 330 391 418 451 493 597 674 679 786
7  48 55 75 123 291 300 398
20  0 1 14 54 65 164 191 233 234 241 314 379 423 526 533 601 619 652 876 978
9  99 111 196 304 333 357 680 904 973
19  6 40 159 188 208 314 316 379 407 452 496 566 593 634 652 696 810 945 978
3  90 247 340
15  18 30 35 66 73 84 99 146 162 196 209 277 653 680 904
74  0 1 2 3 7 8 10 14 20 22 32 39 40 49 62 68 83 88 95 97 104 105 116 119 138 154 156 157 159 174 185 191 207 208 231 241 244 269 272 311 314 316 367 379 389 407 427 447 451 452 454 461 475 476 477 508 525 597 601 606 611 613 620 634 652 696 786 831 845 883 942 945 978 982
4  78 792 878 939
3  156 208 239
24  14 83 85 94 97 122 128 174 183 188 201 208 311 314 316 379 389 391 411 634 652 786 845 909
4  74 458 504 638
2  97 595
10  102 269 282 288 379 477 506 602 883 978
7  17 121 314 350 379 461 888
17  18 30 99 111 184 187 209 227 277 304 333 357 437 461 680 904 973
7  18 26 30 333 676 680 904
22  2 3 23 48 49 88 151 159 208 237 272 311 379 391 405 427 593 597 786 813 831 845
2  140 464
2  54 521
6  85 191 311 389 391 507
25  2 3 8 15 50 174 208 314 321 379 419 470 508 518 593 602 613 652 686 780 786 845 867 946 982
3  140 464 578
30  19 38 56 82 97 116 174 208 220 241 285 311 316 389 451 461 472 477 493 506 508 549 589 593 601 634 751 795 813 978
9  170 389 549 617 697 773 776 832 883
5  133 318 427 601 602
9  156 171 188 208 311 389 427 461 696
81  0 1 2 3 4 5 6 8 15 17 21 23 25 45 50 62 74 83 85 91 94 95 121 122 125 128 133 138 151 156 159 171 174 185 188 190 191 198 202 204 207 239 244 311 314 321 334 372 379 389 391 451 452 454 461 475 476 477 482 490 496 508 525 526 582 593 597 606 613 634 638 652 679 786 810 813 845 883 902 942 978
21  18 30 35 66 73 84 146 162 187 196 212 277 297 353 357 517 563 653 695 904 905
4  17 298 314 605
5  55 75 398 422 477
9  35 66 73 146 209 277 284 296 905
3  43 368 887
15  93 156 239 248 306 379 451 473 476 601 603 620 688 786 813
9  1 48 237 328 389 477 490 968 982
4  115 448 652 738
21  1 32 39 45 164 241 316 389 493 602 606 613 618 620 652 734 810 945 972 978 982
19  52 62 63 104 311 379 389 430 451 452 590 613 768 769 786 813 816 912 953
8  45 47 228 332 447 476 477 942
11  82 97 204 311 379 482 549 786 926 945 972
17  65 97 116 119 225 241 269 379 423 451 461 477 613 751 769 827 845
4  52 383 786 976
5  119 275 363 400 446
10  6 261 392 461 471 476 477 619 769 858
4  221 461 611 786
13  143 324 347 379 389 407 454 461 593 606 613 759 813
5  196 257 304 357 683
13  45 47 83 167 219 447 460 476 477 602 606 934 978
4  60 98 776 790
4  34 77 628 781
14  3 49 188 272 314 391 435 461 513 606 613 634 786 944
4  27 305 316 606
11  164 183 234 325 403 423 501 619 652 737 978
16  0 2 8 10 13 31 36 151 183 233 241 274 477 853 867 876
2  43 732
1  28
13  48 81 149 198 215 272 311 389 475 478 597 609 810
5  111 250 277 437 680
12  113 156 190 208 214 259 314 427 526 593 601 783
4  162 290 554 782
100  0 1 2 3 4 5 6 7 10 13 14 19 20 28 31 32 54 56 62 65 82 83 88 95 97 101 105 107 116 119 150 154 156 157 159 164 174 183 188 204 217 221 234 244 256 272 299 302 314 316 320 350 365 379 389 391 403 416 423 427 454 460 461 476 477 493 508 579 585 593 597 602 603 606 609 613 619 634 652 679 691 696 804 810 813 827 831 845 876 883 892 902 912 922 931 942 945 978 982 983
23  22 32 39 62 68 70 87 88 126 140 147 314 379 384 476 477 557 582 601 606 795 945 992
7  50 308 321 406 419 845 983
42  5 6 20 34 68 69 72 105 116 150 154 188 208 241 272 311 314 379 389 391 423 451 461 476 477 508 582 589 597 601 603 609 613 634 652 715 786 942 945 972 982 983
3  14 519 613
4  61 477 606 707
1  186
23  17 22 32 41 93 101 156 157 168 214 299 316 451 473 476 477 543 544 593 601 622 661 786
1  123
2  238 859
4  51 503 535 569
5  33 83 358 379 978
2  90 401
4  61 315 389 606
5  38 71 83 810 978
11  56 241 272 316 320 379 476 477 593 786 883
4  227 304 357 537
9  157 272 307 424 482 579 613 750 953
4  239 427 584 602
9  67 484 584 602 620 652 813 978 983
4  224 471 476 740
4  101 314 389 477
3  55 75 492
7  12 379 415 522 559 606 776
6  6 407 461 490 620 926
2  174 311
3  40 115 813
3  17 364 482
31  41 44 83 97 102 159 188 194 221 282 311 316 355 379 454 477 506 565 584 597 602 609 611 634 685 696 751 786 827 883 978
5  4 6 46 316 634
3  4 510 795
57  0 3 4 5 6 14 17 19 20 49 56 154 157 159 164 188 198 231 237 241 244 256 258 276 311 314 316 379 389 424 427 451 453 461 475 476 477 493 508 565 579 593 597 602 606 609 613 634 737 786 804 813 845 883 926 942 978
2  99 277
17  0 1 7 8 20 105 116 174 234 311 379 427 477 493 593 601 876
5  223 363 400 446 757
12  0 7 19 28 157 272 311 314 373 508 601 602
26  18 30 35 66 73 99 111 129 146 187 196 209 212 238 273 297 333 412 556 563 653 736 904 905 918 973
9  69 114 118 289 329 415 522 654 700
4  181 391 451 597
3  177 652 885
4  134 343 488 539
15  8 83 88 102 194 269 288 316 439 528 602 603 685 737 883
11  5 339 382 477 527 572 589 601 797 845 945
1  212
1  204
11  9 21 133 318 351 389 452 461 620 786 960
12  32 305 391 407 425 461 476 477 499 769 845 968
8  71 83 102 194 282 314 477 602
1  278
3  240 554 782
2  182 300
4  80 156 313 742
11  27 157 305 425 461 634 769 786 848 945 982
2  118 344
5  48 389 652 715 982
1  212
8  35 209 277 333 357 441 736 904
1  210
40  6 7 17 22 40 52 62 68 70 83 101 104 147 153 157 168 241 248 379 391 407 451 460 476 477 508 589 593 602 603 619 620 629 634 655 716 778 813 978 982
4  182 291 560 799
11  33 379 481 577 613 721 773 902 926 952 978
14  62 241 316 379 423 461 564 585 593 634 751 804 926 982
1  44
8  184 196 227 257 333 349 357 904
46  0 3 5 27 32 41 53 63 68 104 145 174 181 232 287 293 314 316 379 389 391 398 407 425 451 461 476 477 513 585 593 597 601 606 620 634 652 730 748 769 786 795 810 845 945 978
4  214 379 601 813
15  68 116 145 154 157 258 350 451 476 482 493 619 692 737 891
4  243 406 419 845
3  54 394 619
2  90 904
83  0 1 2 3 9 14 21 44 47 48 49 54 62 65 83 88 95 97 138 149 156 159 164 171 174 188 191 198 201 204 207 208 218 220 237 244 266 269 272 274 276 314 316 321 355 373 379 389 391 392 405 427 451 452 454 460 461 476 477 508 549 582 593 597 601 602 606 609 613 634 652 696 714 786 827 876 879 904 915 942 945 982 986
2  44 606
3  292 742 765
110  0 1 2 3 6 7 14 15 16 17 19 20 21 22 23 25 32 40 41 44 47 55 68 71 82 83 85 88 94 97 101 104 105 113 116 119 121 122 128 154 157 159 174 183 185 188 191 195 202 208 210 231 239 241 242 244 262 272 276 288 305 311 316 320 321 354 372 379 389 391 407 411 427 451 452 461 476 477 482 493 496 508 525 526 593 597 601 602 606 609 634 652 679 696 715 725 737 751 769 784 786 810 813 827 845 853 942 945 978 983
2  254 606
99  0 1 2 3 4 6 8 14 15 17 22 27 32 34 38 41 44 45 46 47 53 56 62 63 67 68 82 83 97 101 113 138 156 157 159 174 185 188 191 204 217 232 241 248 256 269 270 272 282 302 305 311 314 320 367 372 379 389 391 407 423 427 447 451 460 461 476 477 485 489 493 506 508 525 549 585 593 597 602 603 611 613 620 634 651 685 737 751 769 786 795 810 813 883 892 942 945 978 983
1  41
24  9 21 23 41 133 160 206 286 351 379 389 427 451 452 461 477 601 603 613 620 634 751 813 883
5  31 120 416 593 808
26  41 56 88 97 241 256 314 316 321 367 379 407 425 454 461 477 490 593 603 652 810 827 845 883 892 982
34  0 1 6 44 50 88 157 202 208 243 311 314 320 367 379 406 419 423 427 460 461 477 512 602 606 613 634 679 686 715 751 786 845 983
2  37 612
7  64 379 389 516 525 813 845
23  12 92 96 143 170 226 379 389 407 454 460 461 508 582 593 603 606 613 652 786 892 945 983
2  233 800
9  139 142 379 490 548 589 606 769 883
11  2 3 11 14 88 475 582 589 778 827 943
9  0 1 48 215 379 389 398 593 972
1  278
1  181
3  31 161 652
5  219 447 476 477 751
17  26 30 90 184 196 197 277 297 304 357 412 676 680 736 904 918 973
12  4 5 9 68 208 445 460 602 769 822 847 909
3  59 361 417
2  132 755
2  151 454
4  141 176 429 457
5  283 382 572 601 845
6  186 444 459 547 787 882
3  152 561 705
5  143 379 454 530 675
1  281
2  294 903
4  108 624 880 896
6  127 359 451 637 679 845
6  226 379 407 461 593 606
4  96 389 414 606
3  304 656 904
21  1 3 4 17 22 116 121 195 241 307 379 427 461 471 476 477 602 634 691 891 995
12  9 12 95 286 318 379 389 427 452 477 603 652
2  78 531
2  73 209
19  1 3 4 5 6 17 22 32 39 314 389 460 461 477 606 723 751 795 831
11  102 269 311 477 565 609 634 737 786 942 978
3  115 505 532
11  84 184 196 209 227 257 297 304 333 904 988
1  252
7  38 127 346 538 637 679 751
7  5 18 26 460 463 583 634
3  335 417 591
24  0 1 2 3 8 10 13 16 20 29 57 64 113 180 379 423 477 490 525 589 593 609 652 864
3  223 275 400
10  0 3 4 17 156 268 482 508 582 760
5  10 241 551 597 982
2  35 66
22  0 8 88 97 188 316 320 321 379 389 407 467 475 476 477 489 490 549 634 737 786 866
5  43 213 754 860 887
3  140 464 883
3  177 487 652
7  17 62 65 389 606 696 751
17  8 15 55 75 208 314 316 391 407 447 451 477 482 592 606 873 978
4  276 311 602 801
5  9 389 426 461 606
10  56 82 379 385 389 461 718 766 926 961
5  134 136 152 169 818
2  134 576
2  112 546
163  0 1 2 3 5 6 8 9 10 12 14 15 17 19 20 21 22 29 32 33 39 41 42 44 45 47 51 53 54 56 57 62 63 64 68 69 70 71 79 82 83 88 92 93 95 96 97 98 102 104 105 110 114 119 125 131 133 139 142 143 145 150 156 157 159 164 168 170 174 183 185 188 191 194 195 198 202 208 214 218 220 221 226 241 242 244 252 256 264 269 272 274 299 301 302 305 306 311 314 316 318 320 321 323 324 326 328 342 347 350 351 362 367 375 389 391 407 415 423 425 427 451 454 460 461 471 472 473 475 476 477 490 496 508 525 526 541 548 549 577 589 593 601 606 609 613 634 652 679 733 769 776 786 810 813 827 831 845 901 912 926 978 986
4  164 515 606 830
5  18 30 99 437 680
6  283 339 572 589 601 845
3  222 568 976
9  17 22 32 242 460 477 606 657 896
10  56 375 389 396 493 647 718 766 926 961
1  91
4  4 388 465 514
2  387 465
148  0 1 2 3 4 5 6 8 9 11 12 14 15 17 20 21 22 23 32 41 42 48 49 51 54 56 57 58 61 62 65 68 69 79 81 82 83 85 88 91 92 94 95 96 98 101 104 113 116 119 121 122 125 128 139 143 149 151 157 164 170 174 188 191 201 204 205 207 208 215 217 218 226 237 241 244 254 262 272 286 295 305 311 314 316 318 323 324 328 348 351 354 367 371 374 375 379 385 391 398 407 426 427 430 451 452 454 460 461 477 482 493 525 549 565 585 589 593 597 601 606 609 613 619 634 652 679 715 751 759 766 769 786 795 804 810 813 819 832 845 912 926 942 953 972 978 982 984
3  16 29 817
78  2 5 6 22 32 39 41 45 47 48 49 58 68 72 80 83 85 88 94 104 119 122 128 145 151 165 168 174 181 191 198 201 208 231 241 244 279 287 299 305 311 314 316 372 379 389 398 405 407 427 430 447 451 454 461 476 477 482 490 508 592 597 606 613 620 634 655 674 679 769 786 810 813 845 915 972 978 982
32  1 2 3 4 5 6 24 41 44 49 88 224 311 451 461 475 476 477 508 589 593 597 609 613 634 751 786 813 853 858 890 986
8  52 53 141 449 451 452 508 972
4  309 440 710 811
4  138 476 508 789
3  385 766 804
3  17 660 841
33  0 1 7 48 55 75 100 182 211 305 328 389 391 405 427 451 454 461 476 585 589 593 601 610 613 620 634 652 786 795 810 972 978
3  161 593 775
3  223 275 363
1  253
9  6 69 110 490 589 606 776 790 978
6  164 233 241 423 652 779
2  86 175
15  48 68 174 198 311 391 398 427 451 454 584 613 634 786 915
8  243 308 321 419 686 786 947 957
47  6 8 14 17 32 68 185 188 226 265 287 299 305 314 316 320 324 347 367 372 379 389 391 451 454 460 461 476 477 490 508 566 589 593 602 603 613 634 652 716 751 786 813 827 845 978 982
9  29 57 64 156 433 482 525 597 861
7  163 431 486 745 845 978 979
1  169
4  85 94 191 314
7  277 333 450 542 676 918 973
2  152 705
2  348 955
24  4 6 12 58 68 69 110 114 118 125 264 278 379 451 477 490 522 541 549 606 613 751 776 978
8  31 120 241 319 477 593 634 808
2  335 361
8  68 181 461 493 495 597 652 786
10  50 202 243 308 321 406 682 686 786 913
2  83 438
2  166 451
3  211 788 875
44  0 3 4 6 10 13 14 54 156 164 180 183 221 233 241 244 302 316 321 362 379 403 451 453 454 461 476 477 508 525 526 564 597 602 613 634 652 795 827 862 876 926 978 982
5  258 272 579 722 942
34  3 5 27 32 41 58 68 94 104 125 157 171 287 293 305 320 379 427 451 461 477 582 593 606 611 613 634 640 655 679 786 813 845 968
9  9 68 74 157 374 389 427 461 606
70  0 1 2 3 5 9 49 62 85 88 94 95 113 116 122 125 133 149 156 159 171 174 188 198 206 207 239 241 259 272 274 311 314 316 318 321 350 351 379 389 391 398 405 425 426 451 452 454 460 461 476 477 482 513 584 601 602 603 606 609 613 620 634 652 679 725 751 786 845 942
1  144
2  338 747
16  5 52 63 104 218 389 391 447 451 452 454 593 620 696 786 795
11  124 130 163 409 486 523 616 645 726 845 978
3  75 509 975
2  408 525
2  59 713
5  231 606 613 634 944
1  103
8  18 111 129 196 238 381 680 904
3  83 420 894
2  282 603
2  394 710
1  297
2  112 511
1  178
7  340 459 547 594 667 787 882
3  334 602 822
2  223 275
44  8 27 45 47 63 83 124 128 138 145 157 167 174 188 219 228 316 332 372 391 430 451 452 454 461 476 477 490 508 523 589 593 599 606 613 620 634 652 677 737 774 845 978 980
4  216 738 746 897
6  52 104 393 451 575 972
4  412 466 542 918
131  0 1 2 3 5 6 7 8 9 14 15 17 20 21 22 23 24 27 32 37 38 41 45 52 53 55 57 62 63 68 69 71 83 88 93 94 100 101 104 116 127 141 145 154 156 157 159 165 166 168 174 176 181 188 204 208 214 218 221 244 248 272 279 299 305 307 311 314 316 318 346 372 379 389 391 392 393 398 405 407 415 421 423 425 427 430 447 449 452 454 461 473 476 477 482 485 493 506 508 525 541 549 582 589 593 601 602 603 606 609 613 620 634 679 731 737 751 769 776 786 810 813 831 845 902 912 926 942 945 978 982
72  0 1 2 3 17 19 21 22 27 32 38 40 41 44 47 49 53 54 62 63 68 83 87 88 94 133 159 174 185 188 208 218 286 311 314 318 351 389 393 427 430 447 451 454 460 461 477 482 493 525 582 585 589 593 601 602 603 606 609 613 619 634 652 679 696 737 751 786 883 942 972 982
12  4 6 17 22 67 272 423 476 593 602 620 634
88  0 1 3 4 5 6 8 10 11 14 17 19 33 41 50 53 56 63 65 83 88 94 116 143 151 154 157 159 174 188 208 226 241 269 311 320 324 337 342 379 389 391 398 405 407 423 427 430 447 451 452 460 461 472 475 477 493 508 526 565 584 585 593 599 601 603 606 609 613 619 620 634 652 696 737 776 786 795 804 810 813 827 845 853 912 926 942 978
1  78
3  12 665 698
5  53 141 176 338 493
2  192 504
7  340 444 502 547 594 882 925
70  3 4 5 6 17 21 22 32 37 39 47 63 68 81 83 92 95 96 145 157 159 168 228 241 299 311 316 321 324 334 354 360 379 384 389 407 427 452 454 461 472 475 477 508 540 583 589 593 601 602 603 605 606 613 619 620 634 652 676 751 769 786 813 845 912 953 968 978 982 986
127  0 1 2 3 4 5 6 9 14 17 18 21 22 27 32 41 44 45 49 53 56 58 62 63 68 70 74 81 83 88 94 95 97 119 121 143 145 156 157 171 174 188 195 196 204 207 208 221 224 225 226 231 241 244 265 272 286 287 293 302 305 311 314 316 318 320 321 324 347 350 354 374 375 379 389 391 392 398 407 418 423 425 426 427 447 451 452 454 460 468 471 472 476 477 489 490 493 500 508 513 549 564 566 583 585 589 593 597 601 603 606 611 613 619 620 634 652 751 759 786 810 845 926 945 961 978 982
1  16
7  360 583 597 613 619 853 962
7  126 140 199 203 369 578 869
3  4 387 388
4  450 542 877 918
1  367
5  461 472 606 613 769
1  24
7  202 518 570 686 780 946 947
21  21 88 95 224 261 350 379 461 472 476 477 589 602 606 613 634 740 769 845 942 982
33  3 4 16 20 45 88 96 105 138 154 174 204 379 454 460 461 468 471 476 477 508 540 589 593 601 606 613 619 769 813 845 942 982
25  3 22 27 32 39 62 63 93 94 166 214 248 379 451 476 477 593 601 609 613 677 795 926 945 978
2  179 855
43  0 2 3 4 5 6 14 17 22 48 61 62 157 188 208 237 272 327 367 379 392 454 460 477 489 508 549 582 583 589 593 603 609 613 619 620 751 804 810 813 827 845 978
116  0 1 2 3 4 5 6 8 14 17 19 20 28 32 41 44 45 47 62 63 83 88 93 94 97 104 116 119 124 128 131 138 145 147 153 156 157 159 165 167 168 174 188 208 214 219 224 228 241 242 244 248 256 261 272 287 299 305 307 311 314 316 332 350 367 379 391 392 395 398 407 423 427 447 451 453 461 471 472 473 477 482 490 493 506 508 525 566 582 589 593 601 602 606 613 620 634 652 679 690 695 740 769 778 786 810 827 845 858 926 940 942 943 968 978 982
155  0 1 2 3 4 5 6 7 8 10 14 15 16 17 19 20 22 27 28 32 37 39 41 44 47 48 49 54 55 56 59 61 62 63 65 68 70 72 75 81 82 83 88 94 97 101 102 108 116 119 122 138 145 174 188 194 204 208 211 215 219 221 224 228 234 241 242 244 246 248 256 262 269 272 274 283 287 288 299 305 311 314 316 318 320 321 332 350 351 354 355 362 367 372 379 384 389 391 392 407 415 416 423 425 427 447 451 452 454 460 461 471 472 473 475 476 489 490 506 508 525 540 549 566 572 582 583 589 593 597 601 602 603 606 613 619 620 634 652 737 751 769 786 795 813 827 845 853 865 876 883 890 945 978 982
3  237 609 991
5  170 483 549 692 978
1  101
5  301 613 773 902 978
55  0 1 3 4 5 6 17 41 64 79 94 97 121 149 154 156 208 220 258 268 307 314 364 372 389 391 408 427 451 452 476 490 493 506 525 541 549 582 589 597 601 602 606 613 634 652 674 688 786 795 813 845 909 978 982
2  479 978
11  6 34 46 67 260 584 606 620 810 813 983
4  8 316 451 813
9  163 172 409 431 523 599 745 945 987
8  31 120 161 177 180 370 593 652
3  134 281 845
19  0 3 8 138 156 316 367 461 475 477 490 498 508 549 582 589 601 613 978
57  0 2 3 5 6 8 45 64 69 110 139 142 168 208 215 265 320 326 362 367 379 391 402 407 415 447 461 476 477 482 489 493 525 541 548 549 572 582 589 593 597 599 602 606 634 652 716 778 786 790 795 813 814 883 909 926 978
4  139 612 813 972
2  55 263
86  0 1 2 3 5 6 8 14 15 17 19 20 22 27 28 32 41 45 53 56 57 62 63 68 72 82 83 85 94 97 110 116 125 141 143 145 166 174 176 181 204 217 241 272 274 307 314 316 385 389 418 451 452 454 457 461 476 482 490 520 525 541 582 589 601 602 606 613 634 652 737 751 769 786 795 809 810 813 832 845 912 917 926 942 978 984
4  47 728 739 919
1  418
13  185 208 314 379 525 609 634 810 954 966 970 972 983
3  88 871 978
5  489 549 582 883 978
5  287 708 769 845 999
3  83 461 837
1  233
1  459
6  51 251 535 569 751 815
4  192 458 567 852
5  115 356 532 652 898
39  3 15 23 41 44 56 97 102 157 159 194 204 269 316 451 476 477 482 508 525 541 593 601 602 603 606 613 620 634 658 688 737 769 813 827 876 942 978 982
1  201
108  1 2 3 4 6 7 8 9 10 14 15 16 17 20 22 32 39 44 45 48 49 50 52 53 58 62 63 68 83 88 93 95 101 104 105 116 138 141 154 157 159 164 174 176 188 202 204 208 241 244 272 276 299 311 314 316 324 364 379 391 392 393 395 407 423 447 451 454 460 461 472 475 476 477 489 506 513 525 549 555 582 589 593 597 601 602 603 606 609 613 620 625 627 634 679 696 751 786 789 810 827 831 883 890 942 968 972 978
1  432
9  3 4 271 524 589 639 778 863 982
1  442
3  321 606 786
20  3 5 14 49 231 305 427 461 508 549 555 582 597 601 606 613 634 751 786 968
2  4 387
2  380 606
2  323 845
4  30 35 209 650
3  202 470 686
1  245
10  22 27 28 493 573 582 602 606 795 972
8  8 20 54 164 200 601 613 751
9  6 114 118 264 278 415 549 553 700
13  124 130 431 447 486 599 613 619 620 726 737 845 945
2  510 844
72  0 1 3 4 6 8 16 17 20 29 32 37 39 57 64 71 85 88 102 116 138 156 188 208 314 316 323 362 379 389 408 423 433 451 452 476 477 482 490 493 496 506 508 526 541 549 566 582 589 593 597 601 602 603 606 609 613 634 652 658 674 786 790 810 813 845 853 912 942 972 978 982
25  0 1 8 116 174 183 208 239 314 379 423 454 525 541 589 597 601 606 619 652 674 715 751 813 978
3  283 601 689
1  282
2  110 978
2  342 675
1  352
5  18 40 115 356 505
1  183
5  6 67 620 646 978
7  38 51 251 503 569 684 751
4  16 589 673 817
1  257
3  359 679 751
5  134 281 701 712 845
18  4 63 174 460 472 477 549 583 589 593 597 603 619 845 853 978 982 993
23  79 154 379 415 451 482 490 493 506 525 526 549 582 589 601 602 603 606 613 751 813 827 912
6  412 450 466 870 877 918
4  248 544 661 829
4  248 543 767 829
3  48 62 678
1  378
7  340 444 459 588 594 787 882
9  6 69 326 379 490 589 599 603 606
58  1 12 14 42 54 65 79 83 92 143 157 170 204 205 220 311 316 367 379 389 415 451 461 475 477 479 482 489 490 498 508 513 522 525 540 541 553 555 582 589 597 601 602 606 613 619 634 652 692 737 769 786 810 832 926 953 978 982
3  165 828 982
3  365 597 643
2  146 973
7  54 69 114 522 549 613 619
3  240 290 782
13  49 508 513 549 606 609 613 737 786 912 953 968 978
3  66 277 973
3  242 606 648
3  18 600 756
2  264 776
3  300 626 965
1  341
2  145 581
3  209 277 662
9  4 302 423 461 585 634 652 786 982
19  0 32 174 269 272 355 389 454 609 619 634 737 769 786 813 827 942 978 982
22  185 407 461 476 477 525 582 593 601 602 603 606 613 634 652 679 751 769 810 827 876 945
3  504 794 852
2  383 608
4  251 503 535 684
5  470 686 780 946 947
3  177 633 836
13  283 339 382 477 490 582 589 601 602 613 620 845 909
6  28 59 520 602 688 813
7  74 83 124 157 620 635 978
2  449 972
1  377
6  33 301 379 613 845 986
9  126 140 158 203 464 587 671 717 883
8  154 241 258 272 424 831 874 942
3  43 598 668
1  562
90  1 2 3 4 5 6 9 11 14 15 17 20 21 22 23 32 39 42 44 45 49 50 52 62 70 85 88 92 97 101 125 133 143 151 154 156 159 170 208 242 244 311 324 327 364 425 451 452 475 476 477 482 489 490 493 498 508 513 520 525 541 549 566 572 589 593 597 601 602 603 606 611 613 615 620 634 652 677 751 769 785 786 813 814 883 892 926 942 972 982
17  360 460 461 463 475 477 540 589 597 613 619 634 778 786 853 942 962
27  0 67 68 70 83 159 259 260 269 405 427 454 484 593 602 606 613 620 634 652 786 810 813 853 926 942 945
26  9 53 62 68 141 241 302 305 316 389 398 452 454 461 564 601 606 613 634 652 751 786 804 810 853 883
1  107
4  126 158 578 717
1  547
91  1 2 3 4 5 6 7 9 10 12 16 34 42 49 56 69 79 92 116 142 170 174 204 244 283 299 326 327 362 379 382 389 392 398 402 407 447 451 452 460 461 471 472 475 476 477 482 489 490 493 508 510 525 526 536 540 541 548 549 572 582 583 593 597 599 601 602 603 606 609 613 619 629 634 652 679 751 769 778 786 813 817 831 845 853 883 912 942 953 978 984
2  218 768
1  361
4  372 391 634 786
127  0 1 2 3 4 5 6 7 11 13 14 17 19 20 22 27 31 32 36 37 39 41 45 47 48 49 52 53 56 62 63 68 69 70 74 83 85 88 93 108 120 145 156 157 161 171 174 177 180 185 198 202 204 208 226 239 241 248 256 272 274 299 302 305 311 314 316 319 320 324 328 347 362 379 389 392 398 399 407 416 425 430 447 451 452 453 454 460 461 472 473 475 476 477 487 490 506 508 525 540 566 582 584 589 597 601 602 603 606 609 613 619 620 634 652 679 759 769 786 810 813 845 896 926 945 978 982
4  444 459 547 787
2  193 932
1  174
87  0 1 2 3 4 5 6 8 9 10 17 20 22 23 25 27 38 41 49 57 62 68 88 94 97 119 156 171 181 188 198 208 237 241 244 269 272 279 305 311 314 316 365 389 391 392 408 418 423 461 463 477 482 490 508 513 525 526 540 549 551 582 583 589 593 599 601 602 603 606 613 619 634 652 674 679 731 751 786 813 845 853 945 972 982 983 993
4  43 580 668 956
18  9 447 454 486 490 523 548 589 597 601 603 619 620 634 845 892 945 987
2  558 914
99  0 1 3 4 7 8 10 14 19 20 41 62 69 72 83 94 105 140 156 164 174 183 188 204 206 214 239 242 244 248 274 276 283 305 306 311 314 318 339 379 382 389 398 427 451 452 454 460 461 472 473 476 477 482 489 493 506 508 513 521 525 526 527 541 549 566 572 582 585 589 593 597 599 602 603 606 609 613 619 620 634 652 679 688 689 737 751 769 778 786 795 810 813 827 845 912 945 953 978
114  0 1 2 3 4 6 7 8 10 14 15 17 19 20 22 27 28 40 41 44 49 52 59 62 67 68 71 83 85 88 94 97 102 113 133 138 159 173 194 202 206 217 228 241 259 260 269 272 276 282 288 299 311 314 316 321 334 350 373 407 423 427 445 451 452 453 460 471 476 477 482 490 493 506 508 520 525 541 549 566 572 573 582 584 589 593 597 601 603 606 609 611 613 619 634 652 687 688 716 737 769 786 810 813 845 847 883 909 912 942 945 978 982 983
73  6 9 12 18 22 39 40 44 92 93 97 115 154 157 168 178 214 241 244 282 299 316 318 320 324 351 407 427 439 451 452 454 460 461 475 477 506 508 525 540 541 548 566 582 589 593 597 599 601 602 606 609 613 619 620 634 652 676 688 737 743 751 786 813 827 831 845 883 892 942 945 978 982
1  28
8  3 4 6 17 210 460 813 978
165  0 1 2 3 4 5 6 7 8 9 11 12 14 17 20 21 22 23 32 39 41 42 44 45 46 48 49 52 54 58 61 62 63 65 68 69 74 76 83 87 88 91 92 94 96 106 116 119 125 126 134 142 143 145 149 157 164 170 174 188 208 217 226 228 231 232 241 242 246 254 264 272 305 311 312 314 315 321 324 326 347 348 354 371 372 374 379 380 384 389 391 402 415 425 426 427 435 447 451 452 454 460 461 468 471 472 476 477 482 484 490 493 506 508 512 513 515 520 525 526 541 548 549 555 557 566 582 584 585 589 593 597 601 602 603 609 611 613 619 620 634 638 651 652 657 679 688 692 737 751 769 776 786 810 813 827 831 845 883 926 944 945 972 978 982
2  28 772
1  568
70  0 1 6 8 14 15 20 22 44 48 57 83 102 105 116 149 154 156 159 174 237 241 244 269 272 311 314 355 362 379 389 392 427 451 452 454 473 475 478 496 508 525 555 565 589 593 601 602 603 606 613 619 620 634 652 688 737 769 786 813 827 850 879 890 926 942 945 972 978 982
4  398 613 786 826
24  0 1 2 3 44 102 188 225 269 316 425 461 582 602 606 613 619 657 658 692 786 813 881 926
13  32 37 41 60 76 98 139 322 491 709 896 902 978
149  0 1 2 3 4 6 7 8 9 10 12 13 14 15 17 20 31 32 33 38 40 45 49 54 55 62 65 67 68 69 83 88 92 97 104 105 117 125 133 138 156 157 161 164 170 174 180 188 202 208 217 218 221 226 231 241 244 245 258 272 301 311 316 318 321 324 379 389 391 392 398 405 407 415 423 425 427 435 447 451 452 454 460 461 463 468 471 472 473 475 476 477 481 482 489 493 506 508 513 521 523 525 541 549 553 555 566 572 577 582 583 584 585 589 593 597 601 602 603 606 609 610 611 619 634 652 658 688 726 737 751 769 773 786 804 813 827 845 853 883 902 912 926 942 944 945 953 961 978
4  131 672 762 771
2  45 582
3  130 163 431
4  205 649 697 832
4  217 805 810 938
74  0 1 2 3 4 6 8 14 20 22 27 32 37 45 47 54 62 68 69 156 164 171 183 224 233 241 299 307 309 389 452 454 460 461 463 472 475 477 523 526 540 549 553 565 583 589 593 597 599 601 602 603 606 609 611 613 620 634 652 658 688 692 731 737 751 769 786 813 845 853 883 942 945 978
106  0 1 3 5 6 8 9 17 21 22 27 39 40 41 44 45 46 47 48 49 52 53 62 63 67 68 74 78 81 83 97 101 104 106 124 130 134 136 138 152 157 168 188 214 217 260 265 286 299 305 316 318 391 398 427 430 447 451 453 454 460 461 475 476 477 484 506 508 523 534 572 574 582 584 593 599 601 603 606 609 619 634 635 651 652 658 674 688 712 737 751 769 779 786 810 813 827 845 883 912 926 941 945 972 978 982
3  9 21 813
1  248
3  27 769 978
2  345 880
3  16 508 978
3  560 764 965
2  176 508
1  230
12  1 15 17 22 63 101 299 589 634 778 813 982
2  111 680
1  65
2  18 30
3  571 681 836
150  0 1 2 3 4 5 6 7 8 11 12 14 15 17 18 21 22 27 28 32 38 39 40 41 44 45 47 48 49 52 58 62 67 83 87 88 92 94 97 122 133 141 151 156 157 159 171 174 185 188 191 204 208 231 241 244 269 270 272 293 299 302 305 311 314 316 318 321 350 355 360 367 379 389 391 392 398 405 407 416 423 425 427 435 447 451 452 453 454 460 461 471 476 477 482 490 493 496 506 508 513 525 549 564 565 566 582 583 584 585 589 592 593 597 599 601 602 603 606 609 613 619 620 629 652 658 674 679 688 716 737 751 769 786 795 804 810 813 838 845 847 853 909 926 942 945 972 978 982 983
8  74 83 124 574 620 652 769 845
2  54 770
3  346 359 751
8  74 124 130 192 208 606 845 907
1  510
2  425 813
1  28
5  6 40 115 652 659
4  551 824 835 900
3  145 165 990
2  431 726
2  534 978
2  385 718
2  557 758
2  617 697
2  517 928
10  34 46 106 125 134 316 606 620 751 827
143  0 1 2 3 4 5 6 8 10 14 15 16 17 19 20 21 22 27 29 31 44 47 48 49 50 54 55 56 57 61 62 63 64 67 75 83 88 95 97 113 115 145 151 156 161 164 165 171 174 177 180 183 185 188 191 202 208 216 217 233 241 244 260 280 295 305 311 314 320 324 331 351 362 370 379 389 398 403 407 418 423 427 447 452 454 460 461 476 477 482 487 490 493 505 525 526 549 564 566 582 584 585 589 593 597 601 602 603 606 609 613 619 620 634 635 642 658 674 737 738 751 769 778 779 786 810 813 831 845 867 873 876 883 885 898 909 912 926 945 953 972 978 982
4  187 209 277 904
2  278 761
8  7 58 104 299 391 425 786 813
1  349
4  384 606 611 926
13  102 506 525 611 613 619 620 634 652 674 688 751 786
4  6 18 40 642
4  17 397 841 842
2  248 543
1  563
3  99 927 929
6  139 142 724 776 883 978
2  456 711
1  100
2  444 787
4  580 598 749 935
4  42 741 843 964
2  55 873
1  578
4  131 614 762 771
1  536
21  80 116 181 391 482 525 526 597 620 634 652 658 688 778 786 790 810 813 847 909 926
2  342 530
14  18 30 90 197 333 412 460 603 680 813 845 918 945 968
12  22 27 32 39 41 45 447 473 582 737 786 907
1  545
65  0 1 2 3 4 5 6 7 17 19 21 22 27 32 39 41 44 45 52 53 58 63 68 70 80 83 85 97 127 133 157 181 208 241 314 321 346 359 379 389 391 425 427 451 452 476 508 538 566 589 593 597 601 606 634 688 751 769 786 810 813 896 912 953 978
23  18 26 30 35 40 90 99 111 129 184 187 196 197 238 333 381 437 630 676 763 813 904 945
2  633 949
2  419 786
1  227
4  51 535 569 977
6  41 83 269 282 316 883
9  202 321 406 419 470 518 570 786 947
2  71 602
36  5 6 18 20 39 40 115 178 214 482 506 573 601 602 603 606 609 613 619 620 634 658 674 679 716 737 751 769 778 795 804 813 827 845 926 978
4  527 601 769 982
2  476 968
2  241 350
9  170 307 479 549 606 611 619 883 978
4  14 735 778 982
2  94 831
8  6 18 119 209 476 753 813 978
18  17 159 185 188 207 241 269 311 314 371 430 452 454 508 751 786 883 978
3  205 617 649
1  456
2  51 803
4  118 278 522 802
3  539 712 845
2  165 798
2  106 997
1  91
3  152 341 413
1  90
1  246
3  499 908 999
3  612 902 978
3  394 440 936
1  665
6  134 152 539 620 701 845
2  434 825
1  311
14  0 21 244 295 314 321 389 526 751 769 786 804 978 982
18  0 5 6 7 18 40 299 407 490 602 634 688 737 751 795 813 838 978
4  578 587 793 883
5  375 385 647 839 961
1  116
4  32 37 108 896
4  8 33 54 301
3  424 923 924
2  354 795
4  664 776 883 978
5  62 314 427 751 889
5  163 431 523 613 645
1  149
2  494 919
1  63
11  0 3 23 27 41 63 104 305 786 845 978
14  22 32 37 60 98 139 174 451 597 619 769 813 978 982
1  235
2  82 379
1  217
2  693 982
5  35 277 297 333 904
54  6 17 19 22 27 32 53 83 102 145 233 272 282 307 314 316 355 367 447 451 452 454 477 493 506 523 549 555 565 601 602 603 606 609 613 619 620 634 652 677 688 716 751 769 786 795 813 831 912 926 945 953 978 982
5  115 216 448 652 849
1  494
3  261 471 476
4  42 669 843 964
6  65 80 112 156 292 313
3  603 786 945
1  57
2  409 486
1  448
2  429 752
2  305 769
1  668
1  258
111  1 2 3 4 5 6 9 16 17 19 20 21 22 23 27 29 32 38 39 41 46 49 56 58 62 80 83 85 87 88 93 94 119 131 133 154 157 159 164 174 204 221 269 302 314 316 318 321 332 354 359 371 389 392 407 415 427 451 452 460 461 475 477 493 503 508 513 521 526 535 538 541 566 582 585 589 597 601 603 606 613 619 620 634 637 651 652 658 679 688 696 715 716 725 737 769 778 786 795 804 810 813 827 845 853 912 917 942 945 978 982
1  747
1  695
3  368 860 887
2  132 336
1  558
1  275
1  648
5  226 389 461 593 972
1  364
1  654
4  95 131 614 672
3  680 846 945
1  626
1  313
6  375 385 389 396 786 804
1  544
3  63 218 590
94  0 2 3 5 6 9 15 17 20 22 27 32 37 41 42 49 52 53 56 62 68 88 97 101 116 125 138 151 157 165 174 218 221 224 287 293 305 314 316 326 334 379 389 391 451 460 468 471 472 476 477 493 499 506 549 565 566 582 589 593 601 602 606 609 613 619 620 623 634 635 652 679 688 689 715 731 737 748 751 786 795 804 810 813 820 845 847 912 926 945 953 972 978 982
1  636
2  614 672
1  607
8  33 170 205 301 481 613 776 902
1  447
2  399 872
33  1 3 5 6 37 60 69 98 110 125 142 170 205 229 264 379 402 415 451 454 559 606 664 724 773 790 831 845 883 902 945 972 978
3  99 111 129
29  6 14 15 17 63 299 327 476 490 510 583 589 601 629 652 674 688 693 751 786 804 813 853 883 926 945 972 978 982
4  403 620 652 972
6  50 202 470 570 786 947
2  230 823
3  240 290 554
1  239
1  314
2  143 582
168  0 1 2 3 4 5 6 8 9 12 14 15 17 20 21 23 27 32 39 41 44 45 47 48 49 50 52 53 54 58 62 63 65 67 74 83 85 87 88 94 96 102 104 122 125 126 128 135 151 157 159 168 174 181 188 191 198 202 208 214 218 220 222 225 231 244 248 256 269 272 286 293 305 311 314 316 321 324 355 367 379 389 391 392 398 405 406 407 418 419 425 427 430 451 452 454 460 461 476 477 482 490 493 508 512 513 525 549 555 564 565 582 583 584 585 589 592 593 597 601 602 603 606 609 610 611 613 619 620 634 652 655 658 674 677 679 682 686 696 715 730 737 743 751 766 769 778 780 795 804 810 813 827 845 847 853 867 883 890 902 912 917 926 945 968 972 978 982
6  340 444 547 594 667 882
2  422 933
5  1 49 138 395 508
19  22 32 37 69 76 98 139 145 229 402 490 525 674 776 813 845 883 906 945
1  153
3  78 103 189
2  717 883
2  567 852
47  0 3 4 17 19 22 27 41 63 104 166 204 242 271 305 316 354 389 398 423 430 454 473 477 482 490 493 520 601 634 688 716 723 737 751 769 786 804 810 813 827 847 883 912 926 945 978
1  16
1  283
2  702 854
1  300
1  325
1  373
1  700
5  15 20 38 51 699
25  241 272 302 389 396 454 475 585 613 634 688 715 751 766 769 778 786 795 813 827 853 883 902 926 982
1  618
3  55 873 978
1  152
3  31 319 416
2  493 984
72  0 1 2 3 4 5 6 8 9 32 42 52 62 63 67 68 83 94 97 156 185 208 217 237 241 255 305 314 316 320 379 389 391 398 451 454 461 475 476 484 493 496 508 525 549 566 584 585 593 601 602 606 618 620 634 652 674 679 751 769 786 795 813 847 876 892 912 917 926 945 978 983
1  394
1  22
130  0 1 2 3 5 6 8 9 18 21 23 26 27 34 40 41 49 50 52 53 54 58 62 64 67 85 88 101 102 104 119 139 143 151 174 198 204 208 214 218 226 241 260 267 272 299 306 314 316 318 323 379 389 391 392 407 425 451 454 460 472 475 477 482 484 485 490 491 493 506 525 526 541 565 573 582 584 589 593 597 601 602 603 605 606 609 611 613 619 620 621 629 634 640 652 655 674 676 679 680 688 695 716 731 737 751 769 778 786 790 795 804 810 820 827 845 847 853 876 879 883 890 904 906 912 945 968 972 978 982
2  490 582
1  503
1  218
4  16 390 536 589
1  376
5  3 4 6 389 972
6  2 769 813 827 853 883
8  11 27 88 151 153 157 945 972
3  334 445 909
1  781
2  643 835
2  713 857
1  610
55  0 1 2 3 8 14 28 40 48 62 83 88 159 174 221 241 269 311 314 320 327 379 407 423 454 475 476 477 506 508 541 565 566 601 603 606 609 613 620 651 688 751 786 795 804 813 820 845 847 853 883 942 945 968 978
2  550 868
2  543 544
1  380
44  1 2 3 6 10 11 14 18 22 32 39 40 41 44 54 58 68 87 88 94 115 119 126 140 188 198 241 354 379 451 508 579 589 603 606 652 694 737 776 874 883 942 945 978
7  12 170 205 389 493 549 617
1  49
1  41
3  643 824 900
2  571 633
2  83 500
2  634 716
2  718 961
2  133 911
4  17 397 660 842
2  660 841
4  42 669 741 964
2  524 851
131  0 1 2 3 4 5 6 8 9 17 22 23 25 27 32 38 41 44 51 53 54 57 58 62 63 65 83 85 88 94 97 119 122 124 127 128 130 134 138 151 152 156 157 159 163 174 188 191 198 202 208 221 241 243 272 283 287 305 308 314 320 321 323 339 346 379 382 389 391 407 409 425 427 431 447 451 454 460 461 471 472 475 476 477 482 488 493 499 516 523 525 539 540 572 577 589 593 597 599 601 602 603 606 613 619 620 634 635 638 652 676 688 701 712 730 751 769 776 786 790 813 827 847 883 906 909 945 978 982 983 986
1  763
26  9 12 27 334 602 634 674 769 786 795 810 813 827 845 853 883 906 909 912 917 942 945 978 982 986 996
1  293
1  738
2  609 890
1  844
3  504 567 794
48  0 2 3 4 5 9 10 22 32 39 49 51 57 68 83 94 234 314 392 454 463 477 525 540 583 584 585 589 597 613 619 634 751 778 786 804 813 820 827 847 876 883 902 926 942 945 972 978
1  798
1  474
1  154
1  825
3  224 392 476
1  250
2  368 754
1  408
1  423
1  510
1  362
3  108 477 883
1  367
11  2 13 31 151 202 234 652 786 876 883 945
1  828
1  464
3  542 877 918
2  497 971
1  775
7  55 57 372 652 670 806 978
4  579 831 942 945
1  422
16  13 183 234 241 274 311 423 477 506 566 652 810 813 853 867 983
3  466 542 870
2  189 939
6  6 311 609 813 886 904
3  345 624 896
1  611
5  340 444 459 547 787
98  0 1 2 3 8 9 12 14 17 23 32 39 41 42 44 52 55 63 76 80 83 87 88 92 102 125 126 135 138 139 140 142 143 154 157 170 188 194 205 208 241 256 269 272 282 316 318 320 326 369 452 477 490 498 508 578 582 585 589 602 603 606 613 619 620 652 664 685 692 696 717 724 776 778 786 790 793 795 804 813 820 827 831 845 847 853 865 867 906 909 912 942 945 972 978 982 983 996
1  20
7  13 31 132 161 177 280 652
1  879
5  25 43 213 368 754
1  195
1  725
12  14 48 55 392 477 508 609 786 813 850 945 968
2  307 350
19  3 7 11 12 13 88 145 157 178 241 316 320 324 582 599 603 810 945 978
2  68 948
2  438 921
1  158
19  4 6 17 32 37 47 70 88 108 345 384 593 612 679 720 880 902 945 953
1  448
2  505 652
2  125 978
2  643 835
7  32 37 60 98 139 379 972
18  33 37 208 241 301 451 481 612 613 709 773 776 786 804 853 896 953 978
1  344
25  18 26 30 35 66 90 184 187 196 197 209 277 297 304 310 311 333 349 357 437 653 680 736 813 879
4  209 212 277 918
14  0 3 8 18 54 790 813 845 847 883 909 942 945 982
7  32 39 45 74 638 677 912
1  708
28  0 1 3 11 16 27 44 88 165 174 191 334 482 490 572 602 634 652 674 822 845 847 883 906 926 945 972 982
3  0 8 10
3  133 840 937
42  39 45 70 88 97 218 241 379 389 451 454 460 493 525 541 555 589 601 602 613 620 652 679 737 751 769 786 795 810 813 847 883 907 917 926 942 945 953 968 972 978 982
1  419
1  600
4  1 311 391 405
1  166
11  493 751 786 810 847 912 945 968 972 978 982
9  277 333 412 450 466 542 676 870 905
2  494 728
1  117
1  894
1  241
2  722 924
2  722 923
2  459 951
70  3 4 5 6 9 17 22 33 39 41 54 62 65 80 82 83 94 97 101 116 119 157 220 265 272 301 302 375 379 385 389 423 451 454 461 473 476 490 493 549 582 584 593 606 609 611 613 620 634 652 657 674 688 737 769 778 786 795 804 810 853 909 912 942 945 953 968 972 978 982
3  99 663 929
1  650
3  99 663 927
1  92
1  241
1  595
1  788
2  45 228
1  668
1  710
1  911
1  618
2  189 878
2  476 978
1  620
59  4 8 9 17 21 22 39 45 54 88 159 188 208 219 241 244 272 311 314 316 355 389 424 427 451 452 454 471 472 476 493 506 508 525 565 579 582 583 584 589 602 603 609 613 619 634 751 827 831 847 853 874 883 906 912 926 945 972 982
6  1 2 104 327 476 978
6  0 3 231 435 606 613
112  0 1 2 3 4 5 6 7 17 19 20 22 27 32 37 40 45 53 54 56 62 65 70 72 82 88 94 96 97 101 116 122 124 128 130 138 145 155 157 178 185 188 217 220 241 242 244 283 293 305 311 314 316 324 451 461 473 477 486 523 566 584 593 597 599 601 602 603 606 609 613 619 620 634 652 676 680 737 743 751 763 769 776 778 786 790 795 810 813 821 827 831 845 847 853 867 874 883 890 892 896 906 909 912 917 926 942 953 972 978 982 983
4  202 470 570 947
6  406 470 570 686 780 946
1  893
1  681
3  16 20 29
1  925
1  301
23  22 96 218 258 389 460 549 555 589 601 613 652 679 737 769 896 902 912 926 945 972 978 982
1  496
1  414
1  598
2  406 989
2  29 64
1  10
1  286
6  375 385 461 613 718 839
3  463 583 981
6  0 7 8 15 38 978
5  12 42 669 741 843
2  560 626
1  496
1  156
23  48 49 62 104 215 287 425 460 476 508 513 555 676 690 786 813 827 890 912 917 926 972 982
1  106
1  496
1  871
74  1 2 3 4 5 6 17 21 22 26 27 32 41 44 45 47 51 52 53 56 57 62 63 88 93 116 139 145 165 217 220 244 328 389 391 393 398 449 452 491 496 508 520 525 575 582 597 606 609 620 634 652 759 769 776 778 779 786 813 819 821 853 883 901 909 912 917 926 942 945 953 968 978 982
10  35 66 146 184 196 277 333 412 552 556
1  3
3  55 75 432
2  222 383
1  684
188  0 1 2 3 4 5 6 7 8 9 12 13 14 15 17 18 20 22 27 32 33 38 39 40 42 45 47 48 52 53 54 55 57 58 60 62 64 65 67 68 69 76 83 85 88 92 94 96 101 102 104 110 119 122 124 125 130 139 142 143 154 157 164 167 170 171 174 183 185 188 194 204 208 217 228 233 241 252 255 260 269 272 299 301 305 314 316 355 372 379 389 391 398 402 407 409 415 423 431 447 451 454 460 461 473 475 476 477 479 481 482 483 489 490 493 497 498 506 508 525 526 529 534 540 549 555 565 574 589 593 601 602 603 605 606 609 612 613 619 620 623 625 634 646 652 664 679 688 692 695 696 709 715 716 724 730 731 737 751 769 776 778 786 795 806 810 813 827 831 845 847 853 873 883 892 899 902 912 917 926 940 943 945 953 963 972 982 983
3  163 172 409
1  447
1  962
107  0 1 2 3 4 5 6 9 10 14 15 17 21 22 23 32 41 44 48 49 53 58 68 83 88 95 97 104 125 131 135 159 164 165 174 188 202 215 217 241 244 293 295 299 302 311 320 365 389 391 407 423 451 452 460 461 471 472 476 477 482 506 510 525 540 549 550 564 565 582 593 597 602 603 606 609 620 629 634 652 689 693 715 731 735 737 751 769 778 786 804 813 845 847 883 906 909 912 917 926 942 945 953 968 972 978 983
31  4 6 17 34 41 46 50 97 119 122 171 241 243 244 260 314 316 321 324 484 496 597 602 634 810 845 876 883 945 978 982
5  143 389 493 589 809
1  60
7  311 379 392 460 577 845 847
2  486 599
1  357
1  957
1  644
1  478
2  62 242
2  540 597
1  17
1  350
4  8 125 847 883
1  703
1  80
2  499 708
