1000
12  89 92 193 250 376 501 502 554 597 660 698 932
12  245 314 435 445 581 672 713 839 901 981 989 990
7  153 278 383 627 809 815 842
10  4 45 57 153 252 287 303 505 704 846
8  3 210 336 541 558 903 912 965
13  70 79 336 357 403 519 540 551 745 855 941 970 976
13  112 138 193 201 266 286 472 550 646 674 803 873 954
10  29 62 221 230 406 467 487 489 774 903
8  53 195 227 514 567 708 853 999
6  12 233 253 664 774 775
6  202 327 832 934 959 999
7  25 58 169 239 600 878 891
12  9 44 299 379 444 575 743 760 798 801 922 965
6  94 345 383 600 953 979
8  263 388 750 831 855 865 970 975
14  21 59 73 183 202 415 465 466 503 636 701 726 749 888
10  96 104 415 456 469 494 696 738 883 943
11  291 297 584 618 731 733 777 821 847 884 918
12  77 161 329 441 464 482 500 508 611 845 896 964
9  28 256 318 521 649 742 789 901 921
10  23 249 397 437 440 543 652 663 909 962
10  15 61 157 325 377 404 546 638 855 961
15  32 40 87 125 157 281 492 502 507 527 708 734 798 954 998
15  20 61 90 125 203 472 522 649 700 715 727 816 820 829 885
10  32 66 183 201 255 487 499 793 864 927
11  11 57 65 535 711 770 777 795 940 962 995
6  386 449 518 673 735 738
12  106 163 284 287 353 361 523 783 846 848 948 951
9  19 73 152 261 455 667 677 731 989
9  7 126 268 484 630 659 692 776 938
5  102 392 431 656 682
8  50 210 405 424 606 714 786 893
13  22 24 298 464 467 506 591 613 625 639 716 756 906
9  65 151 207 235 394 515 636 839 935
8  324 338 392 436 588 674 690 879
9  192 279 420 454 546 603 856 901 960
15  97 208 231 283 322 389 458 499 580 613 724 838 916 922 965
9  67 171 219 349 367 429 456 659 913
12  42 137 149 205 259 331 406 410 513 647 830 831
8  142 152 218 469 545 843 926 973
12  22 87 108 240 302 305 349 505 544 702 964 990
10  115 184 227 368 389 434 459 500 703 737
13  38 65 174 222 386 390 438 519 541 659 831 979 987
6  44 404 447 576 789 822
12  12 43 101 217 281 329 377 378 682 812 873 990
11  3 239 364 476 524 599 747 752 852 893 928
11  165 191 229 239 298 326 598 612 867 886 975
7  99 163 217 317 744 785 855
9  60 87 124 133 175 351 444 641 932
13  97 273 281 357 471 574 617 642 751 852 947 990 999
9  31 121 273 294 318 618 655 727 728
11  64 115 204 209 330 408 496 625 671 676 958
11  161 197 331 439 446 595 608 726 803 834 943
8  8 56 518 630 654 759 767 842
7  87 287 525 559 610 739 845
13  95 97 185 338 349 444 445 548 634 694 738 799 813
7  53 174 197 527 806 881 957
7  3 25 167 290 357 410 654
10  11 93 457 522 602 677 771 772 782 799
8  15 63 184 382 593 786 797 841
12  48 124 265 410 425 470 518 622 639 654 733 753
10  21 23 210 356 466 562 564 847 860 959
5  7 481 631 784 899
9  59 155 200 313 369 676 824 886 930
10  51 231 330 448 543 641 698 797 954 971
14  25 33 42 143 408 451 541 574 595 648 691 695 791 888
13  24 230 241 246 260 377 499 586 737 740 876 914 958
9  37 194 220 251 306 495 662 886 901
10  84 118 158 319 381 457 563 733 753 865
12  157 208 215 272 395 561 760 796 822 849 859 926
8  5 377 484 557 578 589 720 791
6  132 241 432 615 824 846
6  371 493 572 786 926 962
9  15 28 126 518 651 838 891 956 989
8  124 336 371 552 710 782 865 938
5  101 299 770 797 942
3  181 395 648
11  18 149 191 494 641 646 668 696 733 820 906
6  166 169 226 264 860 864
11  5 181 182 444 478 595 602 603 673 698 830
6  144 255 362 438 710 806
5  139 186 218 278 893
16  102 176 184 214 241 245 307 406 457 505 566 612 718 757 772 968
13  129 260 275 399 455 463 559 618 650 720 758 829 957
11  68 89 303 345 377 421 434 458 489 588 636
8  273 292 322 478 481 509 597 965
3  242 506 831
12  22 40 48 54 260 320 384 407 412 546 603 799
4  288 297 653 952
13  0 84 93 192 360 389 422 541 601 703 753 850 884
11  23 132 148 270 375 463 469 527 800 899 924
11  129 202 288 413 416 445 615 658 858 885 993
15  0 226 346 362 414 484 549 551 625 631 847 889 970 975 983
9  58 89 97 412 618 714 766 801 869
13  13 174 249 323 347 389 572 636 699 716 729 779 914
9  55 214 374 383 424 560 862 864 943
9  16 158 171 279 526 751 815 883 904
12  36 49 55 93 345 356 414 604 722 821 864 968
1  908
9  47 417 575 689 748 778 820 941 950
4  213 458 462 736
10  44 75 110 158 229 428 591 609 721 759
10  30 82 116 128 142 212 221 237 707 972
8  490 506 566 580 581 954 964 969
8  16 140 238 280 337 399 509 633
8  128 165 369 588 754 758 823 989
7  27 596 672 859 948 983 998
10  240 308 368 475 549 643 808 841 897 943
13  40 316 338 348 397 491 574 693 825 842 959 983 985
7  131 244 305 358 427 618 809
14  101 142 236 250 306 514 538 544 628 649 718 758 889 980
7  314 335 524 589 638 825 866
8  6 362 528 559 657 801 936 957
10  372 424 484 635 727 732 828 833 932 935
8  234 238 424 638 708 719 785 910
12  41 51 119 165 217 237 444 755 761 850 937 956
12  102 199 260 331 363 396 498 595 748 752 791 972
13  119 157 262 354 371 554 670 677 714 790 795 812 865
12  68 161 277 332 450 496 581 606 645 671 720 856
10  115 117 230 241 245 359 405 622 661 733
8  497 569 585 605 763 771 904 932
9  50 239 339 467 823 852 869 879 983
8  199 218 301 486 687 709 832 986
5  135 158 216 635 638
15  48 60 74 198 218 242 357 375 393 528 529 568 630 731 745
10  22 23 418 522 602 682 712 731 848 997
12  29 73 138 480 589 644 726 728 783 911 974 991
7  139 142 291 311 315 824 927
7  102 105 136 254 427 496 855
15  83 91 148 289 357 370 437 495 557 645 736 762 770 810 834
7  137 196 345 383 619 672 689
18  109 200 215 251 335 398 444 536 604 610 615 618 634 644 703 765 905 989
10  71 90 319 339 438 449 532 677 800 954
7  48 279 448 549 604 654 748
8  136 197 234 302 522 805 846 974
13  123 207 232 298 354 400 582 608 720 811 812 930 938
13  128 134 222 291 481 501 522 555 646 692 744 765 815
13  38 130 180 196 277 349 398 642 744 751 944 962 987
16  6 126 196 228 240 276 299 307 348 381 543 618 637 738 792 873
10  81 127 245 468 536 542 586 794 861 986
6  104 267 301 510 607 681
14  166 193 221 299 300 332 403 437 483 544 713 903 975 987
14  39 102 110 127 189 200 208 400 522 630 654 809 814 957
11  65 323 370 564 645 695 737 784 790 853 898
10  80 303 412 652 739 803 878 902 911 921
8  211 265 332 733 894 932 939 959
12  186 196 200 247 377 438 493 531 618 774 802 851
10  235 251 292 324 441 545 630 708 928 940
6  90 129 421 524 527 614
16  38 77 244 245 274 423 463 555 627 644 687 734 759 771 772 962
13  181 206 247 262 374 390 425 441 457 477 588 782 828
16  33 203 262 266 416 493 535 559 594 601 708 731 737 847 848 853
12  28 39 188 195 309 317 582 666 731 933 974 993
12  2 3 183 457 523 590 677 705 748 808 959 997
6  251 311 360 428 608 779
7  63 218 352 496 654 715 816
5  175 776 877 958 996
12  21 22 69 117 240 326 345 869 890 933 962 982
12  68 96 101 123 306 344 399 460 569 623 878 956
8  496 572 597 632 701 726 760 865
13  360 429 438 451 484 499 626 719 750 784 891 940 978
13  18 52 118 175 180 214 229 317 337 420 638 789 829
9  208 272 283 599 633 650 788 866 949
7  27 47 236 314 453 619 874
8  273 446 735 779 781 838 841 895
7  46 105 115 270 611 871 933
11  78 141 181 209 315 361 493 522 614 660 767
15  57 226 304 321 324 357 419 487 678 703 745 772 804 805 961
8  201 256 635 677 843 869 915 918
13  11 78 203 467 495 544 546 794 897 935 953 959 995
7  215 312 370 439 593 767 900
11  37 96 208 370 391 465 547 598 824 936 983
5  188 310 477 487 510
6  374 519 544 633 672 743
6  42 56 94 364 770 878
12  48 156 161 211 266 329 351 472 653 707 796 896
10  82 245 452 526 527 540 577 578 640 962
5  184 205 323 503 593
12  304 321 360 363 414 482 521 584 738 777 886 972
7  373 383 590 676 697 762 764
14  137 161 220 339 433 483 536 603 630 649 747 781 859 918
11  76 79 150 166 256 323 436 532 688 757 765
6  79 187 223 428 646 907
15  15 24 153 209 258 324 355 359 444 550 743 792 861 899 933
13  41 59 82 177 295 516 535 576 685 697 760 799 844
12  55 219 308 370 471 484 616 662 769 938 941 962
9  81 146 204 408 578 734 763 854 945
14  182 213 237 268 514 519 612 639 663 705 839 870 882 938
12  152 172 204 260 346 405 576 622 834 854 890 983
6  142 207 547 758 790 830
12  224 325 350 472 528 628 745 760 864 874 883 918
13  46 77 203 265 472 575 582 647 673 723 823 922 999
8  35 89 312 367 646 658 671 894
12  0 6 141 247 261 400 419 502 678 750 837 909
14  67 205 208 224 246 247 248 269 309 374 600 679 683 801
7  8 152 247 294 674 726 839
15  130 137 138 146 268 370 388 405 441 621 669 723 779 893 964
17  52 56 134 221 267 294 374 401 467 539 627 721 727 760 784 867 923
6  124 222 348 450 583 663
3  116 122 795
9  63 131 142 146 258 324 558 668 860
12  6 24 168 259 270 348 372 374 402 459 528 575
8  10 15 91 299 844 846 901 994
12  23 151 169 191 383 421 481 555 605 607 804 898
9  51 186 188 328 441 510 572 708 903
10  38 177 194 273 382 475 694 754 858 923
12  150 237 301 353 357 371 556 566 801 963 980 991
11  33 135 189 271 289 344 355 515 749 882 967
12  36 69 142 162 171 194 249 264 351 431 653 885
10  51 166 183 463 475 662 679 830 839 982
12  4 31 61 286 365 372 507 536 543 650 710 997
6  145 175 274 344 533 838
12  102 221 484 495 525 546 554 640 650 774 893 972
8  100 187 412 467 610 690 744 805
17  82 95 161 250 253 283 320 403 518 572 574 586 629 700 723 776 929
12  69 131 170 286 291 363 399 537 737 796 873 920
8  123 246 588 755 765 886 891 955
16  44 47 115 271 333 402 411 530 636 638 654 676 769 864 891 950
12  39 81 122 124 155 534 551 567 648 724 746 923
7  37 185 229 618 719 795 807
9  67 180 226 381 501 504 542 834 948
8  7 102 141 197 212 319 532 609
13  42 136 198 365 403 610 749 770 797 890 946 968 981
11  182 369 373 524 603 639 700 799 837 843 874
9  190 194 381 434 538 755 817 908 958
11  285 563 567 598 669 693 746 854 895 926 997
9  78 92 167 220 384 430 440 585 914
6  8 41 497 569 656 784
4  138 823 898 916
10  46 101 161 219 243 367 486 575 576 613
8  7 66 119 425 439 564 623 652
10  36 64 379 466 588 713 875 914 937 981
10  135 303 334 406 473 552 656 721 913 968
10  9 331 398 412 485 657 669 708 750 791
13  114 134 295 360 508 526 548 587 597 708 861 883 958
12  33 147 237 263 356 394 447 610 813 905 917 949
7  110 163 363 423 511 578 989
9  102 115 187 206 235 567 631 638 916
12  104 114 284 407 424 504 507 560 733 799 899 993
13  11 45 46 121 270 319 476 499 542 661 727 909 955
12  40 107 138 157 401 406 443 530 735 743 792 933
10  66 71 82 119 306 687 737 764 766 895
6  86 124 574 873 976 994
12  229 467 508 522 702 749 788 836 866 900 964 979
7  109 149 383 438 612 773 798
12  1 82 119 139 149 176 273 356 640 737 745 931
8  66 194 216 290 398 556 800 980
15  146 150 193 194 195 309 324 391 415 554 585 619 719 808 821
11  194 298 322 332 491 536 616 656 690 812 862
14  20 94 208 342 430 473 698 724 735 757 839 894 907 962
12  0 110 214 404 419 522 531 663 783 897 900 952
11  67 131 147 154 303 314 347 359 616 927 988
6  3 605 684 702 807 905
6  9 214 368 421 694 876
8  128 342 404 438 497 554 603 816
17  24 80 271 290 312 355 385 393 428 437 461 499 733 797 805 874 932
13  19 168 181 393 450 636 712 733 837 851 892 893 959
12  286 316 331 378 434 587 693 762 783 789 898 954
8  183 200 272 365 725 842 950 951
5  38 201 495 591 957
12  66 83 87 116 188 366 621 669 730 828 850 901
7  28 193 290 530 590 887 993
15  117 150 151 270 315 356 456 468 510 605 606 618 733 751 961
9  14 235 289 300 548 556 589 609 820
7  78 208 448 526 636 701 839
10  60 145 191 283 378 562 624 785 786 895
9  6 151 175 276 354 387 507 737 998
10  140 197 410 672 722 754 860 888 954 991
12  29 187 196 270 472 531 587 606 873 885 901 936
7  194 407 431 575 602 656 737
15  90 165 201 239 262 268 338 342 376 747 754 883 888 921 946
9  207 217 255 520 533 697 757 809 965
6  69 162 258 366 468 814
15  49 50 85 164 205 245 310 356 453 510 533 545 589 809 851
5  149 211 301 421 798
7  83 383 384 479 752 910 967
9  138 266 324 395 478 503 514 790 936
11  118 137 371 422 533 548 586 642 662 755 822
9  2 81 354 366 382 402 439 557 923
8  35 96 133 415 547 696 944 979
8  104 382 425 501 678 775 840 947
8  22 44 49 525 730 822 844 848
8  360 474 587 629 681 821 838 844
14  36 162 214 265 316 496 527 531 687 689 717 729 733 952
11  27 238 387 401 403 416 426 429 498 818 992
9  225 357 381 393 457 472 573 688 978
11  6 210 215 257 332 350 393 593 816 877 910
18  3 27 54 290 300 357 425 434 447 526 530 536 561 750 764 817 829 844
9  88 91 400 476 484 649 678 946 986
8  129 207 263 374 392 428 608 837
13  57 246 255 261 287 338 373 403 711 739 749 800 842
7  17 127 136 215 497 541 752
7  85 147 400 502 522 558 739
9  388 478 551 768 817 861 906 966 976
7  50 195 197 367 470 749 778
7  184 234 334 365 367 449 623
5  356 613 699 795 863
10  17 88 393 532 708 718 865 869 880 921
17  32 46 135 248 352 499 514 574 584 700 729 740 753 790 808 862 912
11  12 75 138 141 202 446 616 623 693 728 905
11  141 263 287 513 551 679 758 786 818 863 870
11  122 140 206 274 318 345 463 560 632 705 764
8  40 134 387 630 678 776 794 828
17  3 84 144 232 251 311 330 418 581 681 763 779 802 827 842 878 983
9  167 178 309 421 673 675 921 958 979
7  40 109 516 568 721 827 906
11  67 110 158 241 409 452 602 693 732 836 862
7  82 138 388 487 772 782 878
11  107 185 332 370 378 475 507 714 767 820 947
15  152 194 247 304 328 352 446 450 472 655 821 853 898 954 959
6  172 273 313 504 793 925
7  127 154 303 594 697 844 860
8  170 192 255 631 680 695 796 904
6  63 310 382 411 438 647
9  1 111 163 251 414 590 868 915 959
19  127 166 262 347 365 384 403 417 577 679 688 707 708 834 835 851 896 919 981
8  108 257 283 503 660 804 871 946
8  47 152 161 531 765 823 832 876
5  19 50 301 587 997
12  68 132 221 239 364 628 634 665 721 760 820 827
10  87 214 475 482 495 657 677 780 801 815
10  167 178 371 463 501 525 550 657 827 997
10  36 85 248 390 401 431 502 712 734 940
5  94 143 177 181 515
13  34 147 167 183 200 247 276 326 410 418 457 491 588
4  21 190 448 666
10  46 157 324 360 426 667 694 844 924 961
8  10 480 636 701 896 920 983 996
9  204 309 474 527 836 841 850 864 869
9  18 44 175 371 484 511 543 587 631
12  51 64 303 338 366 544 682 790 842 853 887 992
11  38 52 116 233 257 431 502 521 673 797 864
14  118 141 145 248 286 308 348 447 496 657 881 888 915 968
2  217 726
6  232 295 534 547 729 839
10  111 131 487 488 590 598 620 658 943 978
9  4 5 74 414 632 712 714 852 994
6  104 161 398 560 797 903
9  34 55 108 270 290 330 660 724 860
6  121 132 180 437 560 566
8  363 374 611 661 828 876 926 974
3  436 688 736
14  249 254 270 486 527 540 614 630 780 885 937 950 953 994
6  413 447 662 788 819 957
9  158 207 211 359 642 726 776 986 987
14  13 84 97 130 157 301 385 452 512 596 657 686 857 884
9  92 188 466 519 629 689 957 960 982
12  94 251 315 414 476 499 640 654 758 909 938 995
13  108 138 198 201 332 379 389 408 575 699 756 773 797
13  37 40 55 137 385 391 485 494 541 626 742 796 870
7  190 286 388 650 726 822 921
14  48 175 208 471 492 507 543 697 730 791 800 926 965 988
11  155 298 309 579 592 646 826 923 932 933 962
7  27 206 419 576 594 682 789
8  117 135 266 278 375 622 701 956
11  183 207 255 423 707 824 850 895 904 975 992
12  61 97 235 245 262 273 296 394 513 628 656 747
13  5 49 57 124 129 167 206 285 287 555 801 826 893
6  109 370 387 458 464 777
7  119 183 251 344 729 732 882
13  89 154 160 178 234 282 326 666 712 759 787 814 937
11  27 166 404 449 496 622 718 809 858 888 891
7  80 92 112 736 751 754 933
8  116 178 215 236 340 442 604 649
11  45 174 319 590 667 672 700 719 720 862 879
9  210 222 258 295 315 455 741 982 990
10  260 272 278 330 546 811 862 905 967 971
12  37 192 229 294 295 400 430 466 509 743 854 983
4  41 107 253 766
9  63 105 223 415 446 615 685 760 820
12  129 143 170 171 185 196 308 358 421 438 641 660
18  72 74 117 206 277 321 329 441 488 552 580 601 704 745 761 781 823 880
11  113 201 210 407 450 478 488 520 601 687 697
10  179 223 290 425 532 588 676 850 947 954
16  95 150 173 194 197 201 289 340 401 442 462 554 600 783 926 958
12  90 124 354 440 453 480 516 618 712 780 801 952
7  0 270 401 556 558 797 979
10  21 44 66 70 84 146 435 642 749 825
7  44 257 265 308 489 597 643
7  12 231 348 423 485 603 685
6  401 519 610 764 848 975
9  68 138 220 224 285 448 474 510 819
10  59 205 278 280 313 469 572 589 774 816
13  2 13 95 130 179 203 244 275 509 604 668 843 884
12  87 226 275 315 418 448 482 484 700 837 907 976
16  255 345 349 450 465 521 637 644 735 775 809 835 908 950 986 996
6  26 42 480 740 860 956
12  266 284 302 358 448 493 684 743 748 820 864 992
14  14 196 293 307 350 396 411 453 633 667 745 840 953 987
12  36 41 89 94 348 516 601 658 786 816 830 922
7  42 150 322 690 813 832 923
8  171 247 349 570 661 772 893 968
7  30 34 289 579 805 840 920
10  124 255 256 285 286 297 414 572 621 968
8  33 235 356 509 513 697 744 837
11  69 76 276 475 621 654 668 770 810 836 853
8  116 388 433 676 727 751 793 825
11  20 108 420 469 509 583 633 639 845 923 955
13  131 137 233 246 337 479 484 549 603 657 697 883 972
6  83 104 158 215 536 945
9  135 142 193 288 292 367 413 744 908
11  197 240 284 322 374 376 380 453 477 543 634
7  201 217 278 429 450 451 868
12  5 141 214 222 284 290 315 504 571 628 645 827
10  21 43 250 254 361 607 710 765 796 955
7  31 119 188 196 606 770 780
8  7 38 82 232 240 609 684 840
7  87 238 269 372 595 810 965
6  51 65 186 348 614 819
4  306 514 721 993
9  38 57 60 267 324 524 777 834 858
13  217 313 388 419 459 476 479 512 722 840 877 887 935
11  87 93 144 213 233 535 595 601 668 778 826
11  91 343 400 442 562 767 778 801 872 930 939
13  92 97 178 314 336 347 393 519 567 658 727 765 904
12  15 16 247 279 369 549 657 690 777 780 808 845
12  91 151 284 492 519 547 590 654 677 884 885 927
11  99 315 444 502 558 626 703 758 794 892 992
14  125 303 324 384 505 539 637 748 761 766 804 833 864 918
11  167 193 250 353 411 470 490 552 630 838 900
5  35 161 397 730 997
10  84 148 203 253 274 304 370 495 759 832
3  89 277 825
9  149 236 355 379 454 671 702 780 894
13  31 95 113 114 238 484 500 632 698 737 798 807 809
11  60 150 230 280 287 373 553 569 748 902 905
5  284 326 497 667 869
12  109 128 506 513 530 645 711 746 787 794 869 974
12  101 154 182 255 289 467 642 753 819 824 889 990
5  37 160 284 402 665
4  226 249 367 909
11  30 208 269 322 331 435 815 841 878 884 964
5  71 453 544 824 926
8  180 396 480 500 536 571 592 666
10  41 84 224 257 287 437 490 540 642 848
8  1 377 431 537 756 783 795 826
8  34 181 341 463 564 820 896 931
10  20 129 141 255 339 434 746 819 928 956
18  42 80 132 146 160 244 254 313 370 503 525 587 602 656 762 816 869 925
9  52 170 230 278 573 583 703 839 849
11  20 226 375 472 528 542 573 783 829 897 943
10  18 147 150 196 204 371 482 587 780 970
10  363 374 413 452 471 631 822 920 956 978
8  240 503 579 623 640 647 823 826
12  12 48 55 79 115 131 183 417 454 495 704 707
10  1 55 91 524 645 671 708 844 927 955
10  52 164 299 309 369 451 634 737 954 997
13  43 235 287 332 343 488 498 531 607 733 747 759 983
14  64 133 264 325 381 384 387 496 503 517 787 857 923 989
13  26 132 295 361 482 506 659 752 755 809 901 975 988
10  118 198 256 309 372 385 402 627 826 898
9  65 160 402 446 519 563 697 741 972
9  176 306 345 442 511 576 709 724 730
12  163 273 375 388 401 432 481 538 724 806 983 988
10  35 423 444 470 523 700 709 722 871 902
7  28 83 365 676 746 765 975
7  16 37 262 647 666 752 908
12  58 68 82 150 153 285 324 500 640 653 861 942
12  36 84 100 358 475 509 595 602 606 721 885 990
10  41 201 411 464 471 483 514 571 794 874
8  158 465 639 652 678 732 777 815
4  255 641 873 946
5  100 374 737 817 972
11  83 90 149 209 301 321 436 606 616 877 896
12  18 32 358 459 531 611 738 811 814 904 995 999
7  15 171 385 460 517 526 930
12  15 61 231 346 367 673 711 732 826 870 882 926
14  7 32 121 169 197 213 243 428 505 633 659 698 875 902
8  139 262 272 480 619 675 706 835
13  16 39 90 382 397 537 675 711 733 783 788 801 846
10  60 294 419 454 501 504 580 658 737 794
9  49 185 351 442 459 550 660 971 972
12  6 23 175 190 191 268 285 309 440 481 901 971
6  232 249 523 625 743 838
7  282 328 381 480 488 587 588
13  107 205 209 308 320 395 458 486 534 682 700 926 937
7  45 239 288 347 411 803 833
7  150 172 401 835 885 908 952
10  79 85 276 293 372 621 627 691 739 988
10  275 398 411 581 681 720 825 866 879 886
15  126 327 375 386 433 468 474 482 707 709 762 796 799 832 907
13  62 85 136 203 453 472 500 540 663 710 752 853 999
8  18 178 320 384 441 449 480 875
7  141 180 459 729 740 820 856
18  29 70 92 113 160 185 212 288 329 384 398 424 542 548 647 664 797 968
5  233 349 379 699 866
15  122 229 342 475 540 677 711 722 736 784 838 842 913 941 975
10  7 24 167 172 307 335 548 812 897 943
9  335 371 372 447 474 501 620 671 819
7  7 84 378 503 558 616 774
11  103 419 434 590 705 740 814 817 853 913 938
8  108 248 324 576 590 731 750 875
6  22 351 416 805 816 970
9  72 146 151 166 387 576 657 901 983
9  16 77 349 512 622 722 736 793 797
13  67 129 169 212 259 320 421 444 751 875 963 973 985
13  51 118 128 155 159 283 332 361 448 504 900 938 997
7  120 227 254 291 426 720 896
12  116 284 447 517 687 723 730 738 762 773 778 794
11  24 36 66 160 239 255 298 347 563 612 706
11  18 41 424 433 457 481 538 724 749 759 954
10  0 136 220 280 321 470 488 616 865 964
12  0 22 193 292 322 331 417 597 714 762 835 970
15  15 177 276 316 438 443 448 489 572 602 615 687 775 843 933
11  220 238 310 403 470 496 531 547 591 721 755
9  3 40 82 418 467 580 695 768 997
8  32 86 103 427 449 774 817 892
11  22 210 238 266 308 351 550 576 844 873 912
5  18 234 243 753 754
9  85 104 367 383 394 397 458 603 678
15  140 172 204 262 273 381 534 547 554 841 853 883 911 957 960
6  236 329 452 779 930 980
6  345 411 494 697 953 995
13  38 300 356 394 427 552 553 571 607 629 732 920 930
8  8 110 187 276 298 409 459 633
9  33 207 323 598 635 790 824 894 930
8  184 305 375 389 816 906 924 928
8  448 465 498 698 715 771 809 952
11  26 53 60 73 214 565 594 622 626 691 774
12  5 42 173 187 346 380 414 416 451 529 768 874
7  271 372 685 810 832 893 942
10  19 178 331 385 577 596 628 789 904 959
13  23 58 125 134 136 142 166 243 250 292 629 943 957
8  27 153 454 473 609 723 802 819
15  45 111 148 223 410 445 529 640 664 717 731 788 851 855 983
13  54 212 281 321 438 551 589 628 719 783 880 910 976
12  96 176 234 264 287 465 578 659 663 812 832 989
11  22 56 90 148 176 283 328 342 819 930 983
11  112 124 190 201 440 592 638 642 646 835 995
10  124 519 524 595 742 772 842 905 938 971
7  217 240 261 287 427 545 561
14  146 250 268 283 317 447 464 504 541 623 686 858 904 934
10  132 181 221 297 373 587 757 768 898 950
7  211 271 273 277 695 879 882
9  218 334 475 510 578 682 709 783 982
9  25 151 184 412 593 621 795 817 931
12  131 139 180 210 248 287 399 433 743 847 957 987
6  215 435 469 856 934 957
10  110 224 453 500 546 569 602 683 759 952
6  197 418 790 834 839 907
10  5 176 342 434 481 486 738 905 942 990
12  4 42 65 89 291 349 531 645 730 737 790 962
6  139 220 239 440 484 968
16  20 64 138 210 329 351 401 546 671 675 702 708 730 736 842 929
10  40 110 141 169 173 330 432 669 873 994
7  39 147 273 530 585 837 954
18  21 35 87 169 212 366 538 543 616 706 779 799 801 816 823 897 940 941
12  171 189 279 334 416 504 510 571 654 680 823 955
12  55 234 263 277 484 487 613 708 710 942 959 996
12  92 107 133 398 415 578 598 744 809 985 987 998
11  6 183 321 471 507 586 639 843 865 870 892
10  5 92 218 293 300 525 635 836 840 876
7  74 232 371 419 513 702 757
10  425 513 656 685 783 849 881 883 887 946
8  0 117 212 247 254 374 510 645
5  136 149 203 357 599
9  206 246 263 376 569 726 880 890 969
7  70 129 278 581 657 888 905
12  4 200 292 376 417 489 572 573 632 728 848 859
4  54 83 112 151
9  95 238 301 337 339 578 701 779 848
7  69 287 530 638 774 991 993
8  61 265 413 591 601 605 721 988
10  68 225 451 499 585 599 674 764 773 963
8  61 143 230 436 707 711 856 921
10  518 628 672 758 767 859 890 985 987 996
8  82 103 206 339 794 830 859 896
8  8 218 225 237 414 602 810 840
4  124 305 838 839
18  120 158 227 425 538 556 570 614 635 642 715 719 799 849 874 913 981 998
10  391 569 596 632 664 794 838 917 922 999
9  403 433 459 513 547 655 823 973 974
16  72 94 159 204 214 382 393 503 558 589 598 619 744 775 862 915
12  285 439 440 558 587 738 745 777 779 826 836 987
13  49 65 108 214 242 298 660 690 736 799 842 902 996
8  12 99 191 201 229 269 348 943
11  43 184 188 229 353 452 491 493 507 698 826
5  176 315 521 717 719
13  70 176 186 236 526 534 549 560 681 688 716 959 973
11  352 392 443 580 657 706 777 829 860 921 998
14  36 103 371 470 505 579 605 639 818 846 919 928 932 972
9  1 103 118 303 479 557 608 812 952
4  135 152 191 711
8  198 397 439 600 640 745 804 961
9  17 178 298 688 756 776 808 838 982
8  120 226 247 545 563 591 643 824
7  66 139 214 277 550 773 776
16  234 257 268 282 318 329 438 441 474 532 573 714 813 886 914 931
13  34 84 105 150 216 231 324 373 474 693 727 749 927
14  70 111 126 263 273 382 525 572 591 646 674 681 695 766
14  153 179 261 314 335 364 416 490 491 672 814 862 941 994
15  32 101 259 504 562 585 589 620 642 645 676 694 710 859 878
8  352 433 528 656 886 928 962 999
11  59 170 177 286 535 658 683 727 820 864 988
9  151 311 353 518 596 680 690 910 951
11  52 65 79 116 407 412 458 529 697 797 926
8  106 345 521 570 594 628 807 847
7  0 85 159 234 378 502 674
8  46 171 225 335 515 549 572 835
13  45 162 555 563 649 668 710 731 743 779 836 892 997
10  11 13 194 374 583 628 749 760 935 950
12  89 151 371 372 389 412 562 658 678 754 858 904
14  58 79 125 269 306 438 458 503 538 567 636 697 769 985
13  35 79 87 180 223 254 379 398 509 621 682 944 996
8  97 131 133 363 383 664 693 969
11  120 203 252 262 562 580 722 723 803 959 963
11  31 118 262 268 405 458 463 628 774 811 921
6  140 203 404 447 513 833
5  52 135 154 289 581
10  101 221 263 406 523 669 724 744 760 775
12  54 131 213 222 235 380 641 831 832 897 904 925
7  18 165 340 464 734 817 823
9  46 82 187 244 499 682 788 911 980
11  32 36 229 296 548 764 773 784 849 859 991
7  148 166 342 408 569 703 928
7  71 91 131 369 503 820 887
11  185 248 251 299 463 489 501 546 636 835 905
5  49 621 831 888 951
13  17 50 83 93 109 131 138 146 219 262 375 821 879
9  130 163 247 468 572 626 739 902 951
7  335 488 591 731 772 920 954
11  196 260 393 395 478 535 603 617 690 695 737
10  60 119 188 354 361 494 518 661 683 830
9  158 230 295 299 443 531 697 767 931
6  265 733 778 805 977 982
5  32 51 92 473 998
8  160 349 417 518 619 839 899 968
6  2 149 197 450 478 705
13  110 190 319 356 403 521 525 565 596 600 606 712 823
8  214 282 346 513 522 795 840 920
14  29 53 124 142 147 180 302 342 419 867 893 957 970 998
10  62 92 237 312 329 442 682 748 808 973
7  159 301 336 424 558 570 827
11  104 162 173 388 397 467 514 728 899 976 994
7  55 131 319 401 446 663 704
10  113 123 168 515 551 569 746 809 819 985
12  15 33 84 94 217 256 264 327 602 616 773 913
8  138 385 418 651 791 797 843 942
11  21 111 114 123 161 217 237 528 561 737 784
14  32 60 187 223 397 460 550 580 752 755 782 810 836 847
13  176 212 245 347 443 457 524 583 651 685 728 778 989
6  48 64 77 370 461 610
14  49 137 277 344 377 428 434 528 569 591 646 682 822 865
8  107 378 585 764 765 768 876 928
7  126 131 149 385 652 706 951
9  118 129 143 403 427 445 541 554 591
13  6 77 136 182 192 352 528 589 642 694 722 751 935
13  38 191 313 443 456 484 652 677 695 696 776 966 994
10  65 76 218 671 719 771 861 872 957 985
9  19 23 110 180 288 363 599 787 810
9  83 162 210 212 350 745 842 866 982
5  73 637 640 869 935
8  20 144 230 460 644 647 892 985
10  88 175 208 457 676 684 705 782 784 883
14  53 57 60 133 142 155 217 347 395 416 547 708 751 840
8  50 309 571 723 877 903 923 999
16  30 227 232 248 269 356 438 553 592 664 684 685 739 830 902 938
14  112 233 320 321 332 345 398 415 493 557 579 821 830 991
9  91 192 335 389 414 470 593 601 899
12  29 37 42 449 467 526 696 720 767 833 876 996
12  0 166 316 338 370 471 574 742 802 819 828 844
6  119 239 340 391 622 717
9  67 185 209 277 343 712 818 825 872
11  20 187 198 250 481 526 634 722 880 905 976
10  9 484 524 570 604 656 695 768 859 864
3  319 429 753
7  152 325 360 433 456 776 856
8  28 326 364 388 426 733 743 875
10  77 200 383 395 412 599 797 931 941 974
12  196 225 233 260 544 609 735 762 827 934 949 967
8  117 701 739 783 828 923 949 983
12  51 118 192 423 445 488 543 648 849 873 920 954
12  1 106 130 173 267 364 565 590 703 711 842 865
10  26 79 191 304 331 466 678 781 815 844
12  6 34 195 563 589 597 761 769 788 888 904 963
8  304 468 469 543 705 722 832 895
12  51 63 179 217 373 396 455 591 653 727 880 951
11  28 58 117 132 153 168 320 416 486 647 816
11  167 193 280 288 302 460 509 601 673 810 857
7  194 209 300 315 871 930 946
6  312 547 594 778 792 860
11  140 282 303 479 578 589 709 786 837 838 932
13  30 44 125 330 353 475 534 603 612 631 642 756 826
8  194 538 593 622 713 852 855 933
5  252 387 406 653 656
11  184 369 379 520 553 640 656 686 818 908 965
6  345 531 685 724 793 990
11  122 149 241 283 372 498 503 734 884 925 995
9  181 285 315 341 578 584 738 772 830
8  99 130 283 346 821 847 890 969
13  34 213 248 390 415 574 594 621 735 742 750 945 982
3  65 478 518
4  29 136 905 922
9  108 225 257 299 306 588 604 843 979
6  55 205 253 326 591 646
12  65 143 312 505 533 589 621 647 664 866 956 987
6  16 77 279 647 659 921
15  179 184 271 311 351 372 394 398 451 512 595 602 623 791 859
13  0 64 79 249 424 467 517 576 748 818 838 925 999
4  94 296 348 485
12  23 214 223 298 364 384 454 475 730 824 829 891
11  15 159 264 327 354 560 670 773 851 955 994
13  40 243 252 423 543 552 730 745 773 808 896 958 973
9  41 89 131 167 417 439 614 672 959
6  3 371 444 634 807 922
10  153 187 301 490 627 653 675 782 784 886
11  468 499 546 579 644 771 783 788 837 900 995
9  102 175 315 355 444 480 564 756 853
16  8 22 114 147 151 204 233 234 297 315 445 543 548 654 883 982
8  122 452 454 480 534 681 858 961
11  74 80 210 404 481 548 591 599 726 856 988
11  25 290 427 466 469 486 564 582 672 772 800
9  125 256 322 336 360 375 628 662 752
7  1 141 231 683 751 771 966
11  31 93 117 308 336 502 587 772 784 840 901
7  23 155 517 569 844 862 870
5  32 94 578 717 840
6  283 524 577 661 716 745
8  82 110 297 361 731 748 752 850
11  114 160 219 247 364 525 569 577 648 845 954
11  70 83 118 135 364 479 497 659 741 895 929
13  101 197 232 305 319 409 458 504 562 806 820 844 895
14  97 267 411 454 486 494 605 646 663 675 736 798 811 844
8  191 196 214 498 523 605 655 989
12  36 218 249 338 452 453 500 609 686 876 907 985
4  258 821 873 970
12  15 52 126 159 195 333 344 350 556 710 806 951
13  23 50 113 197 239 396 414 588 593 676 844 910 982
11  50 126 299 558 633 640 763 798 857 916 961
6  94 283 298 334 359 483
11  260 281 351 420 452 498 541 543 700 702 866
12  17 28 124 125 151 152 491 524 599 620 718 797
10  113 306 359 460 466 513 751 798 803 820
18  17 60 68 77 119 145 238 255 256 262 283 447 469 624 667 742 897 945
6  22 149 186 322 611 687
9  26 164 240 249 385 669 690 869 947
13  100 129 341 362 486 494 543 574 722 753 778 805 806
21  41 66 143 151 215 241 245 266 269 424 446 462 470 541 621 638 788 814 853 927 955
12  16 26 55 138 178 464 498 540 573 688 859 900
12  54 144 290 292 478 619 656 670 764 777 803 906
8  66 298 386 483 490 774 936 963
8  365 451 720 802 872 878 921 929
7  19 349 529 660 690 733 753
10  12 173 183 240 367 387 473 536 599 667
13  47 136 137 213 394 400 549 572 609 760 803 885 997
14  5 124 167 190 245 371 388 573 583 650 702 717 780 851
9  218 225 427 437 455 635 803 869 912
6  45 180 270 356 447 845
14  99 116 133 153 387 418 425 631 698 718 751 924 988 991
13  15 207 222 243 290 294 377 500 588 600 755 774 903
9  14 160 193 233 287 491 690 893 941
15  49 96 137 262 362 396 495 646 654 713 732 748 845 916 991
16  45 116 275 291 449 456 481 639 712 718 874 920 957 988 992 997
12  60 68 89 298 428 508 665 736 742 788 855 910
9  105 205 267 270 362 508 601 892 896
11  115 216 224 277 449 504 639 749 807 897 985
9  32 348 435 584 682 707 758 832 849
8  82 181 249 271 532 552 796 888
9  83 105 110 189 300 347 417 565 756
11  53 101 149 360 421 447 500 538 777 922 962
11  12 69 159 184 190 197 319 369 600 609 744
5  115 371 418 674 851
10  129 179 257 438 480 498 502 669 967 973
4  120 186 303 728
11  179 241 287 301 380 563 613 643 739 796 844
9  131 136 181 216 317 404 414 455 643
6  93 241 368 418 589 915
10  53 166 170 308 413 565 623 659 785 904
10  293 505 519 532 643 664 799 807 924 941
5  185 217 602 674 863
8  25 75 129 174 222 395 405 928
9  58 120 149 517 648 706 713 844 976
12  58 82 149 167 307 391 529 620 688 711 714 827
11  244 348 498 563 586 613 636 701 702 793 842
12  7 9 146 212 382 489 506 518 561 606 740 749
9  9 280 385 503 572 609 850 882 943
10  29 156 214 302 344 584 586 647 666 907
15  17 25 178 358 410 415 460 573 579 739 759 857 917 942 996
12  99 294 412 413 498 624 640 680 736 803 853 856
13  94 154 164 196 303 511 546 560 573 599 944 986 987
10  320 342 375 405 415 423 441 745 788 937
8  164 180 371 673 859 861 871 901
7  58 74 150 307 639 653 705
16  27 126 250 257 374 435 440 469 525 534 553 670 706 811 842 972
14  62 143 160 197 227 486 613 638 653 705 714 965 978 994
6  47 114 265 767 855 865
10  31 59 72 265 300 389 681 812 878 921
6  360 427 448 649 821 888
15  162 243 343 469 524 612 674 706 737 753 780 867 872 879 901
8  19 43 161 257 353 521 841 850
10  117 143 189 276 298 330 515 539 541 942
10  65 70 116 233 351 637 697 871 874 967
5  138 183 240 680 834
7  24 310 396 494 686 773 880
14  139 169 302 417 427 459 470 498 566 570 807 830 930 950
11  25 117 199 219 296 435 535 629 842 855 918
11  69 175 215 312 349 404 480 757 764 814 829
18  59 64 75 222 255 331 337 348 376 484 494 595 637 668 731 845 861 868
9  12 22 244 274 424 722 728 732 996
15  55 58 87 184 223 238 480 546 569 574 768 877 932 961 977
6  90 132 246 290 351 711
12  12 93 112 194 206 320 357 375 413 469 546 872
7  146 303 523 660 741 854 900
10  6 52 144 476 605 732 739 744 746 778
6  167 203 316 418 583 880
9  134 167 213 255 392 492 624 736 994
6  56 80 453 721 726 736
11  219 252 424 596 704 755 768 794 819 823 925
11  107 153 247 298 415 584 631 702 896 898 906
14  2 109 142 271 273 361 385 424 449 517 549 635 822 837
9  129 395 407 520 567 639 649 678 955
8  135 366 464 606 722 783 884 982
9  44 117 135 248 487 526 581 786 831
6  55 235 390 587 849 906
9  142 272 360 464 490 590 737 796 953
8  2 96 136 320 431 460 673 818
14  23 155 254 286 382 389 438 492 516 546 677 962 974 977
10  224 287 293 462 490 506 535 611 978 990
7  284 300 580 662 685 698 815
13  343 381 408 428 437 488 523 527 635 660 807 830 887
15  23 77 99 263 308 319 369 387 436 483 593 615 721 732 896
11  17 97 247 282 309 618 657 689 725 787 871
11  43 69 277 281 350 442 642 809 866 873 942
14  105 121 191 228 317 371 443 546 547 571 611 628 807 946
12  63 71 127 171 355 428 432 515 585 700 899 958
9  108 111 377 396 422 479 662 878 969
12  352 357 412 435 443 450 466 573 576 682 854 954
10  303 305 319 321 403 632 669 772 836 993
8  113 150 260 302 340 660 670 929
9  23 83 161 287 440 579 700 796 975
13  38 79 189 209 389 566 622 656 657 688 794 819 851
9  14 38 42 86 610 617 812 905 999
13  10 122 317 390 421 480 520 526 610 675 756 840 885
7  113 418 476 607 659 865 868
13  52 129 188 220 315 410 539 792 840 881 884 933 999
11  315 385 468 477 502 528 598 616 860 906 995
11  243 306 328 395 551 573 599 639 827 920 996
12  193 223 256 289 384 394 545 681 706 809 903 978
13  36 73 164 211 282 419 473 486 568 570 584 681 698
13  1 33 187 195 209 249 264 334 439 539 568 626 918
13  280 388 392 406 411 551 567 629 654 714 716 832 834
9  59 107 164 328 431 510 789 851 947
17  2 53 108 258 290 303 330 486 529 543 574 650 672 773 783 795 988
11  39 168 223 383 503 550 637 693 895 920 943
20  184 202 281 282 287 311 326 445 507 660 673 715 721 722 727 764 771 853 969 973
8  18 54 397 415 719 747 751 797
8  3 27 71 134 202 469 580 981
8  17 61 92 151 536 596 639 689
8  27 125 151 281 380 434 558 560
8  69 439 553 569 613 671 756 813
11  89 115 260 328 355 373 718 775 789 913 953
10  146 256 273 315 524 701 745 761 830 841
6  45 49 121 336 683 965
15  8 143 151 309 330 395 481 490 510 707 737 778 844 893 937
7  186 188 225 367 802 826 926
12  5 14 21 47 128 524 683 753 785 795 938 958
9  35 118 483 537 564 666 710 778 991
8  345 448 678 728 777 868 943 971
9  91 205 361 410 531 601 709 937 976
14  69 106 180 558 565 566 591 613 664 697 738 781 917 977
11  61 78 200 267 311 338 386 579 680 835 885
9  139 183 234 293 457 648 781 797 905
10  95 248 298 306 364 366 572 590 715 975
6  296 300 769 902 963 990
12  24 78 95 97 190 217 328 331 387 418 593 664
15  14 68 74 117 159 297 501 550 642 672 785 833 901 964 971
12  111 162 243 479 485 650 695 730 822 901 964 994
9  46 197 630 788 917 947 950 996 997
5  314 402 797 833 857
17  93 121 157 168 297 328 426 427 438 651 735 746 895 930 931 955 999
7  187 300 349 466 550 715 934
8  165 316 454 679 781 791 821 905
9  413 648 662 741 788 801 885 936 994
13  6 44 138 215 242 268 461 507 544 671 725 822 965
9  163 190 223 255 459 519 569 752 791
7  231 467 482 491 495 667 982
9  66 253 317 340 551 643 659 724 933
7  156 286 411 463 655 799 969
12  11 144 158 174 303 307 431 591 741 786 825 880
7  34 121 364 479 533 618 788
11  297 371 525 556 663 676 793 804 878 893 927
7  56 332 553 834 896 924 987
8  187 207 359 466 533 775 884 980
12  16 96 190 234 270 398 510 553 653 708 929 959
11  17 89 345 383 416 431 687 811 834 882 905
13  23 91 208 268 342 416 458 477 744 832 860 872 905
10  46 63 67 178 216 479 587 592 705 889
7  261 330 411 553 615 819 905
12  15 65 267 270 332 361 557 617 674 757 787 996
4  92 110 428 886
8  157 188 222 556 565 689 951 969
8  11 73 160 216 217 361 700 988
9  256 417 506 550 599 652 754 907 969
15  31 45 81 196 212 256 357 391 520 630 750 853 880 913 929
5  145 192 249 423 515
12  164 225 241 265 355 675 720 721 843 869 937 958
13  18 175 315 327 436 463 497 566 702 754 808 820 881
10  107 169 250 440 487 546 610 733 755 996
9  143 203 228 257 309 450 532 808 905
9  62 90 183 238 626 633 658 824 924
9  170 243 250 419 496 706 738 802 932
15  1 19 35 67 202 260 268 449 472 493 714 781 788 865 866
10  144 425 454 467 574 619 656 863 964 981
9  4 7 141 204 337 655 749 837 977
14  96 120 312 355 414 464 521 531 601 610 674 767 906 911
20  131 235 252 299 366 425 529 540 557 616 663 692 831 861 871 884 885 887 898 920
10  32 77 293 305 516 739 808 813 835 904
8  182 249 384 480 539 724 776 892
8  98 224 385 400 456 477 685 993
5  20 193 239 347 430
10  114 275 286 525 594 727 753 937 942 973
7  126 144 510 612 904 917 931
4  4 298 507 746
9  37 232 486 490 569 636 850 893 939
6  66 94 226 231 587 983
6  168 314 332 572 766 925
6  36 228 237 728 751 984
7  235 570 777 859 867 911 943
7  17 168 180 190 418 795 839
2  315 580
12  215 327 392 442 513 620 629 671 752 836 843 905
13  19 144 270 297 304 350 564 579 606 696 741 786 982
8  12 36 191 389 570 692 704 759
12  197 205 218 278 352 390 397 448 655 670 935 954
7  90 326 516 748 768 881 899
7  310 438 610 687 698 807 915
12  39 69 72 225 340 351 374 432 466 475 595 854
11  24 127 251 416 445 588 737 880 954 958 960
9  45 147 437 516 580 592 614 643 770
7  214 543 720 741 828 883 893
12  63 135 413 465 511 513 515 527 679 794 869 937
8  245 436 535 587 623 668 869 911
11  0 48 113 120 145 255 352 580 681 799 900
11  152 157 165 183 240 352 362 503 683 834 876
5  10 531 537 669 870
8  33 113 169 411 600 646 651 923
6  112 171 268 276 740 872
11  115 231 342 360 475 780 853 858 895 910 930
11  29 74 135 185 187 347 490 496 529 656 855
4  145 413 913 975
5  25 147 160 322 546
10  5 99 185 486 546 590 668 750 768 981
10  75 457 520 540 548 637 777 790 822 910
13  16 52 95 107 335 440 487 522 575 775 843 857 917
5  137 279 603 779 977
5  186 399 690 733 988
8  222 270 288 316 461 553 679 823
7  49 280 308 373 735 841 867
3  27 106 220
6  162 235 669 670 963 964
9  99 217 258 342 385 532 600 794 867
10  27 258 594 617 619 644 676 726 890 982
10  88 250 283 375 477 517 538 581 978 992
7  13 169 342 388 512 814 850
19  6 22 64 103 132 257 267 309 373 446 500 545 620 671 719 826 923 927 968
10  216 239 397 404 445 547 701 737 810 869
8  73 115 158 354 386 437 442 695
14  56 83 112 142 259 343 346 510 522 536 537 630 648 752
12  51 66 156 224 234 304 374 702 824 855 895 927
17  10 61 108 145 153 169 256 309 314 521 548 578 605 703 883 991 995
4  35 346 510 927
8  21 167 262 326 583 709 728 799
14  20 25 72 137 149 157 176 185 249 352 541 592 759 816
8  206 495 563 605 674 740 863 949
12  18 40 103 196 243 431 501 865 866 902 949 983
11  4 12 36 85 271 351 407 685 784 852 873
4  293 647 713 991
6  207 275 366 669 762 791
12  82 97 222 232 332 391 393 484 542 626 954 990
9  103 556 604 689 825 844 877 890 892
8  5 14 92 441 492 502 630 725
7  64 366 471 472 529 857 865
11  102 116 178 212 398 451 462 471 580 783 981
10  39 495 571 578 631 702 762 844 910 987
8  126 134 152 340 427 571 668 816
12  14 46 92 141 355 380 449 455 486 829 862 939
9  5 242 293 384 525 633 663 771 858
6  624 799 816 859 903 944
8  160 285 335 442 784 817 837 952
7  13 42 243 279 304 376 693
7  110 206 246 511 612 882 990
10  1 222 231 315 569 846 902 941 972 998
15  157 209 346 365 534 584 624 650 690 708 727 811 875 921 951
18  92 106 108 121 171 188 303 327 367 447 453 493 524 527 670 914 964 995
1  916
11  108 495 549 565 602 635 648 652 724 755 996
6  122 139 288 344 385 779
13  42 137 141 344 388 536 549 565 573 695 779 881 973
13  251 351 449 453 478 562 593 710 748 752 842 891 945
10  1 28 73 105 131 236 448 526 640 723
13  1 40 44 49 365 428 458 540 686 817 863 968 980
11  126 206 267 561 613 657 748 751 856 959 966
7  284 330 355 387 417 752 952
8  91 152 238 261 409 561 827 908
13  202 242 336 342 544 590 633 647 701 784 805 866 872
11  25 169 347 464 512 528 687 706 835 959 983
15  156 327 385 548 565 574 603 659 777 798 836 867 888 897 985
14  125 153 210 225 318 321 420 446 496 505 599 744 752 867
9  22 106 266 549 569 579 625 630 981
13  8 10 49 191 464 481 570 592 655 698 831 834 869
