1000
15  40 115 164 166 258 401 481 506 685 696 774 826 849 864 908
17  61 155 175 206 288 316 404 427 585 694 739 787 788 832 859 894 980
10  182 279 319 331 550 613 659 897 987 998
9  65 132 172 269 503 545 579 772 873
8  27 108 381 397 458 550 873 929
9  100 121 146 229 241 427 550 670 682
14  21 76 101 205 256 328 448 497 623 635 637 831 890 978
11  42 62 320 380 526 532 542 555 558 630 880
9  147 173 286 407 423 492 585 795 964
8  13 173 218 281 423 482 761 874
7  141 248 427 536 585 766 951
17  104 117 166 262 360 370 414 445 472 566 687 725 824 831 900 974 993
10  58 275 319 337 524 580 581 623 992 993
6  9 38 197 226 245 548
10  111 242 374 424 461 507 633 696 953 970
11  229 232 291 389 609 621 623 680 689 717 816
10  165 318 381 492 662 772 884 904 947 960
14  93 117 147 313 317 376 382 515 519 614 874 882 891 906
16  125 172 184 231 286 287 309 399 520 562 703 874 912 930 944 979
11  118 133 169 321 359 394 693 694 793 819 907
12  291 338 442 615 623 740 759 812 815 963 988 996
5  6 53 657 727 771
10  45 229 242 277 295 407 410 427 679 772
11  198 230 549 563 691 699 745 814 830 864 989
8  55 251 440 582 600 692 778 956
9  181 231 441 466 503 512 569 645 698
8  139 374 651 729 835 844 923 950
16  4 57 237 303 373 433 512 525 553 618 628 680 735 811 919 955
14  60 115 264 285 355 378 381 483 578 671 687 817 878 996
10  220 440 518 524 529 570 684 881 972 976
14  73 82 123 189 336 426 542 599 654 673 684 711 736 890
9  53 78 84 95 188 486 698 756 821
13  118 136 147 238 256 265 352 417 702 752 926 945 964
6  246 298 312 394 553 623
7  340 406 407 503 868 869 966
6  87 151 174 514 943 987
12  251 278 329 448 485 576 578 658 674 678 684 721
14  146 148 157 162 201 304 329 330 505 561 732 748 840 907
12  13 102 123 234 345 752 769 871 890 897 927 967
3  78 690 847
17  0 82 111 194 325 339 499 570 607 639 644 761 799 807 942 985 988
9  45 147 272 338 475 666 844 882 963
15  7 116 139 231 284 308 342 351 353 362 565 670 792 800 910
10  125 253 267 315 374 426 508 690 810 848
7  386 432 463 773 782 862 936
18  22 41 88 230 238 386 413 481 528 550 627 634 660 665 680 778 841 895
5  178 197 381 805 985
11  221 256 258 303 583 619 668 920 934 957 960
6  365 594 616 650 729 947
9  220 304 317 431 546 731 735 891 952
15  122 135 224 305 324 353 427 465 559 583 602 715 829 874 876
8  196 506 637 712 858 904 957 966
7  209 215 355 356 485 716 961
11  21 31 176 184 223 255 669 680 790 899 927
9  149 404 510 665 753 805 887 895 969
6  24 99 226 274 559 975
7  250 527 686 712 980 984 990
11  27 231 234 237 238 357 366 386 398 697 807
7  12 97 130 238 365 686 968
8  459 462 497 502 646 842 868 897
8  28 139 437 607 632 684 889 929
12  1 112 123 147 284 426 644 651 762 794 844 972
10  7 84 249 258 316 607 751 796 802 978
13  147 325 371 412 468 572 645 700 735 776 854 901 995
9  210 241 255 459 556 575 630 743 807
7  3 316 539 759 793 917 924
10  155 262 363 429 599 679 721 793 915 975
10  144 169 434 462 470 528 591 598 771 841
9  86 102 194 211 289 381 706 709 751
10  82 91 106 299 306 366 383 869 944 998
11  145 284 291 310 336 457 476 510 746 803 981
9  121 287 294 393 482 796 823 845 861
11  186 322 406 465 508 634 657 752 888 906 947
9  30 85 166 358 467 667 858 898 933
11  99 114 136 241 250 485 667 722 762 860 963
3  204 229 307
13  6 208 241 391 683 717 838 841 879 880 932 941 957
7  133 226 486 588 652 759 847
11  31 39 255 280 361 402 422 583 695 722 745
6  147 321 609 739 889 970
12  188 284 291 347 485 633 659 749 763 823 858 979
12  123 352 395 428 433 437 475 476 599 619 626 670
13  30 40 69 215 225 354 356 366 643 760 852 899 980
3  444 592 958
9  31 62 372 396 557 722 787 859 916
10  73 310 354 638 648 675 803 862 868 910
10  68 181 333 380 438 561 609 721 741 927
8  35 206 576 587 699 824 906 975
8  45 110 511 645 698 785 820 828
11  127 176 343 453 470 481 590 799 888 902 934
11  98 132 188 241 342 443 604 795 889 961 981
3  69 381 943
10  245 247 310 337 441 458 623 727 776 925
8  17 130 224 656 675 788 807 873
6  291 398 469 743 909 978
9  31 177 332 550 614 826 828 911 982
7  140 142 253 428 757 834 951
9  58 188 545 721 727 782 810 921 924
16  90 179 241 278 340 359 398 478 560 603 663 758 891 964 974 986
11  55 74 179 389 392 550 595 652 714 794 856
9  5 343 503 589 602 830 870 899 906
6  6 170 371 591 789 873
14  38 68 109 111 151 282 368 718 748 750 751 827 924 987
9  114 123 184 194 246 428 654 756 779
9  11 160 237 476 568 593 603 679 857
7  209 257 350 488 630 631 752
9  69 268 343 392 401 652 795 891 936
13  229 249 281 356 419 427 550 626 633 713 739 848 874
20  4 117 305 313 319 325 430 467 496 666 693 697 815 820 862 869 877 893 914 930
8  102 514 537 599 690 734 735 939
5  88 188 555 722 762
9  14 40 102 315 318 559 578 978 994
10  61 310 345 435 523 547 650 765 854 968
5  418 586 757 806 941
11  74 103 159 335 463 540 645 664 720 815 880
14  0 28 131 156 180 285 286 300 362 435 562 811 865 912
11  42 147 174 282 320 323 350 352 543 670 974
11  11 17 108 124 404 499 613 653 795 882 990
11  19 32 151 194 284 449 615 671 736 753 754
12  124 169 181 203 260 268 290 317 357 513 807 873
8  149 170 245 262 297 466 479 788
14  5 71 131 152 168 394 441 562 604 655 740 845 872 882
11  50 276 323 344 367 393 402 450 495 599 689
14  30 38 61 81 103 154 183 225 520 688 707 947 957 962
13  117 119 260 267 303 333 421 422 428 492 763 781 850
9  18 43 196 384 387 818 838 907 991
6  305 398 629 784 790 952
10  89 144 164 176 253 339 509 759 773 819
7  192 205 241 436 611 828 881
12  153 335 400 577 679 692 755 768 799 858 963 970
12  58 93 138 221 262 389 574 699 705 911 947 989
9  115 121 405 418 463 482 719 899 948
18  3 90 209 280 290 350 360 373 393 462 480 486 642 665 681 752 927 955
13  19 77 142 160 228 251 305 377 388 409 498 652 839
7  379 639 720 798 910 941 955
11  50 252 268 598 677 689 785 800 809 819 847
8  32 74 178 201 218 332 649 928
4  145 354 809 923
8  130 160 278 349 399 480 537 673
10  26 42 60 353 384 641 802 892 899 903
14  96 143 168 287 306 310 320 369 440 529 670 693 707 799
8  10 301 374 523 540 655 753 961
15  96 133 161 215 245 406 437 519 525 547 647 774 799 803 852
9  140 149 165 229 637 665 679 794 877
13  67 127 221 223 266 269 346 510 573 632 851 879 978
13  70 137 153 207 285 398 525 620 693 827 876 897 955
8  5 37 148 175 307 719 891 958
16  8 17 32 41 61 63 79 116 191 230 487 529 561 565 761 887
17  37 146 171 200 228 235 332 449 547 662 673 695 735 794 808 838 920
13  54 120 143 234 237 597 630 698 755 878 939 940 943
7  219 307 355 356 555 593 801
7  35 102 118 155 190 226 924
9  121 184 273 560 669 715 757 792 931
14  129 145 165 168 223 284 299 353 440 547 670 730 874 989
14  123 211 235 273 353 502 563 646 736 807 828 893 964 976
10  1 66 151 189 316 543 637 734 759 802
11  115 233 425 508 701 739 818 855 913 957 998
9  37 181 196 628 668 721 870 892 967
16  221 230 293 297 299 305 353 675 722 759 824 833 869 927 968 996
8  114 323 557 615 686 745 763 807
11  104 133 138 309 349 403 487 551 572 877 897
5  142 252 306 706 923
10  37 405 558 603 611 632 727 754 893 904
7  190 327 427 516 682 762 847
9  0 127 256 799 821 915 949 966 984
14  16 143 153 190 260 296 355 694 719 749 824 880 905 950
9  0 11 73 248 413 463 474 954 983
5  241 244 333 705 762
15  121 140 153 220 417 471 477 478 489 721 842 874 877 889 900
15  19 67 119 254 295 376 456 537 545 555 570 598 749 796 812
11  101 120 223 225 384 405 425 503 636 672 983
5  148 593 697 934 935
9  3 18 250 375 554 726 944 946 977
6  8 9 175 229 885 937
12  35 116 192 239 291 331 341 352 549 579 778 819
13  1 146 173 286 303 636 641 691 716 742 853 863 982
16  53 89 127 240 358 517 533 536 628 686 713 738 810 845 878 977
12  95 265 295 322 328 532 679 718 782 808 865 910
9  46 136 323 343 456 554 723 757 978
14  98 99 236 242 308 357 382 384 454 491 537 583 646 738
11  115 222 280 452 469 499 593 715 740 768 983
11  25 86 119 157 207 210 444 470 473 700 825
6  2 333 491 699 760 821
12  123 263 286 299 302 373 564 604 664 828 845 867
13  18 53 103 152 258 444 494 553 618 646 747 839 876
11  186 210 228 276 372 406 521 601 655 769 861
11  72 185 303 360 501 529 614 649 789 817 909
5  300 420 746 824 945
16  31 80 90 97 110 298 329 450 464 475 635 731 793 816 902 990
16  30 155 210 227 236 365 417 426 525 532 670 674 759 781 880 937
14  151 163 165 340 368 478 523 552 640 670 709 760 881 944
6  147 619 643 722 804 818
8  128 174 257 307 468 585 643 843
8  229 342 520 629 715 870 969 976
10  40 68 103 118 342 535 563 632 714 942
4  440 491 494 804
9  51 125 157 431 439 708 750 926 962
9  13 46 219 245 338 680 801 926 936
5  23 348 430 542 963
9  321 323 542 626 718 736 775 836 900
13  148 272 422 502 534 635 672 708 741 743 862 939 971
13  37 136 218 356 418 587 662 669 745 767 823 825 882
10  281 411 422 442 544 568 658 728 738 961
10  119 280 399 533 543 614 639 738 848 969
6  75 375 599 874 917 962
9  6 128 236 266 334 769 812 863 960
11  1 87 263 370 601 667 764 836 908 931 954
11  145 181 441 442 446 532 539 556 625 704 858
12  76 226 242 260 507 597 801 930 962 971 974 992
10  52 105 132 536 585 633 734 869 873 874
12  64 181 185 189 468 542 545 559 721 753 910 940
8  68 154 263 298 519 559 855 937
7  314 325 469 502 526 676 871
8  426 490 747 793 853 874 880 964
8  322 420 498 589 748 755 912 999
11  52 82 142 252 325 358 612 632 687 797 808
8  372 494 526 580 660 740 853 937
4  283 320 772 939
13  9 136 201 418 453 521 627 766 806 897 920 925 963
12  150 197 341 460 475 558 639 753 856 864 960 973
11  29 49 168 266 344 425 585 757 862 884 920
13  47 130 144 158 363 372 408 491 555 615 915 919 997
8  180 265 278 344 401 518 562 721
11  53 144 153 170 305 344 404 447 770 890 983
10  50 93 257 272 299 332 501 502 682 964
10  82 123 170 241 374 401 511 628 674 716
16  13 55 77 151 208 403 723 746 760 790 809 827 858 892 968 988
8  189 231 361 377 417 518 557 745
9  133 148 185 386 653 657 670 846 858
15  5 15 22 75 107 143 173 193 332 586 601 653 711 779 956
9  23 45 147 158 237 421 436 595 744
11  18 25 42 57 227 258 419 494 827 924 938
19  15 252 264 278 298 335 452 462 513 516 554 594 595 691 738 868 872 909 950
12  156 260 399 512 547 559 592 597 713 782 834 839
14  38 57 149 249 265 298 464 492 502 601 722 732 733 787
9  148 154 255 406 455 649 778 833 937
11  179 189 205 285 540 629 694 827 854 861 934
13  27 57 104 149 230 330 405 531 728 798 864 892 980
9  32 45 57 58 563 602 641 839 969
14  174 308 310 334 358 445 451 460 786 845 851 866 873 953
4  176 355 665 692
12  5 64 74 76 90 98 128 167 225 248 556 839
11  14 22 179 208 244 333 411 420 735 750 925
10  352 422 504 605 619 627 861 896 956 985
15  167 242 280 339 350 361 369 513 577 745 763 813 847 941 992
9  13 92 120 142 197 397 618 640 734
11  33 103 266 442 460 473 524 555 716 853 970
6  92 462 531 538 820 996
8  10 166 241 271 666 856 913 961
11  62 107 234 250 322 430 455 591 717 774 844
9  56 74 172 249 261 305 508 704 946
14  24 36 133 295 303 345 410 508 560 656 893 922 926 969
8  135 161 215 232 654 677 712 981
4  43 96 127 630
4  169 284 317 946
7  53 64 78 235 589 604 666
9  6 32 47 164 499 593 677 776 901
9  105 192 224 278 386 440 631 647 819
12  0 47 62 184 231 293 496 647 696 834 847 905
10  336 458 520 555 620 743 765 767 850 941
10  119 124 165 208 233 401 503 867 881 945
9  250 325 347 400 544 612 807 810 976
13  11 66 120 130 442 540 553 609 663 766 874 971 978
13  183 206 211 276 301 323 329 547 743 751 753 796 952
4  28 232 463 868
16  32 177 222 234 291 475 492 496 573 636 655 684 715 802 810 887
8  144 205 220 246 468 505 563 872
8  43 124 357 401 483 680 838 934
12  106 119 135 308 340 483 545 587 607 609 822 933
5  3 144 480 483 739
3  329 446 814
10  248 304 306 326 401 459 780 814 820 869
18  41 200 224 308 335 350 420 424 433 452 488 527 575 656 853 963 964 985
13  152 154 336 386 431 484 556 601 725 783 817 906 907
8  55 394 447 461 502 756 916 928
5  12 304 577 587 750
15  122 185 263 470 492 557 626 653 688 690 816 837 853 906 921
8  22 376 483 506 558 929 950 991
11  36 98 138 222 232 257 415 457 594 804 876
10  2 345 384 394 516 648 664 806 837 914
11  78 132 180 203 244 402 587 652 741 941 944
10  9 107 202 349 637 650 702 757 826 883
13  102 116 398 445 557 590 658 678 694 773 799 929 989
10  217 464 489 511 651 798 942 952 961 977
18  42 61 70 80 118 153 254 445 449 502 559 676 729 818 860 924 937 963
14  28 115 145 236 290 336 441 488 549 647 696 764 783 925
19  8 18 115 175 183 332 357 379 391 492 554 597 653 671 691 847 958 990 994
9  18 71 140 299 367 429 472 614 994
4  1 571 814 913
9  68 375 607 646 673 846 847 887 904
6  119 132 285 541 800 890
13  15 20 70 80 94 174 265 491 625 654 917 955 997
5  338 417 462 754 838
8  158 258 323 346 536 565 745 911
6  71 311 345 511 687 770
9  22 169 177 251 315 503 567 603 854
6  165 348 403 466 960 975
6  120 158 457 697 834 916
14  33 188 211 232 234 342 358 397 444 684 708 861 885 897
13  69 153 158 183 224 287 396 768 780 921 932 979 992
10  115 187 419 426 472 585 749 760 915 975
9  141 263 440 503 586 617 718 755 952
11  183 312 349 359 403 430 534 596 643 740 800
15  27 47 124 175 186 251 323 358 442 534 603 652 759 928 953
10  37 49 271 275 569 743 803 808 877 918
13  50 108 126 133 158 223 250 415 428 468 708 868 944
15  69 140 161 271 358 392 530 594 611 657 691 719 740 754 955
8  75 146 150 192 368 479 778 909
16  42 179 239 268 272 398 417 439 466 497 557 605 791 870 959 974
4  18 160 643 793
13  70 85 92 112 140 239 496 512 539 790 801 975 982
9  294 312 396 530 537 729 786 944 990
9  33 302 311 338 435 438 541 800 817
13  17 108 435 437 475 522 570 786 870 931 957 976 995
8  212 394 497 640 719 735 743 927
8  43 111 295 638 661 695 840 910
12  1 62 65 155 417 720 731 763 816 830 872 962
9  17 49 119 254 407 827 860 946 961
10  16 111 370 506 662 828 846 857 871 955
13  2 12 108 383 394 540 590 604 617 675 691 725 764
9  7 116 140 217 490 640 701 786 952
4  19 79 199 676
7  72 177 214 249 438 496 768
13  116 122 159 178 199 263 293 303 339 376 501 621 767
6  50 510 677 831 988 995
8  40 63 108 212 215 261 506 966
2  271 760
9  163 372 452 453 476 606 734 837 992
10  6 177 336 461 468 472 670 713 755 931
13  36 37 188 263 270 331 386 408 409 492 607 682 836
10  37 237 352 746 785 795 873 934 992 994
7  2 174 329 401 672 801 997
12  95 136 148 224 229 286 427 637 641 814 922 968
10  86 124 167 182 242 427 468 665 690 820
5  205 239 510 682 825
12  114 129 232 272 352 365 395 403 446 478 788 876
13  30 70 259 273 285 328 390 422 478 573 649 655 693
8  12 92 516 527 564 637 650 821
8  20 41 197 292 312 356 568 905
13  40 127 244 323 367 470 482 632 640 653 800 838 938
10  34 98 190 268 413 453 540 646 766 844
10  174 219 471 606 657 724 733 846 866 905
10  42 90 193 194 298 377 807 867 873 972
11  89 100 106 178 505 715 749 779 807 856 999
11  122 220 222 223 376 474 504 532 751 787 916
10  38 112 251 279 294 525 752 771 785 923
11  144 293 475 522 686 728 843 852 872 893 984
13  80 261 459 468 522 556 579 607 678 721 839 864 892
9  198 296 350 562 638 717 880 969 971
11  138 160 281 302 363 479 483 744 760 791 867
10  105 116 132 244 272 348 381 632 784 903
5  42 448 664 670 698
9  32 81 116 174 243 330 335 599 732
12  42 50 139 153 154 158 583 637 713 751 891 957
6  82 85 137 666 765 816
12  28 52 150 165 240 444 581 610 619 805 829 945
14  52 82 107 150 201 338 475 488 494 665 728 881 902 983
11  57 119 179 267 286 398 502 717 758 860 991
12  73 176 215 239 298 303 306 492 545 626 630 984
6  19 98 302 487 747 936
9  11 132 186 374 457 467 551 568 648
12  78 227 244 396 404 455 579 698 828 944 965 976
10  42 115 388 491 547 550 599 636 812 982
9  66 221 349 382 533 548 678 784 809
6  446 500 682 688 745 952
10  48 58 189 335 430 513 540 573 794 838
10  57 69 82 429 432 474 776 932 943 982
6  122 287 339 793 864 940
7  102 190 307 488 526 791 867
8  140 244 565 584 621 960 983 998
10  11 206 318 408 501 512 725 727 941 974
8  63 101 589 663 748 792 813 818
12  84 185 216 221 327 397 512 578 694 886 953 978
13  27 132 183 389 427 465 494 506 509 762 932 939 978
14  14 26 43 141 225 360 478 483 523 541 735 742 874 976
9  172 204 289 617 728 750 794 799 822
9  17 169 277 323 344 435 550 793 915
7  133 227 342 393 615 830 980
11  28 390 419 435 458 626 731 829 887 946 992
7  134 286 410 533 582 928 971
11  7 86 381 477 571 618 763 859 892 896 920
14  4 16 28 46 68 91 350 380 445 553 674 687 784 871
9  17 179 363 496 580 735 787 796 953
9  69 319 503 537 539 604 648 773 822
9  125 139 170 179 279 533 565 786 945
4  480 562 643 780
14  44 45 57 228 257 273 329 428 476 612 668 705 920 967
8  125 558 566 567 604 752 779 886
9  133 362 498 527 621 692 812 818 892
11  15 99 130 373 399 433 567 624 669 858 956
10  336 378 507 546 624 651 792 888 890 962
10  76 286 453 683 689 736 815 849 908 992
10  99 106 306 409 499 500 570 624 670 927
11  71 122 132 377 414 444 453 564 610 701 732
13  19 33 121 274 279 314 319 435 703 801 874 939 969
11  81 335 630 707 734 775 777 877 936 967 969
10  84 299 311 361 462 584 688 690 739 830
5  4 245 298 372 665
17  57 94 98 126 145 282 308 357 411 459 650 684 775 785 827 840 977
9  18 138 203 233 389 615 670 776 952
7  129 261 427 617 795 909 984
12  0 106 222 225 260 267 271 331 477 727 835 882
10  78 122 280 463 562 597 640 692 782 983
9  160 226 296 302 335 435 544 563 818
13  1 54 117 223 361 406 518 519 578 701 733 880 959
8  131 162 170 237 512 635 738 807
9  34 72 142 185 235 404 424 700 931
11  8 22 34 317 421 475 493 534 837 887 931
9  221 329 370 487 725 799 871 981 989
7  133 329 392 548 705 856 969
8  22 251 379 474 514 822 847 860
10  202 242 398 581 641 646 717 896 960 963
7  63 501 610 723 783 854 874
6  45 166 340 467 632 896
6  11 393 426 599 618 745
7  278 305 443 500 672 734 971
8  608 650 708 742 748 842 864 902
12  32 168 189 227 292 308 316 521 773 846 849 921
12  113 131 201 218 463 472 510 729 802 907 928 964
6  107 231 300 378 579 978
11  187 214 242 272 475 504 511 562 611 653 717
7  124 230 407 529 575 716 851
11  78 124 200 202 243 336 424 527 639 701 833
6  8 9 773 776 942 978
8  14 272 406 422 557 648 902 996
8  156 170 220 568 750 889 940 962
18  30 43 61 189 213 300 414 652 719 759 775 828 894 900 901 908 931 995
17  1 5 10 22 50 107 163 332 333 373 400 428 454 537 565 651 730
14  81 96 103 124 305 386 427 463 479 530 589 754 773 792
10  66 287 366 525 556 585 741 889 947 976
11  108 198 249 302 365 620 674 727 901 933 995
11  49 196 273 450 452 537 567 606 845 850 966
7  44 366 446 456 464 580 886
7  27 81 272 389 602 771 955
5  67 637 827 978 997
17  112 115 312 313 376 378 394 403 453 478 599 620 682 715 807 948 976
13  128 230 490 517 577 603 615 686 701 799 863 929 979
12  60 81 142 313 652 667 686 800 820 860 899 923
8  86 312 322 481 580 621 902 936
5  196 308 558 565 795
15  24 29 140 153 195 257 301 510 537 606 675 763 824 891 980
7  25 92 121 207 285 660 774
13  20 202 207 246 262 303 661 664 714 926 948 956 966
11  90 415 483 493 631 694 758 807 820 929 961
14  83 181 184 298 355 393 548 596 612 703 729 742 940 979
10  11 239 282 284 381 503 515 569 750 989
10  207 270 335 364 432 746 761 813 884 944
9  223 274 449 467 535 577 641 741 905
12  6 36 351 561 632 638 708 725 752 871 896 970
11  118 148 284 447 459 666 774 804 893 903 995
7  122 188 431 562 646 693 847
7  239 489 595 640 796 834 874
9  180 232 272 327 431 577 618 709 887
11  89 218 327 340 391 393 435 597 840 853 970
6  179 427 531 640 791 886
7  235 249 361 680 691 737 904
8  169 178 432 735 772 827 865 902
15  70 278 297 360 508 516 575 616 638 768 836 837 844 900 956
11  4 92 259 378 570 663 675 775 823 831 945
11  59 64 271 347 398 449 538 734 802 881 928
9  219 239 246 480 511 528 625 992 995
8  14 274 328 553 621 647 975 997
17  59 67 132 232 247 292 396 524 529 595 616 720 742 811 864 876 959
11  44 114 131 166 264 402 418 428 506 668 824
8  188 234 283 432 515 668 697 823
5  50 72 373 484 980
10  25 120 296 308 645 713 741 833 838 921
10  73 108 360 413 447 532 622 674 896 971
14  63 192 210 266 305 328 333 347 523 524 535 640 649 797
10  94 180 212 556 609 770 902 951 982 984
10  67 89 181 276 339 562 593 617 946 973
9  168 341 508 587 694 705 771 870 914
7  11 287 300 328 418 578 867
6  181 246 561 612 680 766
10  166 344 366 410 746 863 869 872 917 956
14  41 81 188 219 265 313 346 356 407 420 499 692 699 932
8  70 81 104 327 386 724 849 967
7  168 380 401 694 755 778 883
9  98 168 190 335 336 374 435 644 794
9  120 307 349 428 558 604 693 861 993
11  132 138 269 385 460 574 603 614 694 870 924
7  0 45 89 438 668 679 950
10  9 71 131 339 489 702 729 759 780 877
11  28 267 268 269 277 349 374 443 591 817 893
8  273 465 536 697 855 872 903 999
7  36 52 74 80 614 633 670
11  31 77 132 600 605 620 721 722 745 759 993
11  147 160 359 408 536 569 604 614 618 951 954
10  105 272 285 356 368 690 694 704 710 998
10  168 283 451 482 625 894 925 931 956 967
8  213 320 436 581 826 855 928 950
12  179 182 195 221 291 362 544 665 668 697 720 847
16  8 16 124 234 265 276 286 329 358 551 586 704 773 864 898 938
8  407 443 521 595 659 730 828 878
17  184 195 216 231 356 373 506 547 641 642 679 690 692 704 719 832 883
6  122 690 737 740 886 955
13  108 258 265 310 322 382 498 532 770 790 947 988 997
9  6 59 308 314 534 678 716 762 889
9  133 214 388 496 522 559 586 732 971
11  40 117 180 256 392 475 575 608 660 723 934
8  364 392 415 569 606 621 833 859
11  186 224 323 370 412 606 624 790 812 892 996
15  59 154 200 212 224 234 274 284 357 512 578 666 815 964 971
13  3 25 34 100 170 260 295 301 383 445 597 631 746
9  243 344 420 533 685 791 823 833 879
6  37 266 343 902 908 913
18  0 51 277 318 325 373 463 494 579 616 642 711 748 807 822 835 852 943
6  14 208 390 623 716 804
9  43 72 156 250 251 457 471 644 913
7  127 373 549 642 719 950 982
13  54 70 144 324 334 418 440 659 718 732 861 889 958
10  88 225 283 294 420 460 641 864 967 974
8  25 27 233 310 370 372 405 502
8  119 232 244 365 664 847 873 955
8  35 109 410 560 649 714 821 849
9  17 445 464 621 688 746 763 780 850
9  163 232 279 337 457 578 596 602 999
5  176 436 550 836 858
9  29 222 227 404 530 684 698 792 945
8  17 142 211 404 593 647 880 893
7  18 123 193 259 598 861 969
8  185 218 417 493 534 558 708 773
9  313 346 347 498 561 582 759 888 901
15  112 141 190 374 468 536 557 662 738 751 771 827 853 866 885
7  12 29 246 462 468 671 809
11  27 142 145 189 345 429 720 747 773 822 861
9  7 212 216 368 540 678 680 751 825
9  56 272 337 388 422 681 682 737 775
7  45 67 460 620 642 697 803
18  29 140 147 186 421 462 545 554 576 712 767 788 865 936 951 957 971 984
10  306 311 428 518 716 751 797 808 811 842
13  237 247 454 578 689 698 707 757 764 794 812 890 925
13  7 177 189 207 344 467 496 567 627 651 707 889 983
10  176 203 363 379 384 504 818 862 893 900
11  200 302 303 407 497 521 542 602 625 703 802
10  194 447 468 586 626 654 751 779 907 993
9  10 176 209 293 484 487 523 720 954
11  109 138 169 179 311 383 427 431 440 562 979
6  247 459 681 698 903 904
10  65 207 310 383 602 747 753 771 950 977
15  114 141 236 262 319 340 365 526 615 830 855 867 888 898 985
7  290 312 374 614 812 819 831
10  7 30 198 199 210 534 704 741 805 957
7  116 155 203 726 814 831 921
8  202 261 403 491 575 657 756 901
13  3 97 169 210 268 358 529 566 710 789 791 832 941
5  49 390 564 646 835
12  112 142 148 153 233 263 362 494 550 784 810 996
9  13 363 409 444 579 841 901 908 941
10  23 174 285 509 748 784 816 871 955 998
16  2 4 5 45 95 99 107 362 376 517 547 646 851 858 890 973
7  160 360 492 664 826 843 989
6  190 624 627 743 765 895
10  27 33 184 262 381 461 582 644 718 897
10  172 178 232 286 529 625 634 650 889 974
11  7 110 150 169 221 246 259 651 817 823 939
9  64 207 241 273 347 429 469 869 889
12  84 159 227 276 282 308 424 523 658 757 810 940
15  7 162 219 277 387 439 479 521 618 807 822 857 927 964 977
14  50 55 111 210 211 233 284 498 575 599 604 673 690 997
8  98 152 251 514 627 661 678 756
9  37 86 147 448 473 522 736 762 810
20  18 115 121 222 348 385 402 420 450 470 537 674 696 723 790 841 846 847 928 980
9  23 154 194 238 266 403 649 693 898
6  183 337 393 546 794 800
9  42 147 293 369 384 427 439 846 928
8  11 387 545 647 653 658 683 710
10  295 387 389 431 532 612 645 657 717 800
12  104 202 338 360 425 615 764 839 870 874 930 981
11  25 304 445 487 500 577 608 738 929 962 988
9  29 40 169 313 392 458 593 769 931
7  288 380 577 631 676 677 790
7  63 160 722 798 841 909 928
9  144 265 336 365 613 656 687 783 968
6  130 480 638 729 758 837
12  64 272 421 457 499 544 559 581 643 784 820 971
5  36 87 529 845 991
13  129 244 275 436 447 452 569 571 708 864 879 915 936
15  28 36 111 372 404 472 502 516 531 689 863 903 907 977 987
12  3 174 347 361 419 506 548 604 661 693 704 762
10  12 216 382 432 438 657 758 837 874 958
10  12 355 411 490 575 797 850 916 963 998
8  24 379 522 553 656 874 878 891
9  47 50 78 179 353 770 851 866 898
6  369 396 601 647 650 717
14  1 8 10 192 209 220 300 429 640 752 769 774 835 990
9  113 229 301 492 498 535 806 921 993
10  87 201 268 275 280 471 669 672 744 769
6  77 710 785 793 799 983
7  100 214 255 371 428 975 982
6  89 282 319 762 955 985
6  67 101 249 483 810 835
4  83 233 606 770
12  104 150 171 180 256 470 519 570 701 784 800 983
7  48 232 278 306 668 712 725
9  99 230 232 451 462 493 651 881 887
8  302 444 516 733 762 829 934 946
10  149 208 233 286 402 453 503 700 885 921
14  67 135 169 520 604 652 691 770 803 903 905 915 957 977
14  30 66 81 109 122 204 352 362 414 435 559 775 915 942
5  24 486 634 936 992
9  185 206 229 234 273 584 623 815 945
10  50 100 238 433 516 534 539 649 808 913
12  98 104 162 295 303 436 480 607 662 674 878 884
18  90 121 183 255 319 383 387 479 487 559 579 598 634 740 816 852 897 990
8  243 308 486 609 671 716 854 931
10  327 341 431 440 500 501 592 815 843 864
11  40 60 62 268 289 329 347 603 614 868 945
4  416 499 569 680
12  15 79 86 262 268 469 605 628 670 717 909 952
11  355 393 412 618 670 808 845 853 865 887 970
6  128 162 306 420 677 869
9  215 261 386 444 473 567 630 756 901
6  2 117 573 638 936 970
16  17 95 186 203 287 480 485 487 541 607 751 784 875 894 900 988
15  20 118 159 221 377 399 436 540 568 681 730 823 905 941 956
9  48 457 462 506 631 857 938 968 971
6  301 319 375 400 470 624
10  27 184 245 380 414 452 487 558 610 977
9  47 81 191 243 355 736 812 843 861
11  145 259 430 435 486 528 833 868 920 926 984
10  15 323 369 388 438 461 500 515 718 839
6  467 675 812 860 986 987
14  6 12 15 20 33 92 507 601 626 673 683 729 766 831
9  389 390 392 501 552 617 797 895 910
7  207 291 460 489 534 554 856
12  81 107 199 276 358 378 535 623 693 888 903 978
8  45 218 243 532 552 560 828 834
14  27 157 176 225 609 706 724 737 794 860 895 935 960 981
7  126 193 236 636 660 959 967
11  7 64 105 149 253 358 395 612 923 962 990
9  105 257 443 503 571 616 655 846 943
13  60 144 162 194 215 339 350 413 448 659 677 717 854
9  14 80 107 209 485 684 786 845 926
7  45 72 554 600 604 664 750
8  6 188 200 405 666 711 856 987
10  170 175 265 362 629 765 847 884 984 999
12  6 51 143 155 281 332 337 353 434 671 681 978
7  85 315 348 448 457 574 613
9  40 134 203 219 422 784 847 929 993
15  190 245 314 320 339 402 451 454 468 585 643 667 715 956 967
10  139 175 238 332 411 447 494 511 708 937
7  132 494 506 509 528 818 903
13  82 191 192 302 309 385 575 640 657 788 863 870 952
7  40 61 478 508 553 738 995
15  25 63 88 114 466 567 649 700 759 800 832 883 921 973 988
14  59 154 179 184 289 340 411 450 546 550 741 922 965 989
12  142 257 258 285 461 519 566 584 669 704 931 972
9  85 279 360 383 424 680 885 897 958
14  136 186 235 336 468 514 563 602 645 696 699 770 962 978
11  48 112 281 337 398 416 554 584 774 795 976
12  26 61 283 390 427 532 555 595 679 691 698 887
14  77 99 106 133 280 303 426 437 598 774 841 887 912 966
11  117 228 229 276 286 339 420 566 830 870 931
7  30 103 252 291 535 742 886
12  121 141 185 265 336 631 695 764 776 782 839 979
9  93 251 272 573 582 672 878 937 990
10  21 72 228 306 341 544 567 580 643 832
6  36 202 282 557 566 772
7  2 80 493 510 632 975 981
8  45 216 441 499 629 767 785 929
7  315 442 560 579 701 786 938
7  16 148 201 318 523 603 847
5  98 262 371 458 741
15  114 183 279 351 442 513 551 634 669 732 804 884 905 936 998
12  45 54 132 143 240 333 356 397 491 759 773 831
11  41 108 248 255 354 449 502 635 710 885 948
6  73 74 206 437 640 846
14  47 157 386 463 464 481 491 594 772 779 785 787 891 982
9  53 152 201 389 587 647 664 886 944
19  5 42 81 116 140 153 189 190 228 328 351 392 399 485 609 610 850 896 917
9  28 118 286 524 605 637 748 750 958
9  170 200 331 415 587 656 780 844 905
9  30 138 148 289 559 623 775 787 956
13  36 189 225 381 430 467 562 603 733 735 746 840 883
15  85 93 158 319 440 458 622 731 743 765 797 802 877 889 936
8  212 284 321 571 828 875 928 979
9  135 252 256 324 571 611 632 699 934
9  36 282 347 363 497 526 560 851 871
12  22 66 104 129 143 177 481 494 651 705 827 870
14  15 27 45 53 197 267 455 473 526 608 648 698 773 903
8  132 527 538 615 637 784 847 961
10  5 163 224 329 334 364 435 527 853 894
7  76 391 566 623 699 874 914
12  29 30 36 60 265 298 398 518 633 779 786 828
4  0 504 825 827
13  56 58 159 176 346 436 437 735 740 756 777 808 921
11  11 28 215 294 381 573 781 849 869 877 936
5  123 276 364 396 515
11  15 122 135 391 531 578 709 758 814 818 964
12  39 43 109 276 333 396 488 494 495 559 969 988
11  23 175 232 286 306 319 455 598 651 695 823
10  24 129 240 388 402 475 494 743 782 986
13  19 108 140 145 336 450 479 563 579 626 799 845 897
15  1 19 165 236 282 372 443 471 477 480 488 710 737 836 878
10  78 148 315 655 691 793 860 906 909 936
6  0 14 258 285 562 649
11  57 108 171 297 464 484 491 528 829 871 892
13  25 31 88 149 351 361 518 531 538 651 680 767 992
13  23 87 130 182 475 649 677 683 735 795 798 803 937
6  63 181 406 597 645 932
10  156 320 393 404 422 436 593 661 734 886
9  32 281 482 735 803 819 857 897 991
4  18 394 444 534
9  207 250 488 492 494 542 579 647 766
8  130 167 386 409 471 679 805 838
8  68 161 628 724 729 836 866 965
5  123 140 395 531 532
10  196 200 298 305 416 448 521 577 641 859
7  68 190 452 689 760 818 922
11  488 545 566 588 666 694 737 755 817 820 974
8  30 229 506 635 868 916 968 998
10  51 56 252 529 594 723 732 740 817 949
11  107 176 233 328 353 466 721 734 758 846 921
7  99 194 442 514 788 797 894
8  50 152 180 193 265 343 435 640
12  52 175 225 246 421 497 507 530 605 770 936 967
16  15 76 249 348 357 411 420 567 584 609 632 746 817 836 891 963
9  102 177 199 301 510 553 621 739 984
11  131 146 165 306 314 426 494 509 733 933 958
10  114 134 316 462 491 525 536 752 869 900
14  36 66 86 97 157 168 210 222 347 486 713 733 794 872
12  74 78 84 110 158 191 234 486 572 736 755 776
7  178 226 412 499 562 712 953
4  341 476 628 706
10  11 273 319 370 408 448 594 793 849 996
3  172 543 980
10  21 92 97 162 370 401 430 856 962 982
10  202 237 346 356 375 745 752 821 834 854
13  26 48 284 311 418 444 482 574 623 706 887 908 970
9  153 427 493 615 736 813 881 915 985
9  49 188 316 378 675 764 769 924 982
10  37 234 352 393 498 510 664 712 836 857
7  234 341 404 596 674 719 721
12  109 155 209 245 327 395 415 459 701 713 902 921
17  27 49 63 109 148 242 314 374 382 456 674 686 699 702 850 937 942
10  30 118 154 199 391 561 619 722 730 926
9  455 495 527 628 694 710 943 964 993
11  176 179 202 203 232 405 523 569 644 791 982
10  1 79 107 156 269 396 718 810 828 964
13  20 121 180 216 302 306 495 604 686 712 755 883 952
13  86 200 280 429 447 466 542 646 663 797 955 957 988
9  175 374 416 444 462 654 814 861 923
13  64 94 200 259 263 304 314 552 675 692 768 816 975
8  230 349 587 874 905 949 993 995
13  23 78 159 201 227 244 293 364 414 486 728 881 932
12  70 187 226 330 446 474 503 515 674 717 907 999
7  184 213 359 525 539 882 972
12  37 102 214 371 416 506 549 671 797 862 909 977
8  80 165 169 300 343 871 966 982
11  102 196 242 275 375 425 445 634 671 825 991
12  62 68 102 263 344 353 523 526 530 535 614 867
13  32 38 72 105 132 345 387 448 585 720 728 759 942
11  54 118 141 210 219 263 539 805 860 885 906
6  118 162 292 306 428 824
14  129 149 214 301 328 477 710 722 740 784 805 874 954 988
9  31 103 274 544 560 612 686 803 920
13  96 113 152 178 220 281 531 557 806 835 860 885 960
8  98 357 443 574 580 689 713 975
18  20 65 77 127 155 158 189 303 426 482 486 522 645 665 752 780 786 810
13  82 182 190 226 300 326 349 709 778 792 886 937 963
6  9 40 147 446 919 921
14  61 74 110 163 167 373 497 561 579 590 596 787 834 952
12  80 124 159 244 316 380 440 515 795 874 891 935
9  206 285 319 531 568 655 731 903 980
7  112 259 354 552 636 675 922
9  10 218 262 340 473 623 704 797 943
8  201 259 323 529 660 698 910 987
9  129 180 299 322 457 743 877 919 962
11  38 185 205 570 585 587 731 801 812 825 865
9  223 294 469 496 583 592 598 649 716
11  21 67 345 433 471 523 539 782 784 820 823
11  3 16 22 217 456 658 668 808 816 843 939
14  44 127 282 383 417 423 428 492 521 525 665 680 794 907
11  0 142 249 441 449 585 650 652 829 914 935
10  199 395 398 426 458 527 599 673 783 970
11  63 92 256 366 399 423 655 722 805 828 989
2  395 686
7  24 45 174 235 307 477 760
7  103 229 343 387 535 668 684
8  271 299 385 482 515 672 759 833
5  124 189 687 876 980
12  44 97 177 233 402 655 692 771 841 917 937 986
6  273 285 412 573 775 930
16  126 350 363 381 547 549 575 593 614 639 681 755 771 830 879 943
12  88 135 330 345 398 588 660 668 807 832 921 938
11  239 311 313 320 384 633 661 684 759 833 926
12  1 84 234 344 382 668 673 762 802 817 877 925
11  1 93 120 335 529 643 714 802 813 823 884
6  101 186 545 797 841 994
9  53 126 226 310 496 501 562 571 832
7  308 349 368 454 504 545 738
10  42 152 371 390 428 518 760 862 957 972
12  19 65 66 188 213 309 367 376 588 695 725 884
13  61 99 143 148 365 375 478 531 564 628 721 773 907
13  8 90 106 117 330 400 439 650 699 763 804 872 982
8  62 71 169 263 382 451 870 892
14  215 468 530 581 624 675 714 741 748 766 789 911 933 995
8  134 237 283 572 699 804 908 955
15  40 89 129 140 142 164 282 375 408 436 588 693 894 957 972
13  42 135 290 302 312 339 437 564 567 593 645 805 843
8  150 197 208 310 331 394 769 933
11  62 139 155 265 418 459 534 675 787 788 863
13  70 85 142 304 528 598 699 702 756 828 856 899 977
11  191 195 278 449 507 664 795 798 820 865 906
10  46 54 355 542 705 753 755 776 800 902
5  113 218 279 586 757
16  40 57 64 93 119 154 159 261 342 343 405 435 443 506 558 785
13  148 177 215 304 530 602 610 686 772 910 948 957 964
6  135 137 226 363 524 973
12  43 97 176 261 265 547 557 561 591 739 759 907
7  27 115 462 530 813 828 863
13  20 169 205 362 388 501 531 541 619 622 769 841 886
7  244 371 446 730 788 811 954
10  23 270 271 288 332 543 689 742 881 990
8  20 108 114 391 502 601 606 869
10  15 188 276 316 354 549 604 743 772 941
12  28 186 273 312 483 555 710 712 717 787 859 977
15  125 156 191 284 371 388 403 533 642 689 709 823 839 954 993
8  19 127 135 174 257 541 702 908
12  88 108 247 271 333 437 443 575 710 771 804 954
7  31 164 182 337 514 728 971
10  268 375 383 410 506 525 558 839 889 926
15  71 80 201 458 464 504 555 615 691 771 788 818 832 851 950
9  11 87 158 165 187 440 463 754 887
9  181 201 334 526 685 750 769 865 867
8  0 95 281 490 551 839 846 979
15  102 145 226 231 236 317 398 434 456 523 679 685 889 896 929
17  88 95 128 154 183 318 361 426 493 627 676 684 739 776 803 811 835
6  50 355 378 596 697 774
11  23 100 316 377 396 540 653 784 861 932 947
12  6 11 324 458 541 543 623 665 857 890 941 953
9  1 494 545 645 657 785 790 823 943
11  158 235 422 466 500 504 620 780 786 884 937
10  96 233 258 297 451 627 728 762 853 967
9  26 401 506 546 585 591 757 828 870
11  199 206 329 457 517 694 706 717 732 874 987
9  276 279 327 407 457 574 580 841 985
9  76 125 148 267 292 339 365 466 705
14  133 184 233 238 241 347 568 621 655 818 822 826 861 958
5  37 315 398 453 674
13  45 67 76 548 562 572 652 782 789 812 837 907 967
5  59 168 416 530 943
8  192 346 551 606 619 772 800 854
7  26 41 61 249 340 457 672
12  71 121 176 183 239 431 576 610 633 693 925 931
11  228 289 318 341 417 562 565 631 667 713 826
18  39 77 135 163 244 258 286 289 410 450 491 513 562 636 639 662 681 953
3  43 107 203
12  0 391 417 476 514 687 725 879 893 923 947 972
8  124 259 431 515 581 670 735 941
10  144 239 421 550 583 678 823 854 876 981
10  82 142 346 506 604 862 872 885 973 981
15  175 213 216 246 272 276 453 523 610 682 834 893 912 920 950
11  63 112 236 295 412 605 632 728 843 851 896
8  156 211 484 490 540 879 894 955
13  99 219 248 343 409 625 635 727 803 917 951 959 997
7  104 318 558 616 702 732 831
11  51 73 80 129 207 226 228 389 517 550 935
6  1 84 380 500 708 817
17  74 284 317 357 410 437 622 628 695 753 757 871 877 897 901 922 955
15  71 185 236 243 298 479 510 520 525 619 742 830 839 974 986
12  44 85 108 200 220 533 748 792 852 904 930 939
9  175 205 436 474 578 643 802 811 959
13  0 23 219 237 347 367 416 462 492 511 577 606 970
11  115 177 456 529 610 769 804 825 900 924 979
6  239 341 523 583 706 897
11  183 260 342 349 368 472 540 751 825 913 996
10  34 59 85 232 264 305 607 620 711 875
13  34 69 108 158 209 271 474 556 611 687 720 815 882
16  100 157 193 308 313 471 480 568 643 653 679 796 835 932 966 991
12  38 212 318 381 408 448 549 678 697 749 860 989
10  121 232 266 316 346 474 484 721 795 852
11  3 4 93 101 119 209 239 330 342 513 875
25  9 17 18 50 107 153 168 204 209 213 262 374 394 412 451 568 580 582 683 744 755 763 836 899 913
8  614 676 868 873 876 935 964 974
12  50 145 184 278 335 462 781 851 875 931 969 975
13  108 143 160 168 304 395 482 675 687 768 787 860 896
10  28 149 176 493 582 603 656 694 919 937
8  76 144 504 577 784 849 855 994
10  7 76 114 165 189 213 348 404 519 913
10  29 128 190 260 356 459 595 730 745 814
8  17 41 117 121 201 401 747 869
9  281 477 494 645 674 740 923 933 980
10  16 220 446 603 636 664 788 793 833 906
10  173 298 523 597 648 666 753 757 852 973
10  372 387 432 454 495 654 669 701 760 812
13  54 147 265 289 378 407 452 595 610 651 652 729 824
7  72 89 390 522 540 626 931
14  60 79 90 168 425 429 497 510 532 554 556 675 822 827
9  6 30 38 223 290 390 531 550 831
12  17 49 98 106 146 353 440 582 668 717 763 941
11  139 157 226 237 347 380 388 501 697 796 923
12  108 154 162 251 346 449 483 519 533 849 853 909
10  1 426 489 614 682 714 799 855 930 978
5  45 54 552 624 628
12  243 380 411 413 448 467 670 827 854 877 932 991
16  2 38 59 145 160 218 298 553 604 648 693 702 860 866 963 973
8  73 492 540 563 583 931 937 980
10  53 82 100 131 139 437 803 874 901 992
9  11 168 199 426 457 533 614 720 865
12  63 256 426 430 522 544 548 612 860 899 909 920
12  89 188 356 416 424 438 456 469 505 734 805 923
11  139 350 449 484 538 578 598 626 642 680 764
8  16 51 162 289 455 538 862 925
11  165 258 338 341 447 598 615 664 672 744 988
10  17 72 87 100 273 276 695 753 804 884
12  19 37 125 273 418 535 578 746 773 794 810 841
9  0 206 391 426 505 548 729 798 819
12  94 186 232 307 400 572 609 695 748 893 901 941
9  42 85 134 177 210 315 624 767 808
6  95 130 293 797 921 946
5  18 115 214 652 853
10  156 248 288 505 508 602 867 874 880 919
7  108 279 471 683 774 933 936
10  66 164 221 300 376 577 598 599 730 988
6  84 274 297 344 581 711
8  65 204 291 474 670 782 856 934
3  304 919 981
7  27 221 761 768 878 913 918
10  47 148 218 220 380 386 620 756 853 901
15  97 276 299 417 466 543 586 597 645 686 713 734 761 785 911
6  251 332 646 709 765 860
11  26 137 161 345 437 630 742 849 883 892 902
10  65 97 102 151 231 284 480 731 865 952
9  92 218 242 285 489 531 787 845 904
11  32 196 197 251 442 620 633 736 786 822 932
10  38 53 86 132 158 314 392 558 933 934
13  136 274 303 379 418 459 490 562 565 572 676 946 990
11  4 60 277 282 436 443 569 639 660 827 962
9  18 108 208 568 783 862 894 933 957
16  152 206 313 328 406 407 426 489 570 605 647 653 845 876 888 898
11  76 299 366 373 475 700 745 830 870 896 926
11  73 268 430 719 797 801 883 914 927 930 945
11  47 89 171 236 267 330 499 596 677 917 927
7  171 628 763 774 858 875 967
16  44 106 197 359 395 438 529 577 600 613 664 675 687 695 716 914
15  173 189 211 216 235 284 641 656 699 735 760 782 833 878 898
8  231 339 492 616 661 785 973 989
9  109 149 200 217 373 394 555 772 862
6  149 210 367 425 444 557
16  76 113 134 244 259 280 370 545 548 615 816 831 850 891 909 948
9  40 194 283 423 599 735 752 947 986
11  35 91 149 366 506 631 737 766 784 832 842
12  18 69 172 190 280 305 311 361 446 669 961 996
10  32 187 260 355 384 458 518 601 607 933
10  172 250 254 317 378 470 596 911 928 996
10  16 48 72 123 130 429 496 830 849 942
6  131 435 442 666 808 941
3  164 712 744
11  26 165 232 277 481 490 509 539 823 853 959
6  10 96 469 487 529 856
16  49 126 263 283 301 320 364 399 609 643 740 762 924 982 988 999
9  14 239 303 372 382 723 831 847 987
9  166 206 487 536 755 813 818 820 962
16  27 132 134 145 291 306 318 433 495 513 549 590 741 798 855 860
11  24 229 243 389 442 457 474 489 615 640 673
16  47 51 76 123 156 313 353 529 542 598 741 792 799 808 930 980
11  83 146 286 510 580 648 671 719 839 976 997
7  308 404 462 629 856 863 950
9  16 47 205 219 296 369 411 628 757
10  52 90 141 202 248 283 317 443 681 944
14  123 196 204 208 316 390 425 569 630 649 727 768 929 954
13  20 41 74 129 198 218 272 284 411 581 717 760 897
15  8 32 98 154 213 224 272 418 502 558 689 737 739 808 875
4  361 646 706 989
9  34 51 164 325 431 442 652 749 870
14  38 157 386 395 476 489 511 629 640 716 834 841 935 999
8  58 112 158 226 332 573 616 711
13  54 193 203 238 251 348 394 395 409 520 690 876 999
11  14 79 129 246 448 453 610 613 729 775 864
13  200 208 262 348 379 415 467 498 502 529 575 616 821
8  29 61 342 647 747 792 799 849
9  219 470 550 645 809 852 885 897 938
11  11 98 116 208 308 370 511 554 710 861 875
12  55 66 87 296 300 310 461 589 659 743 758 876
11  29 154 193 261 313 361 374 429 435 650 958
13  172 176 283 398 539 558 578 598 618 748 803 817 980
17  6 62 94 111 144 178 262 372 373 419 423 434 626 637 649 894 985
10  18 80 299 436 444 537 655 676 826 865
17  1 56 82 237 377 440 465 562 726 764 781 883 898 957 977 983 988
10  70 90 252 408 568 628 659 851 852 918
15  95 175 310 362 366 469 509 589 668 727 731 738 749 795 952
11  166 170 180 223 356 369 402 532 588 593 980
10  56 164 346 358 400 469 529 620 636 718
9  40 46 243 272 540 590 730 837 978
6  98 622 692 782 861 942
9  2 35 102 578 622 635 767 836 953
15  20 40 226 324 496 569 614 645 690 741 755 905 915 952 980
12  23 130 153 282 408 445 551 646 776 871 938 965
11  56 117 188 286 311 585 604 630 656 814 928
8  125 277 357 576 702 750 870 896
13  12 208 244 299 327 330 378 391 460 600 698 899 994
10  11 12 479 486 535 586 639 737 744 818
7  111 286 287 330 789 879 992
10  63 313 324 426 430 449 460 644 744 797
11  20 28 158 247 424 501 547 725 867 944 946
9  221 291 331 434 461 496 559 856 958
9  2 69 156 369 488 549 581 664 711
9  214 343 484 516 636 746 952 967 969
