1000
14  1 4 41 83 132 171 180 323 455 574 626 638 703 926
14  0 66 102 201 281 296 400 511 534 545 763 778 963 977
7  16 91 202 324 348 406 796
9  129 252 260 314 450 730 858 866 899
6  0 23 463 635 817 953
10  58 155 175 429 664 670 673 810 831 972
13  46 298 328 339 425 458 493 503 521 675 765 834 926
8  167 191 358 381 485 640 870 959
9  260 295 325 486 556 670 701 744 996
13  81 173 179 181 279 324 384 533 633 697 710 758 861
7  191 246 448 521 617 961 980
5  112 137 255 333 433
10  24 29 161 162 187 221 403 590 705 748
10  34 47 215 308 400 517 562 745 771 799
6  79 450 581 693 791 940
10  86 140 169 431 503 724 726 817 824 859
12  2 146 196 218 250 299 301 371 401 486 807 888
9  168 333 337 441 561 570 617 942 952
10  79 126 131 361 379 618 647 752 759 859
14  138 221 294 307 333 338 369 453 557 561 631 728 771 972
5  89 233 291 427 973
5  72 259 538 794 937
8  43 50 130 286 293 368 389 859
14  4 98 267 295 347 390 414 558 639 670 727 802 804 853
13  12 44 132 145 393 436 565 670 714 765 910 965 994
9  386 655 698 762 786 846 852 879 979
3  215 344 486
6  328 507 518 679 708 758
8  98 215 233 238 350 381 751 846
9  12 47 275 420 421 459 607 614 637
6  162 496 508 721 966 978
15  34 41 52 66 194 210 469 594 619 735 740 754 844 877 922
12  226 227 322 356 389 610 633 679 693 719 727 846
12  103 340 403 420 608 797 824 829 846 873 912 934
9  13 31 184 196 308 364 482 540 612
19  151 153 163 193 255 274 307 310 331 380 568 572 616 661 858 895 897 905 934
7  283 288 326 461 609 955 982
8  59 224 323 446 477 489 648 828
6  146 169 316 582 651 997
11  111 258 508 518 522 630 769 839 867 938 986
8  276 297 417 463 529 639 661 889
11  0 31 376 450 477 536 637 722 854 921 922
9  211 217 295 408 479 601 803 814 949
13  22 230 298 341 399 416 561 572 607 701 715 830 973
9  24 62 136 284 427 445 756 786 871
8  351 486 675 783 794 862 901 971
7  6 184 229 570 640 748 872
11  13 29 53 100 240 359 498 551 709 798 960
11  170 292 376 410 531 611 620 710 761 903 909
16  110 137 144 266 292 425 474 481 555 664 719 777 871 877 934 982
8  22 73 112 352 429 729 815 996
13  52 88 149 381 382 475 522 589 677 721 799 951 953
11  31 51 288 441 444 641 698 786 802 808 944
11  47 203 235 319 399 525 530 558 569 758 885
10  97 127 316 330 345 409 530 834 954 979
4  664 853 935 992
16  77 126 186 303 343 437 703 709 748 827 832 907 920 931 952 970
18  115 173 189 210 278 282 354 376 430 440 581 585 618 677 705 753 934 989
9  5 261 558 574 608 656 782 902 976
8  37 295 628 700 709 713 766 926
8  148 151 271 440 465 668 881 936
5  458 554 557 587 706
7  44 390 526 622 774 792 959
15  242 262 270 326 531 569 584 636 642 655 699 706 763 926 943
5  159 426 680 840 866
12  127 180 440 497 524 613 674 724 737 754 828 951
16  1 31 72 144 313 450 453 474 482 497 506 645 710 742 849 947
13  183 185 253 305 319 401 466 561 654 867 876 887 924
13  187 252 339 424 427 430 458 482 508 580 728 883 912
10  266 385 440 468 486 516 680 707 733 997
10  245 346 409 520 648 727 815 922 939 999
11  184 249 336 491 517 643 706 739 813 942 982
16  21 66 160 210 446 567 580 659 726 727 804 812 841 874 889 950
19  50 135 138 152 199 370 474 508 531 581 590 646 693 749 858 874 904 945 946
7  183 254 319 515 822 880 978
11  236 383 537 743 778 780 793 818 824 848 889
5  86 114 213 403 832
10  56 86 155 195 451 452 808 818 897 986
9  88 170 259 509 543 664 685 828 867
9  14 18 244 342 369 394 419 531 717
7  172 352 449 530 664 751 868
12  9 83 135 170 246 341 625 678 687 810 845 901
10  119 194 404 408 440 522 616 756 872 964
12  0 81 222 247 542 543 678 692 700 748 961 985
7  96 112 265 295 473 744 850
9  360 372 480 649 689 718 757 911 956
11  15 76 77 423 441 474 518 655 763 892 986
4  174 189 386 694
9  51 78 278 440 621 661 713 724 875
13  20 107 190 191 282 308 384 390 462 580 818 871 919
13  153 172 189 270 418 526 579 612 623 631 713 940 999
12  2 236 238 288 388 518 664 776 837 928 931 984
9  126 296 386 530 704 737 757 827 888
8  102 109 158 278 317 420 728 819
7  325 378 444 516 544 909 969
6  132 407 436 656 762 769
10  84 143 163 298 381 397 438 452 504 754
14  54 165 425 458 531 693 704 707 709 717 787 841 878 905
12  23 28 107 262 287 405 470 646 656 659 681 974
12  281 343 378 474 513 679 694 702 753 826 864 885
8  47 234 561 681 702 796 810 974
11  205 297 318 395 432 457 462 519 599 759 855
8  1 93 278 660 701 769 948 968
9  33 241 256 404 474 491 724 765 918
12  129 134 259 260 291 351 417 533 652 719 825 873
9  438 506 513 626 687 770 842 845 906
8  206 449 636 650 680 715 830 871
10  89 98 384 389 557 744 817 868 878 891
11  215 366 382 384 456 580 602 770 805 901 995
7  93 251 364 377 398 433 454
10  49 444 630 662 667 707 874 926 952 977
7  39 231 442 471 947 964 972
11  11 50 84 230 238 366 553 618 833 864 895
12  124 139 247 480 485 511 520 521 664 756 825 996
8  76 156 184 458 740 917 955 980
13  57 182 317 346 392 411 435 645 648 774 864 936 970
7  396 502 564 656 787 802 979
4  187 404 530 729
11  160 195 253 255 505 538 651 724 823 881 888
6  82 152 183 411 717 970
11  248 287 321 534 804 812 843 915 929 982 984
13  140 204 227 350 400 620 665 670 719 826 853 895 939
6  549 567 614 750 970 974
7  124 141 246 343 407 649 884
12  113 123 296 361 415 449 502 524 546 616 753 822
9  167 201 281 333 345 397 559 783 989
13  18 56 92 131 292 340 369 370 417 473 490 588 784
9  54 65 177 206 422 600 743 891 926
6  232 440 474 722 760 963
15  3 104 166 195 198 378 383 452 649 709 774 788 821 907 928
6  22 298 454 575 685 699
8  18 126 227 251 324 419 466 984
11  0 24 95 236 341 480 616 629 659 881 898
11  252 271 697 701 712 713 749 799 853 867 998
10  104 162 282 332 341 355 561 637 840 930
5  73 81 153 182 227
10  44 178 436 541 671 818 872 879 984 988
14  11 49 247 258 306 362 398 583 741 757 847 882 916 960
8  19 73 223 275 784 802 824 981
9  113 175 230 360 424 538 835 899 975
14  15 121 163 178 251 405 453 491 503 559 579 725 854 867
16  123 155 199 278 501 514 616 631 636 681 725 755 844 946 950 970
13  204 331 379 482 531 622 661 717 748 791 838 858 923
7  96 192 229 399 630 915 991
8  49 66 276 309 634 652 699 840
10  24 242 321 346 347 369 490 643 814 987
8  16 38 386 397 499 620 647 915
7  234 280 447 519 558 613 793
15  60 175 446 524 555 575 675 688 752 761 776 814 852 909 977
11  51 167 206 379 388 544 545 669 735 827 858
9  224 304 317 456 512 722 812 884 968
12  35 60 197 342 401 427 465 632 679 718 846 927
13  73 119 321 350 394 423 449 590 617 673 814 868 937
12  35 90 135 159 340 441 458 659 775 896 961 985
5  172 393 600 764 964
15  5 77 141 348 506 594 688 696 747 820 829 879 900 946 977
5  114 300 666 686 717
14  171 213 276 312 336 520 563 589 616 656 691 782 858 867
9  93 364 387 406 440 520 610 652 751
5  64 153 272 835 881
10  72 118 234 300 387 494 764 821 912 956
11  12 243 258 372 394 482 545 670 760 943 953
9  12 30 134 228 311 635 669 880 921
13  35 96 140 172 356 360 451 607 654 681 779 827 977
10  292 419 423 456 495 522 530 589 710 894
11  97 256 292 416 547 559 682 762 773 851 932
10  129 196 201 299 626 683 742 846 857 881
12  7 125 149 195 278 324 376 405 719 763 861 929
12  17 208 348 438 629 680 768 797 804 984 991 996
10  15 38 180 209 387 450 509 630 714 915
6  48 78 81 273 305 756
9  0 157 196 378 412 445 783 786 887
10  80 90 154 163 203 271 423 624 785 809
13  9 57 410 436 438 468 602 722 725 798 809 905 940
8  87 257 275 295 558 696 875 997
9  5 139 148 333 368 421 464 752 966
7  441 510 572 625 629 655 674
7  127 191 373 414 549 798 997
6  136 140 274 412 877 906
8  9 219 320 415 446 636 655 791
12  0 65 169 395 450 572 607 660 670 846 878 987
9  9 201 324 345 390 515 540 550 707
7  115 135 366 372 380 466 867
14  67 74 119 189 343 530 673 681 687 711 754 785 841 893
6  34 46 71 114 925 939
10  67 351 385 542 650 773 825 855 888 978
12  56 197 284 469 492 517 641 777 798 883 973 977
9  12 68 117 349 712 754 829 888 927
5  365 439 510 557 861
10  57 87 90 183 290 563 607 628 687 692
5  89 197 294 480 816
12  7 10 89 177 465 523 540 568 607 786 866 904
6  143 287 443 554 649 813
12  35 292 339 390 446 578 601 635 663 821 838 882
8  31 82 219 311 360 654 723 927
14  77 118 129 167 213 339 346 401 416 450 605 673 676 883
12  16 34 166 171 298 329 508 572 577 580 723 883
11  151 186 190 381 485 497 682 727 848 874 893
7  129 208 428 465 699 719 979
12  73 141 259 456 575 600 803 808 829 864 869 942
4  661 670 705 737
11  1 125 166 181 327 331 652 706 890 935 978
8  2 307 562 629 723 772 774 873
11  53 172 308 337 384 451 691 816 878 898 915
11  121 142 237 276 357 380 386 693 843 847 888
12  101 220 258 408 494 518 544 639 719 720 751 904
11  106 127 149 217 255 425 520 557 785 882 932
8  362 447 566 618 739 869 902 943
11  168 198 381 474 556 863 889 927 931 954 978
5  169 243 370 942 959
15  31 57 72 214 340 360 445 450 509 586 603 731 814 853 922
10  42 264 269 292 561 598 708 710 724 795
4  445 465 624 784
11  76 157 195 264 521 567 749 787 828 835 860
11  210 217 320 376 456 512 664 797 798 818 867
10  13 26 28 108 286 297 383 550 760 941
3  250 443 954
10  42 206 214 396 422 634 704 812 894 935
7  16 284 318 515 636 853 885
13  179 194 226 287 311 315 490 505 688 930 965 966 987
8  205 289 294 384 620 665 704 722
5  12 19 632 654 701
13  83 251 295 308 460 519 587 588 596 619 770 912 972
9  138 358 363 523 573 574 700 707 947
10  37 150 404 519 539 600 666 739 792 801
6  369 374 453 609 648 680
12  32 219 297 316 391 458 548 696 727 803 828 839
16  32 121 131 135 288 321 426 432 599 620 667 677 725 917 971 999
7  162 376 426 557 795 810 973
11  46 143 367 475 537 602 804 826 845 922 923
13  43 112 139 295 323 339 517 521 623 774 879 912 991
7  111 336 358 420 569 820 833
6  128 268 485 549 555 562
9  20 28 381 385 398 445 675 802 978
10  100 147 160 252 403 574 632 679 698 751
9  53 281 321 503 613 628 644 776 789
10  75 91 132 246 283 344 860 908 922 923
8  204 460 597 607 677 841 942 965
12  28 91 112 291 548 591 661 805 807 811 922 961
6  257 324 411 605 657 876
9  47 250 279 371 639 724 732 892 997
5  103 398 455 795 866
8  63 145 307 347 426 559 776 945
13  161 209 313 385 403 468 482 797 811 825 900 935 963
7  79 306 324 537 566 641 977
6  70 415 447 683 748 771
10  10 81 123 236 286 298 311 440 512 649
8  83 113 137 491 759 781 833 840
11  120 306 356 524 552 625 743 799 855 905 938
6  71 418 543 592 849 890
10  16 216 240 364 382 581 640 712 897 989
14  109 131 140 222 258 357 428 485 744 757 804 884 962 969
16  3 68 133 234 367 381 393 428 452 569 574 579 641 821 959 986
8  67 118 363 365 443 660 726 987
11  74 302 455 472 491 509 511 685 822 835 859
11  11 35 118 206 370 499 714 734 874 947 998
8  103 165 326 421 537 764 792 929
12  174 239 283 325 568 601 635 747 753 800 816 819
11  39 137 161 205 251 259 506 532 651 726 992
12  21 78 104 199 258 278 326 431 544 607 654 744
6  3 8 104 306 336 523
10  58 306 368 406 545 594 603 769 868 993
10  63 98 307 392 397 467 636 690 882 890
9  419 459 463 534 616 780 846 871 875
6  211 213 287 527 665 924
12  84 331 464 471 558 626 650 674 708 861 884 967
8  49 69 280 318 425 466 867 989
10  23 376 573 598 685 819 868 873 908 931
9  232 276 280 282 368 393 558 806 942
11  211 276 374 458 487 527 538 617 686 845 882
9  63 90 351 534 614 651 680 741 989
9  60 133 172 282 337 856 864 870 978
6  159 303 558 613 789 906
7  170 343 352 366 393 548 562
9  35 178 336 505 536 735 781 820 877
12  29 138 174 366 471 484 671 689 730 873 942 977
13  40 144 157 204 268 269 301 484 544 560 697 738 867
7  286 516 634 748 893 916 940
11  57 88 93 102 141 167 259 358 483 586 727
10  9 240 400 451 485 491 534 714 736 778
12  147 266 268 288 322 441 499 519 717 806 833 978
14  1 99 125 235 329 356 447 468 613 659 680 780 844 922
13  57 89 134 268 271 329 517 656 694 699 790 798 994
8  36 236 257 372 521 745 818 904
13  44 186 218 354 534 557 680 874 885 893 925 932 970
6  419 439 557 884 963 973
10  22 215 246 277 342 407 520 740 916 985
15  98 120 192 219 264 293 383 396 463 481 559 775 827 846 993
15  36 52 91 227 280 330 421 446 530 630 723 791 836 895 898
7  220 397 550 569 630 920 994
7  189 337 417 540 594 777 836
7  20 104 238 295 394 572 604
10  48 49 126 164 165 193 211 384 513 607
9  22 287 338 394 434 473 526 589 596
8  19 190 220 470 475 546 892 993
14  8 23 42 59 84 174 222 230 291 344 420 694 837 948
8  1 92 124 324 400 568 783 907
10  40 101 215 226 449 464 471 476 657 885
9  6 43 96 130 196 246 367 548 967
6  16 166 580 622 701 761
10  156 160 322 589 639 695 739 833 881 936
6  16 276 674 732 739 821
9  254 446 476 575 582 668 873 917 965
5  56 272 459 933 961
3  150 352 827
16  67 170 308 347 413 444 484 489 553 631 637 682 713 755 916 940
8  137 244 248 260 261 443 508 949
12  19 35 202 242 262 407 417 496 526 714 741 783
12  13 34 89 203 222 305 516 558 722 838 950 967
5  144 351 559 721 949
7  35 334 654 759 805 958 992
10  162 194 219 246 375 439 455 594 841 888
7  157 545 547 707 795 814 973
13  66 243 350 373 397 511 711 751 763 888 895 961 989
8  3 358 453 624 694 907 965 989
10  219 319 361 459 461 506 511 523 894 984
13  38 54 226 366 369 380 543 563 595 732 846 866 994
12  93 115 150 425 428 453 500 541 749 803 897 953
8  101 218 266 329 405 620 634 807
9  53 67 74 315 322 448 488 511 770
10  179 214 432 491 539 541 582 635 839 849
11  120 145 152 227 235 414 477 563 582 594 921
10  32 280 300 319 439 495 548 768 963 989
12  0 37 230 427 455 620 679 706 786 832 893 957
13  2 9 131 167 181 239 244 296 360 467 525 666 880
7  8 94 257 827 851 874 890
11  36 63 256 259 327 389 454 481 607 767 798
16  201 326 389 395 570 601 609 621 640 691 806 808 814 851 923 951
8  6 27 435 488 571 735 798 946
9  196 281 282 318 418 863 937 964 997
12  54 288 365 502 517 620 727 743 762 775 786 870
10  35 142 201 265 476 561 659 860 883 997
8  134 401 404 472 505 584 699 848
11  11 17 19 125 175 417 453 637 701 750 904
5  310 358 388 622 640
12  355 390 392 421 434 464 479 660 816 856 915 941
16  71 157 231 260 274 389 430 505 526 589 659 737 841 859 868 982
8  17 203 271 290 388 608 664 796
5  19 293 374 580 786
10  6 68 193 195 230 557 590 761 808 904
9  33 126 153 210 522 539 723 745 909
15  43 81 132 134 382 399 417 510 576 605 704 752 825 940 952
8  79 151 286 659 703 844 893 984
14  56 99 123 183 273 453 524 664 672 742 776 823 934 962
12  26 236 295 441 495 520 539 549 596 812 814 990
7  54 125 181 466 589 738 996
18  70 115 145 195 357 606 634 645 695 727 790 801 813 926 932 934 951 993
9  23 145 242 305 422 713 841 887 889
8  2 155 168 471 551 598 628 688
4  187 456 490 716
10  28 121 152 313 417 445 565 593 827 873
9  45 104 185 270 309 369 539 860 903
10  50 80 273 304 540 556 644 708 727 987
6  625 643 698 738 943 994
10  57 284 415 479 530 618 681 767 800 841
10  134 335 430 610 681 696 762 782 861 882
9  32 163 248 281 393 464 613 655 881
9  204 251 346 478 653 659 773 862 898
14  7 223 231 278 314 334 653 766 852 871 909 929 949 952
11  47 367 388 425 501 722 726 792 812 852 957
15  85 139 163 194 210 324 386 460 485 486 536 666 717 756 763
12  18 124 315 494 603 681 721 757 771 924 953 980
4  137 207 412 928
9  223 253 471 480 655 658 757 825 851
6  34 109 158 250 372 488
11  188 253 330 382 445 548 563 601 661 694 885
11  108 112 182 273 275 316 708 751 839 874 929
11  229 252 298 359 616 624 683 847 859 950 956
6  22 175 261 268 607 766
20  19 79 126 145 225 316 351 500 518 590 623 632 685 734 813 815 878 887 936 967
9  73 126 209 255 378 608 720 741 922
9  16 240 670 777 780 782 790 958 964
16  85 161 182 283 364 434 522 555 601 691 710 739 800 836 907 957
9  177 313 394 502 659 727 829 918 938
9  225 269 338 683 684 770 863 869 955
7  311 469 576 655 670 761 959
14  41 48 57 167 214 228 267 380 429 442 482 519 609 910
7  109 517 533 581 715 927 931
8  94 99 129 171 370 401 537 669
11  18 142 149 484 528 531 576 613 666 709 773
12  35 182 204 316 376 429 441 663 699 703 772 958
12  7 28 51 96 197 208 233 252 458 592 655 964
13  51 108 250 341 365 412 416 433 481 488 543 685 787
10  75 129 215 287 436 444 634 852 894 949
10  9 89 107 108 203 220 292 499 709 857
9  69 185 233 243 481 844 854 893 912
11  25 87 92 146 204 360 475 545 830 911 915
8  158 160 169 390 451 513 718 792
12  91 149 334 337 359 389 454 484 586 778 960 999
12  22 32 107 326 327 336 388 427 460 573 701 818
14  23 62 89 181 193 335 387 466 502 527 644 918 938 960
4  226 422 478 961
9  115 262 335 598 713 745 796 953 974
11  24 154 252 268 273 356 418 499 512 540 904
13  79 152 161 291 293 373 523 532 596 703 750 755 758
8  101 180 327 610 629 709 791 830
8  116 217 287 413 470 608 616 857
7  96 125 146 262 289 313 992
12  109 137 233 241 412 444 454 516 633 840 896 939
12  43 53 143 341 463 480 577 617 764 807 890 977
12  1 13 121 279 296 474 477 515 571 682 687 704
19  16 67 151 195 332 378 490 532 584 655 687 743 763 802 829 849 868 930 963
5  448 799 804 891 910
9  12 33 76 234 243 647 650 670 736
12  82 103 117 224 332 477 677 789 802 807 842 894
14  98 140 167 318 414 429 465 653 672 720 810 814 880 883
9  2 158 261 583 611 629 811 836 949
10  95 123 286 307 442 621 627 628 856 989
11  42 82 205 473 660 738 769 802 805 814 817
7  54 70 471 667 818 857 986
8  48 173 473 638 796 867 904 916
7  115 119 239 598 830 910 950
12  171 178 362 382 398 479 481 496 722 748 902 930
12  305 396 434 579 633 726 743 775 830 839 846 871
8  23 177 321 405 581 660 676 772
11  124 179 245 354 466 486 532 572 698 730 761
8  43 165 195 382 707 721 881 896
14  40 104 126 290 307 333 341 350 531 719 773 852 908 932
13  90 249 329 393 474 506 520 585 617 715 758 778 863
6  79 131 164 263 285 923
10  29 33 93 231 295 597 793 841 914 920
11  29 175 256 288 335 472 498 522 605 714 769
11  127 217 347 391 760 866 870 960 983 992 999
6  86 152 164 172 701 980
6  68 139 611 717 826 992
16  6 49 97 206 266 317 359 434 451 491 549 579 721 886 953 976
10  64 227 228 242 528 600 614 741 920 968
8  20 44 68 151 323 389 739 998
11  198 251 252 317 457 487 522 529 599 707 896
9  5 50 376 380 405 435 621 705 989
6  57 68 336 355 543 913
11  15 259 438 497 602 612 635 650 660 709 750
8  101 227 320 521 539 546 795 814
8  11 109 382 666 806 840 884 899
12  293 335 372 413 425 515 618 646 661 772 882 992
9  115 328 429 459 604 727 826 848 921
10  24 95 136 173 383 480 560 823 877 930
6  56 484 501 811 826 971
8  96 105 168 173 431 646 763 838
6  188 285 311 322 867 948
15  57 60 65 69 82 88 128 158 246 655 721 740 837 838 902
14  17 52 86 153 176 280 344 380 495 557 672 712 763 987
10  111 376 407 510 647 679 803 846 882 951
9  192 216 253 306 472 510 598 842 875
13  52 94 110 305 383 398 452 657 717 734 748 765 882
14  44 171 210 212 233 350 365 580 779 790 845 896 939 959
15  37 72 148 179 193 288 302 526 565 625 657 731 744 824 985
7  147 207 245 281 527 552 984
7  10 319 402 538 648 653 656
7  80 106 124 152 297 457 858
12  3 14 41 66 169 180 195 210 526 666 883 972
14  77 163 203 279 387 425 469 470 549 585 620 624 790 904
11  77 96 129 252 444 499 559 650 835 967 987
12  19 66 140 225 314 317 333 343 486 681 778 887
7  109 130 326 388 398 555 950
8  0 241 254 311 323 504 612 978
12  108 150 164 199 214 349 516 523 707 713 731 740
8  101 428 449 466 545 675 689 943
13  6 61 68 97 114 153 226 269 381 581 650 691 850
11  29 263 303 315 435 538 815 823 847 887 936
12  222 237 360 389 642 649 817 829 907 910 953 995
9  36 315 475 500 524 618 749 774 883
7  89 101 754 767 770 882 960
13  4 40 263 287 399 474 521 626 698 700 900 937 948
8  175 265 297 335 356 515 621 912
14  60 151 191 198 212 405 511 568 571 716 745 768 894 995
11  67 131 182 266 345 390 415 457 591 677 851
6  262 324 565 614 912 962
12  69 173 243 281 503 518 533 536 616 733 769 975
9  31 186 375 451 617 789 795 854 988
10  98 294 396 451 474 490 678 719 909 957
11  111 265 275 297 348 363 409 712 759 793 942
8  254 332 421 443 597 607 770 889
9  84 126 293 408 410 666 758 764 921
17  49 66 73 86 99 103 128 208 400 418 463 470 542 544 670 921 971
16  51 229 294 386 461 515 541 579 645 694 700 710 892 906 912 950
10  297 302 331 527 542 606 654 667 682 704
8  37 41 321 400 404 669 712 820
8  357 391 518 578 692 739 975 996
8  42 335 354 412 530 611 903 957
13  85 113 132 190 363 399 436 564 618 811 928 953 976
15  49 287 326 382 385 412 505 553 619 630 801 821 870 885 962
14  34 66 68 142 161 243 376 532 755 764 847 878 920 933
4  278 809 889 965
12  275 276 305 379 388 437 602 649 737 790 866 945
9  7 113 197 232 251 279 360 613 675
9  8 16 26 45 69 360 415 453 792
6  269 428 505 864 868 977
11  319 328 364 382 543 609 760 772 808 813 817
5  37 305 809 832 942
15  126 145 219 349 401 470 496 522 558 562 705 729 841 899 939
14  71 103 140 247 254 279 320 425 516 687 704 770 789 969
10  186 694 733 785 793 823 843 871 877 894
7  6 495 610 661 807 913 960
10  160 205 361 517 666 720 750 842 858 955
8  164 322 344 441 493 812 931 940
9  30 307 412 490 566 610 651 748 831
7  65 66 197 431 680 745 769
8  47 421 536 551 631 774 899 985
14  146 255 280 384 393 452 588 718 895 947 955 976 983 991
12  317 369 461 534 548 687 715 780 814 892 957 998
10  141 359 437 526 720 774 927 944 950 963
12  116 124 330 373 390 555 591 653 690 707 862 966
11  6 15 140 235 468 645 765 787 830 880 996
7  96 455 573 583 689 762 941
11  118 219 274 332 336 481 487 571 575 777 909
11  66 105 155 258 315 418 619 685 785 835 909
8  27 516 530 624 678 694 749 771
13  30 39 68 73 196 306 534 549 570 744 781 965 997
12  78 169 210 254 564 584 670 749 854 883 977 992
11  176 188 341 442 443 708 717 828 891 899 909
9  1 113 254 313 315 319 465 564 644
12  150 214 246 393 573 583 664 750 756 761 791 998
9  99 105 292 387 542 644 658 714 921
4  141 699 927 994
12  74 181 218 400 434 464 475 598 746 776 796 925
13  69 94 277 308 398 456 491 507 586 652 656 715 929
10  13 71 186 230 282 330 377 494 554 911
10  27 39 86 91 205 369 468 478 644 727
15  101 147 222 224 280 376 532 637 699 774 819 854 947 950 993
11  70 113 157 158 206 286 344 418 565 891 998
13  6 10 113 213 230 283 432 463 629 718 840 843 879
14  39 51 82 164 340 372 421 428 490 587 604 697 921 929
14  191 223 260 315 394 456 783 836 839 859 887 905 964 985
10  65 124 148 248 343 461 670 753 836 986
13  53 324 570 593 619 700 714 715 730 752 774 824 954
16  62 90 293 307 336 446 450 501 566 579 659 762 804 835 948 998
10  264 269 390 447 476 570 720 797 811 925
8  379 426 659 676 736 909 961 991
5  40 428 642 669 729
15  53 54 80 92 117 164 183 288 354 479 507 661 877 908 927
14  48 63 73 79 97 142 379 417 582 640 728 790 839 871
12  258 394 401 415 482 519 599 707 811 919 952 982
7  9 104 377 468 556 658 765
12  1 120 263 270 279 284 500 508 584 606 612 939
1  892
9  41 274 360 468 498 561 644 731 811
11  75 229 244 256 378 740 856 857 911 946 995
11  21 118 139 269 448 459 580 598 664 820 843
8  224 320 340 344 351 432 704 751
9  34 181 191 290 352 393 559 665 863
8  136 317 320 475 655 823 874 974
9  83 185 474 476 513 556 802 828 969
9  78 83 249 316 382 430 488 645 714
10  94 149 205 259 276 474 545 743 808 809
14  1 149 161 261 312 386 457 544 546 720 760 799 852 938
8  124 294 432 545 664 734 811 872
3  165 312 761
12  226 238 273 298 322 365 500 555 676 687 697 952
10  122 177 232 344 425 451 508 595 728 739
10  181 215 289 612 624 665 756 798 805 922
10  47 348 498 618 691 714 807 853 884 958
5  248 447 831 908 988
12  112 305 481 556 629 640 670 695 907 935 975 980
5  61 192 517 682 800
12  49 148 232 372 454 502 548 559 566 590 941 945
8  8 208 352 533 542 553 557 650
11  19 61 107 188 206 228 284 285 339 441 556
19  23 53 58 147 174 265 268 272 308 490 697 728 767 781 795 870 922 989 995
12  125 140 165 242 287 309 452 540 555 766 869 964
9  276 436 641 678 818 857 862 870 875
10  17 19 43 67 100 134 211 331 536 594
8  13 202 232 273 490 568 672 978
12  157 189 316 321 365 605 622 739 765 855 867 915
10  116 480 509 511 624 752 781 880 899 901
10  24 350 446 467 520 619 670 687 860 891
7  207 244 496 526 555 874 906
10  72 122 213 606 628 716 757 874 932 992
10  35 191 257 296 465 562 664 781 865 979
13  53 63 231 252 289 574 706 778 808 828 840 869 938
10  17 46 327 508 525 527 609 794 892 915
6  328 400 465 505 709 950
11  35 43 176 180 196 291 415 592 858 894 987
14  223 267 389 504 512 691 747 805 824 879 916 923 977 997
12  0 58 223 234 252 569 634 705 709 745 939 969
12  130 148 199 302 505 588 728 845 891 924 940 975
7  341 375 379 621 778 856 917
7  196 399 593 710 715 754 814
8  193 478 631 723 802 813 930 933
8  90 140 252 413 425 475 526 969
15  68 72 89 108 196 299 338 445 538 621 636 650 685 968 979
16  14 57 73 250 377 414 458 652 665 740 757 847 853 884 940 981
6  38 302 320 321 531 842
8  137 406 504 512 597 642 904 935
7  63 332 401 509 534 659 972
8  57 418 451 684 798 840 858 957
7  210 278 388 516 714 831 887
8  61 222 522 605 809 831 906 907
6  126 222 499 575 822 901
14  51 157 164 293 300 336 345 608 666 704 754 840 850 946
8  12 73 152 339 369 555 674 753
8  238 466 502 644 687 727 769 958
7  249 381 572 630 649 651 910
3  350 525 577
8  31 155 261 290 311 321 561 668
8  316 549 629 813 843 863 898 905
7  222 293 344 394 708 806 991
7  237 420 472 583 669 845 854
12  211 267 348 392 411 443 515 538 714 814 836 936
7  101 227 428 532 645 671 718
9  127 154 199 224 426 835 922 950 973
10  42 193 257 327 365 372 604 735 887 978
11  108 173 229 431 484 635 674 691 708 830 831
5  210 261 361 667 949
10  291 435 522 601 648 799 802 817 852 993
9  195 239 341 421 563 587 627 902 922
7  346 476 534 567 631 847 952
16  29 43 163 180 189 191 237 259 292 326 368 472 752 888 907 915
9  33 58 337 370 396 589 695 788 916
9  36 225 327 376 488 570 698 708 807
7  32 158 355 395 493 496 680
6  48 406 424 479 981 984
10  34 90 431 455 534 550 649 666 717 790
13  65 147 235 272 281 356 379 485 616 788 791 891 953
12  29 122 270 426 467 683 686 728 841 944 947 949
5  642 828 899 902 942
16  35 82 124 132 141 157 263 367 396 468 613 706 801 889 910 990
8  10 17 152 269 399 418 469 924
13  18 57 112 207 354 434 461 480 551 853 945 985 996
12  31 222 481 506 525 565 674 766 775 786 909 966
12  48 121 146 220 227 318 323 330 451 625 786 857
9  88 327 407 429 464 576 580 706 920
5  62 142 299 334 563
5  90 230 369 657 861
9  172 212 314 367 451 507 550 564 888
10  81 176 248 353 446 620 666 748 779 864
8  0 105 166 265 463 713 814 883
8  407 605 648 729 754 777 973 991
9  59 189 235 348 407 567 681 755 779
15  132 168 176 202 395 406 521 553 595 645 755 875 912 995 999
12  39 110 143 169 288 289 481 592 667 849 976 977
11  19 90 141 305 498 578 606 639 727 859 936
6  151 221 234 369 648 719
8  9 32 398 413 709 743 863 947
12  144 217 277 318 346 383 574 731 746 775 812 979
9  4 162 193 257 320 431 602 873 910
14  63 106 141 179 218 262 580 678 744 807 854 881 917 981
11  29 41 134 305 333 519 734 892 907 943 980
4  0 410 695 957
6  23 40 205 240 300 631
14  7 46 250 327 334 531 553 686 855 890 896 924 987 994
10  52 186 244 252 560 656 710 752 972 973
7  63 460 529 583 615 761 947
7  71 145 353 816 896 918 987
12  235 352 390 511 513 518 536 591 651 666 870 961
12  66 115 346 475 503 543 599 629 686 749 820 949
6  73 98 434 438 732 836
12  18 146 403 442 663 780 831 861 875 955 977 997
17  37 70 115 225 448 604 627 632 659 663 725 789 900 908 955 970 976
14  85 123 129 192 246 460 484 592 612 655 746 839 858 990
11  106 185 265 403 431 452 458 556 580 797 976
11  38 118 258 270 496 592 644 666 842 933 979
8  104 144 158 201 516 581 868 926
11  357 358 405 448 502 772 782 783 807 959 998
10  67 163 194 221 259 310 476 682 689 975
20  25 63 86 176 179 356 363 375 381 401 440 541 649 715 724 832 846 877 937 991
11  58 95 98 116 157 282 448 516 641 712 764
7  239 297 444 446 623 675 832
5  363 513 533 797 824
16  72 98 132 153 281 331 336 342 357 373 526 528 584 648 686 828
14  102 180 253 335 408 414 431 715 728 755 777 806 829 976
14  35 40 88 142 200 238 365 434 493 530 684 776 905 955
4  110 778 957 967
6  193 380 647 648 718 776
15  5 49 55 78 80 91 113 214 337 343 512 538 546 568 684
9  121 220 264 540 550 581 720 816 922
16  156 224 324 360 379 433 450 473 494 589 612 625 644 651 697 937
6  110 227 409 476 603 630
4  60 302 594 752
8  149 162 378 477 529 597 803 902
21  5 8 23 24 121 161 180 200 371 375 403 474 509 524 553 565 868 870 886 887 981
6  136 275 599 681 908 978
8  343 405 441 562 716 791 851 959
9  5 152 183 195 826 892 914 929 967
15  65 176 265 301 590 602 619 676 732 760 783 792 917 960 965
10  6 45 148 233 457 485 657 690 721 910
7  195 414 528 548 674 960 986
12  51 57 227 237 404 466 783 852 860 967 985 994
9  81 83 470 507 560 636 680 936 991
9  27 32 99 151 234 323 442 832 886
18  64 69 106 168 225 270 281 284 497 610 678 750 812 862 932 945 960 993
15  98 100 141 163 183 354 355 361 453 628 671 726 850 953 988
8  165 197 305 400 476 554 654 697
7  166 245 367 374 614 739 938
7  374 585 661 664 773 858 932
9  78 130 254 267 369 382 506 580 974
6  156 269 614 640 645 659
13  81 105 183 189 400 401 491 500 548 565 591 772 940
4  148 155 219 348
7  85 275 457 504 654 741 974
8  262 502 675 718 793 840 955 967
12  157 203 327 372 458 551 573 602 758 777 806 980
8  83 189 478 713 863 907 947 952
8  14 32 73 97 204 700 833 853
13  87 99 282 295 314 365 475 492 507 823 844 964 970
8  300 346 553 608 638 759 783 812
6  155 174 226 355 952 977
10  9 133 276 522 548 558 666 682 747 767
10  25 52 234 353 415 463 609 718 859 916
15  63 130 144 198 282 332 380 514 519 732 788 789 827 869 916
10  59 83 223 463 475 525 693 773 813 948
9  8 43 102 133 221 299 333 389 423
3  99 100 990
10  0 56 342 380 394 734 817 917 960 962
12  92 97 217 220 341 400 476 491 539 589 709 771
9  12 57 200 429 490 574 731 826 956
12  61 63 71 201 323 569 616 621 709 878 938 953
15  69 97 110 181 223 312 416 428 456 502 532 734 817 872 937
12  27 211 265 352 366 510 596 602 609 737 768 876
18  47 56 59 97 129 379 384 395 431 571 574 633 704 706 737 807 854 908
13  9 48 66 164 211 372 475 577 641 726 755 759 817
3  183 313 934
11  133 187 250 441 471 477 656 834 912 952 998
13  59 88 90 133 305 347 392 456 626 692 761 810 999
15  24 169 255 279 307 421 513 525 543 551 586 598 837 861 961
14  43 106 377 418 500 516 525 577 655 660 727 773 810 833
7  349 465 567 672 749 814 983
14  79 97 119 142 156 280 360 424 444 510 612 784 805 983
10  85 151 387 499 521 599 663 690 698 901
12  32 49 104 121 167 198 205 417 470 632 733 929
13  205 370 405 494 501 527 545 665 724 763 838 881 965
11  30 51 309 361 416 425 440 675 858 885 952
10  41 128 150 173 220 308 359 412 766 989
10  194 196 202 288 340 578 773 807 817 995
12  15 65 88 103 118 211 240 655 720 740 974 999
12  140 141 173 227 648 783 785 868 882 973 978 987
11  15 72 253 258 359 413 681 710 728 860 956
20  23 32 70 72 197 226 278 330 346 352 373 435 518 591 631 715 731 737 814 985
16  19 68 93 531 549 558 575 614 660 726 767 795 808 835 918 923
8  50 117 490 529 627 806 841 966
8  3 275 415 525 770 892 907 974
8  210 446 456 536 634 705 727 757
8  240 301 316 646 674 699 891 900
11  69 468 492 719 737 768 797 814 852 929 947
8  255 369 444 546 637 703 707 948
7  31 149 274 328 601 758 968
5  279 403 528 782 921
11  65 92 200 336 484 708 709 727 733 945 998
5  276 345 353 408 863
16  71 207 224 300 301 372 427 478 549 563 683 851 901 965 969 976
12  31 114 286 440 456 537 581 724 764 878 921 990
10  137 270 307 370 426 689 860 869 953 991
8  66 166 343 752 829 849 902 953
12  75 127 248 330 401 413 544 633 757 852 882 999
11  8 84 107 251 259 446 508 636 928 958 998
11  13 283 340 392 465 497 574 772 816 822 854
5  515 634 649 819 826
6  155 257 573 697 838 960
15  12 46 56 83 142 245 277 412 444 496 625 901 903 912 940
14  73 133 213 317 461 507 509 645 716 799 840 865 893 947
9  122 333 394 431 494 512 680 779 848
9  28 80 158 205 234 313 366 539 847
13  18 148 175 341 525 564 607 641 668 742 763 850 996
8  57 99 124 257 524 590 756 878
15  31 65 96 183 187 462 577 589 627 755 783 835 850 942 999
12  141 305 394 482 628 629 660 710 754 883 924 959
10  44 82 113 170 360 512 550 753 806 868
11  85 92 137 251 361 363 567 581 731 743 929
8  9 27 53 394 418 473 691 735
11  18 101 247 310 471 695 710 770 810 894 968
10  128 161 215 422 488 545 674 831 865 934
14  48 148 299 339 375 415 512 547 642 713 904 913 944 985
10  25 95 165 330 355 504 526 912 933 986
14  1 63 86 167 313 360 401 438 441 720 752 862 918 941
11  154 160 256 399 473 482 656 740 897 972 995
9  6 24 103 444 503 533 563 825 956
9  59 358 368 559 619 722 771 842 974
8  326 354 462 558 697 728 928 998
8  168 322 465 708 733 850 947 963
11  39 95 102 261 408 421 468 497 591 842 984
13  105 108 222 319 374 462 472 491 730 759 819 958 963
11  13 19 245 361 507 704 766 837 869 909 929
9  202 380 414 434 488 653 687 745 915
10  165 185 357 379 417 684 700 715 723 989
10  62 115 129 202 230 461 498 501 519 525
8  153 287 330 413 619 634 922 935
15  91 148 235 242 343 515 661 663 815 842 874 886 944 980 993
11  49 186 290 371 505 627 660 691 807 857 962
9  1 75 279 388 418 453 569 576 662
7  163 445 625 628 750 817 886
7  75 263 281 371 500 647 890
7  247 274 508 558 564 568 955
9  58 157 355 371 653 736 804 874 968
13  45 125 171 296 307 523 653 674 677 695 725 754 988
7  126 138 212 717 840 884 955
7  172 183 206 492 506 725 869
14  25 44 52 171 191 323 330 338 619 620 847 872 895 971
8  97 116 213 382 503 797 799 975
5  129 608 613 699 915
7  235 272 404 469 491 648 699
10  282 346 371 445 451 484 531 612 791 828
10  14 142 179 288 395 512 613 672 790 933
9  62 224 256 359 387 486 674 919 971
7  75 147 420 471 492 690 829
7  21 45 570 823 919 940 982
11  211 228 241 312 432 469 558 728 830 876 943
8  2 100 337 392 410 515 961 992
12  33 168 214 243 527 650 658 733 787 851 923 998
12  47 173 177 186 214 282 326 328 550 585 896 966
11  13 51 133 248 402 545 604 749 787 850 988
5  257 354 372 554 841
5  224 346 481 616 802
15  23 52 116 138 233 401 404 408 542 578 604 801 803 856 899
8  42 199 226 317 442 669 802 896
13  23 72 120 168 229 251 402 526 782 823 839 955 988
9  108 238 310 408 550 573 717 813 930
12  268 280 327 433 596 660 691 729 756 821 915 958
16  16 238 318 399 404 493 551 609 636 653 709 723 777 861 970 995
9  52 77 199 327 339 488 544 569 728
9  172 173 483 489 544 587 874 884 897
11  5 81 100 228 405 713 715 759 833 873 963
9  238 243 406 437 480 527 532 536 546
13  72 120 150 217 344 359 495 634 680 695 842 886 895
10  71 192 346 369 488 578 595 700 805 847
21  42 145 148 152 210 312 327 344 405 408 432 500 577 598 626 716 727 733 903 964 982
8  50 70 369 459 776 864 919 932
10  190 203 257 335 643 665 745 852 880 957
14  4 15 107 408 460 488 604 703 707 710 723 779 867 938
11  75 77 89 136 214 283 389 409 560 871 953
6  93 257 267 519 746 770
7  155 231 274 477 538 645 899
7  129 160 193 252 301 481 806
7  74 124 254 588 745 954 982
10  118 343 436 459 492 541 694 794 804 832
10  15 33 75 138 446 525 573 658 924 967
11  104 113 185 243 341 363 765 839 894 900 980
9  99 121 229 424 435 437 673 705 746
9  56 92 149 163 287 304 325 350 699
11  37 65 78 213 226 510 542 569 615 659 790
13  33 155 187 199 373 401 460 660 742 793 888 932 938
10  43 106 386 395 411 413 503 602 795 953
9  5 496 552 586 587 602 647 760 924
9  56 76 323 489 655 657 679 823 991
10  112 231 247 280 300 693 715 810 872 970
4  6 54 712 981
12  139 159 213 254 452 506 526 600 728 754 843 964
10  288 290 372 406 523 524 598 646 926 998
7  91 295 440 714 771 839 993
8  142 193 308 438 440 720 747 907
16  39 226 320 366 413 523 531 649 804 825 837 870 879 920 945 952
16  64 134 144 247 398 433 521 569 585 589 690 749 784 846 872 947
18  72 97 183 237 311 336 347 354 420 490 614 729 800 845 876 877 948 975
11  105 404 443 494 582 651 766 769 776 812 909
8  120 204 492 521 538 595 835 939
8  31 141 281 342 385 694 990 991
9  81 105 229 269 445 575 597 841 984
15  25 28 32 33 151 166 180 263 287 316 413 442 655 840 905
13  137 204 367 459 482 581 606 751 786 813 932 959 990
9  75 197 332 435 750 922 923 973 979
6  66 249 320 401 630 742
9  84 458 589 681 752 754 768 799 880
9  165 325 327 363 466 672 739 797 959
15  25 148 358 359 383 417 545 604 677 733 743 816 866 909 997
12  23 55 121 133 210 218 551 581 618 693 872 886
10  41 140 385 469 509 519 597 636 709 745
5  101 185 248 563 640
9  271 335 407 537 576 802 858 960 965
12  166 384 396 409 537 560 620 777 900 930 931 995
14  3 35 73 142 149 157 449 494 572 585 649 684 721 856
12  15 18 22 254 336 367 523 631 698 902 958 962
10  213 236 331 351 565 677 726 741 935 977
10  9 167 188 265 355 623 647 714 807 884
8  45 357 502 560 680 763 886 923
10  208 329 374 418 540 595 633 692 738 882
9  99 112 115 199 271 487 625 815 982
4  568 749 760 904
11  3 64 191 241 316 422 484 852 883 937 939
15  39 67 78 133 140 157 182 214 266 276 410 439 563 817 872
12  80 107 152 261 267 336 401 487 652 670 725 756
11  199 207 374 559 569 699 741 771 785 909 943
12  7 271 330 422 481 558 560 644 670 839 925 968
12  44 49 89 106 263 358 413 492 531 818 885 919
10  46 82 136 546 707 786 833 840 853 867
11  33 104 202 267 275 302 350 635 810 919 989
16  72 73 110 197 255 284 325 366 541 566 567 776 782 809 899 976
7  88 174 263 443 560 629 647
7  67 239 708 795 841 878 898
15  31 49 178 274 436 492 530 655 841 878 884 896 962 988 995
11  97 107 180 203 369 482 706 740 753 876 877
8  25 136 155 230 521 573 839 976
12  74 162 324 405 503 564 816 850 887 924 935 999
11  60 118 132 159 166 300 356 416 636 720 982
13  137 193 206 262 269 355 434 442 444 462 725 743 863
15  68 186 195 196 331 405 450 461 509 626 755 866 888 913 992
12  123 150 251 265 285 433 551 581 784 809 861 877
11  53 99 218 284 297 365 481 721 871 896 978
9  425 670 679 776 779 812 853 862 894
12  67 171 347 369 453 459 523 586 601 670 880 893
14  16 92 118 185 187 204 311 313 607 624 829 883 917 987
9  40 72 75 208 347 472 483 616 966
8  201 249 262 325 399 640 780 988
11  107 127 402 510 520 565 575 613 732 960 980
11  86 240 294 475 500 535 570 637 673 730 960
9  183 197 277 284 323 342 385 749 887
15  164 217 315 383 404 465 492 572 759 825 886 904 951 966 987
8  35 112 121 288 313 499 786 812
13  153 398 416 428 445 640 643 798 803 877 885 939 950
6  35 77 250 317 764 809
6  132 203 288 357 595 876
11  3 139 433 490 498 510 564 615 802 820 874
7  155 243 463 648 732 825 857
9  45 81 108 564 588 718 739 748 969
10  58 207 412 440 605 615 669 742 859 967
8  48 351 479 748 814 906 922 954
15  73 191 205 283 333 339 393 410 451 583 761 865 894 965 968
8  35 97 173 248 523 595 661 846
7  105 178 272 475 566 587 903
13  56 129 296 314 372 460 553 587 607 637 692 730 838
9  236 267 417 530 552 648 671 709 948
15  48 94 148 340 358 470 505 506 510 528 619 771 842 852 869
10  24 376 402 411 460 592 616 635 675 990
4  85 386 517 537
14  33 68 160 222 230 385 464 467 475 629 712 748 762 997
5  430 493 761 883 917
3  420 673 972
13  120 143 146 169 203 335 386 563 570 607 772 788 806
9  137 277 286 305 410 573 608 698 699
12  114 227 302 576 636 674 703 888 913 971 976 988
7  103 373 390 643 728 763 939
7  89 532 792 794 815 871 873
9  56 289 420 426 482 621 839 950 994
11  41 162 321 435 473 474 513 522 736 740 932
19  31 41 70 210 229 236 238 281 370 550 558 600 605 665 775 848 903 923 929
13  142 229 236 327 419 573 728 797 848 862 922 937 977
11  67 264 361 575 617 640 755 824 831 880 934
5  184 284 515 527 870
9  0 6 59 63 110 127 346 652 836
12  151 187 194 208 377 501 514 530 946 952 968 989
6  91 129 362 480 744 767
13  120 167 256 358 366 516 522 673 719 733 757 771 922
9  134 219 401 412 436 578 805 857 947
8  56 91 208 267 377 495 857 953
12  165 206 284 346 417 567 680 684 815 829 847 921
7  303 482 578 651 762 791 974
9  33 35 49 57 343 346 711 760 924
9  55 201 217 243 553 583 775 860 880
8  60 115 300 369 459 598 631 678
11  21 152 329 463 655 666 707 866 923 940 969
10  39 248 373 390 545 569 683 706 817 829
13  70 121 184 398 445 490 534 574 843 866 896 918 983
14  14 90 173 277 305 341 495 575 581 687 748 794 937 945
5  215 335 504 555 763
12  17 71 199 209 237 268 275 471 489 615 754 948
8  63 161 207 353 457 637 795 869
6  52 501 614 761 776 999
9  73 242 484 555 618 680 737 839 940
8  73 141 155 328 537 589 927 972
15  66 111 223 255 499 519 614 633 642 692 733 749 768 840 930
11  102 295 439 463 526 700 734 841 908 942 951
12  42 306 309 358 383 406 603 614 645 974 980 985
13  72 141 308 367 411 454 475 501 519 571 600 896 920
7  51 65 327 346 442 894 948
14  17 56 110 341 358 532 548 606 692 696 712 721 839 927
17  4 51 161 317 361 392 425 460 480 613 681 706 741 742 818 830 931
6  54 208 216 525 822 903
13  36 114 374 494 499 647 648 661 690 781 784 804 962
6  85 160 367 705 726 765
10  323 359 372 470 479 500 585 638 662 816
9  310 371 380 551 591 744 770 806 859
11  7 62 209 252 375 445 653 672 755 847 851
16  47 137 388 390 422 462 493 674 676 680 703 747 856 891 892 973
11  10 83 153 238 303 313 391 528 644 714 796
9  251 343 467 481 703 777 859 877 955
10  1 128 243 285 322 401 501 768 770 810
11  82 111 154 329 371 381 523 559 694 814 835
12  24 219 237 302 314 483 508 674 720 739 856 904
9  30 175 219 502 619 729 798 889 894
11  265 298 308 369 452 662 673 677 690 824 902
10  102 150 426 580 735 759 782 870 904 927
9  94 251 491 542 574 579 739 901 937
10  56 115 119 122 141 284 648 694 807 833
7  45 227 437 474 786 792 917
10  5 19 111 222 450 584 641 764 914 946
13  20 43 186 228 285 312 600 627 641 725 848 960 998
12  98 100 122 392 541 685 689 724 730 766 933 949
9  139 468 478 553 575 654 787 841 999
13  58 425 480 499 630 648 650 660 739 874 879 917 990
17  1 110 148 155 163 186 244 275 399 487 509 573 630 647 696 860 923
14  30 74 185 201 208 233 271 280 455 562 601 671 725 885
9  25 54 116 198 568 580 634 651 848
12  10 114 361 423 553 637 691 776 825 891 949 988
6  138 581 611 636 670 834
11  36 49 71 120 336 532 794 814 822 864 881
5  422 499 716 717 939
11  91 120 131 136 168 315 342 447 611 769 845
11  83 153 286 446 498 523 618 677 727 761 949
8  39 77 86 252 409 524 676 762
13  145 180 219 253 352 441 452 572 640 643 725 888 894
11  136 469 552 681 783 799 804 877 890 917 980
15  57 125 250 266 270 313 314 322 407 429 558 722 773 873 927
9  344 616 649 702 740 844 847 910 976
12  143 168 230 499 528 596 627 655 678 741 832 844
11  55 258 310 397 422 424 434 509 567 796 883
9  261 287 294 346 519 604 680 776 837
9  24 282 289 316 353 514 640 677 920
11  108 460 465 537 558 629 723 764 807 857 877
10  8 50 113 168 345 478 503 618 752 998
12  38 69 174 177 240 329 331 508 573 647 852 912
16  133 255 427 500 512 520 526 653 712 737 744 767 797 836 973 996
13  70 90 227 388 422 629 713 724 743 754 880 944 975
