1000
15  30 162 254 262 276 364 380 384 407 533 573 685 686 789 984
8  55 90 201 321 345 377 867 906
11  42 145 230 248 254 405 437 558 842 947 955
9  50 335 347 356 424 531 618 907 929
9  106 119 286 660 753 780 807 833 990
10  46 61 231 233 330 495 700 829 937 980
6  296 329 805 888 912 944
11  260 382 419 493 513 578 745 837 915 947 979
9  83 115 176 179 201 217 463 481 956
10  381 444 460 483 578 811 816 819 835 905
12  151 163 192 269 336 515 548 563 646 647 913 931
12  65 150 175 180 243 255 379 396 451 798 880 896
10  61 105 185 289 501 566 612 784 786 902
18  22 165 233 275 281 307 312 382 397 403 508 600 641 644 832 860 955 992
12  142 144 193 261 294 300 344 444 683 696 792 999
15  22 29 61 179 187 205 396 398 431 511 575 763 863 878 888
6  184 234 407 590 850 858
14  19 137 268 492 687 709 734 755 768 833 874 876 884 907
10  106 208 652 658 715 738 740 769 822 828
16  17 138 145 150 160 235 395 433 446 574 581 587 620 731 904 939
3  235 673 790
11  77 201 251 356 459 523 529 559 665 905 929
11  13 15 113 126 213 346 468 517 630 709 753
8  233 279 446 532 601 899 943 986
13  30 63 137 334 383 640 667 688 743 759 761 881 890
7  63 352 424 611 852 944 980
11  113 356 408 422 574 582 620 694 782 787 898
6  147 399 611 667 827 842
16  45 59 174 188 215 220 253 256 446 529 567 618 631 639 680 879
12  15 263 381 464 500 503 581 608 664 854 949 951
14  0 24 221 286 309 315 356 453 564 747 789 790 873 941
5  281 443 555 679 859
10  151 261 317 331 451 460 552 643 694 742
8  59 367 412 415 437 467 609 977
4  113 114 293 428
20  44 178 208 232 241 259 299 309 447 459 504 707 721 742 782 891 947 955 958 987
8  45 99 106 118 562 683 727 904
9  113 130 174 204 363 397 497 590 938
11  171 181 251 269 283 420 422 451 715 854 961
10  45 131 139 153 367 552 572 956 971 996
3  121 648 978
11  95 190 250 275 343 351 436 478 714 893 981
11  2 43 203 339 402 509 559 613 640 692 994
13  42 91 234 279 405 569 644 687 737 848 870 894 987
9  35 232 313 592 733 768 811 899 986
11  28 36 39 398 412 456 534 640 713 866 961
12  5 320 397 401 454 466 673 738 762 786 796 858
10  106 169 171 451 457 556 684 886 964 969
9  126 141 203 402 430 444 589 775 829
10  98 127 133 371 700 748 785 877 911 971
10  3 87 112 217 265 300 357 408 635 892
11  140 152 304 342 395 397 430 452 474 539 787
14  194 242 274 327 408 448 503 567 577 581 629 712 880 944
9  61 194 217 478 563 639 773 830 934
5  90 426 508 543 625
11  1 59 111 365 403 450 706 713 864 891 987
9  94 219 337 391 624 666 670 701 958
10  348 410 522 589 671 709 747 855 857 948
16  66 210 223 225 246 271 296 316 498 551 557 616 620 732 783 849
11  28 33 55 272 415 509 551 655 671 740 999
12  144 188 266 278 285 350 519 589 781 785 909 959
13  5 12 15 53 71 126 349 351 470 499 527 811 861
8  92 191 217 501 623 642 718 793
9  24 25 74 196 606 666 738 883 912
9  98 125 274 634 639 702 812 905 959
11  11 68 315 327 329 421 688 707 716 793 957
7  58 134 313 402 465 725 802
5  301 354 536 611 797
14  65 118 271 291 307 343 365 380 509 538 645 667 733 923
13  114 368 496 535 547 558 595 617 716 754 818 835 986
15  194 260 274 305 411 486 509 510 610 725 729 752 786 841 857
6  61 294 317 550 655 690
6  255 323 598 647 819 987
13  188 249 325 422 492 537 713 722 723 784 844 930 946
14  63 122 128 254 296 381 383 424 466 519 606 651 897 974
11  200 354 525 638 674 707 776 798 913 922 956
8  282 513 521 618 736 899 951 970
12  21 103 170 232 383 401 507 622 668 711 762 849
9  133 210 254 403 417 525 553 798 930
6  351 715 721 747 865 889
11  160 240 302 494 511 514 735 792 814 834 852
7  92 121 325 409 680 768 862
12  159 235 312 373 532 633 654 717 729 869 969 974
10  8 91 568 572 578 662 743 767 772 894
11  109 226 300 386 467 539 560 653 740 804 997
9  142 536 555 661 741 917 948 964 996
9  190 522 564 566 799 803 875 918 935
10  50 223 282 579 585 737 839 859 891 979
10  94 198 313 351 519 581 651 676 791 980
7  312 664 716 900 925 927 991
9  1 54 152 155 211 356 795 832 850
11  43 83 215 264 461 482 580 587 605 767 821
11  62 81 154 211 235 326 398 847 926 966 996
8  119 132 140 205 361 363 584 727
8  56 88 109 500 529 664 802 873
10  41 121 176 268 331 370 666 675 688 944
13  109 173 304 393 502 516 543 626 687 739 822 880 962
6  186 635 730 792 873 882
14  49 64 120 191 284 415 506 580 590 636 640 659 742 779
12  36 114 202 251 266 309 363 379 409 548 894 916
6  147 179 244 553 906 998
15  121 138 297 331 338 405 424 426 428 457 478 583 775 802 975
11  128 359 435 511 535 712 721 769 806 813 900
10  77 346 364 597 625 653 775 815 911 960
6  286 432 465 568 768 944
14  12 131 156 305 328 342 355 533 545 618 670 724 742 963
9  4 18 36 47 352 671 840 862 903
14  126 222 246 252 267 279 362 382 456 475 825 858 933 951
7  191 338 362 785 813 848 986
15  84 94 96 125 159 168 370 625 655 662 679 701 702 918 934
16  248 371 375 405 454 501 570 581 598 680 779 836 857 924 969 994
9  55 117 169 171 392 522 760 853 927
12  50 163 261 275 336 604 779 784 802 880 918 959
10  22 26 34 37 257 375 451 551 589 682
9  34 69 99 138 147 497 800 832 894
13  8 213 253 345 349 465 520 663 727 781 941 944 976
4  133 588 666 902
7  111 415 519 834 864 925 935
7  36 68 321 757 849 892 942
9  4 93 151 352 442 560 657 727 923
13  98 153 371 474 486 587 668 758 838 946 953 960 990
15  40 81 95 101 124 205 299 356 537 547 657 666 736 779 851
18  74 196 210 277 282 315 327 380 383 432 531 579 610 673 861 917 956 987
5  272 623 703 768 952
8  121 249 285 305 309 390 421 646
14  64 109 168 179 311 314 335 410 669 835 838 890 902 973
15  22 48 61 107 168 451 532 539 559 607 648 702 716 859 868
13  49 216 220 292 325 344 545 649 721 754 796 861 993
11  74 102 182 257 333 484 529 719 875 885 965
6  221 317 323 589 759 846
9  37 174 227 386 524 532 582 589 878
17  39 105 178 254 255 264 284 303 371 443 504 552 693 757 809 889 908
6  93 216 702 713 720 999
8  49 78 116 306 417 535 747 943
6  66 476 490 699 738 923
7  195 443 624 626 703 960 979
9  165 171 408 480 557 593 776 805 888
9  17 24 264 281 428 516 609 851 914
19  19 101 114 190 273 294 374 436 464 547 596 612 625 627 693 708 765 819 963
8  39 281 438 465 501 514 711 792
12  51 93 244 277 437 449 691 873 893 900 953 983
14  48 328 361 398 409 433 492 637 667 717 753 849 872 965
9  14 85 169 444 591 675 698 932 992
5  181 484 741 772 894
8  14 60 148 561 597 737 775 800
9  2 19 394 424 565 567 597 730 993
6  247 350 698 805 815 922
11  27 100 114 161 280 329 469 498 717 875 980
10  144 272 320 384 664 680 708 718 749 828
5  208 235 596 789 811
6  11 19 304 389 429 697
9  10 32 119 172 192 272 287 603 967
13  51 90 184 310 431 468 470 486 641 671 735 854 903
10  39 120 180 396 430 444 471 515 862 872
13  92 187 252 303 355 504 581 645 647 711 768 868 989
10  90 163 317 322 429 795 806 821 839 855
9  105 174 184 187 457 557 628 759 917
6  197 292 643 671 758 907
10  218 265 348 452 493 633 694 874 923 993
11  82 109 168 368 595 679 736 774 803 863 906
13  19 80 321 345 401 425 457 559 585 604 840 898 912
7  147 162 240 522 758 759 821
6  0 161 242 350 692 812
9  10 112 155 441 633 755 795 867 992
6  380 383 611 816 886 943
11  13 136 291 387 606 711 735 786 798 816 944
7  414 476 496 623 649 804 806
13  229 332 348 406 426 480 518 528 622 645 789 868 984
13  109 125 126 159 267 413 450 467 686 885 917 938 968
11  47 111 142 221 320 339 543 705 815 851 928
8  77 292 415 518 602 684 788 919
16  38 47 111 136 222 315 404 437 559 635 695 703 748 777 816 896
7  151 179 212 387 799 857 942
10  96 236 260 321 908 939 949 967 970 994
13  28 37 130 156 197 221 257 334 587 620 668 681 897
12  11 452 483 526 561 596 679 745 837 890 975 988
10  8 95 258 517 577 704 755 870 900 924
7  211 320 347 380 391 843 899
9  35 131 581 585 632 710 730 767 975
15  8 15 100 125 172 229 296 320 404 609 620 679 727 879 919
11  11 153 348 379 448 529 619 697 739 807 973
10  38 143 391 548 605 608 700 765 871 937
10  128 187 296 375 377 504 510 807 881 964
16  199 314 320 354 429 473 579 591 654 695 719 846 916 947 948 953
13  16 152 156 226 239 322 325 366 399 657 779 932 955
7  12 310 506 569 682 751 879
15  97 278 349 388 404 419 445 504 524 526 537 584 587 745 853
7  15 154 156 182 347 406 780
9  28 60 73 326 389 676 754 919 967
8  201 292 307 594 760 782 812 910
11  41 86 138 199 555 567 608 639 659 687 781
11  62 98 108 227 399 498 592 596 801 860 905
9  10 151 481 517 567 623 642 673 723
8  14 652 657 705 884 954 957 960
12  52 53 70 266 284 419 718 819 829 898 948 980
3  135 229 326
10  63 122 222 310 505 619 779 855 915 921
10  157 174 234 314 382 421 548 740 899 932
10  88 201 373 386 800 807 854 976 995 998
9  183 190 344 477 581 666 785 793 796
12  75 254 456 493 562 694 712 717 808 854 871 874
19  1 8 21 189 198 223 244 250 381 466 467 477 480 484 552 590 651 672 974
11  99 212 218 415 421 479 480 586 728 822 962
13  42 48 214 269 368 420 512 571 573 604 802 837 999
12  37 312 326 374 526 559 632 706 739 780 836 865
9  15 93 121 246 292 335 730 859 942
6  330 383 457 829 836 840
4  247 250 586 752
10  18 35 149 298 447 513 605 678 710 982
9  226 328 428 462 487 488 667 705 811
10  58 78 122 325 532 589 783 800 907 970
12  90 92 177 213 293 424 457 464 565 717 879 918
7  172 202 433 748 876 895 909
12  22 115 211 324 326 365 397 507 820 922 960 970
11  203 236 308 400 408 455 586 610 806 822 850
7  28 91 323 574 784 870 960
6  127 132 303 399 494 600
10  8 50 53 62 235 562 632 655 972 995
8  158 202 259 371 436 656 762 873
5  56 221 339 753 923
13  28 127 312 402 454 502 528 555 642 656 657 673 816
15  30 129 169 174 219 256 335 369 565 692 702 762 821 913 966
13  107 171 196 298 337 338 365 380 408 638 698 836 956
9  58 87 201 477 611 717 765 784 928
8  346 370 554 577 661 717 743 761
10  58 266 326 355 512 746 783 809 822 902
8  84 184 209 248 329 490 806 905
7  130 191 326 794 826 876 998
17  276 343 487 562 623 629 656 676 701 711 818 846 862 874 946 962 990
9  167 179 195 418 575 630 666 730 777
16  2 281 327 367 456 513 522 543 629 674 692 823 920 924 958 966
8  5 234 329 348 425 490 533 596
10  35 44 77 707 713 848 896 970 978 979
9  5 13 23 308 404 501 805 809 865
11  16 43 197 231 335 457 466 823 864 935 951
14  19 20 82 92 149 217 242 477 536 685 740 792 903 937
7  173 214 346 417 497 716 988
7  404 656 659 702 740 767 904
5  240 406 537 683 885
7  184 322 339 376 543 713 745
13  80 161 238 403 432 517 521 525 629 760 781 822 968
9  35 281 351 456 478 523 549 768 782
8  52 162 235 559 692 694 773 856
7  11 480 576 712 721 791 862
13  100 140 201 409 429 434 462 595 599 729 874 880 913
5  258 385 842 960 969
11  58 107 205 368 422 440 470 496 515 661 965
6  146 207 443 517 701 951
11  2 110 226 399 479 528 625 659 685 718 909
8  73 124 306 580 755 811 906 989
9  41 201 207 341 349 505 781 838 886
10  21 38 99 258 277 339 408 579 582 813
14  107 154 261 266 577 608 622 646 661 713 731 753 778 939
6  28 115 303 581 598 657
13  0 2 74 78 131 200 507 557 634 759 764 839 851
11  11 72 131 452 549 563 602 624 809 845 924
9  28 221 454 468 481 660 851 897 956
10  113 128 174 484 498 573 608 638 766 916
8  176 245 251 391 524 586 620 771
10  35 218 308 411 434 520 525 540 685 720
8  7 70 173 278 279 478 929 954
9  14 32 112 252 462 560 856 869 908
9  0 290 344 367 483 490 672 767 884
9  29 283 374 449 468 515 619 634 832
8  91 131 137 373 637 843 874 899
6  50 158 357 474 531 807
12  60 99 194 225 252 421 512 565 596 673 804 935
9  107 168 341 370 478 605 654 712 753
9  17 95 491 603 697 704 821 828 838
9  10 38 203 280 373 494 698 750 914
9  308 467 634 638 673 800 813 825 892
9  58 68 282 287 399 717 781 826 969
17  59 123 148 151 353 651 687 697 721 748 814 864 879 911 969 974 978
3  138 844 900
10  52 64 70 294 295 321 535 552 704 977
14  13 41 112 346 447 453 481 499 521 672 737 844 921 994
9  0 228 326 488 591 640 721 971 999
5  122 140 251 462 612
12  60 186 260 295 316 391 501 574 654 725 922 945
10  23 43 107 260 345 362 425 479 704 843
5  147 269 434 766 888
12  13 31 137 139 230 241 676 851 883 928 947 954
10  76 87 122 271 332 369 496 622 867 903
9  38 263 359 383 453 556 719 810 871
12  98 131 194 391 488 497 579 666 673 780 829 890
10  60 124 374 434 460 491 569 719 809 943
8  4 30 104 338 623 692 694 830
7  151 271 292 303 500 672 770
8  364 388 436 467 668 888 943 974
5  12 337 352 412 659
5  262 533 888 907 962
10  68 165 432 704 708 760 767 922 928 968
13  127 157 170 189 205 287 437 543 646 764 813 905 923
10  34 211 425 482 725 784 796 851 869 917
7  14 71 138 274 451 562 663
6  274 278 425 721 835 887
8  6 58 74 179 182 405 908 961
9  101 504 641 660 671 701 809 945 951
10  208 222 317 333 434 463 518 524 920 953
14  35 121 326 366 543 575 706 709 741 769 783 858 876 888
12  14 50 84 376 480 644 674 684 761 799 927 965
7  67 421 655 662 728 756 985
7  80 353 606 653 676 700 951
13  131 154 216 253 287 343 364 439 505 700 779 813 890
9  51 96 150 416 516 555 653 753 882
9  70 105 124 390 473 512 882 938 956
7  133 249 309 317 361 366 574
11  13 68 189 333 357 399 432 507 607 619 853
10  214 233 259 270 458 599 609 744 750 930
14  30 35 99 124 306 367 379 437 460 634 692 819 916 924
11  152 185 196 360 383 442 494 503 519 667 945
6  125 338 387 411 465 925
12  13 82 89 204 220 597 710 794 889 929 967 969
6  44 66 88 389 666 759
9  125 183 197 457 510 583 645 665 964
8  30 65 122 171 378 449 665 830
9  58 278 328 362 448 452 520 676 774
10  32 71 129 155 298 306 325 396 442 452
3  357 605 904
9  370 407 497 597 654 755 813 899 954
13  46 148 169 177 179 183 455 531 667 682 860 862 939
12  1 118 160 173 274 331 453 499 563 655 729 880
10  155 184 239 479 483 526 711 763 801 823
11  72 129 215 362 452 477 558 626 677 684 897
8  213 327 420 627 646 876 880 969
11  73 81 127 184 210 317 696 723 731 826 854
15  92 188 195 204 213 225 227 276 299 391 435 451 545 621 916
16  52 65 122 230 324 400 426 461 601 610 664 735 864 910 916 971
10  105 141 209 316 420 453 470 577 756 941
10  6 65 147 226 231 751 757 807 953 969
7  5 206 412 699 849 861 975
12  32 95 101 321 344 355 389 498 687 691 904 975
8  167 282 386 505 517 530 644 813
11  128 298 307 372 406 540 600 687 775 817 934
7  24 174 344 466 610 645 856
12  3 125 205 221 234 459 574 719 855 902 930 939
8  10 112 348 398 412 415 482 570
11  56 222 289 419 475 504 529 749 795 811 901
12  101 108 222 286 311 356 375 402 571 698 903 993
16  42 169 219 239 251 385 396 447 458 517 575 664 761 851 869 880
7  361 486 611 740 793 832 865
9  250 267 462 628 833 873 876 898 903
8  51 105 410 433 552 620 649 846
10  41 68 228 303 425 441 649 867 881 936
14  14 127 199 262 331 334 502 585 647 650 758 791 975 998
9  1 115 160 279 632 655 730 766 940
10  22 103 224 236 275 389 469 529 707 746
6  3 177 187 501 508 633
12  57 158 167 180 231 336 438 634 657 676 900 933
9  61 115 186 250 368 479 611 658 938
10  60 146 162 418 469 492 512 768 900 982
8  41 61 79 88 241 409 906 992
8  25 106 119 289 565 727 888 924
12  272 302 358 386 400 630 733 811 816 857 897 954
8  67 75 183 495 554 799 845 979
11  105 154 225 331 369 563 616 648 731 844 917
13  3 21 26 30 90 121 338 417 586 602 616 856 901
13  50 265 307 318 359 384 633 683 754 815 826 944 984
8  353 517 657 670 764 887 888 986
7  102 283 357 500 538 733 932
9  310 513 521 557 643 760 796 932 984
11  93 141 306 340 531 535 578 686 719 726 930
13  107 108 279 316 323 374 447 504 518 558 592 670 880
6  37 93 99 462 665 666
13  0 103 288 303 491 495 643 659 667 705 828 868 964
9  55 68 213 222 367 462 716 859 921
15  184 299 306 396 435 463 532 534 584 604 783 899 900 902 917
11  33 39 230 262 309 365 401 413 555 748 866
9  69 159 203 246 349 428 674 751 794
12  221 282 355 370 426 533 648 713 722 807 929 964
11  95 109 224 267 319 369 385 455 540 585 670
10  49 110 120 131 218 511 690 768 931 947
8  333 510 599 626 633 779 826 837
8  82 198 264 269 519 554 602 851
14  138 204 263 285 362 474 562 594 663 686 763 830 919 996
10  110 113 182 338 456 489 510 797 819 823
9  239 300 383 589 644 866 888 951 962
11  1 182 445 484 543 617 647 797 915 933 955
5  315 528 555 839 901
7  11 99 180 309 422 435 722
11  0 68 122 164 177 222 538 543 684 879 908
10  9 29 74 201 392 514 735 791 793 912
12  7 13 107 197 415 449 519 631 652 740 865 990
14  24 74 77 122 164 206 283 310 376 478 670 906 943 956
9  0 148 357 616 683 831 932 970 980
8  245 339 370 396 403 417 549 711
12  84 130 198 332 353 594 607 690 708 798 813 844
8  165 172 311 397 525 920 935 969
12  186 288 529 549 616 695 798 851 866 871 905 994
13  150 188 313 331 346 569 649 652 700 740 829 833 974
8  124 305 616 695 703 710 895 982
12  56 177 181 258 278 284 326 551 560 835 889 951
5  111 381 660 769 992
5  96 618 744 821 915
5  145 515 540 911 971
6  19 51 460 473 546 550
13  11 15 153 317 339 366 385 482 501 528 575 735 927
9  13 37 46 51 213 387 581 659 892
15  15 45 92 141 336 410 578 609 742 747 806 811 838 961 999
14  27 184 191 216 248 271 307 403 649 721 823 826 931 983
6  214 327 353 454 521 994
9  46 77 160 367 631 701 713 715 877
9  42 48 66 220 338 482 576 585 884
11  13 55 78 240 385 399 519 861 870 900 985
10  171 179 186 233 237 415 609 699 722 996
11  2 43 101 110 296 522 599 636 664 693 844
12  167 187 238 333 463 497 499 577 642 872 899 965
9  0 16 319 519 731 744 838 979 990
9  26 50 52 136 214 222 251 529 629
11  81 99 141 244 351 434 442 538 645 784 851
8  57 125 342 398 538 549 609 741
12  70 259 311 414 478 596 692 799 810 814 855 924
11  33 45 289 330 336 441 516 551 631 724 926
5  168 367 676 785 884
8  166 411 424 566 645 677 725 749
13  33 59 98 117 170 202 336 382 404 442 596 600 800
9  304 538 561 575 672 681 862 904 939
14  78 133 236 356 385 615 636 776 804 825 849 884 951 972
9  229 350 457 520 553 608 841 902 992
7  7 186 194 337 490 534 679
10  38 203 324 328 490 638 748 755 915 950
11  65 124 197 202 266 301 445 448 489 631 676
12  26 38 73 246 379 468 574 707 872 902 919 983
8  427 429 459 524 673 923 946 992
9  3 25 74 101 145 211 414 522 802
11  160 231 279 293 295 343 571 582 634 779 828
15  54 101 167 327 369 460 486 492 528 606 684 718 812 837 873
5  423 533 656 895 929
10  34 101 137 209 368 429 582 690 794 967
19  150 155 183 244 423 428 436 447 515 568 594 634 667 831 857 894 912 952 956
12  48 51 153 469 574 618 735 742 850 874 908 946
8  15 152 507 689 730 817 882 950
11  104 122 240 291 307 474 493 650 780 783 957
12  19 141 212 342 434 546 650 792 872 880 977 985
14  244 259 280 285 298 409 433 490 541 727 747 856 876 984
13  102 326 366 379 497 508 654 698 736 774 796 929 954
16  41 138 218 288 429 486 537 584 638 694 719 720 723 762 867 936
9  2 33 140 171 292 309 628 701 746
6  139 348 500 690 962 963
6  303 463 518 679 704 983
4  246 774 883 941
10  163 343 412 576 616 689 839 841 855 882
9  119 310 317 409 415 599 707 917 984
10  31 131 135 247 508 577 790 844 887 896
9  9 14 48 142 153 650 721 769 803
8  186 377 421 485 532 649 780 982
8  19 23 28 506 712 723 949 980
10  35 208 275 339 362 429 491 720 751 822
9  52 180 316 421 479 657 696 770 971
9  140 263 315 382 453 699 806 874 953
5  55 168 492 873 978
13  11 32 38 47 113 126 294 326 553 651 837 919 958
9  51 158 175 255 316 317 323 541 742
10  30 275 283 321 328 449 488 532 572 875
11  46 110 220 256 400 620 670 780 864 950 992
8  214 320 370 561 573 612 878 904
11  45 107 200 230 241 375 463 705 913 930 951
15  47 101 156 160 206 211 234 314 418 491 518 762 765 771 980
7  308 339 501 704 727 874 951
7  21 35 335 423 508 790 844
14  9 32 285 309 395 426 500 505 534 747 766 813 832 967
9  91 327 535 634 758 875 952 966 969
14  209 244 261 277 341 363 365 660 664 686 871 944 951 953
10  8 298 366 406 439 456 508 549 798 905
9  29 138 211 591 810 830 941 976 993
14  66 104 115 139 311 549 701 709 739 771 799 803 904 908
11  46 74 201 234 334 506 571 693 751 859 930
14  33 84 168 201 270 288 611 655 782 862 897 905 913 929
9  22 152 256 263 422 477 512 794 920
8  147 346 350 430 601 625 758 785
7  61 152 246 328 660 743 871
7  153 482 587 637 832 964 971
3  848 891 921
5  183 305 395 574 865
12  51 120 265 374 432 572 603 725 783 816 933 946
8  107 337 539 636 756 801 807 977
10  134 166 485 585 611 613 709 861 942 965
12  199 201 223 235 323 468 480 608 672 724 736 984
17  41 53 101 241 260 267 383 411 538 664 811 839 843 867 870 900 980
17  202 248 279 322 349 448 515 521 584 611 649 719 777 824 898 958 969
11  136 167 201 202 243 300 477 712 759 938 997
9  8 192 256 275 505 617 660 897 933
9  91 293 336 396 402 471 515 787 792
7  9 175 262 322 686 818 864
13  128 143 201 257 377 532 586 599 611 688 765 935 941
5  445 476 816 921 946
14  70 120 152 340 426 436 507 555 707 775 816 846 851 888
7  209 228 510 519 673 693 828
11  209 276 284 453 527 529 534 558 636 880 930
7  375 421 527 537 605 675 997
11  134 226 231 262 419 420 434 517 610 788 797
7  268 285 364 447 457 706 823
9  17 73 141 350 426 450 530 648 972
15  7 158 200 432 501 587 625 648 681 689 809 837 864 941 995
10  80 216 269 310 514 539 555 683 745 827
7  5 354 364 507 546 826 879
8  69 166 246 282 594 754 901 973
12  37 114 236 284 319 406 435 532 550 587 801 812
6  58 147 191 257 331 770
13  61 275 321 406 592 609 719 725 782 831 845 862 947
14  29 94 287 359 438 460 633 637 639 655 700 910 933 935
13  12 62 110 139 233 278 347 396 458 493 751 848 917
5  96 220 344 652 959
5  29 52 310 705 907
16  35 131 154 182 186 297 337 362 540 566 711 721 737 800 812 944
8  196 250 303 332 460 481 592 708
6  98 185 446 466 624 704
11  77 213 254 307 431 486 495 867 946 993 996
13  13 54 347 435 443 459 463 629 637 674 760 874 893
7  42 59 68 70 730 815 977
9  70 182 314 372 375 487 621 817 866
11  15 80 102 371 518 572 622 689 846 936 956
11  203 225 266 305 350 468 522 569 739 779 865
7  7 76 208 230 360 546 908
10  80 139 381 494 520 540 645 807 810 931
11  10 153 246 263 394 429 479 482 700 752 758
11  96 137 304 412 531 541 632 656 678 783 834
13  22 176 192 240 247 332 339 358 490 552 588 625 710
11  167 170 298 362 439 457 511 639 741 857 925
14  60 74 88 117 310 373 382 403 407 487 688 790 817 869
9  115 259 316 418 514 531 545 565 635
9  76 240 275 360 400 479 720 779 837
12  57 86 111 161 230 405 424 512 553 644 666 920
6  21 241 563 610 632 881
10  130 186 258 298 423 613 739 777 778 881
11  75 78 240 259 387 653 706 743 776 817 969
15  175 186 204 322 593 623 663 708 750 761 792 837 868 936 962
8  61 488 489 541 623 644 854 922
9  167 220 248 378 396 426 655 785 896
13  21 28 94 128 180 337 346 388 408 488 614 853 910
8  332 492 535 600 873 874 898 917
17  3 122 265 320 361 516 520 570 682 745 787 812 824 849 929 937 989
15  23 82 126 130 210 366 445 453 484 497 563 632 772 921 997
15  0 105 231 290 369 427 646 670 678 698 708 828 837 899 929
13  45 366 419 460 488 753 783 804 826 852 898 923 997
12  69 102 133 274 361 461 530 544 620 727 808 860
8  67 85 235 649 671 768 796 905
8  73 121 186 238 436 489 716 768
12  68 359 380 409 410 416 478 597 636 823 876 894
8  51 84 126 475 494 558 978 994
11  259 333 370 394 504 514 607 637 667 894 903
11  434 452 516 527 544 616 707 759 788 828 985
4  573 749 914 948
11  54 96 169 230 239 292 299 377 380 722 725
3  535 541 620
12  105 127 326 520 565 594 726 842 897 929 934 973
7  395 433 495 513 554 570 682
7  69 121 138 600 640 873 939
11  10 99 181 197 576 620 811 870 872 873 890
13  241 255 385 388 410 463 465 574 623 711 889 908 993
8  71 395 497 565 579 580 692 765
9  58 59 113 391 412 657 749 823 931
9  32 39 131 201 274 342 517 797 996
9  78 100 418 451 522 783 807 956 987
5  224 354 373 546 943
13  31 85 190 220 304 367 378 486 494 709 756 787 918
7  47 283 601 804 820 856 929
12  58 136 156 254 360 600 603 715 784 848 889 962
8  2 69 323 362 488 539 804 921
10  21 42 126 160 171 204 242 611 672 844
4  84 119 261 391
7  144 175 416 455 640 812 819
7  36 200 217 228 294 374 898
10  10 53 255 321 355 523 532 853 900 949
5  30 86 568 677 995
14  145 211 221 266 352 520 545 550 592 604 816 883 942 962
14  12 86 414 504 634 653 745 772 813 814 831 856 940 957
7  28 52 145 190 192 585 736
10  83 104 429 564 629 635 721 738 814 865
11  43 185 285 389 512 644 739 814 856 866 967
7  110 336 531 546 641 661 996
7  203 338 425 466 741 769 817
6  39 83 453 474 511 989
16  0 203 257 455 542 612 625 754 788 824 834 838 841 865 878 933
14  19 26 215 278 306 335 422 430 473 549 613 625 855 958
11  15 229 299 339 396 416 608 632 882 950 989
8  243 402 441 548 615 867 907 998
12  52 176 224 252 328 406 443 581 669 713 762 764
10  7 9 83 361 398 626 628 742 769 771
9  87 122 183 251 284 550 743 904 976
9  91 98 249 550 636 651 666 713 831
14  19 29 52 88 110 154 178 199 253 397 577 763 790 858
10  26 130 251 425 428 705 706 741 861 887
9  101 314 610 628 817 851 887 921 938
12  93 186 366 436 479 607 677 807 898 900 938 992
16  87 160 178 344 370 402 476 567 622 710 735 771 846 885 886 979
10  202 207 214 258 356 484 594 602 783 948
11  19 91 120 174 186 471 493 497 790 833 978
7  116 517 591 601 652 656 693
11  48 57 60 113 129 130 210 376 667 790 951
4  16 37 98 201
7  142 183 276 464 588 643 855
10  44 191 362 499 505 565 697 708 861 888
5  136 526 695 757 910
9  189 374 386 429 496 545 586 735 972
6  69 159 244 720 845 945
11  138 149 175 191 231 266 411 415 771 830 839
7  103 144 145 312 319 538 932
6  72 110 253 633 647 701
11  244 308 372 405 442 484 616 667 789 845 906
9  13 216 333 415 530 547 557 886 977
8  23 327 469 556 588 684 752 985
8  170 255 356 373 586 789 966 969
10  151 268 474 557 628 643 651 817 883 978
12  112 160 203 366 565 645 690 757 823 833 835 882
9  91 181 208 267 318 489 856 902 996
6  63 74 165 302 426 990
7  126 307 386 540 584 621 823
13  29 181 190 252 257 418 477 575 613 644 742 933 934
13  33 137 179 308 398 404 410 499 630 645 830 865 891
10  70 122 214 327 334 490 523 583 768 875
15  25 27 67 164 223 340 349 467 476 479 484 559 778 946 980
9  12 138 277 455 573 738 955 971 980
9  42 476 524 574 608 732 758 760 915
4  529 729 791 922
4  417 576 648 690
13  58 355 356 384 388 390 441 541 599 658 698 827 984
6  69 377 481 701 909 939
10  3 28 76 105 393 430 642 745 850 862
7  180 196 263 307 759 828 905
14  19 26 58 174 179 258 342 454 535 544 548 663 667 852
5  326 510 607 669 982
8  77 167 252 282 511 585 761 932
11  62 123 166 192 228 286 526 527 549 702 892
7  56 135 255 506 727 938 977
13  54 103 109 138 248 469 493 517 573 574 682 795 840
9  96 135 323 372 578 753 824 850 962
4  138 324 685 785
9  156 341 437 578 583 603 892 897 999
9  52 228 230 240 408 508 568 953 955
7  22 229 353 609 631 688 701
13  28 382 401 412 421 630 649 657 684 697 782 800 947
14  178 204 217 345 516 523 532 575 675 695 744 817 957 971
10  82 158 163 347 357 372 500 598 864 914
11  64 254 263 270 309 348 425 429 461 566 716
6  50 97 171 520 568 659
12  98 405 417 475 488 538 580 782 821 892 927 963
9  141 264 471 500 508 540 787 815 866
8  75 222 257 270 420 436 741 834
6  28 53 64 190 500 518
13  24 42 45 98 276 547 561 757 762 813 847 854 971
8  13 152 297 570 705 743 814 929
6  62 192 220 406 618 764
13  32 157 360 364 591 603 692 705 726 754 772 811 999
11  13 43 300 332 376 522 527 569 608 830 954
10  68 154 167 314 334 409 414 514 604 609
9  10 124 252 292 324 533 740 898 948
12  10 72 154 344 377 598 709 712 717 781 809 992
10  40 126 355 369 492 493 615 693 785 946
12  127 166 342 343 389 399 445 479 536 631 706 708
11  344 432 433 444 657 669 751 796 856 920 948
11  74 88 201 272 451 580 603 687 715 835 927
10  18 193 382 389 502 588 784 885 915 930
9  84 103 302 304 525 566 702 714 865
9  82 183 267 278 319 435 842 861 895
14  59 71 109 217 301 321 345 467 500 528 679 705 790 904
11  218 220 228 237 427 516 588 661 737 885 961
15  119 121 184 193 220 253 348 358 448 551 631 650 710 726 943
12  18 349 616 665 777 789 816 831 884 900 909 930
12  98 190 237 248 289 364 397 635 729 844 864 984
12  4 256 297 392 462 470 481 673 685 792 899 905
9  85 224 246 252 570 656 905 907 918
8  83 109 301 693 770 899 924 960
7  115 294 374 526 620 805 953
13  29 89 94 148 327 339 405 462 478 724 746 845 978
9  21 314 315 363 658 692 820 823 960
12  56 63 95 116 121 199 229 284 313 363 522 580
20  24 27 68 141 209 310 320 364 429 540 589 599 620 697 729 827 855 910 973 983
9  77 120 174 288 822 838 861 914 989
6  125 577 621 650 792 967
11  56 105 358 362 370 383 454 533 825 847 964
9  57 59 106 152 157 297 536 893 967
8  201 262 275 287 416 477 559 895
13  20 46 122 192 220 266 270 284 423 487 660 753 831
8  75 230 300 368 508 710 722 877
8  95 142 489 632 880 980 987 990
11  88 188 228 281 302 316 348 413 421 680 856
9  323 414 564 584 826 840 935 956 977
7  208 516 533 852 871 886 983
11  31 109 159 175 179 419 439 655 692 705 950
8  28 81 110 148 676 714 736 844
5  174 416 493 925 932
8  113 185 320 531 546 625 725 801
10  14 36 238 357 384 494 861 887 923 986
10  47 170 300 323 380 426 601 631 804 836
11  0 235 248 259 627 660 709 779 888 966 994
6  0 168 361 374 462 483
10  17 43 96 190 272 331 333 651 710 913
10  24 65 95 484 519 630 775 800 888 941
9  431 441 493 511 762 864 946 947 957
11  71 371 386 428 438 604 615 767 866 958 965
4  140 331 765 980
13  42 162 221 230 242 286 309 411 550 643 665 679 953
10  131 138 405 466 487 588 648 662 824 858
7  26 32 158 200 242 286 436
7  171 183 388 390 593 632 704
7  14 325 448 758 842 894 961
9  150 180 268 272 592 631 667 764 967
9  142 146 222 269 338 435 533 616 794
9  134 330 404 449 756 895 914 920 998
13  5 49 181 302 303 389 500 515 718 719 823 843 954
14  56 109 228 247 297 401 437 465 598 617 630 708 871 927
11  64 109 126 132 221 237 623 653 872 874 905
5  123 135 171 390 898
12  176 268 274 279 291 439 458 506 695 785 824 927
11  169 193 209 364 456 503 582 641 643 655 679
9  55 204 299 491 525 582 649 740 768
13  35 65 75 232 346 422 442 486 541 756 845 960 987
12  138 148 291 386 505 526 533 592 649 701 907 955
11  17 22 57 299 465 476 555 647 685 900 954
13  178 208 312 390 517 585 657 674 687 819 843 925 989
9  77 139 154 165 228 322 385 504 549
11  52 102 200 243 267 446 480 647 847 873 971
15  45 55 73 132 232 239 252 369 401 577 580 764 895 897 989
7  41 653 680 726 877 913 928
8  18 38 79 401 557 651 870 922
8  65 69 89 126 236 365 537 634
11  82 141 147 200 211 223 224 271 647 785 972
11  62 148 194 248 426 700 741 787 879 886 928
15  128 183 283 285 335 361 436 479 499 700 831 846 882 886 889
6  132 259 436 447 521 595
16  35 79 102 127 243 272 276 295 399 444 504 568 727 759 905 990
11  73 369 379 404 543 674 755 769 770 912 976
6  73 192 325 436 446 840
8  105 412 477 664 755 801 858 921
10  66 70 278 293 414 474 499 543 682 858
9  361 545 643 657 714 742 786 939 940
14  36 93 115 119 179 352 434 458 535 624 721 749 871 931
3  202 301 972
10  70 82 244 321 614 659 667 739 891 958
11  97 145 178 205 229 345 431 509 788 910 999
8  19 252 325 355 407 869 875 988
6  58 613 799 939 954 968
7  44 68 353 359 746 887 979
3  17 736 814
11  80 152 165 327 381 396 430 585 594 783 997
12  76 121 159 435 477 567 680 734 746 765 944 948
6  43 87 144 275 504 656
9  18 46 63 134 568 612 752 874 942
11  96 180 204 465 512 524 569 729 789 910 930
14  18 59 84 197 235 237 340 382 389 646 706 769 860 888
11  85 143 299 410 518 571 582 638 718 903 985
13  32 35 98 105 398 430 452 578 608 726 805 902 997
10  24 83 224 470 525 579 641 776 976 996
7  308 393 407 632 923 926 974
10  7 175 186 239 494 531 566 618 872 995
7  225 346 437 664 733 736 841
11  30 57 79 133 398 434 460 836 928 983 992
6  49 171 212 272 367 420
8  148 337 414 542 551 727 782 885
6  269 308 526 818 927 972
8  185 329 368 447 466 501 650 912
5  70 207 515 601 738
12  4 22 141 219 252 267 304 534 626 673 860 947
10  69 127 188 357 496 573 643 785 963 976
12  17 163 176 249 319 420 722 724 797 901 947 952
9  301 328 475 555 699 707 797 840 978
8  118 131 329 593 604 640 768 905
12  120 157 161 344 461 469 515 613 696 779 870 987
16  24 129 156 161 254 313 480 541 619 721 797 803 886 909 914 949
14  111 189 240 291 360 508 613 766 808 839 851 904 920 958
11  24 224 300 339 526 622 777 790 902 962 996
11  46 77 218 221 436 457 577 640 689 768 878
10  15 322 374 581 784 816 867 908 996 997
11  254 292 358 577 642 697 713 780 786 796 855
11  138 181 223 457 484 550 691 736 915 942 988
9  257 280 345 460 760 801 856 899 974
10  83 91 178 237 262 291 690 774 905 988
20  17 44 81 104 123 154 241 350 371 536 537 610 706 757 762 808 829 888 921 953
11  18 102 299 392 444 571 578 722 740 776 777
7  287 448 498 662 722 839 976
7  258 457 465 578 585 596 832
9  83 143 532 566 643 837 902 927 986
9  53 242 775 813 838 866 877 936 969
7  159 316 435 440 767 829 949
9  48 101 103 144 333 486 688 773 979
9  75 136 417 525 743 769 788 799 834
7  171 229 479 524 658 761 769
4  252 524 611 901
14  98 110 112 121 184 196 303 372 425 512 521 685 758 965
10  4 187 204 284 432 445 454 764 805 976
10  60 115 190 240 250 271 647 785 831 839
14  26 35 189 241 467 499 631 636 749 783 794 795 889 961
16  58 210 225 299 366 432 474 516 534 553 586 735 782 878 937 985
13  12 73 112 215 223 293 409 557 652 763 837 898 928
16  49 60 108 199 413 469 528 627 648 704 717 754 781 940 972 996
8  12 46 70 165 726 764 802 843
9  26 51 482 531 555 637 718 845 959
10  170 490 541 573 730 776 797 826 891 908
11  0 30 149 167 599 602 658 739 876 967 982
11  20 30 443 459 519 581 587 589 655 761 939
5  88 243 344 381 614
14  14 80 97 139 235 433 482 526 660 669 879 906 940 988
7  62 65 199 340 381 947 953
11  227 312 368 428 468 698 782 816 891 965 995
9  90 155 163 337 625 782 950 959 962
9  46 127 199 293 360 435 536 650 764
10  67 375 377 490 552 755 756 759 788 974
8  11 75 78 165 386 388 463 823
10  86 172 300 354 411 465 732 776 813 867
9  114 144 198 210 270 415 504 631 688
9  191 322 475 497 682 724 766 871 987
11  66 94 101 112 203 424 786 817 822 867 955
10  86 159 444 465 759 862 915 921 982 988
9  84 166 266 417 534 556 558 684 927
10  6 136 146 233 663 742 780 806 928 987
12  102 155 166 214 226 398 449 805 826 866 879 884
11  4 180 182 198 265 329 369 475 514 553 584
5  200 535 760 768 931
12  131 225 233 255 285 297 493 647 909 937 974 992
9  283 411 464 514 874 883 892 919 968
14  9 44 61 149 209 249 337 353 398 478 548 643 936 943
9  64 162 189 426 497 504 531 561 926
17  102 108 251 270 292 303 319 332 386 460 566 640 773 799 864 906 924
9  80 272 411 566 568 569 641 734 906
7  103 146 169 357 509 637 895
15  9 164 165 171 220 353 474 485 486 565 658 763 794 847 972
13  333 431 510 519 525 571 583 603 632 802 849 928 992
7  69 228 483 750 825 858 870
10  9 72 138 194 309 375 561 710 927 992
5  213 556 665 850 910
8  91 155 161 221 268 393 636 894
12  18 96 202 214 225 240 447 668 802 873 931 974
14  230 234 322 375 399 491 538 551 604 607 665 700 798 884
9  479 531 573 626 693 704 883 907 989
8  107 270 417 670 818 866 893 948
15  227 271 325 357 372 399 495 534 677 788 806 948 967 982 985
6  27 494 616 667 841 949
9  18 148 268 364 425 487 533 541 619
10  5 48 194 206 284 389 768 774 847 870
10  53 286 315 374 464 596 609 644 839 961
11  384 429 499 566 580 658 673 719 781 908 938
8  13 90 114 263 340 460 471 771
6  4 17 341 389 587 604
6  80 117 516 573 638 776
11  9 69 125 295 391 604 651 944 953 978 982
8  110 204 206 222 684 747 843 878
16  7 175 203 372 426 451 493 521 526 533 772 784 843 965 969 977
10  120 125 250 268 398 407 573 668 773 977
12  87 155 254 378 441 478 596 760 770 781 830 850
10  106 160 206 625 677 723 756 886 959 996
8  70 418 441 573 746 827 923 978
6  2 27 245 545 654 696
10  177 264 279 478 700 710 786 836 837 856
12  73 273 275 355 386 405 443 459 559 659 680 968
9  255 354 499 595 599 664 707 787 886
9  129 183 228 342 486 511 585 719 934
6  92 640 670 712 816 829
8  43 108 232 472 501 557 857 932
10  58 77 118 141 330 417 531 817 922 930
9  16 90 214 430 618 626 820 839 982
14  121 137 169 254 256 281 293 339 373 388 409 486 583 760
6  25 80 534 620 678 908
5  111 186 307 529 563
9  29 38 152 198 200 325 527 640 870
12  57 155 196 335 411 441 574 591 667 764 869 958
15  242 261 334 356 434 556 566 569 605 650 676 766 843 895 975
15  57 70 110 172 353 429 518 848 867 877 881 902 952 955 981
10  16 46 107 299 581 693 724 725 818 960
6  31 87 126 205 365 466
8  13 191 320 535 740 753 912 976
11  61 122 127 330 403 476 582 592 654 668 683
12  81 106 153 228 243 320 416 467 499 618 803 871
5  15 159 918 937 988
12  55 117 234 272 327 454 483 493 633 659 689 813
12  79 204 233 340 382 473 512 568 573 609 653 950
12  45 367 376 388 510 569 637 690 773 806 825 869
13  1 163 282 343 436 478 507 576 763 799 802 857 922
6  126 154 167 364 526 964
11  82 261 293 339 519 731 855 866 871 911 981
12  43 176 215 403 478 548 715 758 818 829 854 882
14  181 200 283 388 462 470 678 701 727 801 862 869 940 945
8  141 153 406 422 433 548 702 745
15  30 94 97 140 218 341 426 450 530 547 548 712 822 878 920
14  17 158 200 228 244 264 430 449 458 508 530 702 738 810
7  86 128 147 453 461 610 731
11  17 212 227 299 324 341 434 538 789 885 900
7  49 401 674 714 773 857 924
8  15 130 455 573 762 783 836 873
12  28 179 185 211 272 380 495 718 792 806 943 974
13  11 52 96 112 244 321 324 339 362 433 488 675 929
8  24 182 343 523 524 857 971 990
11  97 304 305 431 441 575 604 719 870 897 982
9  63 281 440 565 603 810 824 897 927
10  17 193 262 402 413 417 658 806 823 903
9  128 168 238 585 652 656 749 876 993
13  47 164 250 585 600 678 718 719 759 840 845 902 918
9  295 358 443 582 583 683 733 945 972
16  6 15 136 280 288 290 299 352 358 376 486 592 685 688 740 768
10  79 131 312 391 549 557 719 782 965 990
7  24 125 175 284 303 548 938
9  35 55 87 472 609 729 788 794 909
10  50 118 270 397 623 628 636 810 947 982
8  41 140 508 671 825 902 976 994
13  43 83 99 114 143 429 538 540 696 821 935 962 993
11  212 390 427 654 672 699 713 815 856 923 995
6  11 171 232 443 528 921
12  74 174 256 323 353 467 481 545 628 713 882 883
12  26 160 194 341 479 530 534 562 584 646 703 784
15  23 44 76 177 197 264 319 366 406 533 660 662 766 983 994
17  89 102 140 176 273 348 350 366 403 478 563 584 658 709 876 958 989
6  337 356 378 496 755 778
15  12 116 125 225 335 366 418 422 605 742 761 772 857 886 893
9  106 152 235 282 338 341 540 741 884
12  19 36 237 318 331 416 455 465 579 655 760 957
17  9 21 64 191 226 292 388 463 467 536 619 660 661 702 721 757 767
12  1 100 159 249 351 383 599 792 813 814 908 943
10  3 17 157 210 290 503 576 661 708 824
15  131 173 261 296 380 430 465 513 549 763 788 831 852 906 914
8  60 212 248 617 658 759 809 891
9  189 327 500 529 593 667 730 739 820
5  49 103 272 394 869
8  6 63 160 381 429 722 751 860
10  10 75 221 244 456 467 687 714 984 988
8  137 269 542 633 668 699 759 908
11  7 196 377 393 420 613 652 765 803 933 951
6  99 183 257 309 326 327
11  85 122 156 168 293 355 366 442 501 530 944
8  86 109 112 211 555 661 863 886
7  170 179 188 374 422 451 810
10  230 298 387 468 522 650 699 760 873 921
15  196 275 365 472 485 532 558 583 724 768 803 896 920 981 995
11  75 146 213 278 291 527 614 715 849 867 932
14  68 119 134 158 219 292 423 534 683 744 841 895 937 982
10  110 176 230 255 309 352 411 662 813 877
6  89 117 311 518 681 710
4  92 412 744 812
14  89 111 300 396 636 651 701 704 750 772 804 819 883 940
10  169 223 281 291 714 718 747 784 805 817
14  3 21 260 312 369 427 435 467 531 533 545 556 641 880
15  73 78 308 335 361 456 466 488 652 658 739 849 939 946 967
8  10 371 399 514 551 727 808 822
13  142 184 197 359 360 384 597 622 681 848 922 966 994
10  107 348 377 474 481 500 573 608 915 964
7  53 109 333 545 608 846 983
10  86 117 234 266 387 484 500 677 894 968
8  343 436 511 526 773 811 971 997
8  5 181 235 531 783 809 863 923
11  37 168 305 349 480 583 584 624 831 890 975
12  19 173 252 320 335 416 547 617 726 732 790 930
8  345 566 726 785 792 871 927 987
8  30 115 328 440 464 484 493 688
7  118 172 205 476 565 738 765
11  23 133 164 285 288 383 554 657 811 879 906
14  6 25 52 95 104 115 165 357 462 504 736 835 917 957
6  278 297 310 595 871 887
12  73 120 228 423 430 474 485 507 611 648 689 930
14  2 7 35 183 281 371 499 631 689 753 755 793 892 960
11  57 85 183 194 542 586 646 650 736 825 826
7  29 173 446 563 759 774 827
8  420 431 454 575 679 795 865 958
16  29 76 107 234 247 297 302 376 391 417 456 458 462 589 915 994
5  123 429 461 755 857
13  120 140 183 298 329 449 462 629 663 692 768 793 835
10  193 260 281 319 353 435 644 700 709 732
10  2 13 35 184 377 612 629 708 802 857
13  8 39 75 122 222 256 305 383 429 511 553 677 998
9  65 193 432 566 632 689 904 944 964
14  35 56 230 451 479 574 690 729 760 855 900 950 985 988
7  60 64 112 502 787 795 840
12  103 120 135 193 213 215 245 662 665 707 858 947
8  38 45 296 398 656 696 782 830
14  96 202 228 290 376 438 526 557 565 626 761 795 894 992
6  105 138 438 636 754 982
11  47 85 182 314 364 369 471 670 868 933 957
11  128 141 246 300 406 476 690 779 794 837 889
7  92 221 230 461 602 685 932
13  151 173 188 312 428 460 569 669 671 697 789 826 930
7  168 240 291 732 810 844 935
16  47 82 110 245 271 272 312 324 329 387 461 479 525 602 773 837
6  76 173 210 213 232 384
13  39 49 276 327 394 448 471 612 632 640 712 881 936
10  217 417 492 594 717 728 750 785 816 887
6  125 180 496 545 667 986
12  74 82 201 272 288 389 744 766 797 809 822 879
8  101 175 178 330 331 344 856 938
11  115 198 464 579 722 743 754 770 780 860 893
10  33 274 433 475 509 600 624 677 837 838
11  40 232 272 450 539 587 603 664 756 835 841
9  7 87 135 232 354 407 585 733 775
13  5 25 88 147 194 384 446 457 478 611 612 675 691
4  41 857 869 921
15  208 350 390 445 621 789 803 826 835 850 882 892 923 963 984
9  140 399 422 439 667 678 747 899 934
11  0 167 357 360 434 442 477 616 659 913 982
9  301 403 433 541 601 741 783 826 958
8  23 44 69 108 358 683 772 973
12  35 43 55 72 122 553 675 707 758 801 805 940
10  175 236 731 765 767 792 803 863 913 958
10  154 249 531 572 575 668 710 713 824 900
10  4 120 228 382 407 606 675 721 881 889
1  89
15  13 142 163 351 392 418 423 454 584 647 747 809 817 819 962
9  127 145 158 338 464 507 549 885 894
12  42 110 173 275 388 400 539 685 893 899 932 951
8  198 217 493 564 745 794 895 921
14  39 85 92 374 404 507 552 570 605 743 761 763 785 840
9  84 480 489 532 534 735 742 763 936
7  100 198 227 344 576 699 956
9  14 59 132 203 276 398 628 643 730
