1000
11  266 364 572 578 653 703 723 801 874 961 997
9  92 246 291 348 417 499 542 733 739
9  36 176 193 287 307 447 633 898 996
9  318 446 485 562 564 658 865 924 967
12  141 404 416 490 554 555 657 853 864 938 952 998
15  13 178 254 285 304 354 412 517 522 602 604 700 719 977 988
15  206 236 247 328 403 493 499 527 609 642 753 806 892 898 918
11  41 147 293 438 499 600 674 900 977 988 994
8  21 84 281 303 356 607 677 878
9  117 123 374 470 495 564 620 644 990
11  118 162 176 238 266 406 443 495 499 686 885
10  27 56 108 196 369 405 568 610 795 947
11  126 208 259 357 420 471 497 569 583 604 706
18  5 249 299 306 406 516 542 577 689 700 717 735 787 836 880 915 983 994
4  136 262 897 948
9  71 92 128 296 387 469 574 857 917
4  144 159 243 657
8  28 174 276 329 716 740 856 893
7  30 48 283 433 454 953 999
4  316 706 763 976
12  43 53 243 296 318 535 676 704 795 827 883 990
12  8 81 109 146 163 365 500 534 833 913 918 987
18  178 218 222 395 415 432 468 469 533 580 612 648 663 665 709 764 858 964
8  69 198 301 400 709 768 820 949
8  338 376 585 766 775 854 905 922
7  38 150 196 261 403 760 940
12  149 257 303 619 697 734 782 800 826 837 965 976
11  11 78 95 153 227 329 390 490 594 705 998
11  17 106 279 438 484 491 493 569 782 802 953
11  81 162 365 489 523 546 583 740 860 873 961
10  18 158 163 380 440 451 691 754 946 976
10  69 171 224 440 450 714 798 884 917 992
5  67 187 227 383 586
9  215 288 409 433 458 582 609 647 705
8  45 221 244 270 320 433 850 896
7  242 402 712 730 743 777 998
8  2 240 562 793 808 859 914 973
10  48 327 417 469 480 592 624 690 812 960
8  25 164 196 429 585 713 911 919
6  147 202 570 646 668 912
15  120 145 307 392 399 474 526 583 626 649 669 814 908 987 993
13  7 170 206 220 449 543 624 651 708 755 854 906 942
11  74 92 202 330 410 463 490 554 584 773 866
11  20 113 172 214 266 425 772 851 916 925 989
9  379 433 434 470 493 656 725 939 991
8  34 168 170 209 662 707 915 946
7  92 211 476 544 621 694 836
7  230 278 554 932 950 983 996
15  18 37 75 156 177 196 270 355 412 512 548 601 760 888 906
11  224 228 285 555 676 738 818 890 900 928 952
3  658 842 994
17  61 69 72 204 260 308 374 393 516 525 614 643 729 784 844 874 979
9  89 190 389 404 458 522 632 870 978
13  20 94 168 223 243 287 457 711 733 755 775 816 937
7  119 414 462 672 787 790 949
16  76 78 92 113 191 414 492 582 594 604 692 771 823 941 956 974
13  11 168 311 329 382 396 487 544 687 706 717 932 980
8  312 389 545 573 592 800 892 917
6  60 99 204 209 393 591
9  176 383 450 465 491 704 804 848 927
13  58 235 240 268 384 403 487 526 622 852 930 934 952
15  51 62 141 376 423 506 571 578 660 701 734 842 882 914 994
7  61 128 374 554 625 701 729
11  116 243 354 700 761 877 886 919 939 943 950
12  158 160 177 211 215 337 378 451 556 750 793 836
12  88 150 180 292 300 466 482 539 615 638 755 852
11  167 227 248 277 316 405 469 610 712 714 831
15  32 100 169 261 428 478 728 774 779 806 821 866 943 985 987
10  152 184 201 344 460 514 570 696 752 942
10  23 31 51 101 143 176 340 411 532 919
11  79 117 168 221 450 478 522 546 613 855 862
9  15 432 467 519 608 701 710 713 878
13  51 141 216 250 360 483 619 685 712 789 860 883 908
10  131 281 365 429 444 591 666 792 797 910
12  42 145 252 540 554 556 574 597 704 807 851 964
13  48 148 166 336 343 448 547 586 596 664 741 861 938
10  55 86 151 449 528 674 684 760 793 981
10  122 215 279 403 602 654 743 832 940 951
13  27 55 96 168 183 542 714 829 858 933 951 980 987
10  70 82 263 294 460 530 578 590 669 683
8  240 273 471 649 730 849 925 928
18  21 29 84 96 101 151 157 241 288 449 527 536 602 611 953 972 988 994
12  79 135 211 213 332 531 532 699 789 810 937 941
8  95 145 298 583 605 919 981 999
10  8 81 103 262 571 593 698 752 886 893
6  125 574 633 678 872 931
11  76 183 204 294 349 374 569 673 741 945 996
13  118 124 169 289 326 348 403 593 669 730 764 884 939
11  65 181 256 404 556 642 692 758 913 919 925
6  52 100 151 333 523 666
5  189 378 459 828 852
9  147 195 237 248 318 357 392 542 940
15  1 15 42 46 55 247 367 373 391 426 454 495 650 730 758
13  101 262 267 373 512 686 717 738 780 824 917 926 991
11  53 240 584 599 623 646 753 761 763 832 845
10  27 83 377 383 511 555 558 729 837 850
12  78 81 219 242 251 269 436 490 528 637 673 841
11  192 221 334 453 456 473 601 793 928 955 973
15  180 246 297 312 322 457 496 547 585 614 780 821 900 907 961
10  58 440 525 620 652 698 708 752 914 990
6  67 89 476 571 681 870
13  69 81 93 228 346 347 395 416 510 543 608 962 976
9  125 132 180 257 264 421 513 527 750
12  84 129 253 460 575 721 826 863 904 928 932 949
12  279 451 467 493 524 525 540 543 690 716 770 895
8  350 387 397 407 411 652 660 801
6  28 266 318 383 616 658
12  176 236 441 500 601 636 673 789 810 850 880 916
7  11 163 182 287 531 699 882
7  21 119 154 279 390 781 900
9  116 179 184 267 467 470 604 699 990
17  161 247 293 301 372 427 428 469 488 565 600 638 703 705 754 806 907
10  261 323 333 381 489 634 652 814 821 837
15  43 55 165 221 224 229 238 378 402 452 603 635 726 934 954
5  375 413 945 965 993
9  170 314 392 404 435 452 499 501 711
7  63 110 359 406 432 437 484
13  9 70 184 276 338 366 760 778 818 935 938 942 965
11  10 87 298 316 397 462 495 646 740 860 956
15  54 109 279 338 354 469 581 619 625 629 645 686 772 918 935
14  40 127 172 186 290 307 346 457 463 470 499 684 708 717
7  270 306 364 421 517 575 896
6  77 139 145 339 558 933
13  9 168 244 485 492 611 661 663 671 829 949 969 986
8  87 261 290 357 370 528 621 847
12  85 102 222 269 321 396 671 740 770 842 922 981
12  12 187 280 324 499 511 563 565 804 827 924 978
11  120 185 273 462 594 642 697 756 785 808 991
13  15 62 188 226 264 327 391 400 510 533 560 580 833
10  103 215 289 398 853 858 882 933 980 992
10  247 336 347 349 427 429 555 875 886 971
10  73 217 318 417 548 647 659 747 764 872
6  102 447 500 625 750 996
11  227 375 465 580 641 686 694 845 846 949 980
5  196 401 423 674 803
8  82 309 508 667 713 738 757 915
6  14 214 476 689 708 712
6  193 259 578 671 802 902
6  380 438 477 517 755 969
12  122 150 188 240 254 280 301 305 359 599 771 813
11  272 288 358 550 605 646 718 850 886 911 965
10  4 61 72 379 408 495 501 833 835 978
13  144 171 178 221 419 461 627 635 652 744 772 880 942
11  69 259 466 476 611 718 720 820 853 921 936
8  16 142 286 421 486 736 778 955
8  40 74 83 122 235 409 696 840
12  21 174 233 237 255 412 578 692 711 856 869 891
12  7 39 91 282 409 544 570 733 740 826 926 989
6  75 237 371 410 517 922
13  26 199 310 349 511 592 631 633 668 851 852 921 925
10  25 65 139 213 266 533 707 735 750 771
11  76 81 89 267 276 477 497 713 834 922 944
12  68 238 298 355 453 466 543 558 769 815 879 931
7  27 163 257 724 802 894 964
13  109 186 420 604 609 739 744 802 831 878 904 920 963
2  477 998
16  48 258 307 319 334 391 395 435 534 540 598 702 786 796 813 877
12  81 168 348 481 504 587 631 696 737 802 848 915
12  30 64 162 264 309 313 379 437 581 704 743 861
10  16 203 271 317 368 612 725 727 811 980
11  64 267 304 350 385 481 576 605 704 864 944
13  111 227 252 333 343 409 511 513 600 617 645 712 854
6  10 29 158 280 380 994
11  21 30 108 153 169 239 362 419 514 523 542
7  38 376 626 687 699 747 957
6  113 252 369 573 654 684
15  75 167 170 253 256 274 359 471 560 594 697 755 790 839 940
8  66 166 253 330 467 484 537 765
18  45 53 56 70 78 123 157 256 389 408 462 511 557 626 638 666 923 941
10  67 87 163 216 351 365 621 861 899 916
12  41 45 115 166 348 358 463 628 695 737 810 864
10  31 142 365 504 844 889 891 901 909 976
11  43 120 217 232 372 386 514 684 713 856 919
3  317 814 979
11  17 146 371 469 523 533 756 812 821 909 925
12  269 410 433 510 549 601 606 655 707 725 820 898
12  2 10 59 69 107 300 305 464 506 540 572 818
11  48 64 254 260 447 478 565 568 902 945 947
17  5 22 142 327 392 429 431 502 541 554 612 703 760 936 940 955 966
13  110 258 381 432 543 574 623 644 656 678 751 851 932
13  65 98 102 279 297 412 459 471 493 499 531 898 973
9  88 249 280 318 377 411 605 654 660
6  108 331 405 438 646 998
11  78 86 190 194 279 291 311 409 466 542 638
9  68 110 117 238 247 350 379 466 716
14  127 207 367 419 429 477 666 667 702 770 773 801 915 968
9  120 154 498 637 745 910 949 955 971
12  32 126 196 404 455 485 697 726 727 859 899 956
8  128 139 461 476 599 639 785 982
4  90 291 313 821
11  52 183 270 287 291 402 454 482 483 490 873
8  55 200 266 488 664 835 895 928
11  97 365 399 525 539 563 584 629 637 847 903
12  2 137 271 313 337 345 379 382 583 717 923 959
8  183 270 473 562 615 690 739 975
8  91 287 359 653 660 777 994 995
14  11 25 38 48 134 187 282 440 480 488 635 740 798 875
8  422 514 543 554 561 582 605 937
10  23 213 343 350 450 594 663 675 734 858
7  149 344 567 643 655 834 836
8  191 543 819 838 875 883 907 967
7  68 376 420 491 538 679 842
8  39 42 314 386 552 733 770 901
13  159 343 388 498 517 568 580 638 658 701 706 804 895
3  51 58 86
5  329 519 606 733 745
11  6 41 270 449 567 573 598 665 795 908 925
9  185 315 423 464 501 707 784 974 980
9  12 369 398 405 552 764 778 872 906
13  45 58 222 328 367 438 580 601 708 757 873 885 907
15  259 320 383 398 422 426 456 485 489 555 560 663 719 926 984
14  46 64 82 217 259 263 371 429 460 489 506 795 859 963
12  243 319 346 377 430 449 640 756 767 808 819 933
12  82 150 198 238 365 467 469 596 628 690 911 994
6  43 136 363 535 585 804
10  33 64 77 129 256 448 449 456 583 925
4  72 169 438 825
8  131 172 211 407 530 575 806 840
11  22 264 275 326 371 542 654 668 753 948 976
5  96 234 259 267 491
7  41 536 560 667 759 782 793
12  34 70 97 113 142 226 322 455 677 793 803 869
10  22 125 209 260 317 389 435 672 814 950
9  53 278 327 475 649 662 804 815 938
11  31 49 113 515 517 529 614 673 920 934 999
6  311 346 490 496 812 971
11  128 221 407 590 710 715 792 807 861 869 998
12  27 32 66 133 161 305 351 707 728 897 943 962
8  49 101 278 381 408 484 653 715
5  113 372 743 780 871
4  47 528 577 646
6  421 582 705 729 736 858
5  172 288 451 565 908
7  146 279 538 677 821 847 870
12  219 312 343 415 668 688 722 804 850 906 942 971
8  60 145 349 387 414 514 784 820
10  6 107 434 439 454 484 497 727 836 895
17  91 146 148 244 250 360 379 491 506 526 558 560 609 679 808 978 992
20  10 113 152 184 213 256 303 386 398 409 472 542 549 576 661 671 688 700 855 887
6  163 344 717 768 876 898
10  36 60 80 94 139 362 638 759 886 914
9  81 244 356 592 698 760 813 830 994
11  35 96 317 493 625 718 721 793 850 869 948
12  16 20 53 63 212 263 331 375 485 699 812 823
14  34 123 237 241 281 372 417 420 477 728 864 892 900 908
8  250 268 310 315 435 483 584 953
8  1 98 395 589 722 750 901 950
16  6 92 111 130 184 278 344 475 496 508 582 638 658 679 773 779
10  66 91 281 362 402 616 751 783 872 887
13  13 181 397 431 451 458 489 519 530 536 553 580 666
12  72 237 245 264 414 485 575 600 617 730 809 908
8  96 257 402 563 611 708 751 815
4  74 161 165 322
9  103 166 167 323 777 832 835 882 919
7  5 139 177 410 484 714 946
7  146 301 310 442 655 865 974
11  88 166 168 215 238 688 694 813 834 846 901
13  26 102 153 251 293 300 454 679 696 700 931 984 992
14  156 179 274 280 376 389 456 484 567 626 788 901 949 952
12  12 137 143 210 211 219 280 351 381 655 904 924
10  51 177 222 285 296 362 571 648 728 918
13  25 67 112 124 276 317 413 456 540 642 823 910 969
7  14 84 93 459 613 888 907
10  79 211 243 359 429 574 617 645 694 845
14  102 128 158 218 250 314 329 383 463 481 584 723 790 979
7  427 580 651 654 755 756 965
20  0 10 43 106 150 191 347 387 392 461 560 669 688 691 802 816 893 921 928 936
13  93 110 151 160 219 363 616 674 678 688 708 710 760
11  60 245 423 452 628 636 721 828 833 996 999
15  96 125 175 319 371 406 450 451 537 663 687 734 764 903 931
16  34 48 121 190 194 206 317 330 393 401 404 436 550 680 703 752
8  159 193 437 472 560 607 860 918
6  140 496 533 607 679 771
7  80 127 335 447 575 592 868
7  166 258 333 424 830 876 940
11  218 317 332 465 506 717 775 800 817 828 839
10  17 117 151 261 438 462 500 566 569 703
11  66 401 402 492 584 687 760 762 765 800 902
12  47 223 228 247 293 295 477 478 486 561 576 724
16  28 77 104 109 119 180 183 233 390 400 408 447 580 725 746 913
20  126 139 162 181 258 259 302 348 364 382 485 607 713 730 778 870 888 895 942 978
11  8 73 244 248 293 394 432 501 577 645 754
10  147 196 313 523 550 573 588 701 822 988
7  18 424 438 705 724 938 980
8  469 554 557 673 761 808 840 877
9  5 49 260 304 550 687 754 856 921
13  144 302 319 384 460 488 491 644 699 904 911 926 976
10  2 53 108 190 195 311 349 388 428 555
9  33 81 140 232 383 515 607 895 977
9  87 129 325 339 529 690 776 823 826
12  120 124 317 343 352 353 356 367 476 478 488 964
14  1 183 189 190 392 397 430 436 465 478 520 746 816 872
5  65 465 536 640 684
12  7 111 257 278 281 303 484 537 629 765 788 882
9  79 86 434 588 742 761 911 950 988
8  278 436 507 537 670 775 848 888
8  15 20 260 543 732 784 849 853
9  98 180 345 494 620 675 732 817 888
8  83 118 152 475 664 802 878 953
8  13 476 561 684 764 790 823 980
9  65 176 257 363 477 489 684 765 766
13  23 111 139 255 350 458 575 648 705 709 830 984 994
7  280 286 497 543 600 635 987
13  8 26 238 293 518 523 673 809 927 945 957 973 998
8  5 160 285 453 694 698 817 979
11  139 176 227 371 413 668 708 754 814 910 914
5  13 121 321 326 772
16  2 40 120 156 475 495 520 769 786 826 872 873 889 920 933 995
10  51 456 544 695 747 767 795 804 889 950
16  135 158 397 414 424 552 600 610 621 654 728 810 848 888 890 921
9  149 245 255 357 363 419 654 761 957
10  56 183 225 287 377 447 514 563 679 696
7  57 98 234 619 692 693 822
13  158 189 193 282 422 510 654 655 672 746 749 805 869
11  115 202 264 465 499 512 710 720 769 942 972
11  207 245 366 368 387 617 781 901 979 985 999
10  19 66 118 349 456 469 707 836 977 999
17  159 173 222 242 261 270 275 290 428 487 599 664 678 707 830 866 918
11  3 20 91 106 131 181 502 728 839 927 937
11  156 212 269 286 547 704 718 763 957 971 999
10  34 210 325 401 421 621 740 758 888 931
7  125 306 364 482 728 755 954
8  98 221 252 559 602 637 784 955
5  112 253 443 468 922
9  126 368 436 475 499 566 574 602 672
11  289 320 453 461 519 760 767 770 847 982 988
15  87 218 306 329 567 589 602 659 693 722 747 825 828 864 999
13  37 128 178 223 506 526 549 669 759 763 814 820 929
7  6 209 348 373 591 620 736
17  17 27 56 205 264 326 362 371 417 419 432 443 579 708 735 926 937
10  42 167 270 434 446 450 525 641 706 720
6  182 243 855 882 980 995
8  82 275 340 773 814 934 967 982
10  89 112 161 274 339 365 421 654 811 941
5  97 156 411 551 791
10  273 360 428 471 548 555 651 703 848 919
7  75 130 393 445 476 769 910
8  64 193 540 542 557 572 895 953
15  24 117 119 355 412 450 502 584 606 608 722 758 949 974 989
7  122 289 333 412 545 672 807
7  69 332 564 604 628 896 929
8  367 420 513 541 576 628 885 959
12  374 403 476 516 700 709 726 730 809 830 865 868
15  75 161 198 203 234 290 401 404 439 541 653 789 809 882 973
8  68 199 239 247 376 845 989 998
10  193 297 437 520 605 657 779 842 859 863
9  101 120 212 225 598 636 749 772 915
10  101 130 266 399 415 417 454 554 627 689
13  1 87 157 170 280 328 445 489 584 653 700 765 838
14  86 130 149 235 287 316 363 589 652 822 839 863 873 963
13  105 160 184 198 301 376 395 413 517 696 699 715 915
12  169 227 259 368 393 419 487 569 692 832 912 940
8  290 515 689 742 781 839 862 890
11  290 367 369 456 522 531 661 706 736 812 960
4  5 63 119 872
15  48 152 338 405 430 471 519 571 666 787 805 849 878 882 962
8  8 241 290 454 503 574 757 988
9  12 91 124 310 445 561 680 810 921
9  140 170 373 375 594 607 612 626 671
9  116 139 166 195 263 390 561 664 972
6  72 237 335 387 697 775
7  451 457 493 619 716 782 876
9  163 240 248 260 329 464 507 682 959
12  214 267 300 310 349 384 392 431 498 544 671 903
10  0 121 280 321 394 535 610 895 927 994
13  21 29 73 169 171 192 213 333 371 540 652 668 895
5  117 315 376 381 617
8  92 185 209 290 341 353 640 965
12  159 315 324 351 430 537 584 691 802 845 861 970
12  11 165 208 353 468 534 657 765 828 872 877 934
9  124 458 485 495 657 730 800 896 973
12  148 174 211 218 269 305 329 365 567 708 754 833
7  111 172 229 244 492 804 877
14  92 93 328 358 446 571 609 690 744 757 799 844 865 917
7  9 51 62 86 342 464 973
7  114 133 243 358 476 613 895
13  24 61 164 201 258 344 350 366 435 677 725 818 899
11  95 181 212 311 437 465 720 858 939 963 992
4  64 90 113 799
12  44 141 158 184 193 237 386 403 420 850 873 969
13  30 138 162 421 427 447 510 648 675 737 821 914 960
13  112 179 228 259 366 398 453 550 594 667 741 784 945
11  56 193 280 464 511 705 710 719 794 929 975
11  32 59 95 106 210 264 288 617 736 864 925
7  60 286 363 690 704 820 882
8  160 484 613 749 801 868 876 877
12  172 202 238 379 584 650 699 729 786 807 864 954
12  15 105 235 266 315 360 570 761 790 878 935 995
9  203 287 431 496 620 724 741 802 816
7  52 57 168 222 258 946 968
6  27 109 279 359 573 768
12  92 128 156 393 541 547 770 827 848 862 876 901
11  40 91 115 178 266 291 363 398 638 715 805
15  51 58 270 336 351 391 473 498 536 607 711 771 775 800 881
11  281 364 401 431 442 646 665 706 723 764 923
10  22 101 156 246 350 398 598 794 820 886
6  56 125 632 747 768 913
13  105 118 249 291 309 410 509 590 626 836 933 963 998
10  129 208 210 238 381 392 395 708 837 975
8  40 192 347 414 573 583 837 980
6  23 128 279 558 590 724
14  134 270 277 320 343 394 424 438 514 526 606 631 670 725
16  35 113 190 248 251 277 557 584 636 641 742 838 847 871 939 977
13  6 25 60 77 87 342 379 435 510 518 571 840 886
12  4 52 88 115 187 270 343 574 620 810 822 975
15  11 66 182 208 355 586 681 756 798 817 838 839 874 944 961
11  10 13 116 269 419 489 538 578 799 869 879
10  105 217 226 427 539 584 648 744 847 980
6  141 168 228 279 626 870
11  33 145 147 161 183 238 501 772 777 944 997
10  42 148 175 254 397 470 547 707 732 835
9  69 105 181 334 434 463 570 675 923
12  5 48 146 180 338 339 466 570 596 683 800 896
12  114 261 305 350 439 472 489 566 736 815 826 874
13  54 55 235 250 309 399 523 564 592 605 672 915 964
11  22 234 347 532 724 753 759 766 769 780 811
10  4 101 466 519 527 583 637 722 799 879
16  1 37 131 244 329 347 440 455 543 550 717 748 831 854 906 923
7  447 572 710 848 852 883 942
11  142 163 185 310 329 351 406 466 648 801 915
15  12 154 201 244 341 379 446 493 723 829 877 933 948 953 967
12  102 121 144 231 320 333 380 441 786 802 985 999
11  197 210 313 499 521 561 748 841 847 893 953
13  61 134 207 268 511 602 632 716 798 868 922 936 971
10  274 283 309 401 455 524 526 806 960 964
5  43 471 642 774 947
9  92 210 562 629 639 706 760 879 888
11  111 130 265 380 407 648 685 731 756 787 968
10  67 111 287 317 335 522 612 664 772 838
17  38 73 130 178 185 211 263 512 513 644 741 892 914 917 964 985 994
13  212 291 355 368 449 503 573 609 670 748 896 927 957
11  178 249 363 388 394 465 566 607 753 906 908
16  22 71 116 179 281 329 433 444 571 672 788 790 874 876 968 971
11  18 33 34 44 175 432 573 803 832 991 993
9  44 236 294 330 411 749 779 837 892
9  115 156 222 245 376 403 456 905 949
12  96 270 291 295 324 459 466 533 679 876 942 966
10  116 158 271 345 377 507 755 766 828 849
13  7 28 138 182 209 216 276 283 401 448 449 929 953
11  236 343 413 618 665 689 811 852 858 881 936
9  30 31 99 196 417 610 723 872 950
5  107 421 815 896 926
5  255 394 738 758 846
7  10 323 329 555 559 644 860
5  73 432 549 881 901
9  336 348 357 510 558 571 594 897 924
9  3 330 373 420 507 585 729 764 997
12  2 132 177 273 279 311 380 418 722 733 831 905
5  75 215 438 509 882
17  41 76 81 206 212 215 430 438 457 605 609 697 700 800 848 877 929
13  31 59 70 198 269 330 338 468 489 556 678 722 903
10  30 64 104 232 249 269 361 550 722 895
9  113 115 268 510 784 848 905 938 973
14  97 152 304 325 381 491 539 602 693 750 752 805 826 920
10  18 92 190 236 257 347 356 576 891 993
8  187 221 417 424 684 748 789 991
11  97 210 215 258 261 308 316 353 435 852 914
13  53 98 120 361 449 499 577 652 663 736 780 878 934
12  33 52 249 301 370 462 500 576 676 736 789 950
8  90 180 262 436 472 501 765 875
13  68 79 103 211 286 556 579 592 644 646 737 749 984
11  142 188 266 325 672 704 883 905 931 972 992
13  54 118 127 168 276 458 575 609 640 665 802 936 974
10  42 120 170 264 411 565 821 873 915 974
9  176 207 362 374 382 596 637 932 977
14  59 133 275 291 292 314 377 431 884 887 906 983 988 993
13  65 143 152 183 184 412 416 419 436 481 487 492 888
11  71 104 110 167 213 615 637 693 727 840 958
10  22 323 369 450 541 706 747 783 806 854
18  15 22 37 66 111 119 174 213 284 316 492 499 552 583 615 634 703 902
7  9 44 110 120 410 575 746
12  12 80 166 180 335 355 425 475 543 805 837 867
8  238 271 413 459 531 544 752 812
7  97 194 393 498 618 769 932
1  40
11  223 247 298 307 324 471 523 654 656 670 976
15  46 100 136 143 188 290 299 336 342 375 572 773 904 965 999
13  138 151 155 185 244 278 300 638 859 921 933 937 945
10  67 70 177 278 290 291 576 588 894 968
5  509 823 845 862 880
5  37 196 652 744 869
8  157 160 264 466 484 603 781 872
9  65 190 321 539 597 693 732 738 969
12  72 190 245 510 524 525 552 657 664 842 945 964
15  28 116 167 228 236 254 258 293 385 481 621 657 725 787 909
13  3 123 187 210 243 250 280 370 504 670 766 925 994
8  144 278 562 572 680 769 791 817
6  56 60 317 351 466 836
8  111 191 196 286 290 526 583 687
15  29 112 210 211 249 300 348 406 413 450 500 559 653 795 835
15  4 27 42 96 190 225 515 516 539 639 673 717 732 857 971
11  28 59 201 219 237 286 453 516 520 725 866
7  55 123 277 372 466 469 722
12  6 28 44 104 180 242 361 420 537 579 648 907
7  297 539 611 648 652 702 780
10  9 10 92 118 141 307 370 779 841 928
11  98 225 247 272 388 530 550 669 762 766 902
10  12 151 236 302 556 577 583 641 734 833
11  186 203 363 393 473 619 775 784 883 952 958
15  1 6 7 10 115 120 126 180 314 324 422 457 469 741 902
15  21 107 132 276 458 489 514 516 536 556 615 712 796 868 949
12  115 141 207 281 409 459 509 731 776 792 802 914
7  178 318 338 548 678 728 767
12  356 430 593 600 610 672 743 764 765 858 911 943
7  157 171 485 609 659 681 999
6  547 548 717 747 865 989
13  61 176 211 237 275 327 550 564 695 776 926 943 965
7  295 362 437 446 508 961 983
8  135 247 507 762 837 945 970 998
12  397 448 479 501 514 730 742 779 796 904 918 941
12  101 128 175 313 380 403 445 452 483 513 731 923
11  95 126 149 161 168 382 423 822 835 839 948
8  48 93 314 429 628 864 938 980
8  102 161 341 429 510 922 986 994
12  68 163 172 197 235 311 401 500 509 551 848 898
8  224 288 352 490 525 666 670 821
11  13 51 342 490 491 500 594 716 787 860 900
9  5 121 138 148 203 224 350 821 835
9  303 403 613 645 662 666 755 993 995
12  71 205 249 325 355 416 632 840 884 886 963 973
8  291 307 345 491 683 851 872 949
4  422 832 934 938
8  5 52 70 353 428 526 527 576
14  29 89 163 174 282 303 414 475 607 704 735 809 810 918
9  104 424 483 584 632 670 847 904 971
13  51 99 104 192 330 483 515 599 650 697 861 901 948
12  40 60 237 327 401 424 488 522 557 654 658 908
10  6 81 102 416 522 701 739 749 814 935
7  76 96 124 230 560 804 907
6  224 289 743 764 853 914
9  79 217 249 496 596 729 948 957 982
12  82 108 180 353 472 671 686 800 833 850 939 962
13  69 82 415 559 639 650 694 745 749 779 781 795 964
9  22 128 150 174 272 436 648 767 891
10  21 156 369 592 613 623 660 701 821 847
8  20 214 364 574 595 705 848 853
10  81 220 249 292 393 500 709 735 829 956
8  167 269 293 295 368 493 572 853
7  201 233 406 599 616 863 900
11  65 192 407 453 482 490 494 690 769 771 968
14  74 104 156 176 261 337 365 557 686 716 806 820 825 836
9  178 341 343 391 468 694 851 894 942
13  1 13 78 91 163 183 218 238 337 563 821 934 983
17  41 101 104 152 179 197 200 296 302 417 471 637 642 732 862 869 886
12  46 56 147 308 363 472 638 658 765 785 812 871
5  57 339 584 636 994
6  29 70 630 751 785 900
13  75 98 319 391 410 505 642 661 663 693 711 915 922
9  48 131 335 502 505 729 731 820 855
8  175 238 327 444 796 913 943 948
14  140 270 282 285 381 417 451 496 506 551 572 758 853 912
6  334 514 550 670 719 986
12  202 208 309 469 483 567 604 625 738 748 805 948
3  249 678 940
9  4 42 47 62 74 178 197 284 347
12  4 49 95 130 210 287 335 443 582 727 774 876
12  64 74 88 450 460 497 500 577 726 729 834 991
11  168 284 337 402 526 540 565 570 581 833 944
11  95 122 152 237 400 445 603 777 863 916 981
12  322 443 489 532 660 731 742 752 918 927 948 986
10  128 166 210 220 237 266 271 528 682 905
12  197 278 299 357 359 422 576 615 624 755 891 949
7  3 36 194 426 486 865 947
7  126 192 251 311 542 673 838
14  3 9 340 414 506 613 663 672 706 743 823 872 873 895
13  111 126 177 232 463 557 697 710 797 800 864 868 909
8  276 324 413 431 838 904 966 967
8  199 206 258 326 371 552 622 810
8  11 177 203 578 635 752 756 872
11  12 28 86 276 351 636 682 741 916 924 992
13  39 68 147 387 411 412 557 604 636 685 744 787 799
13  61 84 100 260 355 373 403 432 445 579 649 788 853
13  0 176 337 418 476 486 537 550 789 836 916 953 964
14  57 165 206 282 390 399 430 433 607 622 733 787 880 951
13  15 74 85 179 263 324 356 404 535 659 685 920 970
11  103 121 217 250 273 301 462 470 696 859 949
14  160 238 278 341 454 458 478 522 561 621 721 762 808 999
6  13 230 281 457 497 556
8  0 61 79 137 146 406 568 712
10  329 460 493 571 613 635 714 830 834 921
12  22 128 133 203 209 249 265 279 631 671 947 964
8  119 158 557 738 805 811 897 970
8  33 55 197 231 247 555 605 943
15  12 29 40 83 193 215 399 416 469 488 497 601 606 743 760
14  42 94 192 245 264 277 338 348 368 386 402 407 524 545
11  24 38 98 214 446 747 795 806 893 964 987
6  32 75 405 675 851 903
4  157 807 811 960
7  282 294 478 690 919 944 976
5  246 326 349 714 725
8  79 226 397 400 617 744 828 853
5  58 73 328 781 794
15  37 57 149 241 273 414 460 534 620 690 695 717 784 829 879
6  84 87 503 606 854 899
11  27 55 127 166 198 358 381 445 516 910 926
6  535 706 789 863 902 987
12  75 213 412 464 530 761 774 803 901 907 912 996
11  74 482 605 727 810 825 878 921 944 948 981
7  156 206 346 395 610 629 943
9  94 139 188 317 525 538 815 829 899
7  7 111 161 250 302 309 503
10  48 97 107 175 209 583 761 777 784 795
12  5 77 81 322 324 326 423 453 639 782 847 896
7  113 481 558 894 900 903 978
11  5 12 55 110 154 340 552 570 674 744 894
15  83 140 160 181 197 345 414 449 582 597 626 650 789 861 891
12  175 205 338 401 583 593 681 739 773 866 902 954
14  8 271 272 280 288 358 393 431 523 573 639 733 796 854
6  71 101 338 613 749 882
11  6 33 154 237 373 430 449 462 504 651 715
12  11 66 309 364 440 503 598 646 690 741 762 849
9  81 123 143 251 494 700 754 919 967
12  22 159 178 358 428 623 728 770 786 813 847 866
11  70 262 375 385 518 534 564 579 608 752 980
8  51 98 224 622 664 717 878 963
8  65 194 467 469 500 561 703 908
7  106 248 267 538 632 686 845
8  161 250 263 315 366 383 590 814
6  439 473 656 727 830 906
8  26 72 119 312 361 498 839 953
16  9 99 297 328 388 404 592 624 693 805 823 832 841 920 922 941
9  46 124 169 309 320 484 576 752 850
9  60 567 573 614 709 742 887 921 984
5  94 179 534 612 779
8  37 41 561 620 694 704 765 900
10  62 119 132 242 552 769 838 878 887 952
14  40 164 168 258 358 397 408 605 639 656 706 766 946 999
5  142 347 896 938 941
10  170 213 268 340 341 512 667 686 849 873
8  119 192 293 426 598 859 942 990
4  546 632 654 843
10  149 157 401 580 779 840 931 955 968 975
10  52 396 423 519 524 616 630 673 675 734
6  2 85 149 696 776 800
3  112 469 681
12  113 142 196 302 568 579 680 729 799 933 950 962
8  107 268 346 402 545 569 570 978
12  96 186 192 322 416 464 467 543 724 858 962 975
14  65 111 168 183 203 240 247 392 477 544 664 765 921 957
8  188 426 490 532 602 607 626 742
9  212 292 367 462 664 733 748 940 956
7  133 330 402 497 840 951 973
9  6 88 127 261 425 543 547 721 729
3  51 199 773
8  9 179 286 429 443 460 748 872
6  119 161 263 281 518 966
14  39 94 118 140 182 230 394 460 610 694 801 854 983 984
8  33 131 717 780 800 831 918 982
13  22 260 301 380 407 419 427 493 494 533 808 871 933
8  40 80 223 571 732 824 883 885
8  92 386 525 532 605 769 893 997
6  41 265 335 609 739 956
13  99 105 112 142 349 365 457 480 494 702 786 811 931
11  0 195 228 343 348 489 654 696 722 746 883
16  77 165 181 218 265 309 310 313 333 475 526 630 653 779 817 849
8  175 199 255 259 313 673 777 789
11  44 179 475 618 626 665 675 685 860 982 998
11  4 16 345 369 370 483 484 733 771 846 959
11  3 50 106 203 247 526 544 679 696 857 862
7  131 326 504 574 723 774 889
11  61 105 181 195 534 559 701 716 723 900 917
8  123 238 353 547 710 721 871 886
8  45 223 518 725 803 892 911 949
11  22 123 198 210 269 457 547 564 705 783 950
15  75 191 298 317 359 428 483 614 638 640 785 797 811 831 893
8  22 206 394 439 462 656 691 981
13  73 89 168 185 249 355 515 518 732 806 940 964 995
10  135 185 220 381 628 679 792 836 856 906
8  39 149 218 234 305 365 691 889
12  40 79 87 266 327 496 688 714 731 806 966 988
11  295 401 430 475 485 515 524 551 730 827 915
10  123 125 137 238 358 363 531 580 689 923
11  54 222 313 324 339 414 432 461 503 564 888
17  86 96 107 224 284 303 490 563 632 655 735 756 854 880 896 901 935
8  7 76 134 267 604 687 702 993
10  198 297 380 411 586 632 656 808 849 976
8  20 49 458 699 708 896 903 961
8  8 221 233 376 713 762 802 912
11  85 179 267 317 450 502 553 773 882 909 933
11  201 237 247 257 272 311 436 658 667 756 871
4  270 357 486 635
8  100 405 504 606 634 798 833 938
4  362 560 569 795
5  79 412 520 720 997
10  76 120 165 172 292 299 300 455 795 979
5  72 427 570 574 656
8  10 93 119 133 531 540 616 628
7  56 164 269 277 285 488 674
7  234 238 256 266 267 669 998
10  13 136 347 352 439 671 706 778 845 931
13  37 104 194 213 289 373 384 539 588 592 610 871 929
8  30 266 368 665 668 815 926 937
7  55 88 146 312 351 837 840
8  312 326 453 467 482 547 620 773
11  46 133 256 263 304 532 541 624 646 722 842
9  170 308 506 592 731 779 893 965 977
13  68 145 157 257 311 350 575 633 653 658 723 765 950
12  26 127 166 187 360 449 525 565 743 836 904 952
9  84 99 241 304 729 743 781 832 918
12  82 108 110 164 243 286 350 386 676 717 765 891
17  5 13 63 238 257 342 348 449 611 712 749 791 847 860 909 926 999
10  61 62 71 203 282 527 534 660 821 898
7  156 185 494 652 674 834 862
10  0 111 178 270 276 335 469 615 863 935
12  20 59 74 158 160 319 384 461 523 624 749 870
10  27 33 111 231 283 301 382 535 663 740
15  12 19 56 203 330 353 394 426 468 564 595 626 689 729 768
11  45 150 175 207 227 316 317 410 726 770 788
17  41 99 120 136 209 251 267 305 329 371 398 676 710 761 812 868 924
12  22 23 301 342 536 622 761 788 799 931 947 974
13  71 226 267 314 382 418 565 661 708 718 782 811 884
7  53 115 146 393 547 763 775
12  35 66 72 136 161 500 578 700 791 820 881 970
11  38 71 135 151 172 280 677 720 827 925 979
9  31 66 78 254 579 589 669 737 836
8  226 228 350 392 609 774 823 977
10  17 104 184 361 423 516 540 660 722 774
15  13 56 93 120 193 239 275 417 490 505 592 614 647 699 809
8  140 143 242 319 710 753 809 892
10  5 210 382 551 783 852 929 940 972 993
8  143 314 330 377 683 713 739 843
7  103 242 268 576 642 661 990
15  234 246 326 338 416 447 450 451 492 653 694 716 735 883 983
8  0 264 394 420 440 659 660 696
8  153 278 283 388 400 415 637 742
12  44 159 175 279 376 401 484 491 589 662 801 821
11  113 187 342 556 707 745 791 884 974 978 994
12  159 187 236 467 555 597 618 789 826 828 870 911
14  67 227 244 260 309 318 321 502 612 741 783 859 930 986
16  51 62 95 231 386 446 530 548 556 635 642 698 706 764 838 997
14  35 80 87 92 250 280 342 370 509 670 762 803 855 987
11  427 501 510 548 559 669 695 755 811 925 930
11  296 297 410 482 490 543 649 666 804 863 894
13  1 53 147 202 205 447 573 607 640 657 875 883 962
10  26 61 198 269 497 632 752 861 953 957
8  13 150 329 523 536 673 722 778
9  144 231 328 353 383 413 457 458 814
8  157 170 380 460 714 807 835 938
10  49 93 135 442 482 552 581 760 855 901
11  1 154 194 527 606 651 720 751 811 823 901
11  17 29 118 125 147 196 320 705 754 757 901
14  75 86 381 388 429 499 569 610 728 774 807 834 929 999
12  294 352 402 509 559 622 639 724 756 881 948 970
14  35 77 158 229 503 529 564 583 697 698 759 827 842 958
12  142 154 373 407 480 570 590 604 770 772 849 926
7  186 205 532 726 893 903 953
8  279 291 313 470 653 747 958 994
11  131 164 308 326 396 468 505 585 746 851 990
8  417 422 430 455 552 640 644 845
14  313 346 385 434 460 527 532 608 700 704 848 893 930 937
11  64 102 132 150 246 453 820 873 886 933 987
7  179 248 251 546 739 846 900
12  68 84 99 270 453 472 559 568 613 621 734 870
6  6 94 218 415 431 718
8  30 111 281 285 305 371 611 740
12  41 53 65 138 166 265 321 437 518 561 731 817
10  127 174 212 265 405 427 568 673 679 742
5  135 209 356 373 740
9  88 92 320 338 442 550 789 873 920
7  220 240 327 415 743 835 984
12  25 48 76 117 178 241 267 277 325 426 583 738
14  63 94 284 294 310 387 596 601 708 709 866 882 949 975
12  277 496 508 576 610 677 730 805 819 918 935 980
7  19 94 319 327 711 875 974
12  22 87 131 208 269 299 394 446 503 529 729 787
18  167 277 293 300 348 369 459 503 544 624 638 696 699 809 911 937 989 997
9  24 300 415 437 485 496 626 792 861
9  212 308 325 502 533 786 806 903 922
6  23 239 390 396 706 870
11  152 307 314 336 415 473 486 539 625 650 988
11  104 125 185 202 325 391 612 707 744 841 857
11  55 139 150 272 393 539 657 782 923 931 986
10  43 119 142 306 346 409 428 744 855 862
10  42 185 247 332 476 606 643 678 693 918
9  67 425 555 596 659 715 716 741 783
8  24 53 275 295 360 393 498 711
6  289 501 506 633 872 883
11  35 195 253 409 558 601 655 831 850 921 982
8  117 144 208 280 689 735 782 972
12  67 247 345 434 495 509 532 623 631 654 695 977
8  93 98 229 415 457 494 647 916
14  109 315 352 481 532 591 698 848 851 958 960 964 973 975
9  26 28 220 361 602 710 771 778 990
8  248 468 663 719 728 774 848 998
11  51 207 235 296 322 381 452 498 592 601 900
9  127 188 544 546 664 816 858 887 988
11  156 307 386 421 612 652 767 802 831 849 995
9  13 54 355 427 484 516 570 573 764
6  258 293 432 571 707 709
14  72 82 107 343 455 458 572 595 605 655 727 758 870 913
7  54 166 264 299 387 432 868
8  334 486 700 712 726 829 940 979
10  73 226 501 667 766 837 873 891 910 953
7  36 64 76 97 220 221 242
5  382 395 591 810 833
13  11 20 206 211 308 489 532 585 601 682 684 889 896
6  156 500 509 549 607 927
4  73 565 664 888
5  31 196 405 423 681
9  373 378 406 416 570 635 709 861 896
14  26 57 275 277 370 393 412 449 531 565 633 647 840 870
8  0 105 185 385 419 646 725 825
14  28 137 153 154 157 266 298 368 388 421 462 501 677 786
9  134 221 433 596 662 730 847 970 972
10  59 126 203 214 223 234 308 372 528 732
13  313 355 392 453 471 552 581 620 762 819 827 838 999
13  6 67 111 217 424 468 540 585 666 669 767 885 923
9  74 226 339 386 587 737 741 854 937
9  36 127 212 237 284 576 648 675 905
10  250 303 342 343 523 717 718 765 920 925
12  82 107 170 309 357 404 523 567 597 794 826 837
11  159 333 415 439 581 587 652 664 710 731 739
10  37 174 225 243 353 472 544 708 831 935
6  139 156 241 256 612 964
14  40 112 173 222 305 327 332 527 617 736 816 824 900 940
8  152 223 251 413 441 599 691 934
6  53 266 291 388 785 814
11  275 297 304 405 486 654 755 823 866 867 946
6  49 117 176 376 960 981
4  200 212 762 805
13  23 143 175 235 327 384 395 540 548 712 750 880 990
16  67 98 112 174 189 233 380 463 515 517 534 542 701 725 824 919
9  282 312 349 404 511 908 912 946 981
11  55 243 261 289 299 479 564 620 715 739 817
4  93 649 814 821
8  216 326 540 597 801 943 961 975
11  26 103 147 289 307 413 453 727 810 910 913
8  20 126 391 670 713 743 805 962
12  90 268 275 326 369 437 590 727 874 915 935 995
7  78 123 420 536 592 599 791
7  241 274 301 317 342 579 618
9  66 154 417 447 647 664 777 786 812
12  77 94 253 351 433 521 620 698 849 874 886 983
12  21 128 141 268 371 497 531 557 681 794 854 894
7  151 199 256 556 579 702 741
13  141 191 253 410 489 511 517 737 759 836 883 902 996
14  13 46 64 199 236 316 397 487 540 572 667 697 714 835
11  26 95 112 398 399 434 471 508 692 792 810
11  200 348 402 405 428 563 566 625 729 805 935
9  166 275 318 349 352 405 511 619 920
11  145 217 284 403 467 519 631 641 692 800 918
5  96 422 495 620 770
9  50 61 125 201 345 483 694 743 867
2  630 720
5  51 171 373 855 889
11  94 133 263 344 368 479 616 689 748 879 895
6  133 256 442 657 751 859
13  124 192 233 325 402 407 422 524 534 602 612 700 803
16  59 157 295 309 335 391 418 449 452 514 535 749 781 783 866 988
14  80 296 355 437 610 628 654 675 744 786 832 895 958 972
14  34 95 107 140 234 242 379 531 621 777 878 882 885 886
14  43 74 149 179 520 541 586 747 781 888 904 915 980 989
8  60 65 90 149 418 439 456 719
10  4 129 143 296 529 535 537 550 571 590
13  24 41 161 417 468 593 607 646 673 807 833 897 981
11  70 238 331 548 730 738 772 844 912 932 959
5  17 146 172 285 667
7  15 490 658 770 913 957 978
12  22 78 129 198 231 377 439 503 637 785 970 977
12  36 187 211 345 477 575 629 728 846 891 956 996
9  29 72 118 271 443 516 656 700 999
11  75 158 169 226 368 525 605 734 766 799 924
13  70 352 391 479 543 658 702 772 894 914 944 969 998
10  103 345 349 538 558 595 703 732 905 926
12  4 160 170 244 326 383 386 512 565 898 943 947
6  3 255 342 373 505 562
11  42 67 317 491 606 612 761 817 848 960 977
3  471 817 842
10  273 342 385 423 500 565 708 790 976 996
10  146 221 226 242 313 406 480 543 887 916
13  52 100 233 280 408 704 727 752 768 789 800 882 887
9  229 402 544 648 661 679 690 884 949
17  85 131 208 248 291 307 354 369 440 481 520 564 568 644 776 940 982
14  29 190 209 307 349 379 463 564 628 750 758 792 942 952
9  0 51 405 413 432 828 832 916 938
8  130 196 200 459 733 763 979 997
10  239 274 361 385 391 432 436 555 926 992
10  63 156 284 369 372 385 420 449 918 948
13  8 71 154 298 355 387 457 597 614 625 850 891 974
7  152 406 416 426 592 845 901
8  13 107 142 479 573 673 820 949
5  393 439 444 712 742
16  61 108 129 253 293 331 343 355 384 448 608 678 761 850 870 905
13  20 72 200 418 461 498 649 653 722 733 776 835 987
7  31 87 465 519 710 726 871
7  10 209 341 649 806 850 912
14  63 84 130 140 240 395 403 519 543 661 750 832 850 891
9  238 248 465 622 625 785 869 870 923
13  48 262 280 295 297 309 320 426 466 672 797 851 890
8  171 307 308 659 668 795 844 895
5  49 309 352 888 962
12  146 171 454 533 561 605 699 792 859 878 886 958
7  6 57 244 429 434 662 718
10  17 84 266 422 585 650 664 695 745 749
10  153 478 541 603 604 732 833 862 950 966
17  104 191 203 236 280 288 337 364 365 375 451 564 845 849 889 935 994
14  34 121 340 370 412 430 441 602 627 673 676 795 799 964
5  14 227 445 581 854
8  2 6 175 180 239 514 701 864
7  169 187 376 593 599 917 965
14  7 49 98 109 244 516 538 546 603 624 660 751 784 814
17  171 202 246 256 258 315 391 444 525 596 673 738 739 740 879 904 988
10  137 177 277 469 496 499 595 606 835 990
9  192 269 363 450 586 603 676 745 767
11  103 154 259 286 476 509 524 566 697 851 901
9  24 435 447 452 461 560 808 863 882
10  41 48 208 234 417 431 465 618 667 992
9  98 111 200 209 262 493 528 596 949
10  40 72 206 232 244 250 431 526 615 822
6  171 174 484 565 678 700
9  73 186 261 305 336 594 792 826 965
10  38 140 213 286 294 503 662 727 765 995
8  39 351 550 596 677 822 855 885
8  21 88 279 396 549 789 826 857
12  36 61 99 240 305 380 429 456 501 529 862 928
15  13 45 135 157 185 346 350 414 419 463 547 670 828 851 943
10  43 107 169 558 569 572 780 869 874 964
8  15 31 57 93 373 429 660 899
16  6 21 119 260 271 317 509 523 559 647 698 762 773 840 877 989
11  38 63 69 83 88 172 253 335 588 611 821
9  154 224 307 453 574 620 758 809 839
12  143 149 266 285 309 357 477 579 597 622 638 777
10  24 125 148 151 323 423 513 547 620 767
11  168 193 394 411 417 510 671 771 806 887 926
8  3 126 259 445 569 708 861 985
12  43 80 88 149 174 206 215 383 485 713 731 809
14  93 147 210 286 329 441 506 594 691 700 744 863 876 923
7  59 303 318 364 430 559 796
9  49 80 97 103 191 266 495 914 934
10  327 340 382 438 449 690 719 741 932 982
4  60 728 731 749
11  85 152 257 269 320 461 631 652 689 709 771
8  47 56 103 179 464 473 855 929
14  78 122 129 212 307 397 420 477 635 648 678 750 949 960
11  60 113 224 332 369 457 521 542 815 928 969
11  117 119 387 527 673 703 762 812 828 838 895
6  143 178 266 423 439 462
10  53 82 197 318 329 477 691 749 765 807
12  4 75 117 223 283 452 512 521 627 681 737 874
7  44 63 87 377 402 531 956
16  25 77 91 166 178 274 351 553 640 666 719 791 814 872 968 987
7  55 82 168 333 509 620 627
13  41 68 117 142 234 280 314 418 436 541 629 873 996
11  63 67 227 503 506 549 582 598 825 864 915
8  151 160 405 409 557 588 597 862
8  86 114 177 303 381 477 483 508
8  30 45 254 389 626 817 822 981
7  11 177 425 562 580 709 864
13  14 218 242 420 511 525 530 549 552 559 597 742 877
20  23 54 103 123 133 186 258 338 435 500 520 561 575 662 761 871 880 907 933 957
14  47 63 222 246 294 308 440 458 635 663 696 894 959 967
4  77 78 573 641
8  4 49 60 258 498 625 697 873
14  18 28 81 245 298 337 420 422 438 572 619 734 745 792
4  113 321 386 606
7  97 144 178 186 322 631 997
8  55 118 187 536 640 651 859 939
10  164 303 310 319 430 530 638 734 857 949
7  467 498 743 746 781 849 891
7  193 341 362 657 855 950 998
9  37 353 380 424 587 781 818 866 933
7  0 29 98 405 507 676 825
10  101 227 355 531 635 637 733 827 890 981
7  154 211 349 377 397 519 614
17  22 74 153 290 414 424 429 483 532 572 580 585 666 781 813 896 916
11  26 114 117 140 265 367 476 506 695 899 910
7  178 436 566 645 669 894 990
7  3 200 332 420 566 611 950
8  185 389 427 432 478 539 631 940
7  123 138 261 379 482 862 934
9  368 508 574 581 712 742 803 858 994
10  130 186 225 234 319 423 432 490 524 995
8  81 314 359 461 719 778 803 849
11  36 97 180 303 343 370 374 452 519 641 781
10  55 207 255 338 462 463 709 726 763 878
10  194 382 398 404 631 637 761 781 825 992
13  19 26 30 101 171 218 286 475 588 675 868 980 985
11  5 7 288 316 402 464 695 715 779 858 866
9  52 126 141 237 280 603 636 726 857
9  51 173 264 304 315 684 713 791 875
16  56 78 129 133 159 207 283 299 331 399 407 512 613 762 851 976
13  76 83 125 558 597 665 818 822 854 946 962 986 992
9  188 325 332 530 647 656 777 872 929
8  13 47 465 507 542 646 722 832
7  210 257 301 460 622 646 759
7  67 315 421 429 924 976 990
7  123 513 551 559 728 771 981
11  21 40 67 78 302 585 595 730 750 883 940
13  5 7 81 282 294 325 356 465 669 769 785 848 901
8  43 147 338 344 505 765 851 918
12  9 20 99 110 629 721 747 782 820 902 966 985
6  44 93 127 433 455 556
11  31 129 237 257 377 461 569 876 906 975 981
8  40 114 433 454 465 518 674 719
19  7 13 50 61 81 162 195 213 241 301 364 429 485 513 545 726 746 895 970
10  195 307 331 387 518 666 786 828 911 971
10  2 47 86 132 268 596 835 859 868 942
9  0 409 446 650 683 729 765 875 955
15  4 27 35 155 182 226 303 344 397 508 656 688 783 862 959
17  18 83 224 268 315 316 319 326 421 476 504 576 626 700 741 805 860
