1000
9  152 221 228 292 306 328 881 923 949
9  42 139 240 261 592 614 687 747 776
7  42 66 290 353 404 651 922
7  281 367 414 511 570 602 951
9  196 238 254 429 485 564 585 697 993
7  13 373 508 626 918 969 999
10  16 122 191 283 332 454 572 573 588 699
8  58 215 496 642 655 692 904 970
9  43 75 165 191 335 536 694 701 835
5  174 227 396 564 569
14  22 177 208 217 222 365 367 572 637 645 689 806 875 936
9  58 162 270 373 401 658 693 748 830
11  97 146 473 617 647 672 704 708 726 752 792
13  5 146 205 448 573 694 720 757 759 783 834 992 994
9  204 213 241 380 398 415 755 833 938
8  359 378 382 420 688 730 784 861
16  6 88 104 113 135 312 327 398 434 502 537 578 631 883 979 995
12  110 136 147 164 226 262 294 357 535 658 800 875
5  102 175 381 618 627
8  170 310 410 540 653 673 813 960
10  243 268 438 507 524 561 628 658 828 998
4  376 744 747 820
7  10 122 445 637 656 683 687
9  69 95 114 289 397 587 676 782 961
11  127 147 194 272 443 482 501 509 590 815 835
11  94 125 184 232 260 282 392 497 653 787 867
16  36 47 49 198 252 296 392 479 499 517 534 565 599 643 713 847
12  39 59 72 127 289 451 493 498 587 611 790 980
10  424 473 548 573 669 765 808 966 980 984
13  53 211 300 343 371 429 444 581 684 703 706 748 963
9  304 358 392 498 623 711 732 843 884
12  40 73 76 197 333 351 358 701 768 787 848 911
9  51 310 397 433 588 878 921 966 978
9  129 407 475 487 499 805 873 962 982
12  48 52 130 433 592 604 638 731 786 787 820 853
8  64 229 242 257 301 366 384 861
4  26 249 573 717
12  60 130 198 333 338 348 443 507 612 645 851 890
14  68 120 258 484 519 584 611 733 755 765 801 944 960 991
12  27 81 505 640 680 748 803 810 855 899 904 937
12  31 74 87 321 324 507 542 581 617 817 864 927
9  52 198 348 389 445 742 785 827 867
11  1 2 52 135 159 308 692 805 825 865 871
7  8 164 251 270 358 800 835
16  88 115 118 290 344 453 475 494 502 588 639 665 746 857 904 999
3  91 794 828
14  173 271 282 298 379 415 420 493 561 685 767 842 875 929
12  26 54 91 202 328 353 438 502 694 751 828 845
14  34 69 163 256 261 272 350 459 475 477 498 639 663 800
20  26 112 170 173 192 298 301 371 489 519 572 606 629 712 745 795 840 903 906 953
10  132 141 149 289 393 611 731 747 777 922
12  32 97 193 410 453 543 544 569 587 727 795 954
10  34 41 42 189 202 505 630 660 675 875
9  29 163 535 552 563 578 738 785 847
7  47 74 177 234 235 526 783
8  354 400 491 726 759 770 990 996
9  95 226 412 424 640 673 746 828 998
9  256 304 502 615 623 666 796 815 871
7  7 11 569 648 710 742 956
12  27 140 264 337 346 592 709 739 766 816 843 865
16  37 108 158 174 183 430 521 659 681 805 837 864 884 900 955 990
7  150 432 791 853 877 880 979
18  98 156 191 236 296 300 311 333 351 362 389 396 462 616 682 863 888 928
11  133 195 344 362 377 651 674 698 901 908 943
8  35 118 148 205 339 552 588 902
5  154 432 566 621 863
16  2 82 136 149 225 277 332 379 396 627 681 791 830 881 932 967
11  369 385 416 452 470 568 613 810 915 939 973
14  38 174 282 335 386 402 485 587 718 740 841 887 964 970
11  23 48 284 366 370 449 498 512 623 625 968
6  168 196 466 835 868 992
11  137 182 193 232 369 447 720 812 914 925 943
11  27 214 350 358 381 389 448 867 884 885 941
10  31 103 150 201 214 315 446 779 826 838
9  40 54 151 289 578 608 760 824 886
12  8 190 210 266 321 656 712 715 826 828 839 865
9  31 145 436 495 567 568 843 846 935
10  107 173 278 338 468 484 489 547 708 759
9  137 225 418 527 602 712 728 776 961
6  439 506 530 586 614 964
7  107 137 363 647 796 950 958
13  39 82 339 361 472 650 706 746 767 791 903 906 990
15  66 81 104 124 157 233 238 267 352 383 387 477 780 869 884
11  90 129 272 383 536 539 592 816 827 829 859
12  99 202 330 449 506 530 610 617 640 670 692 720
8  319 384 412 508 522 599 744 973
13  133 178 180 201 299 419 533 559 672 807 860 894 988
5  40 328 381 705 916
12  16 44 207 361 397 507 560 569 597 694 709 867
9  145 422 440 490 564 644 650 798 928
8  83 128 171 334 563 572 686 882
8  45 47 248 574 701 863 872 893
8  109 250 265 415 448 456 874 915
11  178 234 329 483 568 590 678 759 864 866 908
8  25 102 150 564 604 761 894 898
7  23 56 369 480 553 699 925
9  220 241 462 501 552 570 635 689 859
6  12 51 151 248 368 507
14  62 240 249 327 330 386 404 475 555 561 577 666 814 961
6  84 353 369 530 653 837
1  551
8  180 238 259 338 510 780 918 988
10  18 94 257 417 487 535 782 901 909 958
14  73 183 241 425 491 543 573 666 796 852 864 966 968 983
7  16 82 344 509 558 738 797
9  305 311 388 663 848 875 942 974 995
12  160 221 289 378 396 403 413 626 693 761 831 835
11  77 80 140 214 558 572 666 667 704 762 953
6  60 371 580 674 774 953
12  92 305 360 533 554 651 659 692 742 806 910 973
13  17 136 141 207 333 353 429 587 612 623 847 867 910
8  202 302 487 559 675 683 740 924
7  49 134 346 566 649 690 985
11  16 179 328 334 596 632 660 767 795 824 897
11  23 146 234 248 268 382 424 741 747 819 961
6  44 347 375 844 880 942
8  162 194 225 304 533 542 638 998
5  136 192 413 494 607
14  44 64 313 317 325 339 365 368 478 647 725 884 930 955
8  271 297 408 415 488 570 612 935
7  38 566 601 703 822 837 842
11  124 128 174 246 267 300 443 458 503 531 556
6  6 22 341 349 764 989
10  188 410 484 601 606 756 870 942 955 992
9  82 121 417 443 493 576 606 640 947
11  25 140 143 170 419 638 655 666 720 842 976
14  146 152 206 355 413 467 623 644 841 958 980 990 994 996
9  24 27 355 574 653 689 810 889 960
8  90 121 157 221 281 365 827 982
13  33 83 132 160 200 300 329 446 456 745 787 913 996
9  34 37 211 349 501 626 735 880 887
11  162 196 233 365 447 532 550 727 751 882 906
11  50 129 173 223 378 440 526 629 665 749 952
7  63 86 196 275 503 626 766
7  112 369 464 555 618 621 639
13  16 42 166 336 396 445 653 659 693 694 883 925 972
7  17 66 110 117 224 278 559
14  71 78 80 273 335 413 512 617 693 704 734 746 876 975
7  225 435 454 521 647 682 884
11  1 167 228 306 317 372 438 533 577 731 923
20  59 107 125 170 171 245 264 326 343 349 418 450 484 618 708 821 884 943 958 988
6  50 110 358 397 865 877
13  184 227 302 336 352 434 495 540 687 697 787 993 998
8  125 213 301 452 523 666 972 973
9  180 289 397 546 637 659 707 744 868
7  76 89 180 261 369 444 907
10  12 13 114 126 191 239 382 794 819 896
9  17 24 371 376 396 482 657 741 789
11  64 189 205 315 562 609 778 848 857 870 982
5  50 66 420 662 786
9  61 73 94 392 434 490 547 863 871
8  74 97 161 217 686 887 975 986
9  0 126 155 530 730 810 840 942 960
6  157 300 372 433 722 783
9  65 155 439 569 613 641 758 864 932
6  152 154 317 458 626 715
4  62 278 537 550
11  82 128 153 213 368 385 540 571 674 745 973
7  60 223 448 632 738 861 993
8  42 280 635 732 746 774 875 962
12  106 129 199 241 247 369 387 438 614 626 661 888
11  151 172 263 310 370 482 484 544 784 900 906
8  11 116 131 242 356 404 514 844
8  48 53 330 420 564 723 735 813
10  17 43 211 375 405 406 567 600 661 775
15  8 202 205 242 277 315 336 344 347 667 699 772 827 866 937
12  135 197 225 236 416 518 578 785 801 873 906 919
6  139 169 204 256 881 982
12  70 241 451 584 604 702 810 813 821 924 938 963
9  167 237 549 737 745 763 819 849 920
14  19 49 125 140 214 236 248 268 311 354 704 748 759 896
8  90 140 222 423 444 738 783 914
6  161 340 507 665 752 946
12  46 49 77 132 182 196 261 279 318 501 719 801
11  9 60 68 121 304 413 421 447 742 821 932
9  18 193 283 495 603 623 805 875 876
11  334 339 454 616 632 637 791 795 877 908 954
10  10 54 344 350 402 690 707 784 936 993
13  86 93 205 451 485 495 522 585 598 613 714 814 894
9  113 312 370 531 659 752 809 909 915
18  86 101 144 145 186 265 282 402 442 484 497 527 576 673 727 785 918 996
9  248 315 440 448 510 560 690 918 956
8  71 173 335 418 474 659 833 907
8  60 103 224 231 421 535 565 752
9  25 142 212 320 503 510 550 617 954
7  199 263 284 309 372 409 576
4  180 645 891 999
7  200 338 574 592 637 838 929
8  123 243 264 393 462 827 840 882
11  52 148 216 316 355 455 761 779 801 941 943
16  75 197 204 255 357 431 450 548 634 659 691 835 870 922 934 984
14  6 8 62 146 217 281 347 583 655 661 679 808 942 957
7  49 117 719 725 751 809 899
15  51 71 175 239 276 425 491 530 546 649 729 732 754 762 826
16  24 116 215 238 401 486 517 544 680 691 726 811 882 939 978 983
14  63 199 232 478 488 521 524 542 638 723 809 867 903 969
12  4 70 131 133 173 335 385 477 516 565 805 856
13  31 166 190 326 366 411 423 460 571 622 882 886 898
10  26 37 41 374 395 397 458 507 677 767
12  160 185 195 241 382 416 627 808 915 933 954 999
5  129 187 435 816 892
10  73 86 266 356 436 552 577 581 604 851
11  47 52 84 111 165 258 362 435 639 708 909
6  326 403 435 555 737 874
11  14 167 190 206 289 466 467 583 645 647 874
19  13 64 148 165 178 254 284 335 457 532 583 618 637 671 688 786 788 889 923
9  126 204 293 346 410 555 649 735 931
13  88 110 242 254 359 412 444 453 616 618 680 773 845
11  10 365 404 451 486 523 544 605 847 892 950
14  230 235 307 394 447 450 582 627 644 651 689 721 822 906
8  75 293 340 477 561 608 699 948
13  29 130 164 266 410 451 600 664 686 735 812 816 876
8  184 263 396 426 550 984 986 988
10  14 143 157 270 274 556 646 776 953 991
12  72 73 107 170 233 393 634 671 753 804 849 890
11  7 194 426 543 622 813 819 863 879 921 968
7  189 250 257 485 730 746 901
13  10 151 191 225 271 340 390 412 665 730 753 802 940
7  523 538 698 735 754 760 850
6  402 414 426 572 819 917
10  96 269 294 434 486 517 695 879 903 970
13  0 106 128 372 600 612 630 634 767 834 927 935 972
14  10 171 232 343 355 505 544 546 605 664 748 875 894 963
12  132 158 505 726 757 811 832 837 860 862 937 958
6  136 183 414 571 579 935
10  66 78 116 138 166 217 441 510 802 828
8  17 56 236 299 330 448 878 901
10  9 142 318 409 440 829 898 970 979 984
7  0 139 688 783 809 922 940
7  35 316 552 745 836 904 973
9  209 330 346 559 569 602 653 698 900
8  183 251 388 471 511 667 752 860
10  25 71 195 222 240 471 498 685 897 966
12  82 131 214 376 426 489 545 691 754 826 839 843
10  54 93 114 284 397 404 450 581 759 885
4  54 209 299 406
11  62 166 170 226 279 403 446 453 471 599 798
8  169 355 522 725 793 804 818 993
8  4 82 101 194 409 412 622 882
7  146 193 377 598 599 934 967
10  1 98 232 323 339 400 455 786 812 955
15  14 96 103 160 168 199 276 435 464 527 670 831 880 934 960
13  35 162 165 207 381 569 732 751 791 810 871 896 954
11  20 188 277 328 363 532 672 701 811 920 923
6  322 394 623 719 917 935
14  140 308 342 366 400 485 523 553 590 668 738 787 913 928
7  121 258 331 622 686 889 955
10  160 392 410 412 512 556 614 798 874 951
11  91 97 114 170 181 585 640 653 715 903 937
6  36 98 748 780 796 952
13  92 216 269 297 329 365 369 380 409 771 785 818 865
10  43 231 654 657 662 706 747 787 868 869
8  26 350 436 528 554 564 593 737
2  260 262
12  4 205 207 281 390 483 491 543 632 644 789 969
6  190 485 810 847 912 983
11  48 57 167 387 404 604 801 895 907 940 967
10  35 102 216 276 433 513 630 719 893 995
11  38 202 246 298 327 372 573 594 630 718 993
7  101 320 382 479 669 802 850
15  25 253 285 338 352 373 501 511 566 764 795 851 868 914 939
18  1 48 145 173 334 340 357 420 425 451 537 609 634 806 849 890 894 935
15  17 253 300 320 511 655 676 806 807 819 853 889 939 986 992
13  161 185 212 323 329 497 513 697 755 875 886 906 966
10  59 140 188 319 602 633 643 875 942 976
9  92 180 368 567 580 737 753 815 925
11  75 201 211 270 649 662 777 797 861 882 981
12  82 121 275 286 320 333 388 645 834 927 946 965
12  20 114 170 370 481 584 590 747 765 869 900 933
13  220 250 284 319 328 333 356 404 446 538 564 645 817
10  11 43 213 266 308 326 372 605 716 926
9  46 119 217 462 473 612 633 883 930
10  24 48 83 517 561 652 747 824 874 960
1  137
8  213 319 434 537 587 634 840 945
10  133 267 293 321 606 623 815 859 934 982
6  193 241 257 511 691 922
15  66 165 243 309 363 485 499 509 621 730 732 755 776 845 860
17  77 136 156 369 420 544 547 548 592 603 605 702 773 824 870 971 993
6  173 236 291 861 914 935
8  159 300 331 361 402 617 669 814
12  3 128 191 254 444 488 494 725 738 841 901 944
11  25 46 68 180 344 360 722 792 855 950 976
14  6 175 308 357 426 456 501 516 634 703 706 828 862 880
15  69 185 205 234 269 307 497 547 567 612 616 651 856 942 987
8  260 467 478 577 586 655 662 750
5  267 571 773 793 924
9  318 326 532 542 584 590 673 704 991
6  450 551 568 580 744 908
12  23 27 50 74 106 144 204 382 467 484 488 716
10  2 44 406 491 519 633 745 816 936 996
8  279 330 430 432 438 573 785 873
12  0 348 357 485 523 562 641 643 660 715 818 918
9  206 210 275 299 424 514 533 673 995
9  17 220 430 433 630 664 829 867 996
6  426 444 692 741 928 950
8  26 62 297 371 380 782 828 916
7  119 250 296 405 494 566 994
10  46 49 258 336 495 505 528 533 546 947
10  86 226 235 293 422 425 482 653 896 904
14  29 62 121 129 153 262 280 327 381 427 515 737 808 848
12  35 49 143 577 674 683 728 839 874 893 900 944
7  111 142 390 406 439 781 945
6  412 518 588 639 649 780
9  30 57 116 174 396 405 473 680 866
12  105 109 322 389 479 572 728 731 828 873 958 996
7  0 139 460 515 571 745 826
10  209 284 330 615 659 690 762 800 805 931
10  42 245 270 283 458 485 585 616 731 834
4  185 277 727 755
10  19 32 161 362 474 562 777 824 897 933
9  62 105 170 451 523 561 663 731 967
14  16 179 383 389 394 426 428 486 499 658 727 785 801 803
10  118 403 423 554 669 686 701 784 830 970
6  588 607 644 814 871 979
11  73 148 165 181 352 556 586 640 663 896 950
12  189 229 342 370 380 542 551 674 693 707 847 987
9  118 139 155 426 554 557 818 868 960
9  173 227 287 698 710 840 862 923 994
12  85 264 269 274 331 432 513 643 689 791 851 883
10  184 259 262 267 571 673 685 839 884 940
8  40 75 275 491 542 804 827 945
6  244 305 338 611 690 828
8  240 263 346 532 766 829 841 911
8  40 335 401 512 547 632 765 957
9  118 361 601 674 698 756 860 951 974
8  140 197 203 270 287 384 582 746
16  16 98 258 300 354 435 462 470 473 477 709 832 835 847 936 944
14  0 47 87 113 243 269 389 469 481 486 791 812 849 966
8  93 129 250 263 607 849 915 925
15  84 98 163 226 230 291 307 373 454 482 648 698 740 824 924
8  246 280 319 420 431 671 700 769
8  6 66 396 519 597 632 661 882
14  31 37 62 110 267 269 401 403 488 652 722 840 957 984
9  90 113 176 261 417 535 753 774 974
16  8 68 137 182 196 205 324 356 362 403 516 714 746 763 788 889
15  135 142 165 298 379 397 434 436 489 617 753 815 834 947 988
10  59 381 393 449 504 691 709 818 889 952
13  37 77 101 187 260 322 361 567 691 747 903 960 982
9  64 81 118 176 240 462 513 761 776
16  172 210 217 261 343 352 407 465 529 615 635 766 896 957 961 993
6  122 532 580 590 750 813
4  245 316 498 542
14  29 140 222 340 408 435 459 568 781 858 905 935 954 972
14  44 63 104 165 177 282 503 511 681 744 849 920 944 987
4  400 402 412 871
15  59 112 206 230 323 392 494 533 552 600 641 768 827 890 932
7  115 165 191 514 590 603 693
10  37 41 292 379 502 577 755 802 870 973
14  122 130 140 365 369 380 385 436 482 529 532 853 862 958
9  48 72 177 252 421 490 511 802 996
5  31 62 480 652 678
13  82 142 260 315 340 415 449 663 678 821 919 920 996
11  2 47 99 110 415 449 479 499 530 722 759
4  55 170 327 577
8  126 127 189 222 237 660 831 920
10  162 201 269 335 420 617 635 662 768 825
12  17 190 261 283 292 380 482 611 622 643 648 849
11  30 31 43 72 141 434 820 843 916 983 994
4  15 207 379 620
8  109 282 479 482 601 787 848 859
12  81 88 280 325 338 402 443 561 662 684 719 752
15  62 63 202 310 335 423 446 536 616 628 712 726 857 906 956
9  80 243 277 463 602 664 817 882 969
6  490 680 726 727 785 870
13  10 118 128 131 208 250 349 586 696 699 759 813 905
6  35 69 197 245 433 719
11  3 10 370 403 780 829 861 927 929 937 952
10  97 118 157 265 582 774 809 888 911 999
18  67 71 95 99 134 145 160 250 278 349 429 444 597 646 768 882 955 979
9  69 161 179 268 316 367 424 549 793
9  29 49 108 147 296 424 434 904 943
8  139 153 185 221 258 270 449 491
9  5 11 260 330 424 498 538 576 599
7  198 635 667 684 685 706 806
8  115 164 612 707 716 768 829 992
9  21 147 233 617 705 761 765 874 976
11  63 239 397 456 483 488 612 703 719 779 977
6  15 106 132 467 473 571
13  46 66 336 348 359 412 477 547 748 757 772 778 911
10  14 250 296 316 349 357 560 719 778 877
12  18 72 87 242 300 337 424 444 619 620 806 914
9  15 114 146 199 259 289 397 779 955
14  82 83 312 436 581 638 735 824 848 854 889 927 956 980
10  35 85 326 477 486 563 758 807 840 912
7  67 157 196 349 593 852 979
9  68 98 427 532 598 607 617 620 792
9  82 160 256 404 482 543 901 922 961
6  105 231 267 557 579 989
10  41 62 72 305 312 328 431 458 488 861
10  217 254 302 496 525 529 548 578 805 806
7  510 685 706 881 937 959 981
14  25 26 30 150 247 346 448 560 836 839 855 948 957 975
9  50 188 214 337 450 454 657 970 979
4  209 244 312 580
3  198 433 789
15  9 62 66 106 135 147 212 304 332 419 462 463 731 874 914
16  23 32 88 141 144 198 234 336 377 382 404 474 490 743 834 875
9  14 16 433 568 593 632 710 718 871
7  465 486 531 780 805 875 991
8  55 240 245 345 593 950 958 970
13  11 194 324 333 499 553 565 695 725 816 876 884 925
12  68 177 180 219 280 345 361 521 555 609 865 927
14  106 203 236 313 333 335 367 418 620 633 745 901 913 942
19  2 98 162 208 234 256 269 387 397 569 577 683 719 742 841 866 897 956 982
12  164 297 304 414 431 445 468 474 505 766 781 795
10  164 235 290 302 447 709 773 942 961 997
8  33 340 450 482 647 765 776 989
9  119 343 459 545 574 633 796 822 905
10  185 227 238 250 529 617 688 720 728 793
12  19 51 123 206 211 247 508 619 766 880 940 997
6  197 589 591 647 747 995
14  56 85 207 217 238 247 303 345 379 437 502 669 819 847
12  106 117 126 137 174 463 488 699 830 859 900 948
10  3 219 224 405 471 493 541 698 838 940
13  14 46 92 119 352 353 462 473 482 677 703 756 975
10  67 166 199 418 654 729 793 825 833 885
10  102 124 334 469 513 595 778 811 927 985
9  78 140 182 403 416 519 562 679 985
9  86 125 396 537 579 800 915 941 970
12  15 46 149 163 261 278 331 356 523 642 840 985
7  174 183 350 544 774 810 874
5  89 299 714 846 865
13  171 197 313 362 476 491 550 614 645 871 881 936 991
12  28 56 114 293 370 371 373 381 459 768 806 817
10  103 193 261 299 435 473 699 723 911 949
12  212 215 219 233 283 295 312 317 458 736 835 855
8  300 386 434 584 694 772 879 993
9  312 429 571 632 662 737 903 985 996
8  4 29 110 369 428 513 714 877
8  60 291 294 502 674 772 791 848
8  190 331 389 405 483 518 805 924
15  61 65 291 319 445 480 526 589 626 681 692 744 813 902 945
16  32 34 153 257 294 366 395 398 667 741 814 931 944 950 964 967
13  16 142 150 220 274 336 358 371 427 496 580 818 998
13  138 200 202 203 241 327 343 425 451 512 539 643 820
8  76 201 252 336 349 383 696 955
4  412 520 557 899
15  20 47 139 160 291 465 575 650 709 711 755 758 768 818 966
7  79 154 302 642 752 789 953
11  89 132 181 227 583 586 689 776 784 855 993
1  225
9  180 678 722 787 868 890 921 985 989
7  24 37 121 124 361 725 780
20  29 145 171 207 281 295 369 381 450 472 590 596 615 641 677 724 750 752 809 912
10  22 41 135 405 432 614 769 902 971 985
10  73 129 236 269 362 466 663 679 853 985
11  71 131 174 209 406 699 842 871 875 890 949
11  13 72 92 158 181 226 392 629 784 809 835
10  69 84 337 352 353 372 504 780 807 929
21  140 190 209 234 288 393 407 444 453 495 507 512 517 573 674 767 808 811 844 869 937
18  27 168 178 208 211 261 311 435 463 669 711 766 780 807 876 960 978 996
6  67 143 779 866 948 971
11  44 51 207 236 450 485 639 755 835 924 966
12  6 138 176 330 393 688 761 943 950 954 955 968
7  189 240 515 536 780 825 933
5  92 129 283 377 950
4  205 639 810 985
12  121 155 198 308 389 426 464 572 713 806 807 901
9  48 343 408 424 468 486 495 574 800
8  197 306 507 601 678 760 783 905
6  487 601 603 608 680 997
13  62 96 188 271 327 339 396 415 529 606 658 669 721
9  363 396 413 451 657 718 861 970 980
8  134 241 458 495 692 852 879 999
6  340 399 438 466 613 655
11  70 204 446 465 487 558 752 822 903 929 965
6  126 204 285 289 378 915
9  77 405 459 486 495 507 515 591 870
7  328 417 477 516 533 604 625
5  67 327 517 821 913
9  231 232 236 414 504 613 678 861 972
3  81 444 732
9  12 28 271 304 327 378 415 425 729
6  182 310 397 405 681 835
10  33 44 48 98 495 645 667 755 915 984
6  423 522 804 844 858 872
14  48 82 196 210 327 379 384 469 502 576 707 712 872 913
11  118 195 285 610 614 656 678 699 754 814 821
8  26 259 305 353 360 507 755 999
11  95 351 432 571 583 604 701 810 824 836 903
10  268 328 491 566 636 694 838 843 885 907
12  24 147 161 299 330 349 357 360 387 407 415 993
10  93 254 377 431 572 667 762 899 952 996
10  38 77 123 140 161 180 289 746 781 900
12  4 68 178 216 245 255 277 292 308 453 647 763
16  194 208 220 312 328 384 399 459 468 566 600 664 767 840 978 985
10  33 102 111 461 466 520 714 823 877 923
15  119 195 281 289 333 377 389 413 541 572 606 728 746 904 938
9  49 77 233 336 509 532 699 702 921
14  89 150 350 364 397 555 612 636 640 643 808 839 866 990
12  55 103 193 254 290 321 372 423 481 806 896 913
5  550 588 602 607 797
8  27 46 124 414 514 654 734 841
14  44 117 281 297 346 525 545 552 589 662 865 971 975 976
14  76 142 175 178 298 450 459 464 468 475 736 783 962 976
9  7 390 434 545 615 693 830 954 972
9  25 180 263 284 657 750 752 763 893
14  27 30 48 69 232 342 373 581 844 887 906 933 947 988
10  26 33 277 312 353 401 506 634 640 685
4  530 582 591 783
6  24 96 130 173 260 283
10  16 44 47 57 348 412 430 477 782 813
7  121 133 184 344 588 704 708
15  337 449 471 584 611 615 649 651 707 728 806 807 875 907 970
9  39 52 222 223 298 405 751 848 960
10  79 84 499 524 587 637 638 640 737 889
13  20 37 40 88 97 172 198 450 460 468 479 513 830
7  5 85 410 545 708 711 784
11  24 104 277 489 523 532 748 813 894 896 912
11  101 181 184 225 391 603 685 732 890 893 916
13  3 231 260 262 276 344 350 575 592 657 879 921 977
11  69 137 247 324 435 450 656 682 822 868 982
9  257 263 319 339 417 429 507 632 659
13  162 293 347 493 524 551 606 660 671 767 774 866 959
9  300 306 455 468 578 593 659 734 781
8  196 283 335 469 597 792 896 973
17  26 194 220 272 450 470 526 639 642 727 805 837 849 864 922 945 966
6  166 303 431 572 641 982
10  38 49 290 332 418 530 609 610 717 907
8  437 487 654 661 709 741 877 916
5  60 138 195 402 988
8  85 178 237 476 552 572 943 958
10  143 208 218 245 292 311 420 509 611 660
7  20 195 506 514 536 813 930
6  390 494 703 776 788 975
5  54 132 432 517 964
12  78 180 241 564 571 643 672 702 811 898 899 932
4  252 298 539 668
9  340 349 390 409 462 692 748 806 831
14  79 84 99 152 193 353 500 519 573 615 762 774 890 947
9  121 179 399 633 658 705 856 901 957
16  131 205 243 287 323 341 349 386 489 509 595 605 626 743 787 930
12  86 109 116 139 293 298 346 469 648 752 811 863
7  26 581 663 675 822 891 999
9  17 53 102 183 334 593 671 675 785
11  8 83 362 455 524 655 739 773 819 920 976
14  16 156 261 274 419 595 600 645 697 757 858 921 978 979
7  218 269 373 582 731 857 917
6  83 435 528 770 862 884
6  19 142 157 549 588 835
7  414 488 589 606 696 732 970
12  40 116 195 287 316 321 342 543 778 797 901 962
11  51 103 215 254 387 542 599 660 724 740 818
13  51 161 194 208 222 278 421 593 634 744 818 894 976
9  233 408 494 496 508 591 653 692 733
9  144 193 222 298 557 836 920 933 953
11  77 150 278 284 324 379 626 658 704 845 915
9  28 190 278 390 569 675 748 820 822
4  169 370 540 917
12  131 156 184 212 423 492 568 621 644 669 741 866
10  100 288 316 514 562 651 725 873 950 961
12  53 64 96 201 229 346 494 522 589 671 867 903
9  95 245 401 601 666 736 755 945 950
11  109 252 313 317 562 580 610 662 819 871 979
7  98 134 203 206 402 490 928
8  121 213 247 315 599 715 813 962
9  317 388 437 546 774 850 877 919 989
5  104 107 466 628 698
8  86 111 136 230 808 909 923 939
7  88 181 380 392 630 737 970
10  20 46 98 210 272 311 361 591 838 967
8  148 292 310 418 551 554 604 730
7  53 90 384 576 757 782 894
15  4 9 89 94 163 252 269 527 591 634 650 652 909 912 928
5  26 183 196 401 731
13  65 112 120 260 297 481 486 684 788 875 919 971 995
7  76 164 265 284 338 603 984
9  67 76 93 288 343 398 550 842 906
16  9 51 58 88 154 230 242 404 548 668 795 803 804 898 963 998
11  3 96 119 593 605 670 680 727 771 973 981
12  157 197 224 286 306 320 378 428 480 527 775 940
17  6 10 49 90 107 219 305 458 483 488 518 522 585 625 700 888 994
14  6 13 28 36 103 258 291 450 530 579 608 634 757 962
9  91 127 187 408 459 610 613 740 870
5  438 511 584 696 923
14  124 180 185 373 477 563 609 677 732 793 802 841 844 936
14  98 139 201 285 301 348 354 404 741 762 836 901 914 962
10  16 53 74 166 390 515 653 700 716 887
9  224 388 419 573 706 750 752 876 930
11  108 265 288 341 394 434 554 712 987 990 993
12  29 40 201 234 383 498 534 603 697 764 776 947
12  209 326 368 500 538 673 674 741 807 846 939 960
8  191 204 205 440 480 647 675 929
12  38 168 268 287 427 504 575 624 674 812 826 993
9  4 178 248 308 572 694 829 952 965
10  79 285 315 365 440 598 653 797 873 968
12  23 27 51 68 110 274 506 684 703 857 899 918
11  6 32 44 64 303 314 492 503 540 882 908
6  411 432 494 541 552 725
13  24 93 245 268 287 341 347 444 594 620 694 803 810
10  411 468 500 545 561 564 644 662 732 817
10  1 34 59 83 187 278 511 608 681 839
14  252 385 398 400 515 535 544 570 724 826 829 863 886 888
5  258 590 614 669 675
5  417 532 537 831 883
5  113 444 839 908 960
7  88 332 369 516 713 784 817
11  178 239 386 586 606 704 741 764 781 827 906
7  26 85 236 239 373 543 556
12  164 211 221 346 486 537 635 758 826 888 911 985
15  120 123 325 360 460 461 553 682 691 702 726 817 825 929 941
12  3 78 230 264 363 492 623 666 769 770 878 922
12  175 278 347 461 510 567 581 681 688 959 975 978
14  34 94 168 201 256 469 480 562 742 849 894 937 972 983
11  208 222 270 278 532 570 684 714 808 866 911
16  49 123 124 275 462 488 514 541 598 662 666 715 727 796 813 942
12  117 314 329 386 492 613 658 721 732 741 757 817
9  74 210 461 573 592 637 677 826 937
7  148 261 402 519 576 702 874
11  84 478 519 554 574 760 762 765 839 858 894
11  27 38 50 322 357 504 523 747 805 918 920
16  37 110 119 221 271 284 375 377 490 726 752 801 825 855 896 964
13  67 154 178 465 471 574 607 615 627 662 827 895 975
15  1 79 160 247 423 445 478 594 627 645 702 717 749 930 962
13  57 307 340 444 496 504 530 613 682 783 797 899 995
8  62 176 207 284 308 362 658 777
21  12 40 84 137 184 280 336 356 376 386 409 636 650 661 679 723 729 783 835 895 933
7  18 134 140 205 207 741 875
8  381 410 743 832 906 928 973 974
10  359 381 386 403 590 691 829 868 926 986
9  65 134 277 550 623 653 675 678 771
9  197 215 238 246 357 648 691 798 812
16  30 57 69 110 126 175 244 275 602 621 716 742 772 863 924 959
5  584 719 743 764 811
7  69 469 572 672 679 797 878
10  5 106 130 133 155 160 432 532 547 925
14  18 66 199 209 613 614 727 745 752 797 815 968 969 979
6  20 362 558 697 705 709
9  49 132 448 752 768 776 777 866 934
9  52 221 257 258 294 560 684 883 903
4  16 732 748 940
9  113 158 176 254 324 332 398 428 513
12  264 271 290 403 408 531 671 725 841 863 926 956
13  190 214 221 261 274 283 499 544 564 573 931 947 960
8  96 159 340 356 374 600 700 852
8  481 490 617 672 677 740 850 979
13  10 22 144 176 187 205 506 608 702 708 751 818 963
11  34 116 125 195 383 506 673 676 719 747 887
13  44 48 134 202 303 453 457 517 660 726 879 972 981
13  39 56 84 124 248 315 490 499 506 692 751 767 944
8  154 292 346 444 518 827 910 933
7  7 420 439 517 743 748 922
12  26 264 292 319 357 435 490 527 670 757 944 990
13  89 126 209 254 314 550 591 748 794 896 909 941 974
14  10 37 186 204 267 269 423 475 537 614 787 804 956 965
10  213 369 650 736 750 837 839 887 924 940
12  12 80 118 138 204 407 411 485 583 733 788 994
7  58 330 357 533 622 773 777
7  112 193 206 266 303 504 775
11  81 89 438 564 617 646 667 671 742 913 928
10  2 63 109 209 284 504 551 726 772 987
10  272 333 351 564 708 717 862 865 973 993
19  19 25 99 127 135 230 248 299 545 578 586 621 662 777 917 965 973 979 981
7  251 416 493 520 783 940 991
11  7 125 191 262 285 465 536 660 708 744 814
7  22 75 478 512 737 849 908
13  147 251 393 463 497 511 701 775 783 871 958 977 998
14  11 17 20 312 462 531 547 607 616 667 705 864 944 999
12  60 109 135 144 179 182 190 307 513 515 921 923
13  52 113 292 355 514 523 543 639 655 743 811 842 902
13  160 164 191 332 520 617 710 812 832 859 882 909 927
15  149 251 266 285 356 361 428 494 554 591 606 613 653 851 968
12  48 105 311 315 352 446 534 677 741 764 816 864
8  211 222 294 363 486 719 735 935
9  44 132 172 217 676 757 811 812 940
16  57 98 103 107 125 143 553 602 606 671 694 701 799 824 831 991
12  107 165 231 374 433 475 483 650 658 726 758 872
6  245 528 569 695 935 946
11  28 259 280 313 412 451 462 550 594 737 910
5  84 241 570 643 765
13  205 214 331 514 535 552 633 650 666 700 748 900 903
7  12 86 243 527 625 636 800
10  19 56 180 287 293 320 582 638 839 898
13  63 108 157 301 316 325 430 450 582 584 698 855 921
11  52 111 534 535 548 583 594 621 699 751 769
8  23 262 638 665 689 718 779 943
10  198 415 444 576 608 636 663 730 812 947
10  93 351 352 442 460 471 478 621 726 765
9  191 418 446 617 625 697 756 885 922
12  39 194 207 304 364 461 570 707 721 793 865 933
11  60 66 344 432 474 592 603 817 873 905 998
12  62 138 512 601 615 730 744 836 863 935 962 993
8  22 111 301 404 735 790 798 900
8  29 361 374 566 587 605 630 725
9  46 232 320 374 391 499 510 686 709
10  90 151 211 246 313 685 694 787 967 975
5  1 22 142 887 941
13  15 205 228 409 454 603 720 768 781 799 806 814 854
10  10 96 127 209 319 440 676 708 819 860
12  112 177 181 307 322 698 706 865 897 906 931 977
13  190 194 233 276 337 338 601 620 622 730 772 840 995
12  7 42 84 109 295 432 464 529 545 640 835 944
9  11 106 135 137 316 347 496 722 779
15  8 13 47 88 135 427 481 585 590 666 686 744 892 944 952
5  220 401 668 753 835
7  365 436 541 575 772 934 950
9  4 142 263 537 581 628 679 871 959
14  63 218 230 318 325 330 414 558 674 690 727 879 881 952
12  6 95 165 210 365 413 425 447 478 489 675 996
6  331 572 578 635 671 753
10  8 31 91 243 313 480 657 666 839 886
9  168 278 489 527 601 609 614 637 859
11  29 120 283 377 415 525 587 798 807 985 998
14  12 107 137 170 287 503 547 598 804 843 937 947 950 960
10  87 376 531 628 658 718 804 811 956 972
14  29 81 251 283 374 391 579 690 830 846 901 928 992 997
9  144 177 316 375 477 504 680 870 962
17  12 77 140 202 503 508 637 652 655 689 731 821 840 851 913 948 963
11  59 88 327 337 406 438 520 628 685 719 731
7  58 318 398 661 859 872 972
4  30 438 451 508
9  49 75 78 362 477 580 730 787 962
4  26 458 597 780
8  178 335 422 429 487 605 716 842
8  75 155 248 292 556 606 820 939
7  270 289 375 578 623 714 814
6  36 519 614 652 792 916
7  68 258 398 463 676 705 723
17  173 192 244 257 361 366 377 380 404 624 638 664 709 778 879 889 895
9  13 71 84 125 409 688 837 931 951
5  209 462 607 680 806
7  153 282 333 353 442 693 903
7  163 195 425 617 718 813 944
7  444 543 593 738 833 909 974
11  118 192 237 281 401 443 551 589 633 684 937
15  12 55 194 223 362 364 601 612 639 651 667 678 798 800 924
13  51 131 180 309 312 364 517 570 606 627 698 770 787
7  78 301 305 409 488 504 920
6  193 416 473 617 731 953
13  15 152 216 217 277 562 677 682 691 712 738 798 884
16  34 50 139 305 308 311 396 538 565 708 709 729 779 845 957 992
12  30 159 193 242 277 472 510 541 576 591 607 631
7  38 545 647 776 777 813 909
4  137 493 515 823
10  130 163 206 211 218 383 664 683 844 975
5  426 495 553 646 991
14  169 203 252 265 300 428 506 560 656 669 798 804 855 909
10  53 104 158 171 245 281 724 730 893 950
4  59 536 750 927
10  68 111 330 543 574 636 893 901 917 920
13  114 147 295 433 520 550 577 582 598 607 618 663 947
10  41 58 109 174 404 604 623 650 858 976
12  397 532 619 624 642 660 759 760 802 862 880 904
11  21 85 144 288 344 432 544 655 682 694 875
9  49 129 157 169 229 290 306 403 627
11  44 56 81 137 159 216 326 335 484 488 838
12  1 21 50 114 251 268 272 338 411 611 638 837
18  11 29 39 170 222 249 379 509 529 548 631 642 644 671 752 766 767 840
3  132 614 877
14  285 341 444 497 579 646 739 823 827 847 871 887 891 997
11  47 131 192 242 505 637 640 675 840 926 993
17  12 172 179 183 231 361 439 444 466 497 533 579 612 627 629 748 939
8  214 217 265 334 336 695 700 766
7  193 218 233 478 772 891 975
16  14 38 263 277 309 348 438 453 475 479 553 763 890 923 985 998
7  123 325 415 679 879 909 997
12  13 223 379 537 563 573 607 643 665 819 825 868
7  154 384 438 600 667 864 983
10  13 55 77 93 170 234 353 365 743 986
5  74 218 460 610 743
9  94 106 189 339 376 454 830 846 870
11  107 193 307 483 530 577 610 782 797 942 956
7  169 335 485 497 755 798 873
7  122 260 581 598 624 663 933
10  28 38 268 324 376 407 610 670 678 837
10  59 133 323 340 405 410 451 748 753 857
11  46 81 113 198 221 450 486 514 640 748 907
13  31 346 356 369 375 424 438 629 688 790 821 828 890
6  331 445 602 675 778 822
6  55 539 602 727 815 917
5  250 570 621 775 832
11  165 379 427 430 623 651 691 696 754 864 992
7  207 278 286 406 536 648 932
9  108 159 334 368 421 514 530 557 812
10  164 571 649 657 771 912 929 941 958 990
14  1 78 213 277 339 407 440 525 581 629 733 858 864 950
9  50 266 310 616 629 648 653 733 944
9  148 379 380 417 542 719 769 801 841
13  73 189 377 382 452 676 693 731 827 899 920 926 953
11  82 101 249 303 367 399 443 449 451 455 713
11  302 343 405 484 515 598 688 783 849 867 934
7  23 102 296 502 563 762 998
15  13 54 153 171 228 460 495 500 615 617 654 657 781 784 927
10  15 161 177 313 440 448 508 597 783 906
10  41 53 166 180 250 291 312 364 535 896
5  34 149 205 240 881
14  25 31 34 129 142 245 251 360 442 532 645 686 712 727
5  205 335 525 566 647
7  147 254 395 439 837 886 995
8  27 683 768 791 869 888 890 959
10  61 66 81 176 242 319 328 430 790 848
5  12 282 386 516 717
13  237 286 370 409 416 576 680 812 830 874 909 939 955
4  45 146 644 886
8  49 51 113 176 260 405 569 933
9  57 80 103 249 408 606 885 895 919
9  104 266 492 542 586 615 625 627 762
11  89 236 247 622 683 703 726 730 737 763 819
6  666 688 817 863 945 967
8  17 43 48 307 419 459 672 726
10  38 166 173 189 256 312 612 778 837 901
9  217 225 259 348 350 576 743 827 839
6  39 312 569 590 916 956
9  214 237 321 476 569 645 704 705 737
11  33 42 60 175 196 307 390 399 431 517 611
19  10 109 261 262 374 381 390 424 458 491 504 529 688 721 808 842 922 973 986
11  86 262 384 449 451 458 504 582 703 847 966
12  28 191 199 300 450 490 559 605 806 819 924 977
10  179 192 195 228 368 444 448 815 887 915
11  39 67 127 152 168 242 255 421 457 480 590
14  194 223 243 417 450 527 533 624 660 665 705 930 942 947
13  71 211 240 328 584 622 661 665 677 774 793 813 946
17  19 163 168 215 341 365 432 502 509 524 556 606 723 733 812 859 957
11  98 178 280 314 433 478 655 688 716 891 901
13  24 57 265 275 336 627 770 809 864 953 955 980 989
10  59 83 200 211 290 401 663 891 931 971
13  40 269 363 424 591 597 601 607 681 799 847 936 964
13  237 250 292 317 337 434 438 543 544 637 889 923 963
18  114 146 169 215 219 262 412 536 554 689 757 798 808 848 859 896 942 956
6  21 34 358 435 548 715
10  140 168 174 352 470 478 708 768 957 971
10  120 209 408 466 512 534 548 769 869 935
3  487 734 750
10  74 113 272 278 310 330 383 480 666 871
9  42 356 416 455 601 612 757 884 933
9  73 75 193 233 306 584 593 600 608
16  41 83 128 165 188 321 346 598 613 641 750 779 802 872 945 965
11  20 45 47 56 75 225 283 296 305 322 768
11  83 227 294 323 367 375 585 593 620 884 945
11  11 66 313 413 496 507 706 761 793 890 999
9  106 241 355 529 595 666 914 936 955
7  223 327 619 661 771 881 941
8  14 182 416 724 841 909 920 954
6  13 221 267 308 336 397
16  8 24 43 70 106 190 327 426 448 453 474 540 617 692 695 894
9  229 392 480 546 577 682 854 965 993
11  60 99 120 223 517 646 720 747 765 789 801
6  73 187 414 481 561 746
15  75 233 301 320 392 490 592 596 610 646 673 701 802 886 993
17  49 152 188 274 318 333 384 420 486 691 708 748 751 844 918 923 924
11  68 126 281 323 404 493 576 633 778 833 900
10  46 120 125 447 568 660 714 806 872 990
9  30 59 76 233 358 481 704 903 955
13  115 162 450 476 498 576 735 840 858 862 871 907 951
6  47 207 277 547 731 971
6  76 422 582 706 761 925
13  26 53 110 208 255 316 327 412 750 807 817 958 980
11  31 105 148 300 360 383 430 505 791 819 961
11  169 214 261 328 329 344 357 517 604 656 781
5  218 259 557 636 935
8  37 201 260 319 662 708 867 875
6  103 385 464 635 950 981
6  34 61 262 349 446 961
6  383 688 836 929 941 971
11  39 282 392 426 440 612 674 737 911 948 967
4  196 284 531 860
7  44 148 362 538 587 766 943
9  343 476 537 610 742 776 844 914 965
11  83 96 275 360 413 661 702 710 813 819 902
8  86 223 231 277 325 689 856 924
9  15 35 158 266 279 367 389 463 471
8  223 283 318 349 539 652 743 844
12  62 65 91 150 215 533 593 623 633 682 799 881
12  40 60 93 103 154 517 658 663 758 772 776 815
12  42 59 75 141 250 402 422 494 652 680 690 870
11  93 165 304 404 452 490 514 550 605 629 867
12  25 41 72 88 110 195 294 552 781 851 866 957
11  70 144 251 260 317 442 512 620 757 870 970
7  82 251 268 450 790 822 912
14  123 148 190 278 348 364 468 574 707 761 865 868 922 974
16  42 57 150 242 314 345 398 423 447 554 657 697 750 824 844 965
8  91 476 477 667 710 827 842 970
9  33 166 291 305 551 586 681 763 923
11  92 203 204 247 272 301 376 396 421 609 793
19  10 17 46 52 105 159 175 222 263 264 397 399 447 504 566 618 744 851 930
7  137 175 211 401 451 579 896
9  61 141 176 380 429 487 520 557 749
7  32 226 602 625 950 964 988
10  215 220 427 464 511 639 698 719 756 989
7  61 115 130 241 283 410 743
11  0 66 167 391 423 698 786 832 863 978 993
12  90 131 188 194 197 238 266 332 363 369 588 661
7  16 135 271 319 595 630 984
14  30 60 72 82 118 138 140 320 401 539 730 825 829 993
6  72 234 416 481 679 796
10  74 197 263 593 701 789 794 839 978 986
11  68 130 151 498 578 638 646 687 750 809 893
9  62 160 368 572 593 600 790 918 939
10  127 205 246 262 335 337 383 506 719 818
12  37 214 261 346 442 447 510 530 755 768 790 830
8  186 534 750 754 814 816 957 962
5  200 208 694 900 947
10  91 257 301 497 510 738 740 887 902 982
12  86 94 178 222 261 509 544 563 604 610 835 975
6  256 613 617 719 796 977
16  146 170 242 299 315 340 491 509 516 612 644 785 819 876 946 954
7  113 232 310 404 690 965 980
7  94 197 227 527 569 673 985
8  39 192 437 483 527 587 615 779
13  60 161 230 268 301 413 484 671 683 841 892 924 946
15  63 102 216 226 281 387 403 458 531 542 577 706 740 801 814
8  64 432 445 660 859 893 931 985
14  49 81 195 220 248 338 428 466 480 552 630 671 722 843
11  7 39 44 229 299 371 488 743 917 922 944
5  343 365 408 460 681
15  49 81 131 161 166 209 263 362 498 568 598 619 690 784 950
9  145 182 256 481 504 519 767 844 977
9  63 93 176 288 588 596 656 946 977
14  102 179 202 559 564 644 661 724 733 737 756 793 833 951
6  109 110 641 669 954 969
8  31 323 368 379 425 600 605 855
7  255 384 444 509 564 775 869
9  129 245 403 470 477 491 650 708 930
10  71 171 260 279 381 396 577 831 858 992
13  67 92 179 199 329 419 467 475 547 809 934 962 963
8  87 296 358 510 520 717 803 959
9  219 244 538 549 653 740 770 904 967
10  5 101 180 181 292 587 611 840 888 985
5  166 352 557 566 796
12  169 243 344 352 355 536 546 611 728 740 779 833
10  32 215 442 489 511 537 659 674 968 975
17  2 50 190 228 276 387 517 602 642 679 806 870 904 955 958 978 996
13  0 139 205 243 318 487 559 575 659 755 818 840 873
13  111 168 286 330 431 453 623 646 726 808 840 860 900
10  71 95 135 265 329 401 626 846 936 944
5  270 620 633 751 779
11  40 221 267 367 383 402 417 661 739 783 966
9  62 89 245 295 555 564 619 650 706
9  46 187 367 449 466 583 601 775 854
10  118 271 524 532 579 614 811 875 913 977
9  206 307 433 634 690 720 816 902 960
6  66 154 174 346 527 773
12  199 268 310 455 498 546 617 641 680 764 795 825
8  190 239 241 275 629 696 781 915
14  76 119 221 224 244 261 279 343 664 668 682 822 850 956
10  10 177 290 327 423 576 817 831 925 979
11  39 165 223 248 367 391 450 604 608 704 725
4  14 168 488 957
12  67 194 260 262 559 582 715 752 793 888 976 979
12  217 228 256 320 410 414 571 631 646 654 665 972
9  72 189 419 601 644 687 775 832 854
15  105 115 123 152 191 264 284 403 406 606 762 811 819 944 998
9  63 71 140 189 371 454 522 676 857
18  38 281 301 327 344 433 640 643 658 692 694 723 777 904 925 942 973 982
9  274 302 321 432 517 553 799 827 829
7  172 267 668 812 896 900 908
12  124 298 336 498 530 581 634 677 704 741 811 892
6  210 392 413 452 708 855
3  0 425 447
20  80 208 282 295 315 400 433 454 456 551 553 696 704 738 776 852 878 906 955 965
6  3 247 325 720 844 909
8  132 249 337 367 483 585 694 698
9  49 107 108 213 439 546 729 779 815
12  51 176 184 199 242 343 454 496 833 896 910 978
15  60 118 123 240 246 369 382 436 454 793 815 831 843 922 950
12  58 181 362 383 404 633 645 705 762 803 819 935
14  191 324 333 340 392 531 731 813 821 867 891 938 980 982
14  80 102 126 140 223 305 349 400 522 657 775 847 922 973
8  391 514 603 623 697 790 916 991
17  19 38 127 152 241 272 317 338 451 505 582 596 634 704 931 963 971
10  23 78 98 114 340 387 406 551 848 853
15  33 159 495 542 556 573 577 614 682 707 712 891 915 966 967
9  29 168 222 569 637 708 818 915 960
8  68 79 433 526 612 817 878 997
12  267 466 585 645 653 827 836 858 871 897 950 970
12  28 32 103 232 263 328 438 453 517 807 927 962
11  66 239 256 311 433 561 686 799 855 917 962
8  69 103 215 454 586 627 662 921
6  5 195 254 363 627 910
16  7 68 220 227 313 393 400 419 463 504 541 560 868 872 965 981
10  278 445 452 494 566 816 821 845 854 960
11  135 143 221 343 471 496 604 639 705 710 940
15  67 85 109 143 157 229 348 516 570 619 652 653 806 944 958
8  105 325 334 619 644 724 870 980
13  137 151 392 415 494 525 603 613 686 735 754 894 921
10  125 264 282 376 494 495 536 544 742 939
9  377 511 657 690 808 895 907 908 930
10  32 194 451 486 537 603 881 886 922 954
14  16 61 227 314 369 385 393 537 554 627 636 653 936 939
10  27 28 126 383 463 815 847 897 957 974
8  266 391 570 639 653 852 970 990
13  33 128 148 167 275 338 404 512 518 893 944 957 989
6  103 194 255 358 604 758
8  28 190 212 227 333 475 567 883
16  112 417 418 420 428 442 445 446 457 486 600 703 755 898 902 918
7  151 212 262 620 759 806 886
5  284 316 344 580 651
8  86 101 140 212 336 498 521 878
8  122 388 407 442 557 815 879 982
10  55 60 81 126 490 580 643 775 842 981
9  38 213 287 399 423 654 666 736 959
9  13 70 123 262 375 706 731 772 914
21  4 142 158 177 237 258 278 340 427 440 482 580 584 652 682 751 836 839 881 884 994
8  13 126 297 318 358 572 647 993
9  16 105 257 293 411 566 615 691 789
14  55 126 129 180 290 294 305 350 352 428 451 483 699 922
7  406 410 461 706 750 756 964
12  20 56 116 142 434 569 657 681 703 755 782 942
10  5 44 186 199 368 464 479 534 658 830
