
***ForestFire:  GeoFire  Nodes:1000  StartNodes:1  Take2AmbProb:0
                FwdBurnP:0.35  BckBurnP:0.354  ProbDecay:1  Orphan:0
(1000, 5337)  burned: [27,2,2]  [0.02s]
1000
108  1 2 4 10 11 12 17 22 28 34 35 39 40 46 49 50 52 53 54 59 64 65 70 79 80 96 101 102 103 124 125 126 132 146 155 164 171 172 215 220 238 248 251 259 281 283 284 285 299 309 323 327 336 343 373 400 409 420 432 448 449 451 455 458 474 475 484 496 507 509 535 557 600 610 612 614 615 630 631 646 665 668 694 709 718 724 734 753 767 769 770 778 790 803 828 837 848 853 861 880 883 897 910 921 947 959 977 986
112  0 2 3 4 5 10 11 12 17 28 34 40 49 53 54 59 60 64 65 70 78 80 91 96 103 123 125 126 146 155 164 171 175 182 219 220 228 243 248 251 259 260 278 281 283 284 285 309 316 323 327 336 343 373 388 409 410 414 420 422 432 449 451 454 455 473 474 475 484 496 507 509 535 558 600 610 612 614 631 646 665 668 694 709 718 724 734 750 753 756 767 778 779 803 812 828 837 861 866 883 897 898 910 911 918 921 940 947 959 977 991 994
123  0 1 3 4 6 7 12 13 19 20 28 29 34 35 37 39 40 41 49 50 52 54 57 59 62 64 68 70 75 80 91 93 96 103 124 126 132 143 146 154 155 164 167 171 172 175 187 189 190 199 216 219 228 238 243 248 251 259 278 281 283 284 285 323 336 343 350 373 400 408 409 410 418 420 432 449 451 455 457 459 473 474 484 488 491 496 505 509 518 535 591 598 610 612 614 631 632 646 668 694 709 720 724 734 753 754 755 767 778 812 828 837 866 883 887 889 910 911 921 940 947 959 977
39  1 2 4 28 40 46 52 55 70 80 103 104 164 214 216 238 284 336 343 373 408 410 432 451 455 548 595 646 665 694 734 790 828 866 880 897 947 948 959
61  0 1 2 3 10 17 28 40 52 54 57 59 70 80 82 117 123 124 125 132 155 159 167 171 187 228 248 251 283 284 299 336 343 373 388 409 420 432 455 458 475 484 502 595 610 612 631 634 668 694 709 715 734 787 812 828 837 853 911 921 959
16  1 8 32 64 83 132 228 422 432 452 473 558 600 734 991 994
52  2 28 37 48 50 52 53 70 75 80 89 97 132 155 157 167 173 243 248 251 284 285 336 343 363 373 400 410 432 455 518 549 646 694 709 715 718 731 734 753 754 767 778 791 812 815 837 843 897 911 959 988
46  2 9 14 15 35 40 49 52 70 80 81 103 132 150 167 171 172 190 197 220 238 251 285 336 373 392 410 420 449 455 458 479 586 632 668 694 709 734 837 872 883 887 921 947 959 993
9  5 32 69 83 422 473 558 600 694
20  7 21 26 38 42 52 80 190 196 238 284 285 300 303 449 632 668 837 872 995
50  0 1 4 11 17 28 39 44 45 46 52 59 60 79 80 117 124 125 132 135 155 164 167 171 175 215 219 248 285 300 336 373 409 419 455 458 474 475 484 525 614 631 646 665 694 709 734 837 894 921
19  0 1 10 28 59 80 84 132 215 255 475 484 665 694 723 734 812 911 959
73  0 1 2 16 19 22 27 28 29 36 39 40 41 44 45 52 54 66 68 75 76 78 80 101 103 119 125 126 132 164 167 171 189 248 281 283 284 299 318 343 350 400 409 410 420 432 455 459 479 614 615 634 646 649 668 694 706 709 715 718 724 731 734 754 767 790 828 837 848 883 918 947 959
56  2 18 20 31 34 35 43 52 64 80 103 132 133 146 164 171 172 180 199 200 251 259 278 285 336 343 361 373 410 418 432 443 455 458 484 535 591 618 631 668 694 709 720 734 753 790 792 795 837 846 861 866 872 883 911 962
29  7 35 46 52 70 80 81 103 108 132 167 171 251 265 284 285 336 343 373 420 610 614 694 709 734 837 866 883 947
17  7 49 80 150 162 167 178 220 251 392 479 709 736 778 837 887 993
37  12 19 29 39 68 80 101 125 144 167 171 189 284 318 350 360 409 410 432 455 459 493 497 509 515 533 557 646 668 706 709 724 731 837 911 959 983
37  0 1 4 10 30 40 52 53 59 80 124 132 140 148 164 219 228 251 283 284 343 361 373 393 409 410 451 484 527 612 631 668 694 709 837 897 959
34  13 23 24 25 35 43 52 56 64 103 132 138 200 278 284 373 443 455 484 590 591 618 630 694 700 734 735 795 846 853 866 959 962 997
46  2 12 16 27 28 39 40 50 52 70 73 80 101 119 124 125 132 155 164 167 171 230 251 268 284 294 343 373 409 410 420 509 515 639 646 668 694 709 718 734 767 828 837 921 947 959
15  2 13 34 52 80 103 213 343 400 420 432 605 709 753 901
10  9 77 80 196 284 285 300 303 591 837
23  0 12 28 40 54 66 103 132 164 171 284 285 299 400 409 410 455 678 694 828 848 853 959
7  18 24 443 455 590 734 735
13  18 23 56 149 153 443 590 613 630 716 734 735 985
20  18 33 58 107 138 139 195 200 330 443 481 590 795 838 846 853 921 959 962 997
6  9 80 238 259 284 449
11  12 19 28 101 125 410 420 694 709 837 947
65  0 1 2 3 4 6 10 11 12 19 22 27 35 40 46 52 59 64 80 86 103 123 124 132 164 171 175 180 187 215 219 251 284 285 309 373 375 409 410 432 455 458 479 484 492 496 525 537 634 646 694 709 715 731 734 754 769 791 812 837 871 880 911 947 959
14  2 12 16 113 152 189 350 432 455 459 624 675 706 866
29  17 40 52 54 101 124 132 140 164 171 251 284 285 340 343 373 393 409 610 668 694 696 715 843 872 878 880 883 959
9  13 103 164 172 336 373 420 537 790
15  5 8 51 83 98 254 329 422 427 499 558 600 766 791 975
7  25 67 107 138 195 481 795
26  0 1 2 13 20 62 64 65 80 103 132 146 216 343 373 418 432 496 709 734 753 861 911 921 959 977
40  0 2 7 13 14 18 28 40 46 52 64 103 108 117 124 132 143 180 197 219 251 284 336 373 409 410 455 458 474 694 709 720 734 837 843 866 872 897 959 977
12  12 103 171 285 400 455 484 605 646 709 806 883
23  2 6 52 70 75 80 155 164 167 284 289 336 373 400 455 473 484 509 694 709 734 754 988
6  9 190 300 620 837 995
26  0 2 10 12 16 19 44 45 57 79 124 125 167 171 281 336 432 459 614 646 694 709 718 765 866 947
45  0 1 2 3 4 7 12 17 19 22 28 30 35 46 52 54 64 66 73 103 118 126 132 270 284 336 409 410 455 479 519 610 665 668 676 694 715 734 837 848 867 880 942 947 959
36  2 12 61 91 125 134 155 158 164 167 171 187 216 248 400 409 420 432 446 455 459 469 484 590 596 624 634 646 668 694 709 754 792 828 837 882
4  9 80 171 837
15  13 18 64 103 171 180 200 336 373 409 455 590 618 694 866
21  10 12 39 45 47 59 76 79 124 132 189 300 336 455 614 694 698 709 724 882 959
21  10 12 39 44 47 71 179 292 300 374 376 459 483 556 646 694 698 703 709 767 882
44  0 3 10 14 28 35 40 52 60 64 80 85 103 108 117 159 164 167 171 202 248 284 285 336 343 350 373 410 420 432 442 614 665 668 674 694 709 734 871 921 947 959 980 997
14  44 45 59 71 80 300 376 412 559 646 694 698 709 882
11  6 72 106 212 233 284 336 363 373 646 778
16  0 1 2 7 15 80 103 150 155 171 220 251 284 618 778 844
41  0 2 6 19 54 62 88 90 97 112 132 147 155 157 173 251 284 312 343 344 479 518 549 574 614 639 646 694 709 718 722 731 734 767 790 837 858 883 897 911 917
13  32 63 98 105 254 365 377 427 558 726 728 766 916
63  0 2 3 4 6 7 9 10 12 13 14 17 18 19 20 28 30 35 37 40 46 53 54 64 70 80 86 89 101 103 124 126 132 145 159 164 171 180 281 284 285 343 350 400 409 410 420 432 455 458 479 541 610 614 646 668 694 709 734 837 872 880 901
21  0 1 6 17 52 54 62 64 80 89 132 155 170 284 343 448 474 614 646 694 709
38  0 1 2 4 12 22 30 40 50 52 53 62 70 80 96 103 132 155 171 240 248 284 299 343 400 409 591 612 668 694 709 718 724 837 866 883 921 959
5  3 214 236 408 948
19  18 24 136 151 404 416 443 455 459 484 546 569 584 590 630 735 795 866 883
21  2 4 39 59 70 80 124 167 172 299 359 373 409 668 734 799 853 866 897 947 990
12  25 107 121 138 139 373 590 795 846 921 959 997
38  0 1 2 4 10 11 17 28 44 47 57 60 70 80 124 126 132 148 164 171 172 182 187 189 215 251 285 299 309 373 409 537 610 698 703 837 839 960
19  1 10 46 59 70 80 114 159 171 215 299 343 373 458 590 734 839 921 959
22  41 91 95 116 125 155 157 164 171 187 248 401 409 420 459 469 624 668 694 709 792 853
32  2 34 50 53 54 80 87 88 97 103 132 155 170 175 239 251 257 306 343 344 352 361 448 484 518 523 574 694 709 734 911 917
4  51 131 558 728
57  0 1 2 5 13 18 28 34 35 40 43 46 52 53 74 80 96 103 108 124 125 132 155 159 164 171 175 180 238 270 284 323 336 343 350 373 409 432 442 455 479 496 530 614 618 668 694 709 718 734 791 822 837 866 889 959 991
16  0 1 34 80 117 132 146 167 336 343 432 562 734 753 861 876
10  12 22 40 68 142 221 668 724 947 959
4  33 107 138 997
12  2 12 16 66 110 144 269 275 646 724 947 959
1  8
38  0 1 2 3 4 6 7 14 19 37 52 54 57 59 60 80 103 114 132 164 167 171 240 251 285 336 343 373 410 420 470 610 694 734 828 837 861 883
12  45 47 100 229 280 292 311 412 556 644 698 882
6  48 212 233 336 373 812
10  19 40 103 185 225 230 284 420 676 709
8  64 159 164 180 191 668 920 991
28  2 6 12 37 76 80 132 222 251 284 285 389 410 455 473 518 614 646 694 709 717 734 754 790 883 897 911 959
18  12 44 75 132 133 164 177 251 338 373 455 614 646 694 724 837 883 911
8  21 94 196 284 300 591 837 903
7  1 12 80 125 455 615 694
16  0 10 39 44 109 115 125 166 171 281 314 336 601 668 694 718
89  0 1 2 3 4 6 7 9 10 11 12 13 14 15 16 17 19 20 21 26 28 34 37 42 46 47 49 52 53 54 57 59 60 62 64 65 70 75 78 85 103 117 122 125 132 155 164 167 170 171 172 175 196 215 251 259 284 285 300 336 343 351 373 376 382 410 420 432 451 455 473 571 590 591 646 668 694 709 718 734 767 777 790 837 883 911 947 959 992
11  7 14 103 132 238 251 285 364 769 889 897
5  4 231 384 502 610
9  5 8 32 92 362 369 578 600 626
11  11 255 305 383 462 475 484 630 665 668 723
16  46 80 103 117 164 167 171 202 343 420 442 594 734 816 828 947
11  28 52 164 180 344 420 496 621 709 731 926
13  62 97 132 251 306 343 448 574 709 815 911 917 986
11  50 62 97 132 155 157 343 344 518 646 770
10  6 52 53 103 343 400 410 474 618 694
8  50 99 147 157 248 399 549 709
21  1 2 41 61 95 96 155 167 171 175 241 251 312 382 455 484 638 646 722 853 959
8  83 160 165 276 362 369 578 600
1  2
2  77 903
13  61 91 167 171 312 410 697 709 722 837 853 922 959
19  0 1 2 54 64 91 155 175 309 402 455 549 668 694 709 718 734 739 883
24  6 50 62 87 88 111 132 157 205 243 251 343 410 465 518 646 694 734 801 837 858 911 917 992
10  32 51 201 235 320 427 506 558 768 794
7  90 147 157 248 344 549 709
5  71 292 412 703 882
21  0 12 16 19 27 30 52 102 124 125 156 171 273 284 360 420 455 615 694 880 959
8  0 101 307 360 557 692 880 959
69  0 1 2 3 7 12 13 14 18 20 22 28 31 34 35 36 40 43 46 49 52 54 62 64 70 73 80 81 85 89 117 125 132 150 155 164 171 172 175 185 219 238 243 251 284 285 343 373 400 410 420 455 484 537 618 668 694 709 734 762 790 791 812 828 837 848 866 959 972
5  3 168 373 646 828
4  51 137 558 957
5  48 212 363 373 830
13  25 33 58 67 138 163 370 476 652 853 959 962 997
15  14 35 46 64 128 132 164 373 474 567 610 709 722 734 866
6  79 115 396 463 694 967
6  68 184 275 582 646 947
6  97 132 343 410 465 837
5  50 155 173 858 866
6  29 152 176 324 349 624
8  60 70 251 610 709 734 812 866
7  79 109 125 460 463 694 853
12  61 129 187 242 401 459 507 606 624 709 792 843
24  4 10 35 46 65 80 85 103 120 127 159 167 183 395 410 432 458 595 612 668 784 883 963 972
13  40 161 211 270 409 472 479 568 668 694 709 718 880
12  12 19 124 125 130 284 294 339 409 410 709 828
10  117 186 188 194 296 332 539 570 612 751
5  58 138 417 431 997
9  80 171 277 319 373 837 897 968 990
10  1 4 28 124 164 309 336 455 484 560
34  0 2 4 10 17 19 28 30 35 39 44 52 57 59 64 101 119 123 126 164 309 409 459 484 612 615 646 694 709 734 791 829 853 959
53  0 1 4 10 12 16 19 27 39 41 61 64 78 79 80 101 103 115 119 155 158 164 167 171 187 242 251 273 284 299 323 336 343 360 373 409 410 469 614 668 694 709 718 765 792 828 837 846 876 880 883 889 959
32  0 1 2 12 40 52 59 124 132 164 259 266 285 309 373 375 409 410 432 459 519 537 541 610 615 616 709 734 745 792 837 897
12  117 192 203 218 326 380 456 595 690 784 883 963
3  108 164 295
7  116 187 242 491 507 709 792
5  119 208 308 313 409
1  63
88  0 2 4 5 6 7 10 11 12 13 14 17 18 19 22 28 30 34 35 40 44 50 52 53 54 59 62 64 65 70 75 76 80 81 87 88 97 103 108 111 126 133 155 157 164 167 171 177 189 219 251 256 259 264 265 283 284 285 299 309 336 343 373 400 409 410 420 422 432 455 475 518 537 646 668 694 709 715 734 755 790 791 828 837 876 883 911 962
9  13 76 132 164 180 247 264 455 911
20  41 155 164 207 217 260 284 309 373 420 432 469 484 619 631 634 694 754 866 881
2  10 210
5  56 141 227 486 927
2  105 957
17  18 25 33 58 67 107 121 390 481 590 652 853 875 881 883 959 997
8  25 58 200 278 373 604 623 890
13  17 30 171 185 198 243 284 409 676 812 872 878 880
3  136 227 927
6  66 209 221 430 444 959
4  2 35 284 409
8  16 68 171 356 497 593 646 947
3  52 282 334
16  0 1 2 13 34 65 244 343 373 484 496 646 734 753 883 959
8  50 90 99 157 248 344 549 709
8  17 59 172 373 720 837 883 897
9  24 153 169 204 258 279 443 455 590
11  7 15 49 103 164 251 479 618 694 736 887
8  56 267 416 521 622 795 819 923
10  29 113 176 189 253 349 455 513 675 706
9  24 149 169 204 288 443 455 590 817
4  2 283 505 779
60  0 1 2 4 6 10 19 37 41 49 50 53 54 61 62 64 80 88 91 96 103 112 125 132 134 157 158 164 187 216 248 251 270 284 285 323 343 373 387 400 402 409 410 420 451 455 518 537 549 668 694 709 734 767 770 812 837 858 866 894
11  101 273 337 360 421 455 557 733 874 896 959
25  6 50 61 88 90 97 99 132 147 155 158 187 248 323 336 344 409 410 420 433 549 624 709 858 883
17  41 125 155 157 187 286 323 336 355 373 409 454 537 694 718 770 866
23  4 46 52 60 64 74 117 164 174 237 238 285 343 350 373 432 595 612 668 694 696 784 808
8  92 165 232 276 362 578 600 800
5  118 409 668 709 951
6  15 251 392 540 778 897
10  107 297 370 468 471 476 652 853 959 962
81  0 1 2 3 10 12 13 17 19 22 28 30 31 37 41 46 52 59 61 64 70 74 76 80 85 86 103 108 123 124 125 126 128 132 133 134 150 155 159 167 171 172 180 228 251 259 260 284 285 299 309 323 336 343 344 350 373 409 410 420 432 455 459 479 484 537 547 595 610 631 646 694 709 731 734 755 828 837 853 883 909
7  92 160 232 276 362 578 800
2  79 314
61  2 4 6 7 10 12 14 15 16 19 37 39 41 46 57 65 70 80 85 91 95 117 125 132 164 171 172 173 180 251 259 284 285 312 336 343 371 373 392 410 432 455 459 484 540 615 646 694 696 709 718 722 734 828 837 866 883 911 921 947 959
1  104
5  149 153 204 455 484
9  53 62 80 175 352 354 361 694 772
82  0 1 2 4 7 10 12 13 14 16 19 22 28 30 36 39 41 42 43 46 49 52 54 59 60 61 64 70 79 80 85 91 95 101 103 122 125 132 140 144 164 167 180 185 240 251 259 260 281 284 285 299 323 335 350 373 400 401 420 455 484 507 592 618 646 668 694 709 718 755 763 767 812 828 837 853 866 883 911 947 959 977
38  0 2 7 13 31 57 59 80 103 148 164 167 175 180 238 243 246 251 259 285 299 325 336 343 373 410 432 455 459 537 694 696 734 790 792 837 883 897
17  6 50 112 167 180 251 312 315 400 420 432 722 788 828 853 858 866
8  159 237 238 285 373 432 591 808
35  1 2 10 28 62 64 80 91 96 103 170 172 206 251 259 284 285 327 336 350 354 361 373 382 402 410 432 484 537 694 709 762 767 837 959
3  113 152 349
11  76 132 223 224 251 285 373 579 646 825 837
7  15 220 251 392 540 887 993
10  45 181 374 376 412 670 698 703 767 882
48  13 28 35 43 52 64 74 86 133 164 167 171 172 173 185 243 251 259 264 299 309 336 343 344 373 410 420 432 455 484 534 694 696 709 718 777 790 791 837 853 883 897 911 926 947 959 977 996
9  179 193 367 376 406 686 746 767 882
7  1 59 215 252 274 373 409
4  117 304 883 963
4  110 582 856 982
20  73 103 140 171 180 198 243 251 301 373 413 592 676 694 709 828 853 878 883 972
6  120 438 539 642 823 873
26  2 4 28 41 59 61 116 125 129 155 157 158 242 248 323 336 343 459 491 599 709 792 812 837 897 959
1  120
16  2 12 16 29 44 59 132 152 234 256 281 309 432 443 455 709
7  2 7 9 38 668 837 940
2  74 587
6  127 326 456 609 784 883
4  181 333 406 746
3  120 539 888
7  25 33 249 415 450 481 542
11  9 21 77 80 259 284 285 591 709 883 903
3  7 35 405
6  140 185 243 301 676 826
11  2 13 272 342 373 455 484 535 661 720 883
9  13 18 25 43 139 278 373 409 455
6  98 427 558 617 794 974
11  46 85 321 343 373 391 394 734 857 929 947
5  127 218 317 380 883
7  149 153 169 443 455 484 590
9  97 243 410 489 607 669 801 837 897
7  175 245 259 284 285 350 432
4  134 217 260 750
4  130 313 379 409
5  142 221 430 510 641
1  135
7  118 397 409 472 508 563 718
7  48 72 106 233 363 373 937
3  20 302 420
4  3 55 408 948
20  0 10 11 28 59 60 80 182 226 251 262 373 419 458 478 501 525 694 734 837
11  2 3 34 41 155 366 373 459 488 713 866
7  134 207 260 634 754 843 866
3  127 203 883
18  1 2 10 17 28 35 103 132 243 251 410 451 694 715 731 762 837 876
10  0 1 7 15 49 178 251 299 540 993
4  66 142 209 444
9  75 389 455 469 473 590 694 717 881
11  177 224 251 285 368 373 579 646 718 837 883
11  177 223 251 373 410 637 684 718 731 921 959
1  73
4  215 458 659 796
2  136 141
11  1 2 4 5 17 164 343 344 636 709 883
2  71 912
5  19 73 263 409 709
2  82 384
4  160 165 578 800
9  48 72 212 358 363 373 647 718 812
2  189 281
3  98 427 558
5  55 250 271 408 948
7  159 174 238 285 373 432 696
22  0 2 3 7 9 26 64 81 103 159 172 174 237 251 259 284 285 343 373 409 432 822
3  62 344 734
17  54 70 171 251 335 409 410 667 668 734 763 777 812 828 837 952 959
4  91 312 638 722
15  116 125 129 187 373 459 491 496 709 734 792 853 877 897 959
28  1 2 6 97 103 140 172 180 185 198 205 219 251 264 325 410 489 537 551 607 676 731 734 753 801 837 897 959
5  146 347 440 484 646
5  206 284 331 350 643
6  172 259 299 373 432 770
2  133 322
33  0 1 2 4 6 10 12 41 46 54 61 90 99 147 155 157 187 323 336 343 400 401 454 455 491 507 549 606 646 694 709 866 959
3  195 310 835
4  236 588 689 948
83  0 1 2 4 6 7 13 14 15 17 19 28 30 35 49 50 59 62 70 75 76 80 81 87 91 97 103 114 125 132 150 155 162 164 167 171 172 173 175 177 178 180 185 215 219 220 223 224 238 240 243 259 264 281 284 285 299 327 335 343 361 373 409 410 432 451 455 479 518 537 610 646 694 709 734 753 790 837 866 883 897 921 959
2  182 439
3  152 261 455
8  32 51 348 499 726 740 766 975
14  11 84 305 407 462 475 484 514 589 631 665 723 845 891
10  132 189 298 309 420 455 531 646 734 748
2  62 306
1  149
41  0 1 2 13 26 80 126 132 164 167 171 172 175 180 196 206 238 246 251 284 285 293 336 344 350 373 385 410 420 432 455 459 537 709 731 790 837 883 897 911 996
21  1 134 164 171 207 217 281 285 287 309 323 336 373 453 484 734 747 750 770 853 866
2  253 455
9  215 419 429 458 478 525 564 668 694
3  230 461 868
11  132 133 180 243 251 325 455 734 775 790 959
6  14 132 343 420 734 828
6  126 309 373 410 537 646
5  151 291 622 776 819
1  19
2  68 959
14  40 64 118 155 284 336 409 479 668 694 734 767 777 790
2  236 737
3  199 342 398
5  101 125 156 360 959
2  182 290
4  68 110 646 947
6  92 160 165 362 578 800
6  122 319 373 837 897 968
7  1 2 13 18 139 200 373
3  149 455 590
3  71 556 644
22  0 1 2 12 39 52 79 171 189 234 251 260 323 343 373 453 457 495 709 734 770 866
1  145
22  0 1 2 4 12 17 132 154 309 350 361 373 426 432 443 505 631 694 779 791 802 959
77  0 1 2 3 4 6 9 12 14 16 17 18 19 21 22 26 28 30 35 37 40 46 48 49 50 52 53 54 64 73 75 77 80 101 103 119 125 132 134 140 143 155 164 167 171 175 196 206 238 245 251 259 270 285 336 343 350 361 373 409 410 455 458 484 548 591 610 634 668 694 734 754 790 872 880 883 959
72  0 1 2 6 7 9 10 13 14 21 22 28 30 36 46 52 59 70 75 80 81 103 126 132 155 159 164 167 171 172 174 175 177 196 206 223 237 238 251 259 260 284 300 309 327 343 350 364 368 373 389 409 410 455 458 473 484 537 590 591 610 646 696 709 718 734 754 769 790 837 883 959
3  158 336 718
4  260 345 747 770
5  153 455 590 790 840
1  37
2  274 666
5  267 378 386 776 795
10  45 71 100 300 376 412 591 703 882 883
4  259 385 455 837
6  19 119 420 586 790 837
2  128 545
5  120 332 504 524 539
8  163 370 468 476 771 853 959 962
4  256 341 646 866
32  0 4 12 22 54 57 59 60 125 132 164 171 172 180 220 246 251 335 343 344 373 410 455 534 590 614 630 709 755 790 853 883
15  9 10 21 38 44 45 47 77 80 285 292 449 591 767 837
6  185 198 373 532 662 676
2  213 447
5  9 21 520 591 932
2  183 677
11  84 255 346 407 441 462 475 484 665 682 959
9  62 87 257 403 448 565 574 694 709
2  102 692
2  130 693
40  0 1 28 59 96 123 124 126 132 134 164 180 189 256 260 266 283 285 323 336 368 373 375 402 432 443 484 528 531 536 646 694 718 734 769 777 791 792 883 959
2  249 835
2  71 644
15  50 91 95 167 173 241 382 410 709 722 837 869 897 959 971
2  130 208
5  79 166 411 485 694
4  173 482 810 939
6  1 388 414 550 837 886
2  203 883
6  12 16 353 410 433 533
4  122 277 328 897
4  98 506 558 768
5  202 373 683 789 947
1  247
36  0 1 2 64 125 155 157 158 164 171 187 248 260 281 309 343 344 373 420 433 453 454 484 611 694 699 718 734 769 770 792 851 853 863 866 883
1  113
6  172 243 264 537 933 959
4  127 192 784 883
12  0 1 175 251 285 350 361 484 631 694 696 959
4  319 435 538 743
1  32
1  25
1  245
5  120 296 357 504 539
2  193 746
1  145
10  171 240 251 299 410 667 734 828 837 959
67  0 1 2 3 4 6 7 10 13 14 31 35 37 39 40 43 44 46 48 64 65 70 72 79 80 123 125 132 157 158 164 167 172 175 180 187 248 259 260 270 284 286 309 343 373 409 420 432 442 453 455 459 475 484 519 537 606 668 709 718 734 767 770 837 861 866 977
3  156 733 780
5  76 373 694 837 993
1  119
4  30 393 409 959
1  298
5  199 272 372 581 938
81  0 1 2 3 4 6 12 13 14 17 19 20 30 34 46 50 52 53 54 60 62 64 65 70 80 85 87 88 89 97 103 111 125 132 146 155 159 164 167 172 180 187 202 228 238 248 251 265 281 284 285 299 323 336 344 373 410 420 432 434 455 458 484 523 636 646 649 694 696 709 715 734 767 815 816 828 861 876 897 911 959
26  50 62 86 88 99 147 157 164 180 228 239 259 299 323 343 373 410 420 523 549 709 734 791 793 837 921
3  287 672 747
4  305 475 919 977
2  244 836
2  254 464
5  113 152 176 688 979
32  2 12 16 29 46 52 64 159 164 171 175 206 245 259 283 284 285 327 361 373 426 432 455 459 500 614 631 674 694 696 837 921
3  80 480 687
5  62 170 354 361 694
5  318 428 503 533 953
7  170 175 352 361 694 831 965
3  158 718 749
3  144 497 593
2  332 504
5  233 381 712 718 897
3  57 897 945
16  16 101 102 125 156 273 373 420 421 557 645 709 828 854 896 959
18  13 17 62 170 175 251 283 284 327 350 352 354 373 527 614 631 694 876
8  83 92 160 165 276 369 578 811
11  6 48 106 212 233 373 487 734 778 812 866
9  81 285 368 373 425 614 769 889 897
4  51 377 726 728
6  216 459 488 713 829 837
1  181
10  223 285 309 364 373 425 484 528 575 614
6  83 92 362 578 701 811
7  107 163 297 476 853 883 959
2  167 437
2  342 581
139  0 1 2 3 4 6 7 10 13 14 17 18 19 28 30 31 34 35 37 43 46 48 57 58 59 60 64 70 72 76 80 103 104 106 108 122 125 126 132 134 139 146 148 155 158 159 164 167 171 172 174 175 177 180 182 185 199 200 202 212 215 216 223 224 233 237 238 242 246 251 259 260 266 277 278 281 283 284 285 299 301 309 321 323 336 338 343 344 350 360 361 363 364 368 409 410 420 426 453 454 455 459 484 488 491 496 500 532 534 557 590 591 614 631 646 668 674 684 694 709 718 720 734 769 770 790 795 799 812 837 853 866 883 889 897 921 947 959 997
5  45 179 376 459 767
5  28 126 309 484 528
10  45 47 80 179 181 292 374 412 591 882
6  51 365 726 728 916 975
3  291 776 795
3  208 409 423
5  127 203 681 704 883
3  358 712 718
11  80 91 175 312 410 537 680 709 790 879 959
4  84 475 484 668
3  82 231 466
5  259 293 455 459 731
2  291 795
1  155
5  1 4 316 414 550
12  75 222 285 424 455 473 573 590 694 790 850 931
4  138 590 652 853
2  202 857
8  7 15 162 167 178 540 732 887
5  17 30 340 409 959
5  202 436 824 857 929
6  117 467 668 786 820 963
3  109 572 967
1  211
2  272 625
2  90 744
35  0 2 6 12 20 22 36 37 41 52 54 89 103 132 155 171 173 248 420 455 474 541 605 646 694 709 718 722 724 734 790 828 883 959 988
6  61 116 171 248 507 709
8  96 155 175 309 484 526 627 949
2  306 448
5  56 459 584 630 964
4  197 494 543 629
5  181 193 746 767 882
8  255 305 462 475 484 630 665 694
6  2 3 55 214 236 948
78  0 1 2 4 10 12 16 17 19 22 28 30 35 40 41 43 52 54 57 59 61 64 118 119 124 125 126 130 132 140 143 155 157 158 161 164 182 200 208 211 230 238 240 251 270 284 285 336 340 373 379 393 455 459 473 475 477 479 515 610 667 668 684 694 709 718 734 763 777 812 837 843 880 883 897 951 959 997
82  1 2 3 6 7 12 13 16 17 19 22 27 28 35 40 46 52 70 75 80 89 95 97 103 111 117 119 125 126 132 155 157 164 167 172 175 180 205 219 224 240 243 251 259 266 284 285 299 312 318 335 343 344 373 382 432 433 451 454 455 473 509 518 522 537 631 646 680 709 718 722 731 734 754 762 791 837 843 853 883 892 959
3  314 695 807
8  47 71 100 179 292 376 694 882
5  185 710 814 878 936
5  1 316 388 734 886
3  195 450 798
3  56 151 795
3  121 445 997
7  2 13 34 432 608 656 989
6  10 215 262 525 694 731
69  0 1 2 4 7 12 14 19 20 27 31 41 46 52 61 70 73 80 85 86 101 103 132 134 155 157 164 171 173 180 213 256 259 265 294 323 336 343 344 360 373 400 432 455 469 473 496 535 557 586 605 646 694 709 734 745 777 790 816 828 837 853 870 876 883 889 925 947 959
3  156 360 557
9  1 5 8 32 132 432 499 791 898
1  379
5  389 473 518 790 931
4  364 368 614 889
12  283 350 373 432 443 500 529 614 640 674 694 769
9  32 51 98 201 235 558 617 633 759
5  353 503 533 953 970
5  262 694 725 843 883
3  142 209 641
1  121
76  0 1 2 3 4 5 6 12 13 16 20 28 29 34 39 41 46 52 64 65 80 117 126 132 134 159 164 167 172 173 174 175 180 189 206 237 238 246 251 259 283 309 336 343 350 410 418 420 422 426 443 455 459 484 511 515 528 694 718 734 745 769 777 790 791 808 812 843 861 883 898 911 941 947 959 961
9  157 318 323 410 709 722 793 853 883
3  343 455 458
4  328 538 671 743
1  394
1  371
2  186 673
1  252
1  244
4  305 475 682 790
6  46 64 85 336 694 980
27  13 18 23 24 25 56 149 153 189 204 283 309 426 432 455 484 515 528 590 613 630 694 716 734 871 900 999
2  142 221
1  417
3  41 484 596
1  302
8  0 53 62 87 306 403 574 986
11  0 1 2 7 9 26 300 635 668 837 921
3  195 415 798
19  0 1 2 3 17 80 155 219 251 410 518 537 612 718 734 753 756 790 959
2  5 994
11  260 281 323 336 373 457 709 747 770 851 866
10  1 158 248 323 373 410 631 709 769 770
107  0 1 2 3 4 6 7 10 12 13 16 18 22 23 28 29 35 36 37 40 41 43 44 52 56 64 75 76 78 80 91 96 101 103 123 132 133 149 152 153 155 156 164 167 169 171 172 180 189 199 200 204 222 248 251 253 256 259 261 264 279 284 285 288 293 299 336 343 350 373 385 389 400 409 410 420 432 434 443 458 459 469 473 474 475 484 515 518 535 590 610 646 668 678 694 709 718 731 734 777 790 837 846 871 883 921 959
4  127 192 784 883
5  2 281 453 709 770
30  0 4 7 10 13 28 35 52 60 117 215 226 262 284 285 343 434 455 459 474 478 484 590 668 694 709 731 734 790 959
53  2 12 16 29 39 41 45 56 61 116 124 126 164 167 172 187 216 242 259 336 350 366 373 374 385 404 409 432 455 458 475 484 488 491 496 509 511 576 624 630 694 698 709 731 767 792 829 837 843 866 913 959 993
1  115
1  263
8  84 255 305 407 475 484 682 709
5  109 115 862 967 987
1  348
3  97 111 837
2  384 512
6  395 555 585 786 820 963
3  163 297 476
15  41 61 125 134 222 420 455 473 484 496 515 590 694 828 881
1  70
2  163 652
2  118 211
24  1 2 5 8 37 75 80 222 285 389 409 410 420 424 455 469 475 515 518 590 646 694 734 790
16  0 1 2 10 35 53 89 108 400 455 458 484 541 610 668 709
28  0 1 4 10 11 84 132 255 305 336 346 383 407 409 441 455 459 462 473 484 519 630 682 787 790 866 959 977
11  107 163 297 370 468 652 853 881 883 959 962
2  409 554
7  215 262 458 484 668 718 977
22  7 12 15 28 40 50 52 64 118 150 164 251 270 409 490 668 709 734 763 812 837 843
2  351 687
7  25 33 138 195 566 652 853
2  315 516
3  45 698 709
82  0 1 2 4 10 11 13 17 18 28 36 37 41 56 62 84 91 103 123 124 134 146 164 167 169 171 175 180 199 204 244 255 260 284 285 305 309 323 327 336 343 368 373 375 383 402 407 432 443 446 455 458 459 462 469 474 475 478 488 496 515 584 627 631 646 665 668 682 694 696 709 718 734 790 791 793 816 828 866 883 897 949
3  314 552 597
4  136 498 658 742
4  363 734 866 881
12  2 216 366 373 459 484 491 496 584 602 734 959
6  205 243 721 731 801 897
3  479 804 812
12  2 129 187 242 248 373 459 488 496 709 843 959
2  28 774
3  16 515 745
3  405 629 655
4  281 734 866 911
23  0 1 2 28 34 64 86 146 242 373 420 459 469 484 488 491 584 685 709 734 866 889 959
5  16 144 356 730 832
3  486 658 742
4  32 254 422 791
4  350 373 426 893
2  215 660
4  4 82 517 610
3  353 428 533
3  296 332 357
3  2 154 283
3  98 320 981
12  0 1 116 129 171 248 401 606 610 709 778 955
3  211 563 718
12  0 1 2 16 19 37 410 459 668 694 709 837
2  209 705
8  432 459 630 694 731 837 883 959
1  466
1  152
2  255 773
14  16 19 409 432 443 455 469 473 484 493 590 745 777 997
1  482
1  502
23  2 6 50 62 75 88 97 132 155 251 410 424 451 455 473 709 718 722 734 778 790 858 959
7  40 126 336 475 866 947 959
5  303 591 720 924 932
3  151 708 795
2  410 892
3  62 343 344
2  296 583
7  10 28 215 262 419 694 731
3  402 544 949
3  17 361 614
6  309 368 375 432 443 777
4  426 614 640 674
2  64 758
4  256 309 646 734
4  301 373 676 795
6  16 318 353 428 503 837
7  180 299 373 650 674 769 853
17  0 1 2 13 199 420 455 631 646 668 694 731 791 803 889 921 959
3  309 792 959
31  28 31 59 103 126 132 155 158 164 172 175 243 251 259 266 285 325 336 382 410 451 553 680 718 722 731 734 790 837 908 959
4  328 435 671 743
8  120 186 194 296 332 570 751 823
6  162 167 178 220 392 993
6  52 126 400 474 610 777
1  195
2  405 629
2  526 949
1  295
2  56 569
3  164 852 998
5  3 284 591 777 790
15  6 50 90 96 99 147 155 157 248 344 694 709 753 778 837
3  316 388 914
2  243 753
2  485 597
5  537 680 718 722 731
1  477
2  467 786
5  45 71 280 644 698
12  0 16 102 156 360 373 420 421 645 734 783 790
13  1 5 8 32 51 63 98 105 201 235 320 427 759
4  47 561 646 694
1  123
4  559 646 756 883
3  65 734 861
3  211 508 580
1  262
1  306
2  481 966
2  108 709
1  118
2  56 546
3  120 539 751
2  80 992
1  396
2  389 760
6  50 62 87 306 448 709
2  368 727
4  459 577 679 885
2  576 679
11  83 92 160 165 232 276 362 369 701 800 811
3  177 223 837
1  563
2  342 372
3  110 184 856
3  524 648 849
8  56 404 484 488 496 630 787 959
1  467
5  7 294 420 691 734
1  191
2  250 707
1  255
43  18 23 24 25 41 43 56 58 60 80 138 149 153 204 222 279 285 288 299 373 389 390 443 455 458 469 473 515 610 652 668 694 709 734 745 777 790 795 812 846 853 959 997
25  2 13 18 21 54 77 80 174 196 284 285 292 300 303 373 376 520 548 720 767 777 790 843 883 959
5  171 185 603 853 883
3  144 356 905
2  85 651
8  3 4 117 127 159 164 784 883
3  41 446 709
2  485 552
1  2
1  187
9  0 1 5 8 32 83 92 160 694
1  79
2  488 959
2  592 883
2  139 761
13  20 36 400 420 646 694 709 734 745 790 828 866 997
6  116 248 336 507 624 709
2  205 243
4  418 809 818 989
1  192
33  0 1 2 4 14 30 40 52 59 70 82 108 114 126 164 251 284 285 409 455 474 502 507 541 590 652 668 734 777 790 843 883 959
6  323 694 699 703 863 883
16  0 1 2 4 17 54 117 120 124 159 451 668 718 751 812 959
3  24 443 716
35  0 1 2 10 12 14 39 44 46 50 52 53 64 75 76 125 299 350 361 364 368 373 425 426 527 529 615 649 694 709 722 769 866 876 889
13  0 12 78 101 124 126 167 614 649 694 709 876 959
1  126
2  201 427
14  13 18 43 49 64 89 103 150 171 668 694 822 861 866
3  134 631 646
2  38 995
1  86
5  151 267 776 795 819
1  139
14  29 41 61 113 116 157 459 606 628 675 706 709 792 959
1  398
1  83
4  402 484 834 949
2  624 653
4  405 494 543 950
21  0 18 24 56 84 299 404 407 443 459 475 511 584 694 787 837 853 871 883 959 964
27  0 1 2 4 10 13 17 134 164 255 283 327 350 361 373 410 454 484 535 619 646 668 731 734 769 791 837
3  2 7 9
1  427
12  4 12 28 41 134 217 284 714 754 837 918 973
4  449 668 837 921
3  228 343 709
2  224 702
3  91 241 722
3  19 50 709
3  426 529 674
2  209 430
2  186 842
1  245
6  71 280 311 556 698 943
3  360 557 854
81  0 1 2 3 6 10 12 16 19 28 36 39 41 45 47 48 50 52 53 68 75 76 80 88 91 97 104 110 124 132 144 146 164 167 171 177 223 244 248 251 256 266 275 285 298 309 343 373 400 410 420 455 473 484 531 535 559 561 605 619 631 694 696 709 718 731 734 745 754 756 769 790 803 837 858 866 883 897 911 921 959
2  233 663
1  583
9  12 343 614 615 654 694 709 724 959
2  534 674
1  594
15  107 138 163 390 471 476 481 590 610 668 734 777 853 959 997
1  628
2  649 657
2  494 664
2  418 989
1  654
3  486 498 742
1  226
1  501
1  199
2  301 676
2  647 827
2  655 719
15  0 1 3 10 11 40 46 84 255 305 407 484 668 723 959
1  290
6  240 335 409 734 837 959
83  0 1 2 4 7 9 12 13 16 17 19 30 40 41 46 52 54 57 61 64 66 74 79 80 84 96 103 117 118 125 132 155 159 161 171 190 240 262 270 284 336 373 383 395 409 449 455 458 474 478 479 484 509 535 590 610 612 618 631 635 652 665 694 709 718 731 734 751 763 767 777 790 812 837 843 853 866 872 883 897 921 959 977
2  205 837
2  179 782
3  435 538 743
2  345 747
1  438
8  46 350 373 426 529 534 640 650
4  29 152 624 706
9  40 73 140 185 198 243 301 532 662
1  304
3  22 455 958
3  576 577 785
8  382 410 537 553 722 731 734 959
3  380 704 883
7  305 441 462 475 484 709 790
3  321 764 947
6  224 373 409 837 921 959
4  496 813 866 959
2  181 752
2  351 480
1  349
1  250
1  127
3  586 729 734
3  102 307 959
1  308
151  0 1 2 3 4 6 7 8 10 11 12 13 14 17 18 19 22 27 28 30 35 37 39 40 41 43 44 45 46 47 50 52 53 54 61 62 64 70 75 76 78 79 80 89 96 97 101 103 109 115 118 124 125 132 134 150 155 158 159 164 167 170 171 172 175 180 185 215 219 222 248 251 262 270 283 284 306 309 314 323 327 338 343 350 352 354 361 373 389 400 407 409 412 419 420 426 429 432 442 443 455 458 459 469 473 484 509 511 525 535 549 559 590 600 605 611 614 615 618 630 646 649 668 696 698 703 709 718 725 731 734 754 763 767 790 812 828 837 843 853 863 866 881 883 889 897 899 921 959 980 988
2  411 807
18  30 159 167 172 180 237 285 327 343 350 484 646 694 698 703 709 754 882
4  95 709 837 922
17  44 45 47 59 71 179 459 483 556 644 694 696 703 718 754 882 883
5  323 611 703 863 883
1  18
3  369 578 811
5  637 757 833 907 935
12  45 59 100 179 292 611 694 696 698 699 711 718
2  380 681
1  510
7  12 16 29 152 624 675 792
3  588 738 805
2  521 795
147  0 1 2 4 6 7 10 12 13 14 15 16 17 19 20 27 28 34 35 36 37 39 41 44 45 46 47 50 52 53 54 61 62 64 73 75 80 86 87 90 95 96 99 103 108 114 116 118 119 124 125 126 129 132 147 155 157 161 164 167 171 175 180 185 187 189 196 228 230 242 248 251 259 281 285 299 306 312 336 343 344 360 373 382 400 401 409 410 420 433 453 454 455 457 458 459 462 474 479 483 484 491 496 507 509 518 549 567 574 590 596 605 606 614 615 624 636 639 646 649 668 682 694 696 697 715 718 722 734 745 747 754 769 770 777 790 793 828 837 843 853 866 882 883 911 947 959
2  413 878
2  703 718
2  358 381
2  216 366
2  634 781
15  4 6 12 28 30 40 132 219 343 709 718 731 828 843 884
3  24 443 613
3  75 222 883
63  0 1 6 12 19 39 50 54 64 79 80 96 118 125 158 167 171 180 211 223 224 233 285 286 309 323 336 355 358 373 381 400 409 410 432 451 455 478 484 508 518 537 553 612 646 668 694 698 703 709 711 715 722 731 734 754 756 790 828 846 883 897 959
2  664 797
11  2 13 35 148 199 373 520 591 790 883 897
1  489
25  50 91 95 108 167 173 241 312 400 410 433 518 537 553 614 638 680 709 718 731 734 762 790 837 883
6  11 84 255 665 891 928
13  0 1 2 12 16 44 54 66 68 76 400 649 959
4  429 694 843 863
6  51 254 365 377 728 916
1  575
6  51 63 365 377 726 916
1  691
1  497
39  6 12 16 28 50 86 164 219 224 243 259 385 410 419 455 458 459 489 511 525 535 537 553 631 646 668 680 694 715 718 722 734 745 763 837 883 897 959 972
3  392 741 887
4  156 337 780 874
129  0 1 2 3 4 5 6 7 10 11 12 13 14 18 19 23 24 28 34 35 37 40 46 50 52 57 60 62 64 65 70 75 80 85 96 97 103 108 114 124 126 132 146 155 164 167 172 202 215 239 240 242 243 251 256 260 264 265 270 281 284 285 309 323 335 336 343 344 363 373 400 409 410 414 420 432 443 451 455 458 473 479 484 487 488 495 496 518 531 537 557 562 586 590 605 610 631 646 652 667 668 680 691 694 709 718 722 731 735 745 747 754 755 769 777 790 791 812 828 837 843 853 866 871 897 921 959 972 997
6  18 23 24 56 734 747
2  15 150
1  271
1  707
1  96
1  254
1  732
3  486 498 658
4  328 435 538 671
1  399
17  126 420 432 493 515 590 605 646 709 731 734 769 777 790 837 959 997
4  181 193 333 406
9  260 287 345 453 672 709 734 735 793
1  256
1  355
4  1 207 260 837
5  120 539 570 612 668
1  686
16  0 1 2 6 13 20 34 65 146 243 251 451 549 551 915 959
26  2 6 12 28 37 41 75 134 217 284 285 410 634 646 694 696 698 709 718 734 843 866 882 883 918 988
6  2 132 164 171 299 734
7  1 451 561 646 718 883 911
4  702 833 930 935
1  530
3  427 558 904
2  573 946
1  604
7  103 175 219 410 722 837 848
12  171 240 409 479 668 694 731 812 880 883 897 959
2  683 954
3  39 125 880
6  32 51 254 821 916 975
32  0 1 2 6 12 19 45 50 80 155 171 175 179 181 270 300 336 343 374 406 459 591 668 694 777 790 812 837 843 858 883 977
2  98 320
22  0 28 81 285 309 323 364 373 426 432 454 534 614 631 646 709 734 745 791 793 843 959
16  0 88 155 158 246 260 281 287 323 336 373 453 454 457 709 906
5  297 853 902 962 977
1  170
1  514
1  492
2  264 956
5  267 291 378 622 795
32  80 180 240 270 309 409 420 432 455 515 528 541 548 590 591 610 652 668 709 734 745 767 790 791 812 837 843 853 859 866 911 997
13  0 1 2 6 15 48 49 162 363 507 518 549 812
4  1 154 283 977
2  337 733
1  714
1  670
2  557 984
7  117 127 159 192 326 456 595
1  679
3  395 467 555
6  4 475 584 630 853 871
2  173 828
2  321 947
68  0 3 12 13 31 50 75 80 103 132 172 180 251 259 264 270 284 285 288 294 299 373 382 389 400 420 424 432 441 451 455 458 473 475 484 518 537 548 557 590 591 605 610 646 668 682 694 709 718 720 722 734 745 767 777 791 812 828 837 843 847 866 879 883 911 959 962 997
30  6 28 32 64 103 124 132 180 283 309 344 410 422 432 484 499 535 631 734 769 777 790 793 812 837 843 861 866 881 898
20  13 41 61 116 125 126 129 172 187 242 309 323 459 536 624 706 843 853 880 959
9  344 433 484 709 747 769 791 860 865
2  98 201
20  13 18 25 33 56 58 151 291 373 378 386 416 521 532 590 622 708 776 819 959
2  226 895
1  719
2  415 450
4  57 373 897 990
5  160 165 232 276 578
4  97 205 243 489
2  283 959
4  0 1 535 646
1  490
1  707
1  36
2  411 695
4  159 174 432 883
1  608
3  315 841 939
4  362 369 578 701
42  1 2 4 6 11 28 72 103 114 140 155 171 187 233 240 363 373 409 432 479 490 590 612 668 694 734 763 767 777 778 790 791 837 843 847 853 866 881 883 911 959 977
1  685
3  413 878 936
3  6 87 343
4  85 343 420 484
1  153
1  608
4  151 267 622 795
2  395 467
3  766 916 975
3  64 238 618
2  186 539
1  394
1  177
1  198
1  663
46  0 1 2 3 4 12 19 22 41 70 85 103 104 119 125 132 164 167 171 173 185 240 265 335 343 360 400 420 469 484 605 694 709 715 718 734 788 790 837 843 853 876 880 883 959 972
3  124 366 459
1  106
2  354 965
1  497
4  702 757 930 935
1  627
2  249 310
1  347
126  0 1 2 4 6 7 9 10 12 13 14 15 16 17 19 21 27 28 35 38 40 41 42 50 52 54 59 64 70 76 77 80 95 97 103 111 122 125 126 132 148 155 164 167 171 172 175 177 180 187 190 205 215 219 223 240 243 251 259 277 285 293 294 300 312 316 335 336 338 344 350 366 373 409 410 420 449 455 459 465 479 509 511 533 537 549 579 630 631 634 635 646 667 668 669 684 694 697 709 722 731 734 745 750 762 767 777 790 791 812 828 843 847 853 858 861 866 876 883 897 903 911 921 925 959 993
2  25 855
2  59 60
1  288
1  810
1  642
36  6 30 35 116 217 409 410 429 432 459 479 491 591 610 668 694 709 715 725 734 754 767 769 777 790 791 792 812 828 837 847 853 866 883 959 977
1  49
1  255
10  13 18 25 58 125 455 590 718 921 959
11  790 812 837 843 853 858 866 881 883 959 977
6  0 12 22 40 103 762
1  583
1  389
2  323 453
2  547 998
60  0 4 18 22 25 57 61 91 95 107 115 124 138 163 164 171 173 180 185 242 260 297 299 323 370 373 390 410 420 433 476 481 534 590 592 630 652 668 694 709 734 771 777 787 792 812 828 837 843 847 861 863 866 881 883 897 959 977 990 997
2  360 645
1  838
2  184 582
3  202 391 394
14  50 97 112 155 157 173 518 646 767 837 847 866 883 897
2  777 866
2  793 864
19  0 1 13 34 65 70 336 343 432 562 618 791 837 853 881 883 897 911 997
2  463 967
8  323 611 694 699 725 853 883 944
1  860
1  793
70  1 2 3 13 14 18 29 35 39 43 54 56 57 64 103 108 112 114 134 155 158 167 171 173 216 217 248 251 260 281 298 323 336 363 373 453 459 475 484 487 495 496 519 605 614 618 646 668 685 694 709 734 754 777 790 791 812 837 843 847 853 858 859 876 881 883 897 911 959 990
1  40
1  263
1  312
2  420 925
8  28 46 443 455 630 734 787 883
12  7 9 13 30 35 52 140 284 668 880 959 977
1  186
2  156 733
1  138
16  65 125 132 219 343 361 420 614 615 828 837 866 880 883 911 959
1  242
6  30 140 185 413 710 814
4  382 790 934 959
21  0 3 28 30 40 52 101 102 118 125 140 284 409 763 765 792 828 872 876 883 959
17  134 138 222 469 476 487 694 791 812 847 853 861 866 883 911 959 997
17  41 44 45 47 71 100 179 181 292 376 406 412 696 698 709 754 883
112  0 1 2 7 12 13 14 30 36 50 54 56 70 75 76 80 96 117 125 127 132 138 146 148 157 164 167 171 172 180 183 185 192 196 199 203 218 223 228 251 259 284 285 292 299 309 317 323 326 370 373 380 400 409 410 420 429 432 433 455 456 476 484 511 561 591 592 595 603 610 611 630 646 668 681 694 698 699 709 717 718 720 722 731 754 756 763 767 790 808 812 828 837 843 847 853 858 861 863 866 871 876 880 881 882 911 925 959 962 963 977 997
1  715
1  576
2  316 414
7  2 7 15 150 178 392 732
1  194
13  2 64 81 125 364 373 420 425 496 535 614 694 959
1  139
2  255 723
2  410 522
1  500
2  10 155
1  796
3  156 360 959
49  0 1 3 6 17 35 50 57 75 81 122 126 148 162 172 180 187 205 242 243 251 259 277 312 319 343 358 359 364 373 409 484 489 646 668 694 718 720 731 734 763 799 837 853 858 861 866 959 990
4  1 422 432 791
1  694
2  443 999
2  20 52
1  771
4  77 94 196 837
1  759
1  593
2  770 976
1  702
2  537 959
1  164
3  0 1 2
41  1 2 4 6 11 13 16 28 34 50 62 75 76 80 87 97 132 133 167 171 180 259 343 432 495 646 709 756 777 790 812 837 861 866 876 881 883 959 977 992 997
1  229
1  459
1  550
1  753
7  51 377 726 728 766 821 975
4  50 62 87 97
5  1 12 634 754 988
2  346 977
2  74 991
31  0 1 2 4 7 10 19 25 34 46 54 58 60 167 224 251 344 350 373 449 455 535 635 646 668 684 694 734 837 846 959
2  95 697
1  151
1  520
5  420 837 870 883 997
2  86 180
2  136 141
1  723
2  202 394
2  757 833
2  389 424
2  303 520
2  325 959
2  879 959
3  702 757 833
2  413 814
1  212
1  342
2  315 810
3  1 2 190
1  432
1  40
1  644
1  863
2  359 978
1  760
34  0 1 2 3 7 12 14 19 27 28 39 40 46 57 66 68 80 85 110 144 167 171 180 202 275 321 373 420 432 519 683 709 789 959
6  3 55 214 236 250 408
6  402 484 526 544 627 969
1  629
2  161 409
1  240
2  353 428
1  764
1  507
1  775
2  105 137
1  678
156  0 1 2 3 4 6 7 11 12 16 17 18 19 22 25 28 30 34 35 40 44 46 54 58 60 64 66 68 75 80 91 95 101 102 103 107 124 125 138 142 146 156 163 167 171 175 180 187 224 240 242 243 248 251 264 269 273 283 284 285 297 305 309 312 325 327 335 340 343 360 370 373 382 393 400 409 410 420 432 451 455 458 459 475 476 488 491 496 511 518 519 535 536 537 584 590 591 602 610 612 615 624 630 646 649 652 665 667 668 680 684 685 692 694 709 718 724 731 734 745 753 763 769 790 792 795 802 812 828 837 843 846 847 853 866 872 876 879 880 881 883 889 896 897 908 911 921 933 934 947 962 963 972 990 992 997
1  59
1  432
15  13 18 25 107 132 163 297 476 771 790 883 959 963 972 977
9  117 127 183 395 467 883 959 962 972
2  404 630
2  354 831
1  566
4  109 396 463 862
2  122 277
1  949
1  428
1  312
9  103 117 185 731 734 828 959 962 963
1  634
1  201
6  32 254 377 766 821 916
1  906
25  0 1 2 34 35 171 180 336 346 475 478 668 767 771 779 812 843 847 853 872 883 911 919 962 992
1  945
1  349
3  46 442 694
1  506
1  184
1  16
1  783
1  24
3  0 87 448
1  463
6  6 37 400 694 754 918
3  418 608 656
7  57 122 799 853 866 897 959
5  1 5 64 74 920
7  80 97 571 911 959 977 997
8  7 15 178 220 338 459 540 837
3  1 5 452
3  9 38 620
2  180 259
27  18 25 46 58 67 107 121 138 373 409 417 515 590 605 652 734 745 777 790 853 861 881 883 911 925 959 992
2  547 852
2  443 900
