1000
8  38 201 231 424 545 712 816 869
5  16 23 221 394 856
10  42 159 290 465 607 775 848 911 949 988
11  76 234 488 556 563 565 619 662 766 773 957
9  213 282 416 430 607 841 863 935 980
13  86 135 179 240 263 420 511 547 550 768 798 885 886
5  183 246 287 384 714
12  97 106 390 597 634 667 733 737 760 764 815 867
8  143 173 494 509 577 710 748 947
6  19 555 653 724 726 820
11  144 327 349 397 421 426 487 659 706 891 993
9  127 157 226 324 443 479 619 649 842
16  43 111 148 180 252 255 321 360 498 541 587 642 703 769 883 947
7  251 289 359 367 495 782 869
10  86 136 403 417 430 586 772 854 937 949
6  36 215 728 834 882 963
6  1 45 70 298 394 830
5  427 518 641 726 764
9  87 375 499 569 757 930 960 981 998
12  9 102 226 397 472 492 536 633 682 726 752 788
15  57 166 170 172 222 248 272 282 350 480 533 752 785 825 843
8  57 77 154 219 307 464 569 991
6  122 359 419 477 497 705
10  1 277 291 375 519 671 760 880 962 998
10  227 237 294 374 376 385 444 524 565 693
12  28 74 119 138 184 400 411 442 526 872 923 947
10  104 326 355 400 406 413 620 839 869 896
9  520 568 640 721 758 769 793 896 954
11  25 97 152 249 297 457 524 658 726 840 862
6  123 181 323 331 449 476
6  68 271 483 509 708 913
7  37 111 202 237 259 573 811
10  148 287 459 514 625 651 682 829 835 885
11  35 427 432 548 603 631 645 678 746 754 982
7  103 378 470 709 732 803 999
13  33 57 114 132 238 261 357 373 444 532 542 710 781
6  15 157 225 515 675 946
8  31 45 93 574 671 716 789 888
12  0 158 238 354 454 551 767 789 796 852 882 983
13  204 292 332 393 418 455 497 625 755 770 859 992 996
12  92 190 220 327 516 546 584 675 827 850 916 953
6  57 183 259 786 863 949
9  2 123 260 272 276 287 404 427 676
12  12 134 208 225 435 599 615 715 911 939 950 958
8  109 142 382 602 631 880 980 982
14  16 37 92 161 228 261 360 579 779 824 853 930 955 989
8  179 446 500 524 542 699 950 956
4  332 426 453 572
5  338 379 613 677 854
11  225 332 384 467 621 643 703 728 751 877 953
9  95 343 580 658 788 802 841 927 929
6  603 722 725 793 931 948
13  87 184 305 322 356 519 635 721 764 768 830 848 991
8  117 123 188 250 263 633 764 984
7  67 207 596 867 931 945 950
14  63 255 287 409 448 515 538 569 640 662 705 846 886 959
10  227 332 382 555 581 679 728 817 875 943
13  20 21 35 41 277 390 485 500 643 784 826 858 923
9  195 222 352 416 473 665 807 875 929
10  171 174 178 432 483 541 544 567 836 905
8  109 272 360 370 740 797 891 978
9  66 118 290 465 659 758 803 868 905
11  209 254 371 450 451 565 599 630 772 786 953
15  55 76 113 181 187 190 204 338 571 592 613 703 907 911 983
7  117 353 392 422 528 789 954
6  84 151 177 541 692 849
10  61 82 83 86 210 307 495 808 901 924
7  54 367 391 682 702 728 908
6  30 419 538 602 622 683
13  110 164 203 278 319 349 423 486 540 624 839 894 944
8  16 364 496 565 602 659 748 945
10  81 206 226 339 502 610 661 811 817 922
7  222 270 296 548 820 933 955
7  101 207 402 474 533 680 836
6  25 279 484 556 607 902
8  223 278 453 651 676 717 733 895
8  3 63 88 98 353 434 462 934
8  21 90 225 421 704 742 783 960
13  82 98 236 309 459 468 480 510 686 692 722 921 942
5  283 289 407 781 842
11  128 148 333 369 377 393 452 745 859 991 997
10  71 116 117 143 274 301 498 746 854 858
11  66 78 163 171 298 299 524 593 600 830 929
10  66 135 612 651 656 711 730 753 788 879
5  65 388 594 821 950
7  122 342 374 418 598 749 878
10  5 14 66 113 264 306 417 611 823 885
14  18 52 101 113 290 414 444 540 579 656 676 719 843 990
10  76 202 347 454 533 538 793 867 880 941
10  94 174 285 583 598 694 720 740 863 964
7  77 124 370 475 494 576 882
11  273 316 324 350 380 412 434 445 550 925 998
17  40 45 165 194 217 238 273 405 407 415 493 500 615 638 695 719 833
5  37 114 626 671 773
15  89 123 220 251 271 440 554 563 794 811 825 837 838 918 997
13  50 224 258 318 362 510 591 607 718 719 767 795 989
11  102 172 275 383 499 662 668 779 850 916 922
13  7 28 138 198 208 239 313 334 401 720 863 937 957
13  76 78 371 420 433 446 488 489 594 612 627 736 995
11  156 188 265 272 440 563 595 772 787 788 816
10  167 203 401 456 462 465 701 735 880 981
16  73 87 234 333 352 365 449 466 603 621 685 810 822 882 997 998
12  19 96 141 154 393 556 580 610 756 789 896 955
8  34 343 354 470 570 709 883 947
7  26 303 656 755 757 788 942
9  302 304 485 551 704 730 811 842 969
7  7 278 606 739 782 802 877
4  115 195 405 719
4  121 242 758 997
13  44 60 118 130 146 186 449 639 680 734 859 924 954
8  69 150 272 359 457 719 902 923
13  12 31 112 132 188 198 306 384 443 518 613 960 969
14  111 146 224 269 303 370 378 464 677 727 783 850 882 901
13  63 86 87 130 315 409 528 568 670 734 854 939 946
11  35 93 196 199 222 275 534 617 795 842 996
6  107 253 414 463 493 629
11  81 159 170 302 305 442 509 516 846 885 946
10  53 64 81 140 163 279 484 681 843 925
10  61 109 128 212 213 279 455 459 528 565
10  25 162 179 301 366 656 677 737 739 872
8  156 203 293 366 409 546 745 905
9  108 151 240 285 466 559 584 684 941
13  22 85 325 342 374 473 475 491 519 652 803 856 952
15  29 42 53 94 140 213 247 271 621 669 685 789 806 808 957
10  90 225 347 371 413 474 522 561 727 740
11  161 169 197 254 475 523 658 816 831 861 995
5  547 549 629 871 894
6  11 222 259 435 675 973
12  80 118 198 286 326 410 433 485 757 758 790 946
6  288 328 505 703 774 840
10  109 113 133 233 333 497 500 581 776 895
11  177 179 400 587 673 675 784 804 836 918 945
4  35 111 721 969
10  130 266 473 484 508 613 720 738 767 901
6  43 270 468 534 678 914
10  5 83 139 292 319 419 505 558 851 921
11  14 190 389 462 496 626 682 715 728 798 864
8  147 335 349 616 788 855 919 952
9  25 97 217 480 510 634 683 894 902
9  135 210 323 387 427 533 562 689 760
9  117 123 170 172 338 343 491 643 900
15  102 185 244 324 460 461 568 571 577 692 749 766 844 868 946
15  44 195 290 305 359 381 398 605 620 701 773 860 894 954 973
10  8 81 276 334 383 645 684 754 774 889
11  10 222 258 293 295 311 433 612 698 718 959
6  173 198 220 501 502 883
10  109 112 260 267 343 531 631 677 868 989
10  137 276 336 343 418 460 748 829 946 978
10  12 32 80 243 359 383 429 810 962 967
6  268 354 484 707 832 850
8  110 383 462 559 613 732 746 884
8  65 121 358 383 398 556 908 987
8  28 236 272 406 450 556 878 940
10  213 323 336 413 434 497 537 663 751 978
12  21 102 173 197 268 311 474 501 536 927 952 983
7  240 331 475 640 738 777 864
20  99 120 285 299 311 315 335 396 423 463 555 630 652 699 731 780 782 851 875 945
10  11 36 295 302 486 658 664 829 889 915
8  38 174 217 320 332 714 761 861
7  2 116 440 452 483 501 850
10  182 265 346 367 403 427 587 638 877 921
11  45 125 220 254 336 349 585 665 740 793 993
11  119 223 433 715 720 735 738 805 911 913 918
13  82 117 257 412 449 616 624 661 723 854 860 971 990
13  69 218 250 456 479 508 577 632 635 685 812 814 869
11  92 199 206 270 375 470 511 707 734 934 974
6  20 368 446 458 819 954
16  100 267 282 287 424 437 479 549 594 603 625 732 815 832 891 986
8  272 298 380 424 542 599 681 984
13  125 202 446 453 488 545 567 590 633 636 725 782 883
9  20 116 140 197 427 534 674 869 960
5  59 82 304 535 563
11  20 96 140 258 320 432 434 611 625 739 768
15  8 145 154 190 272 302 320 351 488 517 598 623 758 848 974
7  59 89 158 232 491 827 840
9  193 231 241 323 684 845 851 865 875
6  339 441 671 808 935 957
8  65 131 271 311 318 646 938 951
5  59 409 458 534 919
15  5 46 119 131 292 404 423 452 530 538 659 725 772 872 893
11  12 349 495 514 581 743 783 787 792 806 912
8  29 63 242 334 638 718 920 958
15  160 319 325 382 411 531 545 678 706 726 797 828 957 959 991
10  6 41 335 460 509 619 651 709 744 851
7  25 52 502 518 755 821 841
8  141 237 392 579 596 641 804 979
13  109 297 309 323 388 484 585 586 609 711 730 774 795
10  63 227 347 464 514 766 863 869 907 919
9  53 99 111 367 375 413 463 559 863
9  242 287 312 338 556 600 735 855 988
14  40 63 136 173 234 335 521 563 576 654 663 831 898 983
8  287 298 363 367 412 498 633 739
9  388 514 551 554 589 657 785 847 853
11  175 204 250 365 501 621 759 771 873 972 978
6  92 249 285 326 502 997
13  58 107 142 225 261 297 595 712 716 802 933 948 964
8  114 207 235 283 377 466 769 901
11  125 154 170 199 301 358 587 629 758 768 932
12  97 111 128 145 209 324 382 397 441 565 599 928
13  114 165 197 388 401 414 453 523 553 669 775 873 937
7  310 339 419 449 706 712 818
9  0 264 330 384 588 771 778 940 983
5  31 88 169 518 868
13  69 100 120 230 236 272 405 418 587 808 852 889 963
8  39 63 193 270 433 478 506 625
8  305 433 626 734 737 769 917 982
10  71 165 215 376 417 434 514 588 777 951
12  54 73 196 603 606 704 741 776 832 897 932 959
8  43 97 301 450 507 518 576 848
9  62 198 434 531 687 711 735 861 875
15  66 139 214 226 295 343 487 531 581 703 725 752 803 921 961
5  284 346 508 525 639
12  118 289 293 447 539 554 578 655 670 826 947 974
14  4 118 123 153 245 302 356 362 809 870 902 915 940 960
8  210 374 505 702 729 777 959 995
9  15 206 336 448 528 684 761 938 995
11  295 359 419 466 478 529 630 655 733 867 923
11  92 138 158 240 270 285 418 662 664 688 922
11  164 235 341 374 566 758 820 903 924 951 956
9  21 480 518 628 632 671 682 832 982
13  40 94 145 161 428 572 607 652 730 773 799 838 907
9  1 331 351 378 528 794 811 902 968
13  20 58 72 114 127 144 388 425 473 479 825 827 832
9  75 162 342 485 604 722 729 730 955
3  95 112 349
26  36 43 49 77 124 195 235 268 280 334 361 366 370 405 473 523 573 634 731 740 762 765 773 923 944 995
13  11 19 71 210 257 383 619 655 666 862 899 944 995
11  24 56 187 442 498 592 596 635 772 805 978
5  45 313 437 450 497
7  272 342 364 663 749 853 953
6  203 348 362 383 568 758
10  0 175 286 376 386 425 505 588 663 972
9  174 307 317 451 531 565 613 785 992
3  130 591 603
5  3 101 190 622 914
12  196 218 225 261 288 311 363 399 574 730 760 914
8  78 152 203 566 712 779 917 966
12  24 31 185 261 363 526 527 666 732 802 841 934
15  35 38 92 276 338 385 510 579 583 593 721 757 786 830 878
8  97 389 521 522 777 872 990 994
10  5 121 155 217 258 319 529 625 803 939
10  175 253 268 295 342 374 504 554 568 794
11  108 181 189 328 464 553 582 607 781 959 998
12  148 252 319 381 497 508 726 738 814 888 951 954
7  141 374 520 675 853 865 999
10  213 353 430 433 484 524 616 683 796 870
10  6 311 345 348 367 378 586 710 905 935
14  123 254 363 389 426 431 438 443 459 544 611 663 880 961
10  20 275 285 695 745 771 915 934 955 999
10  28 194 275 277 316 441 471 557 591 715
9  53 164 193 357 395 754 779 881 929
12  13 94 353 449 610 682 720 754 785 843 939 970
10  12 243 368 485 654 829 830 852 873 899
11  115 241 280 478 488 505 508 694 806 912 982
9  62 125 161 247 265 381 509 549 734
7  12 55 320 349 421 526 822
9  304 434 437 590 648 707 770 821 979
8  163 226 344 506 575 647 847 968
13  95 144 172 240 376 478 624 671 684 727 733 791 808
12  31 41 127 298 341 472 625 692 803 842 894 996
9  42 146 261 304 349 453 505 605 642
12  35 45 195 235 237 260 525 797 880 901 916 958
10  352 464 492 538 581 590 756 762 818 925
8  5 53 287 568 689 861 953 958
8  86 201 400 497 662 716 759 833
11  99 160 254 322 407 617 714 715 846 868 878
9  133 388 470 498 575 632 643 793 796
11  146 167 342 351 365 374 430 466 475 541 833
12  149 154 225 241 329 345 497 629 658 764 811 949
12  112 347 424 443 452 494 649 679 757 862 943 962
14  72 134 165 204 217 304 312 334 343 379 435 450 497 607
7  30 94 123 177 348 619 776
17  20 42 60 99 110 152 168 173 203 229 290 409 633 867 871 926 992
15  91 92 364 426 432 455 548 595 625 632 734 784 908 930 946
10  81 300 331 595 598 673 713 730 793 917
6  96 114 248 249 380 654
10  42 143 147 238 435 584 625 695 831 874
8  23 57 249 358 467 559 851 954
7  69 75 106 285 326 406 462
12  74 117 118 290 304 433 439 453 712 717 726 742
12  225 253 313 416 471 786 806 851 872 876 893 975
6  406 534 572 650 719 763
12  4 20 167 301 484 485 600 707 826 842 862 961
8  79 196 284 338 369 504 591 609
13  211 283 437 468 479 503 584 620 751 780 873 888 989
13  89 121 156 194 217 248 278 323 362 379 442 745 824
6  128 231 509 801 922 923
13  6 32 42 55 167 189 191 263 373 909 925 957 974
7  129 235 568 628 694 704 878
9  13 79 212 306 537 620 796 840 962
14  2 61 87 142 272 279 311 380 529 688 701 820 881 889
10  23 349 366 369 439 485 691 748 888 933
9  39 135 179 322 333 426 862 875 899
13  120 144 212 333 379 411 465 707 724 757 848 913 927
7  24 420 525 546 564 622 741
11  144 157 210 216 241 302 468 521 616 774 836
8  72 360 505 568 595 638 742 807
12  28 186 195 336 425 427 539 565 577 870 966 972
9  16 82 168 191 259 482 587 597 874
10  82 156 348 536 542 557 784 833 875 905
2  274 426
13  81 119 197 208 282 461 657 672 832 842 846 858 972
11  105 116 157 173 213 295 585 744 771 785 884
11  104 112 468 486 537 609 648 702 755 841 860
11  105 171 256 260 270 279 427 627 707 838 922
10  52 116 142 205 341 515 526 644 668 922
9  86 111 289 409 447 498 571 719 890
10  21 66 232 330 365 455 574 585 905 929
7  315 554 636 674 831 934 952
8  78 186 370 456 503 659 716 939
10  200 329 430 534 546 748 809 901 948 978
16  144 154 156 177 235 246 290 381 382 467 476 515 660 802 892 896
8  189 270 387 640 796 941 949 956
8  97 228 280 360 601 603 652 653
6  597 700 774 786 820 959
11  113 156 308 398 457 535 592 654 876 899 993
6  91 249 518 556 819 990
6  232 521 561 585 758 942
12  95 177 394 423 482 677 758 795 802 872 911 941
14  69 135 182 240 243 397 439 561 646 661 754 819 902 951
12  158 172 173 255 413 428 546 613 685 814 954 975
10  12 373 420 429 430 452 606 662 814 926
9  52 265 292 390 454 569 609 844 934
9  29 139 153 175 186 285 366 603 925
11  11 91 141 198 394 600 647 671 746 929 992
7  122 182 644 802 814 832 950
7  26 128 194 278 397 455 496
11  10 40 461 608 632 721 862 891 897 958 974
7  129 242 368 373 469 626 842
6  268 310 428 437 458 850
9  201 307 457 482 604 831 834 846 944
15  29 155 221 274 362 365 457 628 666 671 751 754 802 805 971
14  39 47 49 56 158 344 403 409 592 685 696 714 739 910
12  80 101 130 292 293 455 543 589 656 709 785 789
11  97 143 181 225 270 551 651 659 671 856 916
9  137 156 183 190 358 472 528 589 758
14  147 153 161 215 297 476 533 582 603 627 696 703 734 761
5  440 623 831 912 982
11  48 63 140 189 238 283 408 689 898 917 998
10  71 176 200 369 459 473 824 866 939 995
10  397 405 427 452 468 656 733 821 823 960
11  218 259 305 471 510 529 705 739 852 869 898
9  85 122 223 229 241 267 507 508 763
11  50 103 140 146 147 210 270 497 594 672 927
6  257 332 361 371 490 866
9  246 268 350 519 547 579 599 671 789
8  160 211 395 557 664 793 866 873
12  88 124 187 269 363 516 527 545 595 597 892 919
11  230 246 271 299 429 447 493 528 647 739 854
16  10 69 137 161 180 224 255 260 291 396 465 656 695 733 960 997
8  20 91 345 439 856 877 916 951
10  173 221 267 389 482 520 708 709 755 849
6  58 101 262 372 714 889
17  64 76 245 251 367 458 513 557 600 661 679 702 823 826 835 879 950
16  38 103 149 374 410 427 443 530 572 646 674 701 726 797 918 989
7  26 460 487 498 686 750 796
11  52 213 424 428 436 464 575 682 714 781 801
8  35 250 498 501 514 550 797 832
12  151 197 277 335 379 438 556 582 687 833 864 893
8  13 22 110 142 148 216 844 975
11  12 45 60 296 313 534 567 632 638 851 890
8  225 344 456 732 773 922 949 968
12  95 213 230 285 331 365 449 516 760 797 919 975
15  191 235 237 247 347 450 547 562 640 654 708 720 784 897 998
7  70 229 273 562 578 756 829
13  101 193 267 307 331 362 481 689 767 795 901 962 986
14  119 120 225 291 323 593 608 700 704 729 745 747 845 870
10  13 67 160 188 191 246 353 404 483 667
11  166 252 328 497 600 756 760 768 774 846 956
8  80 283 291 339 446 628 806 998
9  60 90 112 225 309 577 582 769 853
16  62 98 124 344 419 462 530 537 582 636 647 691 743 803 827 889
16  352 389 425 428 437 562 610 702 719 788 825 855 856 866 893 900
9  35 287 321 328 481 581 727 772 833
16  24 85 122 214 218 241 244 267 354 389 693 836 864 933 977 981
12  18 23 165 188 391 402 421 484 633 802 924 987
10  24 206 231 258 528 531 683 742 966 998
9  80 196 443 446 512 529 582 661 921
10  34 112 221 246 696 708 720 910 934 977
9  48 270 285 293 358 392 661 921 966
7  91 168 275 290 514 934 995
14  142 243 254 311 382 493 529 557 594 639 671 777 886 984
13  44 56 182 198 311 381 478 776 783 820 825 912 967
10  96 143 148 150 151 226 230 836 907 920
8  6 49 111 201 591 739 798 818
6  24 238 408 489 744 757
7  231 460 465 554 715 942 953
8  139 312 491 508 752 793 794 930
12  84 186 192 199 222 266 600 604 678 785 858 869
12  136 239 247 351 372 374 418 636 661 755 917 921
7  7 57 322 463 475 714 750
5  67 375 808 956 964
8  64 185 379 577 681 703 746 916
8  39 80 102 483 546 736 758 926
13  1 16 318 324 467 481 556 591 797 822 836 904 995
10  250 346 458 666 740 758 854 898 977 982
10  156 349 405 455 541 569 629 715 887 943
12  10 19 198 319 326 340 495 789 810 859 886 933
4  142 151 315 633
9  235 401 505 511 583 743 911 917 948
13  25 26 131 264 409 465 525 557 602 644 890 907 978
10  97 100 199 399 471 541 610 633 639 709
9  73 375 411 539 552 558 580 590 895
11  14 160 332 440 753 770 809 898 904 947 954
11  42 179 367 491 493 660 784 807 888 904 987
13  92 107 203 225 340 396 524 553 557 561 680 788 914
7  26 152 278 281 492 592 803
10  79 92 265 431 445 486 489 740 849 862
13  338 385 529 545 554 596 608 679 783 953 975 985 987
17  55 113 120 178 272 306 332 400 451 474 536 540 629 660 723 768 787
5  128 354 552 857 879
6  25 182 293 402 497 863
8  91 163 191 499 547 637 706 854
9  26 124 153 188 320 599 634 685 848
5  87 115 199 614 728
4  92 522 558 773
9  4 58 280 588 623 651 654 682 951
9  14 86 206 439 505 524 631 758 988
14  39 85 147 203 217 389 475 503 613 669 759 866 881 971
14  22 68 135 200 216 371 455 480 590 630 664 898 909 930
10  5 98 294 321 694 814 829 838 900 940
9  10 77 255 375 480 485 696 839 848
4  64 565 715 751
9  69 156 179 318 424 562 614 771 914
8  0 167 168 269 356 423 552 563
10  222 231 297 372 460 481 590 597 723 753
13  10 47 247 273 292 300 476 521 635 694 697 885 992
14  17 33 42 139 160 170 297 304 340 354 440 475 737 944
12  220 320 329 356 372 523 553 651 653 764 776 844
5  148 321 348 607 793
9  4 14 245 267 310 321 637 655 833
4  247 407 925 993
10  33 59 172 273 639 692 707 735 913 934
11  98 128 144 162 204 205 245 279 655 716 754
12  76 91 153 172 206 209 256 443 510 607 632 866
9  43 127 270 276 448 628 666 896 939
5  356 605 720 829 831
7  167 228 256 284 329 372 993
6  247 358 446 577 830 970
14  279 291 319 350 417 450 465 495 532 570 621 796 900 922
8  94 99 159 337 403 427 524 893
10  176 198 249 486 498 525 717 775 796 906
11  25 116 227 285 488 621 630 799 819 921 933
12  11 111 247 269 354 377 434 486 518 694 695 782
8  24 35 87 450 645 797 817 871
3  91 407 603
14  46 98 166 169 369 377 438 483 571 647 802 829 938 996
6  212 306 348 473 513 837
6  55 215 435 521 562 792
11  29 101 109 163 200 251 362 496 685 924 999
11  62 152 208 228 270 363 439 444 831 848 990
7  62 232 409 540 690 806 874
13  80 159 179 269 321 340 485 620 673 718 822 842 871
12  47 75 169 199 260 279 585 603 605 633 797 903
7  38 88 322 644 766 860 865
9  39 118 273 307 326 333 396 419 783
13  100 164 309 361 460 518 659 711 754 801 818 824 981
13  28 110 315 330 331 651 665 679 722 764 793 872 939
12  166 178 329 353 395 506 623 648 662 870 894 990
8  32 78 118 247 339 691 927 977
16  141 147 183 355 386 425 456 524 625 698 779 864 924 942 973 994
6  141 301 327 557 879 931
9  76 100 136 150 278 371 523 862 894
9  115 156 188 390 535 674 853 912 940
10  21 112 187 242 262 356 735 925 942 982
14  2 61 100 293 349 386 400 439 572 578 708 752 859 989
8  101 121 196 216 267 658 974 990
7  49 277 311 394 502 640 737
13  78 134 284 295 303 340 474 501 667 708 905 965 972
5  328 495 698 755 817
8  34 103 165 266 552 694 752 871
9  249 280 341 401 516 538 664 880 939
5  19 259 335 657 679
12  58 122 133 222 225 339 447 688 689 736 901 948
11  73 124 154 409 468 526 528 579 636 642 671
12  90 122 125 155 267 390 418 427 647 921 922 952
7  29 311 336 426 529 533 755
6  22 606 649 820 873 958
9  204 216 253 258 382 544 618 635 816
13  11 164 167 222 284 515 606 621 631 752 817 957 978
10  20 78 138 219 419 421 691 805 833 985
10  365 373 394 425 615 634 699 952 979 990
12  298 318 330 351 511 521 569 613 628 690 743 874
11  30 59 159 367 393 446 605 663 691 858 944
10  74 117 133 149 186 245 282 375 556 869
14  57 105 128 223 252 282 291 421 452 588 629 796 920 986
12  69 157 303 407 441 443 492 652 686 712 888 969
8  10 210 355 531 604 678 778 860
11  3 98 169 173 253 442 765 776 902 907 939
5  98 385 407 492 851
3  344 528 558
12  122 140 174 387 404 667 747 868 904 913 949 969
7  19 262 406 486 489 727 785
7  92 115 348 381 404 885 985
3  8 90 269
9  13 66 180 397 439 469 527 732 808
8  70 136 326 449 525 652 672 810
17  22 39 130 153 228 243 264 268 270 343 368 411 560 566 667 675 785
12  12 81 191 227 266 306 355 357 441 721 797 901
9  18 96 412 575 595 638 706 822 832
8  46 57 92 130 708 732 943 957
12  145 154 159 193 357 468 524 582 590 695 746 779
9  71 145 184 194 467 516 771 852 908
8  284 309 418 587 731 862 902 906
4  241 283 775 855
15  129 135 214 231 253 260 296 399 417 517 832 863 881 902 942
8  204 257 458 508 523 525 857 894
9  208 342 674 730 784 860 922 952 971
18  133 164 211 243 253 342 387 506 553 563 616 780 782 866 913 920 929 945
12  8 30 116 183 254 286 564 601 648 702 720 972
15  78 95 138 238 341 434 518 531 692 706 753 811 875 963 994
10  5 165 399 482 528 550 612 919 952 972
7  377 603 628 747 769 815 937
8  353 447 562 584 724 764 792 896
18  32 180 187 192 206 357 380 538 663 672 732 757 824 891 939 955 980 987
11  36 55 305 311 479 694 704 709 723 807 971
13  40 116 347 362 471 502 583 930 939 943 951 960 975
6  173 505 634 654 665 990
18  17 111 184 202 208 219 316 443 456 510 535 648 774 866 890 935 962 997
10  23 52 122 345 748 828 921 956 971 982
9  27 244 351 568 738 894 901 906 946
10  190 239 295 317 426 448 482 658 675 712
7  124 239 415 527 758 810 978
10  125 199 225 428 462 506 678 756 885 992
14  24 28 46 82 245 405 417 440 460 501 860 939 955 982
9  211 261 294 400 441 496 506 750 792
9  25 237 255 305 474 561 618 786 964
9  237 347 495 522 584 589 686 806 945
15  64 113 118 215 221 335 348 376 474 490 511 671 708 823 899
14  216 240 290 341 377 381 408 476 548 729 742 867 937 940
8  179 354 371 580 763 814 863 923
15  146 182 209 210 232 376 487 510 577 620 670 738 747 776 803
9  35 439 578 629 631 688 797 843 978
9  20 73 88 139 336 476 554 565 800
10  114 134 170 178 281 310 360 539 590 960
11  171 315 463 518 555 587 589 621 819 846 850
9  19 154 299 409 569 646 690 721 986
6  153 289 303 371 592 709
10  55 68 88 179 262 471 514 677 758 870
10  212 297 402 534 632 678 841 847 856 977
9  69 87 409 451 665 715 790 810 893
9  12 59 65 267 396 401 671 839 998
14  35 46 168 299 546 567 575 713 722 763 778 783 884 995
5  333 611 761 876 933
7  59 247 478 559 758 902 998
10  0 169 182 347 408 622 628 823 981 983
10  40 120 294 310 320 393 542 553 704 788
11  5 126 345 363 412 649 687 725 927 932 949
5  33 72 273 529 978
7  126 167 254 620 799 834 920
10  5 91 357 511 691 786 850 856 859 979
7  38 105 192 334 742 792 940
13  402 410 424 470 612 681 687 711 739 782 841 853 873
12  199 242 405 428 508 546 572 623 830 866 912 993
11  94 192 212 241 308 386 408 533 737 837 960
14  9 56 156 535 578 603 631 675 723 768 896 933 949 992
14  3 74 102 151 152 189 316 358 394 484 565 668 854 901
10  249 299 346 353 381 400 405 461 604 800
12  135 402 415 490 605 657 677 734 784 918 978 997
5  121 150 188 277 544
3  497 812 820
9  124 317 319 405 526 588 640 697 794
12  139 363 364 372 423 448 513 713 730 775 874 907
11  3 94 99 171 190 424 508 766 775 788 836
4  294 509 644 943
16  3 24 62 70 118 198 232 297 422 533 556 679 713 767 817 908
5  218 236 497 834 966
11  59 169 360 542 608 903 913 925 940 956 983
14  27 113 141 230 241 263 288 296 520 642 653 704 939 984
14  18 21 55 322 396 482 536 584 631 766 837 844 904 930
9  103 439 672 733 767 769 849 852 886
8  63 141 306 446 580 621 944 994
10  47 220 281 354 465 553 732 791 807 959
3  31 225 756
3  37 235 307
7  257 266 356 499 542 907 923
8  90 190 208 635 687 724 903 987
13  8 141 164 297 370 392 438 531 589 659 667 799 923
6  212 364 465 532 555 671
7  45 87 185 238 345 474 629
7  50 102 402 530 571 601 709
10  56 130 180 210 262 373 664 711 720 725
10  242 336 358 370 371 377 501 643 807 945
9  89 238 399 516 613 660 702 799 851
14  40 121 276 284 513 527 569 597 688 776 819 849 934 937
11  161 186 302 307 317 453 781 818 869 870 997
7  14 186 246 694 824 868 950
10  12 131 160 197 203 298 503 535 593 677
8  201 206 231 416 485 561 660 862
8  192 333 335 527 535 577 600 605
10  169 256 262 402 419 425 501 534 755 888
13  95 233 249 283 384 394 657 717 802 836 839 847 903
7  63 227 315 332 406 537 690
9  82 238 366 587 613 637 680 692 920
10  84 98 167 343 381 693 696 854 881 911
14  99 195 273 274 296 347 499 620 688 691 712 779 790 945
9  54 185 227 408 685 845 891 900 939
9  7 298 314 347 425 584 648 707 818
9  85 89 173 274 763 790 863 912 914
10  43 62 168 198 345 413 674 691 746 839
14  82 189 282 324 353 368 388 589 723 779 877 885 945 957
4  313 509 580 629
5  44 68 70 400 624
19  33 51 101 167 207 233 313 323 336 445 453 512 555 614 630 643 711 855 931
7  223 330 388 487 557 771 918
12  142 260 436 453 483 558 589 718 888 893 905 966
7  106 207 321 477 479 800 811
14  2 4 74 95 220 242 270 429 434 622 690 697 862 896
6  327 366 408 567 614 751
9  186 283 303 322 611 616 618 699 917
8  71 102 251 372 401 727 733 884
13  86 172 247 543 609 660 715 716 873 875 906 948 967
7  83 98 144 511 552 701 825
16  48 63 111 133 150 232 320 418 482 583 593 733 853 873 918 939
8  414 423 603 608 667 734 841 863
8  43 92 481 626 746 858 881 934
11  137 163 245 295 508 609 797 892 953 955 967
5  114 265 639 946 969
7  478 526 609 679 829 870 948
9  3 11 183 226 271 671 893 911 964
16  26 142 284 289 452 531 549 595 648 674 709 755 890 911 919 941
10  49 101 123 193 439 442 479 535 571 703
6  68 234 294 545 607 707
9  173 337 416 458 553 897 921 943 967
10  69 163 258 602 631 663 729 743 776 823
13  32 39 167 172 204 240 259 273 276 460 663 853 915
9  93 136 205 328 615 801 837 938 976
8  98 304 336 646 787 818 944 975
11  219 288 331 369 435 482 512 545 639 988 993
14  115 126 197 268 396 409 485 532 579 601 736 839 846 894
7  62 156 216 419 442 603 770
11  33 44 146 417 479 532 555 569 624 899 960
13  164 219 266 273 327 360 434 539 681 718 875 898 899
12  19 53 169 191 272 375 398 401 453 770 800 834
9  7 138 225 413 481 517 692 886 925
8  52 164 227 426 478 576 687 835
9  169 308 371 389 474 712 754 980 984
9  412 430 593 766 768 828 832 920 981
8  92 160 181 296 360 499 897 957
10  109 211 381 401 432 617 628 706 875 901
12  27 55 155 312 363 467 561 679 846 853 933 944
6  17 185 687 830 867 926
8  12 260 474 568 714 791 858 950
11  49 57 140 266 582 603 683 687 804 935 954
9  305 325 400 454 564 810 904 917 922
7  33 143 444 683 755 811 908
7  177 319 354 536 627 677 698
6  257 324 348 371 446 475
11  256 303 458 509 518 597 620 650 884 914 999
7  11 269 477 547 818 823 953
7  281 648 899 914 921 958 998
12  32 75 83 183 334 416 428 457 762 782 852 926
8  122 156 220 313 486 496 702 724
7  9 313 428 568 681 783 956
9  190 252 275 315 363 416 517 842 976
8  212 216 226 430 433 716 856 980
13  83 87 104 119 333 340 349 672 787 803 810 909 979
9  192 301 472 558 591 707 717 784 897
11  28 50 125 157 268 466 521 733 773 840 979
12  10 61 70 179 309 334 456 577 741 760 766 912
12  311 404 409 583 588 611 721 728 876 884 935 950
8  71 163 319 353 377 379 389 792
11  3 55 96 217 264 321 458 735 826 858 880
12  153 190 229 231 247 483 514 624 625 769 782 957
9  157 217 346 419 471 581 891 929 975
8  58 161 457 517 540 687 853 976
7  226 237 331 395 435 910 953
9  7 367 468 491 497 577 614 696 825
8  96 305 556 750 906 913 924 997
7  123 199 418 722 735 761 774
4  113 212 531 891
21  23 37 93 176 219 258 324 331 334 345 381 474 528 541 578 619 734 748 850 853 935
9  301 343 496 514 570 656 719 881 974
4  131 274 452 949
10  170 308 354 463 507 599 620 697 800 851
12  36 40 127 131 244 497 521 555 777 796 911 929
7  42 75 87 679 718 820 843
14  48 112 119 146 318 538 558 587 646 724 734 759 843 983
13  33 134 182 388 487 523 539 690 713 807 848 867 875
15  56 269 353 408 457 472 565 618 640 676 701 734 736 763 805
5  73 109 405 593 721
7  117 168 392 552 632 653 929
10  19 32 67 136 219 251 356 416 731 882
12  68 138 245 376 643 645 689 699 755 828 848 976
8  121 143 175 215 258 827 936 937
13  101 123 164 320 332 413 449 596 789 790 823 886 932
10  78 355 486 527 707 732 797 842 916 985
17  209 358 547 552 576 635 641 643 665 688 710 716 735 811 905 936 978
12  217 290 473 532 584 595 687 724 791 884 921 987
8  139 263 338 365 473 683 918 975
9  451 482 536 592 607 678 785 814 860
12  291 371 459 480 483 550 595 599 768 896 948 975
13  65 78 141 259 432 510 593 634 761 793 831 886 969
7  24 374 594 729 783 784 808
9  89 253 288 420 426 443 470 515 586
12  92 248 276 349 443 501 773 807 824 848 891 919
11  332 336 378 421 594 667 762 943 969 977 980
5  426 561 607 674 833
9  144 460 469 646 770 779 817 849 985
8  46 156 481 609 683 891 956 999
5  314 366 774 791 838
13  100 142 290 354 612 679 724 743 780 826 840 959 962
10  67 214 303 353 372 509 583 652 780 927
11  12 49 63 129 210 336 392 621 760 815 871
10  77 105 207 288 366 515 546 568 820 943
3  22 55 341
9  10 182 200 412 499 510 639 910 976
12  149 165 256 282 293 304 432 597 622 657 686 923
12  30 351 363 378 465 468 500 528 740 883 954 975
10  34 103 183 333 351 401 515 537 580 620
6  8 35 246 687 885 983
13  83 186 209 456 552 581 603 763 835 843 864 944 991
11  0 195 200 236 279 486 521 595 636 881 937
6  274 542 562 565 678 902
11  6 158 265 332 352 356 390 642 747 916 921
12  43 136 162 249 265 386 396 422 540 611 826 949
13  37 195 264 309 433 611 655 687 760 767 773 950 988
13  75 279 441 591 657 736 754 789 801 816 869 943 961
8  95 144 181 452 605 632 676 944
11  87 92 95 107 110 281 306 372 672 802 911
12  89 97 133 162 251 363 378 436 509 581 916 954
10  27 52 132 238 327 498 536 660 680 935
6  51 78 223 457 542 669
7  163 409 425 515 555 600 877
9  9 293 513 576 652 677 688 701 784
9  51 169 179 210 547 581 831 851 857
12  9 17 19 28 182 243 279 354 761 815 822 950
9  112 124 258 373 492 610 772 836 977
11  15 49 56 67 136 414 660 792 883 901 907
7  214 223 366 529 624 693 998
13  83 105 186 220 223 235 274 507 562 768 771 812 933
5  156 225 503 682 875
14  34 150 167 237 361 495 500 514 572 686 823 849 861 994
12  7 75 216 258 340 349 570 610 613 658 920 931
15  109 113 165 205 254 273 336 558 614 671 677 679 833 876 996
14  100 162 189 209 432 464 662 669 687 766 780 866 976 990
9  98 393 473 629 679 717 746 779 887
7  7 119 205 427 467 554 914
9  133 155 162 243 520 531 853 969 997
10  106 119 172 191 332 341 348 384 552 838
11  60 89 124 161 225 395 407 708 860 882 913
4  207 294 659 830
7  77 279 296 376 529 551 747
9  180 371 399 482 624 701 763 818 859
5  183 302 385 755 916
8  80 120 248 285 366 767 772 861
12  33 81 150 324 392 501 599 615 736 834 906 982
9  366 491 512 531 714 742 771 938 992
7  8 70 147 291 310 519 671
4  85 141 229 931
8  355 390 525 668 783 803 918 936
9  49 153 284 331 422 608 873 918 956
11  19 20 210 387 465 470 479 872 912 916 996
7  83 403 425 510 917 939 991
12  33 143 250 251 319 331 433 456 636 717 781 997
15  39 104 184 303 351 389 469 476 590 620 645 683 744 805 858
9  102 262 364 368 523 573 830 868 910
9  18 104 128 238 269 293 385 514 900
17  27 61 108 128 173 197 218 230 317 318 335 393 395 417 522 538 544
7  193 264 418 677 874 931 984
10  7 23 139 235 362 368 659 703 716 885
10  158 215 336 543 669 692 726 792 846 909
7  225 262 651 696 827 922 983
14  281 342 530 542 598 679 711 743 785 797 845 899 925 960
10  7 17 52 53 268 428 457 513 797 926
2  225 488
12  3 141 187 454 563 569 637 659 735 822 853 855
11  38 95 133 365 565 570 716 745 795 931 948
14  5 52 172 197 368 409 555 637 691 730 797 957 960 965
9  12 27 196 205 370 512 570 663 946
8  39 256 403 630 633 698 871 965
10  193 201 248 302 423 502 604 730 747 869
8  14 62 99 179 227 373 727 745
12  3 93 142 220 225 361 415 658 695 716 872 885
10  129 143 186 295 314 368 518 669 700 921
10  2 199 441 504 562 563 824 836 915 961
13  130 207 271 382 428 488 531 584 624 778 813 862 865
9  155 206 214 239 381 675 797 910 948
6  201 487 542 776 798 960
12  45 96 236 250 460 501 595 600 698 736 859 903
12  156 284 508 701 702 735 832 859 861 870 879 904
8  35 79 242 356 585 754 880 963
11  13 106 156 169 443 508 552 651 663 797 860
11  77 112 180 382 408 455 542 653 693 750 849
14  57 131 273 299 363 404 507 558 657 693 724 864 937 953
12  20 192 232 251 302 333 388 492 497 690 763 863
11  41 62 238 280 314 526 550 788 889 979 986
8  99 180 409 627 656 856 892 967
13  19 50 83 99 104 137 372 405 546 563 786 795 869
12  37 38 64 102 123 333 345 397 685 717 805 856
8  128 540 595 598 685 808 822 965
7  258 572 642 688 700 831 896
10  180 448 513 525 551 661 728 761 863 982
13  27 51 88 161 266 274 346 387 429 457 692 799 959
6  94 221 241 387 561 974
9  95 114 186 318 365 767 788 860 865
10  38 245 266 289 312 355 439 441 485 675
19  60 182 261 354 357 362 394 444 453 498 532 616 686 763 764 768 777 782 807
4  5 136 384 778
7  220 442 549 577 583 793 988
6  533 557 606 633 674 805
9  286 356 456 626 717 805 809 856 890
13  50 106 195 237 311 318 325 331 375 446 591 719 981
13  34 61 122 210 240 259 371 406 531 656 750 914 929
4  131 185 643 946
12  162 227 331 480 679 755 789 800 801 822 963 995
8  123 180 253 280 369 451 527 996
10  58 296 404 515 572 582 678 695 797 892
12  66 123 176 203 258 391 495 693 790 839 892 925
4  213 310 403 801
9  101 148 397 496 522 540 644 656 953
12  31 71 94 105 221 268 510 606 645 687 895 952
3  164 560 730
4  776 842 867 985
11  164 243 320 321 325 420 530 690 909 916 975
7  7 167 512 703 726 872 962
8  0 99 125 478 717 830 875 992
9  56 71 444 469 479 565 698 829 859
11  200 262 384 456 585 597 627 649 743 845 919
7  166 316 319 442 535 584 839
11  9 72 218 290 314 382 477 560 676 704 897
4  84 184 256 340
14  101 255 394 452 499 726 766 790 805 849 858 860 926 954
11  86 340 353 528 545 624 649 685 732 853 870
10  45 285 339 456 514 586 695 775 911 965
8  20 94 222 372 382 612 667 866
7  57 212 282 353 662 701 715
7  40 174 222 371 684 762 872
6  182 519 637 683 835 901
13  32 147 157 252 364 420 436 446 618 817 875 908 979
15  16 52 82 238 252 438 553 641 741 756 816 835 879 951 961
13  125 190 276 308 330 337 436 450 692 725 791 959 964
14  149 167 207 219 222 301 325 357 499 505 637 780 937 978
12  92 264 267 299 358 373 430 480 697 734 907 924
7  15 330 549 566 633 746 860
10  32 353 635 711 828 830 841 915 931 946
11  59 73 131 295 374 383 394 563 591 727 775
6  94 447 554 569 626 959
7  94 220 304 420 700 739 905
10  26 69 421 541 591 599 629 808 819 871
11  28 129 174 289 658 701 893 907 936 957 989
10  4 50 184 237 303 539 552 614 835 902
13  11 79 105 114 259 282 301 328 452 654 686 813 956
10  20 87 117 251 532 676 677 711 876 940
6  141 322 359 428 569 958
11  175 366 596 763 818 846 850 868 873 904 920
13  55 116 265 301 330 368 535 629 640 761 845 902 972
7  192 257 539 591 861 927 966
12  2 52 173 208 293 413 421 450 678 683 695 860
11  65 351 407 570 584 698 732 783 822 890 965
12  40 96 112 149 159 329 535 550 671 845 912 997
11  135 156 175 183 277 280 360 489 583 674 725
10  38 203 252 341 502 570 651 893 958 982
17  45 192 229 244 370 463 552 613 625 640 665 671 738 766 823 935 951
16  14 48 81 113 163 348 395 412 556 594 873 901 930 933 935 938
8  137 189 372 504 603 766 861 912
12  1 122 334 350 372 539 550 655 787 789 801 917
6  410 506 725 895 902 935
10  57 81 301 388 483 615 642 662 755 822
10  39 80 109 397 465 550 743 779 780 817
16  142 163 303 454 487 507 524 690 740 782 795 822 834 848 975 984
9  125 158 209 263 732 745 780 847 855
14  28 226 269 282 292 327 407 462 503 588 607 776 917 957
13  4 41 89 97 187 188 411 505 530 598 614 785 792
8  136 155 358 374 460 711 784 929
6  175 244 454 776 795 912
14  339 344 346 372 418 434 508 518 553 735 825 956 968 984
10  7 54 88 216 272 529 641 678 813 883
10  61 141 146 202 265 491 586 756 845 871
16  0 13 26 164 170 187 341 388 484 585 717 771 788 898 917 985
11  213 245 297 366 458 538 585 618 780 823 962
12  126 272 444 452 470 703 770 839 868 907 949 957
11  25 119 179 239 280 318 457 752 773 815 827
15  193 199 252 284 346 477 552 611 613 751 845 854 898 986 993
7  276 298 451 482 562 759 887
16  56 58 156 175 209 292 299 510 611 632 639 678 731 816 829 973
6  280 315 543 660 734 843
7  49 106 160 350 600 723 971
7  85 152 238 265 288 942 954
8  83 353 410 461 780 830 896 930
9  23 44 88 100 247 261 471 662 781
8  250 290 418 505 594 615 672 712
8  15 38 90 101 112 682 740 923
7  12 103 145 169 708 728 867
9  150 302 542 610 648 660 688 898 964
13  5 32 86 116 426 493 523 600 710 760 773 886 954
14  5 55 381 397 570 634 685 692 885 894 929 931 934 935
4  396 736 874 968
8  37 243 284 291 404 486 590 605
7  143 157 203 290 352 371 786
8  306 360 400 518 620 801 849 913
13  10 60 167 327 514 596 664 670 695 699 921 950 963
8  311 347 616 787 807 808 946 953
10  179 280 358 372 440 540 605 619 840 852
14  69 126 138 142 259 458 462 506 520 629 886 918 920 964
6  75 130 402 811 857 984
11  26 27 102 311 435 513 555 607 691 791 879
9  207 327 363 623 638 657 820 955 996
12  190 338 341 395 403 419 632 869 873 884 921 999
9  226 252 292 315 528 631 632 650 763
8  140 372 420 439 596 757 926 970
16  66 112 133 196 261 310 365 473 498 520 556 639 728 828 854 981
15  74 110 138 213 221 319 488 503 505 544 713 841 846 857 937
9  218 453 567 576 591 779 919 940 971
8  394 403 404 491 569 644 780 845
11  59 61 120 246 299 307 468 605 687 838 957
7  441 503 520 611 668 746 907
13  63 187 220 383 400 488 562 575 728 833 840 871 906
8  67 151 273 502 565 645 829 927
5  287 419 656 761 814
8  332 378 666 706 756 777 946 955
13  2 43 63 162 318 399 594 619 620 675 719 824 974
14  180 253 337 382 463 553 598 659 752 850 855 865 984 995
11  30 162 293 432 491 508 567 668 740 890 957
11  134 234 235 405 423 598 648 650 737 803 998
7  157 213 248 625 775 835 925
12  40 96 261 334 350 392 686 714 720 744 752 814
12  205 236 274 338 389 399 609 644 753 856 862 869
12  94 131 162 354 558 604 613 689 750 751 894 960
10  137 178 187 347 362 511 620 695 818 903
12  181 383 485 508 549 593 637 733 845 894 946 955
18  78 135 160 210 377 379 389 442 475 519 623 650 688 714 774 891 898 999
12  71 96 217 286 304 305 361 439 475 507 644 762
12  25 57 110 216 225 286 530 575 577 707 882 942
8  66 109 218 375 449 460 668 833
12  91 117 262 287 323 431 464 567 634 763 808 915
8  272 321 393 641 651 764 822 900
10  50 154 293 343 459 547 702 847 908 931
1  198
13  50 58 82 250 307 324 508 664 675 681 803 864 886
9  18 45 273 387 419 516 569 854 879
12  51 54 461 603 733 749 759 767 835 886 927 993
5  197 207 547 685 948
12  72 195 291 374 397 442 543 555 640 730 854 993
13  76 165 237 248 308 322 378 380 432 584 615 886 996
12  4 176 246 518 643 660 671 721 853 854 857 886
6  684 687 750 840 963 970
12  14 97 199 512 529 584 684 712 784 832 902 958
7  177 215 446 626 747 854 958
17  43 113 240 251 309 339 435 457 471 488 514 516 524 568 596 613 753
10  152 201 213 420 463 529 551 567 843 903
5  88 121 312 318 620
11  78 104 317 386 460 464 505 878 923 944 978
10  56 269 396 500 516 564 623 696 704 717
12  69 225 226 330 427 483 571 627 640 711 718 942
10  54 70 131 156 508 527 582 595 600 977
15  36 113 116 128 141 147 273 520 617 769 804 835 892 910 920
6  8 12 25 103 212 403
12  51 195 310 399 473 611 618 691 767 777 932 969
12  2 14 41 268 312 361 491 547 555 673 715 871
13  43 46 54 84 325 353 586 642 660 716 726 891 983
11  177 206 218 243 319 350 416 516 830 853 988
10  122 137 154 308 475 481 507 511 811 959
13  40 49 62 229 263 386 408 616 649 666 784 810 892
15  27 64 109 142 166 243 277 320 403 643 708 720 822 878 885
11  45 72 102 223 248 514 524 616 897 910 920
12  46 218 312 368 391 519 567 653 699 751 842 866
17  3 97 123 176 182 287 479 500 600 638 663 768 840 862 871 905 913
11  43 181 261 263 327 477 650 844 852 937 938
14  55 144 182 207 214 242 314 572 701 793 831 837 952 994
15  18 77 111 170 213 340 349 516 534 554 631 763 768 778 918
6  210 247 282 717 775 830
9  23 148 269 289 365 518 701 815 870
7  15 203 510 781 805 891 936
8  89 195 391 526 619 831 884 894
7  468 768 770 790 824 849 980
7  236 297 376 379 566 605 847
7  148 382 611 616 623 787 979
6  221 257 361 866 887 970
10  105 111 132 486 491 617 692 696 738 948
7  251 438 900 936 968 973 977
9  163 331 418 507 515 519 877 903 979
9  193 231 297 301 468 509 511 846 986
5  127 142 460 875 970
10  165 173 212 287 327 466 672 794 911 986
13  280 320 359 362 408 516 627 664 689 691 708 814 860
6  626 654 665 683 706 735
9  374 378 395 459 539 696 727 945 970
16  60 147 153 193 227 310 400 479 522 532 548 558 687 832 942 996
10  185 256 481 550 656 658 786 829 967 971
7  4 44 514 636 655 696 965
8  18 100 374 456 545 637 802 901
13  33 44 205 219 253 337 395 464 519 524 746 792 852
11  38 63 154 190 201 545 567 677 710 762 950
10  53 168 381 568 636 759 860 866 895 912
7  408 480 493 686 698 813 869
8  167 365 485 536 786 873 972 974
8  151 375 404 408 514 576 688 997
7  2 189 417 628 716 799 951
7  45 95 146 284 354 465 840
10  87 163 239 316 450 458 466 481 517 735
6  21 52 80 182 711 753
9  39 232 272 324 426 523 555 747 816
10  10 161 315 431 437 553 628 873 931 933
6  239 460 510 571 732 959
12  98 125 214 215 225 226 339 380 394 542 805 912
10  39 114 259 446 734 752 806 897 934 978
14  80 94 101 108 194 349 518 558 585 668 738 754 850 987
14  18 23 91 101 242 338 363 369 376 541 544 650 729 914
8  34 244 248 449 648 699 898 921
