1000
2  546 785
9  34 263 271 286 376 392 395 690 986
8  95 173 356 418 583 691 866 909
6  60 213 243 329 390 416
10  45 54 158 256 263 448 570 840 948 956
5  343 368 433 544 930
10  116 128 296 359 626 752 776 803 910 992
9  68 244 246 505 667 827 830 938 982
12  49 269 304 337 338 428 524 704 801 888 914 945
8  394 503 589 747 835 915 948 980
12  87 126 188 191 214 228 393 471 492 588 813 957
15  164 205 278 344 454 467 494 559 653 808 816 833 907 914 933
8  174 391 406 525 574 654 795 896
8  72 162 187 193 253 264 460 879
11  68 114 199 299 314 512 577 620 781 784 904
10  26 176 246 290 394 408 415 649 652 956
9  270 283 307 320 519 608 830 857 994
6  157 302 453 688 700 787
9  155 201 206 354 441 584 762 888 999
14  26 32 68 192 198 219 406 410 418 521 847 855 860 877
7  23 247 602 692 735 874 875
12  149 277 502 714 739 754 766 819 826 831 883 910
8  116 222 627 660 665 720 741 769
13  20 158 162 171 248 444 455 584 592 599 734 906 940
8  82 151 214 247 369 405 680 786
11  124 137 259 466 476 534 541 570 672 908 930
11  15 19 225 289 357 455 527 610 637 714 752
9  149 246 545 745 761 881 899 943 988
12  34 69 342 395 620 647 674 693 758 849 891 982
10  70 124 364 419 431 434 593 778 899 946
9  159 368 411 584 619 627 698 784 825
12  231 262 265 455 542 578 626 646 674 686 840 878
10  19 48 65 186 202 227 272 393 514 637
13  297 323 369 472 510 592 616 671 786 850 942 949 952
12  1 28 231 290 317 453 461 567 575 748 786 871
5  467 564 649 685 856
10  66 163 270 326 339 449 459 475 698 744
12  124 125 190 301 380 423 426 437 618 744 948 978
7  318 456 515 726 779 891 955
15  48 108 127 221 245 252 268 307 466 573 710 730 907 959 989
7  49 115 141 186 218 507 688
9  124 260 278 374 408 429 432 602 938
4  182 193 460 964
10  141 152 292 564 582 720 850 957 973 997
11  48 130 166 259 284 363 380 486 656 892 979
11  4 102 203 353 414 448 519 696 720 982 995
9  47 216 289 349 570 622 647 651 846
15  46 96 246 247 416 579 603 692 735 738 808 868 894 899 988
12  32 39 44 321 464 548 647 719 767 864 964 988
7  8 40 408 409 423 739 783
8  327 413 462 474 679 762 792 855
5  115 690 887 967 972
9  154 180 183 440 453 459 465 568 773
3  414 602 827
15  4 92 106 122 136 138 146 217 383 704 749 783 876 913 974
6  229 273 308 370 642 892
5  153 405 408 419 481
3  440 460 784
18  165 207 253 283 312 334 352 419 458 514 553 578 588 591 636 718 880 945
11  68 207 229 435 486 574 632 646 771 828 935
14  3 65 95 121 377 415 459 519 556 710 719 861 891 989
6  230 402 630 672 704 960
11  100 345 359 420 534 676 677 715 748 852 949
8  234 280 325 569 601 734 780 854
7  223 236 508 563 623 627 780
11  32 60 72 255 304 425 519 662 678 846 999
14  36 157 201 275 282 288 296 531 563 601 742 777 783 912
2  362 961
14  7 14 19 59 77 137 360 362 478 510 539 723 807 858
11  28 98 204 229 511 629 649 672 789 883 913
9  29 80 105 209 615 642 706 738 809
7  135 283 324 646 721 908 961
11  13 65 74 334 336 430 693 711 729 789 958
7  147 309 321 414 473 551 799
15  72 128 279 299 315 365 376 392 519 551 619 652 674 735 793
12  125 352 381 506 550 559 570 624 753 833 923 988
10  207 282 498 520 604 618 721 732 783 815
15  68 269 302 313 325 421 520 562 662 695 729 751 839 853 989
5  263 330 606 654 817
10  201 257 432 502 551 719 727 781 932 946
16  70 131 140 263 304 331 393 395 433 474 530 614 728 841 897 975
17  212 365 474 523 532 537 646 659 680 712 737 774 794 914 922 958 973
11  24 180 246 291 413 518 626 674 846 899 952
14  111 146 223 262 395 415 427 536 564 628 717 762 794 932
10  251 363 720 726 735 748 788 811 863 889
14  98 131 171 309 331 420 504 521 524 686 767 831 849 859
13  170 248 319 386 545 640 661 722 732 745 867 971 975
8  10 96 579 582 589 669 770 894
11  119 237 308 398 476 553 660 742 766 800 998
12  155 533 551 567 572 575 668 743 916 949 967 997
7  203 576 795 799 874 918 937
5  291 738 838 856 980
7  54 234 321 530 590 597 891
8  100 211 362 591 659 682 787 982
10  167 223 320 368 670 721 902 925 927 993
10  2 60 164 228 468 493 600 792 830 847
10  47 87 272 334 591 613 765 818 844 997
3  409 926 969
7  69 85 166 224 248 375 730
5  128 144 153 219 373
7  62 93 118 541 595 798 871
6  188 510 671 681 692 945
11  45 118 130 277 339 383 526 633 672 692 879
7  312 404 513 557 740 819 964
4  185 200 642 733
8  70 425 602 743 775 788 872 882
9  54 130 204 293 516 590 644 648 666
9  125 216 260 275 317 391 420 559 893
13  39 131 161 192 254 375 436 437 487 565 909 916 999
11  152 305 340 347 417 434 465 594 773 798 976
8  446 522 549 718 726 802 810 902
6  83 138 371 769 773 913
4  375 631 661 963
8  296 357 442 474 578 606 766 812
13  14 143 168 312 352 546 557 625 677 728 744 945 966
8  40 51 336 364 367 839 858 905
9  6 22 234 261 276 678 823 855 951
15  136 204 255 289 346 373 374 393 464 482 782 810 845 934 988
11  100 102 135 170 178 383 662 705 707 917 935
12  88 256 384 416 512 580 631 668 685 854 925 972
7  388 593 606 686 775 834 995
10  60 127 180 181 404 462 534 759 849 928
7  54 174 270 781 797 880 961
6  283 344 601 613 775 917
13  25 29 37 41 151 160 266 388 460 563 687 796 894
5  37 75 107 507 830
12  10 226 262 356 360 472 532 670 777 942 944 977
14  39 121 146 425 531 601 672 731 832 861 904 925 937 942
11  6 74 99 328 572 664 731 756 846 892 923
8  163 166 363 384 452 497 836 963
16  44 102 106 368 481 559 599 664 672 674 757 775 848 946 953 991
10  80 85 108 133 220 306 551 738 775 958
13  209 223 286 291 323 392 395 442 543 590 618 917 989
12  131 257 281 296 317 334 628 679 708 767 858 952
7  312 322 402 430 653 676 905
11  71 118 180 191 319 343 421 833 837 889 975
7  54 117 178 571 615 656 856
8  25 68 459 544 552 707 721 866
15  54 111 228 230 300 331 354 558 657 726 753 793 858 885 995
5  195 341 542 724 968
12  80 186 232 265 326 331 494 593 601 757 844 874
12  40 43 238 262 272 397 536 545 602 697 756 877
5  190 263 385 514 564
8  114 228 295 311 453 805 889 910
5  99 707 719 725 999
2  748 943
8  54 83 127 313 427 550 739 923
7  73 208 453 482 501 703 708
7  176 603 630 633 888 963 981
14  21 27 181 272 290 419 490 526 569 618 774 801 848 915
5  303 437 605 621 634
9  24 124 203 282 387 471 698 714 966
8  43 109 447 473 559 632 765 816
18  56 99 254 287 290 443 449 458 513 524 696 717 788 872 893 900 953 984
11  52 336 372 502 645 673 722 751 846 870 968
11  18 89 180 410 420 454 602 681 702 933 994
5  193 495 742 770 894
9  17 66 162 572 606 733 738 773 796
9  4 23 361 405 433 575 578 606 994
7  30 256 290 703 801 812 922
6  124 477 507 508 722 874
8  108 173 282 327 337 396 750 981
15  13 23 157 221 248 401 605 671 686 701 713 722 785 809 826
9  36 129 184 205 282 297 311 438 969
10  11 95 197 441 476 498 611 648 735 851
10  58 193 318 406 439 478 525 677 870 906
16  44 98 129 201 261 311 367 453 478 591 652 654 716 859 867 991
11  94 174 326 330 439 515 767 791 818 838 851
6  114 186 197 465 634 802
14  200 210 229 301 460 503 569 650 677 757 758 909 917 923
19  86 118 179 273 329 359 381 605 640 685 699 738 772 799 860 873 909 914 995
10  23 85 356 413 435 465 571 597 839 898
2  613 757
8  2 161 252 534 696 756 810 818
11  12 122 167 253 362 451 641 754 791 865 993
10  392 395 399 614 618 717 813 887 943 945
8  15 148 300 424 736 783 794 813
16  241 340 360 417 436 483 490 506 628 629 652 658 800 801 867 985
6  118 136 530 541 786 971
10  170 276 423 459 476 691 885 916 939 971
17  52 82 121 135 155 232 300 327 349 425 556 689 709 812 848 918 928
6  121 149 530 610 784 813
6  42 233 323 416 571 896
9  52 399 449 642 700 707 749 774 896
8  163 191 224 329 795 854 942 995
9  104 210 248 269 911 940 950 969 973
13  32 40 140 168 233 265 342 599 627 675 686 747 897
11  13 460 493 538 573 605 685 836 890 976 990
6  10 101 528 588 867 924
11  224 266 327 358 391 403 708 754 841 868 903
12  37 142 241 304 592 596 639 716 733 765 900 976
6  10 135 184 617 878 918
12  19 108 328 391 416 457 627 685 701 731 803 975
11  13 42 156 165 360 542 614 627 704 740 869
10  201 389 403 559 615 764 803 881 938 967
8  139 304 328 390 515 520 699 843
12  211 322 365 439 480 590 602 724 916 947 949 953
8  164 168 237 250 331 378 661 663
5  19 330 410 775 956
13  14 287 319 415 516 535 580 687 746 750 849 878 933
11  104 169 360 400 428 454 515 539 551 595 599
11  18 66 79 166 194 358 401 417 752 777 969
11  32 301 314 333 603 682 760 777 809 913 919
16  45 90 151 212 214 238 568 578 615 646 666 692 777 797 857 908
5  69 106 117 508 603
8  11 163 411 528 606 629 649 728
10  18 492 578 659 664 679 883 953 958 963
11  58 59 76 295 429 709 723 816 827 898 949
7  147 241 274 334 516 915 982
9  70 132 233 318 627 775 851 900 921
9  169 185 247 322 394 430 559 741 934
13  93 196 214 355 386 397 672 796 802 850 977 996 999
11  81 203 464 485 592 718 782 789 793 869 873
10  3 254 262 491 503 573 698 722 804 850
14  10 24 203 211 234 393 475 484 495 564 602 659 678 975
9  224 259 424 429 489 490 598 819 965
9  46 107 227 229 278 429 522 731 836
4  54 581 584 999
9  40 319 381 387 570 612 639 776 798
13  19 99 255 301 333 343 537 710 739 834 856 862 942
8  131 338 395 465 733 827 834 839
10  39 162 256 259 456 599 613 684 751 984
11  22 305 336 437 470 498 500 523 674 716 809
16  64 83 94 132 237 332 433 472 545 575 601 709 780 796 910 973
14  98 184 189 215 225 302 464 721 749 875 878 895 911 918
8  26 224 333 377 443 517 818 922
11  126 249 331 408 412 598 618 802 847 963 972
9  32 216 316 419 463 584 820 868 963
14  10 95 138 143 310 331 410 504 573 608 638 781 975 996
10  55 59 69 169 216 248 269 447 662 761
13  61 138 232 320 349 384 414 462 663 664 751 871 923
11  31 34 513 540 566 649 663 679 697 813 914
10  140 180 230 265 343 382 576 707 762 818
9  182 186 209 306 346 419 646 957 969
14  63 92 116 214 347 377 392 486 619 702 721 764 782 834
12  357 366 383 566 588 668 722 745 747 761 780 929
7  64 275 334 522 805 819 904
10  88 197 223 257 333 336 501 790 801 909
10  141 203 353 824 844 858 873 875 964 999
12  286 498 573 629 635 663 682 706 716 816 946 992
3  637 672 733
6  177 190 208 428 586 774
5  290 533 697 821 960
11  3 334 379 464 524 556 636 681 919 924 969
5  7 337 501 545 606
7  39 246 360 435 712 896 973
19  7 15 27 47 82 245 316 416 465 512 719 801 805 820 846 863 936 979 980
9  20 24 47 210 343 475 484 862 951
15  23 86 98 162 185 229 253 357 551 691 742 788 906 938 990
10  226 416 428 506 663 665 706 721 741 907
13  197 251 329 349 389 417 551 556 688 719 746 765 884
9  84 250 415 441 527 536 759 819 971
13  39 173 290 362 464 486 532 535 561 635 767 777 779
13  13 58 174 248 490 571 587 697 699 726 771 787 853
15  108 153 213 419 439 445 470 604 607 718 732 859 873 880 914
13  65 117 219 267 381 396 431 450 478 506 840 962 971
14  4 119 159 221 452 525 527 540 668 691 705 911 951 968
10  79 133 237 412 490 591 631 665 723 991
3  754 808 909
11  25 44 215 221 313 351 360 515 777 836 886
10  41 107 266 270 287 348 419 590 593 810
14  116 166 275 311 588 617 628 653 668 719 734 752 775 940
12  31 83 126 141 213 517 591 606 641 664 758 763
11  1 4 78 80 142 460 569 804 837 849 924
10  13 462 477 492 561 574 610 630 842 848
7  31 140 186 232 667 897 957
13  124 189 260 267 494 508 583 615 627 646 765 769 916
7  255 266 403 445 535 536 598
7  39 316 422 532 553 691 725
9  8 77 185 229 288 289 486 930 955
10  16 36 122 260 470 571 765 853 867 911
13  1 299 355 380 477 494 501 525 627 641 678 830 883
12  32 96 141 149 292 386 387 458 645 841 873 899
5  55 170 370 481 543
6  208 430 523 576 803 936
8  66 107 236 261 605 680 752 800
10  116 179 351 383 488 613 661 708 718 826
6  21 102 612 701 818 837
9  11 41 216 290 386 501 504 702 750
12  74 316 475 642 646 680 796 810 823 892 914 971
8  63 292 297 410 659 721 777 824
9  133 365 692 702 726 749 811 878 979
15  66 76 151 161 163 303 564 708 842 860 903 913 972 975 978
11  16 58 71 123 303 328 532 549 738 841 995
7  44 357 456 492 509 678 921
4  332 461 500 999
7  1 132 239 602 648 726 973
9  153 199 260 325 470 620 621 730 946
10  66 269 303 403 434 512 584 661 841 921
8  26 46 117 269 355 374 489 708
16  15 34 149 153 159 242 252 278 445 682 765 848 883 888 929 948
10  82 91 132 340 382 506 628 865 906 954
7  43 272 280 371 461 724 869
7  106 395 507 568 680 807 891
5  402 499 590 672 827
6  143 207 387 501 776 806
13  6 66 113 133 347 445 467 580 629 696 699 724 944
10  33 163 280 301 310 476 510 678 769 828
7  376 400 448 675 888 943 976
11  14 74 271 346 363 423 545 666 889 910 965
13  138 176 180 442 448 708 713 759 764 766 921 928 971
13  37 169 202 219 297 434 493 556 653 781 810 908 923
11  17 77 224 459 573 670 729 793 848 867 917
9  150 282 283 288 417 435 726 832 887
9  8 65 80 190 195 805 910 946 964
13  109 222 325 341 514 528 536 648 667 677 705 919 951
10  131 233 333 444 470 768 780 855 875 953
13  16 39 379 389 556 584 651 681 710 715 743 795 888
9  55 88 492 662 690 754 761 927 968
11  73 85 364 430 614 661 668 682 703 731 987
10  228 297 353 375 450 703 775 810 890 951
5  143 163 166 261 515
11  58 103 114 134 402 426 526 567 660 752 881
10  77 146 259 317 325 378 480 522 939 956
5  14 202 372 518 584
8  74 341 370 411 442 615 626 849
10  227 246 268 279 466 607 617 745 750 931
13  34 107 133 313 379 391 448 468 642 696 817 916 924
9  38 165 209 372 395 504 513 674 946
14  86 135 199 218 348 399 421 452 473 531 889 925 930 970
7  16 94 230 606 716 791 971
6  48 73 92 401 672 757
6  134 196 210 520 652 967
9  33 132 182 391 458 464 593 671 828
4  71 336 457 531
11  63 77 287 305 313 374 407 452 460 682 771
16  36 140 167 331 370 383 419 461 506 606 614 661 811 899 907 953
10  50 161 180 189 463 544 672 754 857 858
8  128 192 195 283 574 662 687 940
10  3 170 184 250 339 461 488 509 732 879
13  78 167 198 373 493 538 570 682 717 762 797 820 897
20  80 85 138 140 197 226 228 326 335 429 460 485 634 653 689 700 824 874 879 972
5  223 285 728 734 850
10  202 219 225 237 306 403 446 460 558 628
12  58 72 96 133 208 236 243 468 670 737 861 916
10  331 412 436 461 478 609 618 912 942 974
9  72 115 154 222 237 324 429 588 755
8  8 161 244 750 756 803 952 972
6  8 220 423 703 846 976
11  36 102 329 367 402 508 692 696 858 906 976
11  109 177 291 355 398 516 527 542 651 692 811
10  139 305 315 385 418 554 609 773 814 936
7  28 186 355 475 618 652 853
12  5 135 219 232 247 466 584 724 852 905 932 940
9  11 123 360 409 423 424 493 581 808
5  62 481 514 749 903
9  117 233 299 369 414 428 541 791 995
6  109 234 296 389 581 702
7  260 319 407 466 671 848 906
11  46 180 230 250 397 456 528 586 761 867 880
6  497 618 741 789 830 862
10  259 276 373 469 635 831 871 875 898 906
10  58 75 114 420 434 443 564 627 657 843
7  45 238 310 450 657 866 937
8  18 138 597 654 659 756 881 999
8  211 271 289 340 342 513 787 976
9  2 126 171 542 639 662 733 765 941
9  26 113 235 248 284 402 477 711 748
6  189 201 359 512 518 640
7  6 62 170 358 450 682 934
14  68 126 177 193 200 245 259 344 490 620 642 664 902 938
6  158 381 477 665 766 903
9  67 68 93 174 252 428 502 523 983
10  44 84 129 299 420 731 888 909 923 994
12  29 115 309 370 399 413 576 637 735 808 897 954
8  74 81 196 281 504 813 842 854
8  235 382 566 574 623 656 795 980
5  115 166 339 733 916
8  5 30 94 130 598 623 841 853
8  24 33 346 396 427 611 688 903
14  55 273 315 326 364 371 640 664 676 752 812 825 945 985
12  111 292 370 511 527 552 735 763 887 888 933 988
13  154 314 318 373 523 532 569 650 692 760 793 934 985
11  99 117 330 351 372 544 550 588 723 730 932
12  41 117 289 325 387 456 514 530 570 603 676 879
9  98 108 112 310 469 502 650 671 672
13  1 74 298 380 469 505 666 674 709 826 856 866 967
10  60 225 234 446 471 545 721 905 916 920
9  197 313 407 547 595 613 779 900 901
4  243 307 317 413
7  37 44 271 376 423 749 863
9  75 170 218 255 361 566 681 750 791
11  232 291 366 436 437 547 656 718 727 803 967
13  54 102 118 235 276 326 397 463 553 598 676 931 932
4  119 129 230 695
8  142 341 520 521 608 632 766 948
13  86 211 272 278 481 531 565 611 640 775 824 836 848
11  151 218 272 295 374 573 603 669 762 828 997
9  120 124 500 520 691 793 817 821 918
14  194 250 307 347 395 464 601 651 863 888 916 935 951 965
9  3 195 454 496 556 624 654 793 956
13  12 107 189 192 317 323 432 446 540 566 727 838 904
10  1 74 132 175 234 552 556 690 878 911
15  10 32 80 117 214 404 458 524 637 735 741 787 789 863 914
9  9 15 210 425 486 531 660 677 991
13  1 28 80 83 132 175 220 293 318 389 909 943 957
9  161 255 369 623 689 828 934 972 982
12  141 211 349 383 406 415 427 560 603 717 811 841
5  88 340 615 713 794
12  175 183 319 364 408 536 623 695 848 919 937 971
6  200 298 541 699 794 909
11  162 201 321 560 657 660 742 831 864 869 995
18  61 134 294 312 339 357 563 580 623 700 704 708 715 827 889 895 976 983
10  189 194 267 288 333 572 668 768 832 952
8  103 121 393 625 745 818 915 993
9  24 56 158 466 525 554 558 913 973
10  12 19 165 397 480 493 562 585 735 928
5  325 348 378 512 540
8  15 41 49 56 226 399 592 892
11  49 97 344 420 421 589 617 665 748 964 999
11  19 155 198 228 280 743 801 808 824 837 984
7  30 205 315 415 658 725 933
7  226 257 335 462 532 821 995
11  50 82 171 364 379 493 638 705 719 720 876
8  45 53 73 230 346 586 597 884
16  15 60 83 199 251 397 411 425 530 617 727 857 868 902 987 997
11  3 47 119 182 192 246 249 671 697 703 842
15  109 177 201 250 303 471 507 534 588 607 644 649 870 900 968
7  2 19 341 510 733 746 980
16  29 56 58 149 227 233 254 260 326 452 531 542 636 836 848 992
13  62 85 107 155 352 363 409 445 452 551 552 652 781
10  77 135 319 409 561 617 697 743 795 806
8  268 424 486 605 728 811 851 924
16  37 49 179 299 338 344 380 450 526 563 638 652 682 783 884 926
9  176 215 344 422 433 576 682 729 749
9  65 105 127 180 394 415 451 609 796
12  37 312 551 573 585 606 678 686 860 907 940 975
10  83 146 369 397 622 644 800 846 883 952
16  8 200 241 249 346 362 465 531 547 565 617 774 823 839 904 993
13  41 207 215 216 331 336 501 646 685 749 754 916 950
10  72 134 210 274 309 454 457 500 637 682
6  29 255 477 584 710 904
12  41 79 391 437 466 679 871 918 923 946 984 993
9  5 80 158 223 424 439 533 536 798
9  29 109 288 301 352 581 593 642 775
9  59 171 245 303 467 502 690 723 826
9  108 177 335 382 498 541 809 835 871
15  37 108 150 222 382 432 438 545 614 662 695 791 895 929 969
11  163 437 525 579 593 604 829 854 894 952 958
13  165 167 196 254 433 448 456 626 642 673 736 847 914
10  52 57 477 517 584 744 873 911 947 950
8  18 164 251 480 693 733 815 882
6  113 132 300 315 776 959
8  153 225 352 503 658 780 879 986
10  23 306 445 501 558 731 787 852 870 978
10  254 267 290 296 420 444 554 748 875 985
13  110 333 377 391 507 519 661 702 737 772 792 930 954
8  152 229 646 723 725 728 866 937
12  4 45 298 300 317 439 498 551 594 698 705 762
8  36 153 183 634 695 748 964 966
15  255 310 353 359 423 471 510 529 685 708 772 838 883 941 984
9  174 425 586 624 694 839 851 881 917
12  129 256 319 325 419 420 518 607 712 887 896 985
11  17 34 52 143 147 166 588 659 787 799 842
12  11 155 200 390 430 496 545 657 725 769 776 983
8  23 26 31 517 718 728 949 982
14  38 221 284 349 374 439 489 501 701 725 750 769 818 973
4  192 324 430 664
9  58 153 272 323 393 462 703 801 873
11  36 52 60 137 179 302 502 565 871 953 979
15  13 42 57 124 169 187 263 325 331 333 659 743 835 918 960
11  34 285 292 326 329 335 500 545 554 582 874
10  50 121 230 264 412 458 627 776 860 950
11  227 327 383 573 583 620 676 877 907 931 993
12  48 117 212 224 243 252 323 389 471 709 914 952
16  52 109 168 171 220 246 428 501 512 529 709 762 764 770 873 981
13  25 39 316 343 348 405 432 519 731 787 841 951 969
10  11 35 296 435 510 516 549 765 810 830
9  95 317 334 550 642 748 952 968 972
9  351 375 376 691 756 874 945 951 953
8  222 254 270 287 306 667 671 869
14  10 151 377 417 450 464 518 560 602 794 828 908 977 994
6  33 126 223 706 807 941
8  73 152 319 562 740 769 796 907
10  50 80 81 113 516 698 715 799 910 931
11  36 214 247 279 342 581 662 750 778 855 858
10  25 88 164 179 297 619 897 908 914 930
14  160 264 271 357 361 431 440 484 523 609 632 782 791 919
11  68 165 166 255 335 666 745 756 830 870 974
4  493 600 644 967
14  196 313 406 441 582 584 612 730 780 845 862 891 920 921
10  56 130 273 345 386 644 755 813 935 946
8  117 147 553 714 797 803 968 978
5  177 619 621 857 942
6  214 247 477 491 496 598
7  212 331 617 678 728 737 986
13  44 59 234 252 269 394 422 552 671 838 866 902 981
4  108 808 841 867
5  276 329 774 822 899
10  215 289 456 525 533 595 619 723 960 972
8  149 177 215 253 257 360 657 758
5  213 484 718 939 998
12  10 206 264 284 308 515 525 624 666 784 897 935
9  95 187 301 330 344 406 413 479 787
8  11 140 266 271 608 692 816 861
6  156 214 545 619 937 941
8  390 454 484 598 693 764 813 946
8  129 350 518 711 813 843 849 920
12  76 164 222 239 436 448 520 566 680 773 825 888
8  294 531 539 547 644 698 879 932
15  222 285 388 430 461 539 541 551 570 613 618 681 785 793 998
13  147 237 244 271 278 295 429 444 456 465 528 710 821
12  21 79 154 362 375 435 459 542 632 655 693 974
14  9 169 213 443 504 512 599 656 686 806 835 860 942 996
13  85 228 278 318 365 503 517 524 553 567 689 747 825
5  7 376 558 825 878
10  75 177 249 255 291 326 603 753 903 975
11  40 125 160 293 417 446 544 563 600 797 809
7  64 160 204 266 339 617 769
9  284 329 603 728 777 829 843 858 947
12  33 68 101 297 418 450 467 662 704 724 912 937
7  69 371 640 645 646 917 935
10  14 119 246 288 358 407 465 503 750 845
9  103 153 231 318 355 660 709 909 961
10  32 58 142 305 345 374 554 725 809 945
12  38 167 195 200 259 311 492 577 713 717 738 796
7  106 199 208 340 467 474 603
9  225 262 440 455 504 630 709 865 997
9  82 314 358 452 471 497 635 947 994
13  16 45 60 65 74 446 466 645 681 760 873 893 977
12  76 77 195 322 385 388 498 627 732 812 815 864
8  19 85 385 582 628 694 937 957
8  110 216 236 313 529 579 844 862
11  81 222 274 362 372 477 533 558 740 775 911
12  8 85 153 243 393 504 531 554 652 803 807 933
11  12 165 256 271 405 438 489 492 704 751 757
10  102 149 312 423 543 554 639 663 780 831
10  26 251 256 340 371 564 600 632 684 716
7  188 205 305 349 501 743 854
5  450 465 522 646 925
8  80 92 178 181 374 415 693 786
16  66 127 319 324 386 394 419 428 499 524 543 558 576 643 814 867
10  81 126 252 268 283 372 412 725 775 835
6  89 242 433 489 523 565
9  25 62 121 173 417 639 651 672 919
7  199 252 267 574 618 775 880
13  83 141 251 267 305 399 433 621 710 739 773 774 971
11  81 219 661 670 713 745 761 815 836 937 964
6  187 330 603 629 750 867
9  68 200 499 500 555 651 788 850 922
8  231 256 391 407 629 662 782 896
9  25 100 178 346 400 436 500 622 849
13  31 139 193 340 356 419 502 550 609 871 873 913 917
13  132 273 526 531 746 784 809 823 846 898 930 938 991
8  5 137 327 373 507 573 581 687
19  27 86 141 223 244 299 377 437 454 461 495 639 677 771 826 900 921 931 998
5  0 114 685 702 713
9  378 382 428 499 653 825 835 849 998
3  48 780 923
9  110 283 467 557 627 752 800 804 898
11  75 146 373 468 542 657 678 731 793 857 908
15  73 74 79 89 131 200 248 250 420 426 448 500 721 766 875
10  137 371 392 420 486 606 644 821 894 995
10  58 88 268 383 482 504 570 645 979 995
16  341 405 445 461 514 524 526 557 615 623 674 758 785 826 894 905
7  539 583 712 749 915 949 987
10  60 180 243 250 301 307 390 392 726 729
12  103 114 549 554 576 627 730 840 897 930 936 975
11  138 333 405 444 505 523 531 565 580 604 687
15  11 75 107 130 152 194 210 586 608 647 808 870 871 872 940
7  397 401 471 627 629 868 890
8  252 264 421 584 717 889 910 994
7  77 406 473 575 590 591 696
11  64 66 124 402 423 507 664 749 764 822 932
10  35 43 83 142 214 282 352 527 793 997
10  108 386 428 459 533 558 780 803 956 989
7  231 235 366 381 391 498 943
7  34 89 312 504 714 754 918
10  52 203 293 609 784 799 817 845 852 930
12  63 149 169 263 372 608 612 720 782 889 920 966
13  4 25 46 75 218 330 374 500 553 619 678 800 841
5  136 171 182 253 270
4  89 128 157 403
15  39 187 213 228 239 302 387 426 463 544 648 809 817 898 902
9  12 59 264 328 366 535 849 950 996
10  34 89 158 223 562 579 612 683 883 966
13  90 232 274 364 424 531 557 603 642 811 814 829 942
9  14 515 661 746 770 810 853 941 958
12  31 58 113 158 203 206 596 635 643 725 737 811
8  47 87 438 522 575 739 811 862
11  119 199 296 402 558 649 651 668 852 863 970
10  217 344 347 434 475 544 742 768 814 997
8  43 87 461 480 521 754 832 991
12  2 266 463 555 621 632 785 822 839 862 878 934
18  18 23 30 217 227 288 307 314 343 431 440 480 561 621 632 837 851 960
4  406 426 638 881
11  241 349 414 451 559 615 617 622 910 950 991
2  253 999
16  10 58 188 235 261 336 373 417 453 592 675 718 762 763 770 865
9  9 87 409 634 635 745 768 907 977
13  92 106 132 196 260 294 562 659 672 719 745 829 977
8  58 93 96 166 257 262 562 644
9  23 33 190 212 408 588 763 787 855
12  29 120 140 260 323 434 438 635 709 743 858 887
11  109 448 618 683 803 815 849 887 919 939 993
6  100 200 378 489 898 902
6  190 578 615 628 770 980
6  92 171 354 414 735 886
11  215 226 267 368 383 484 496 716 781 843 885
11  23 130 186 200 221 503 603 610 787 949 979
10  95 479 507 527 602 609 660 663 698 831
10  63 66 123 127 140 223 389 674 787 952
14  20 41 53 105 141 155 196 214 286 471 600 650 851 858
20  47 148 202 204 374 387 397 506 509 516 538 576 599 700 702 713 735 756 887 912
8  76 254 438 558 725 843 946 974
8  150 162 170 187 275 422 770 828
16  78 113 120 157 158 205 244 262 320 326 426 552 640 654 838 934
10  254 316 417 452 623 673 705 786 842 909
8  16 228 385 494 559 569 886 977
10  335 341 425 477 542 568 600 689 751 987
6  26 181 264 599 785 972
4  164 369 386 969
15  218 277 480 569 575 634 650 652 659 815 820 831 881 882 978
12  96 123 172 221 276 378 500 695 755 832 852 904
8  80 175 193 309 326 437 992 997
14  70 136 194 203 266 315 398 554 586 596 628 651 821 934
4  33 621 744 936
11  191 261 316 409 415 421 428 485 508 586 828
20  37 76 132 149 175 226 335 342 350 500 535 594 637 652 767 828 863 874 891 981
9  30 74 234 476 483 489 495 570 946
9  14 28 287 360 463 738 775 956 973
8  150 287 483 536 583 584 616 981
11  46 427 541 586 732 734 757 760 787 916 922
14  64 366 368 396 399 402 554 607 655 664 695 702 825 985
6  75 390 451 492 911 941
6  114 404 649 705 847 860
8  6 31 82 315 439 746 758 826
19  22 30 64 186 192 193 209 266 271 352 462 520 549 557 560 670 674 849 908
13  83 133 177 261 291 333 521 596 615 676 761 934 983
10  69 177 205 239 296 538 540 560 706 891
7  61 148 264 517 731 938 978
4  112 119 257 792
10  59 152 385 477 502 527 583 584 687 839
5  102 148 822 847 966
10  150 168 331 449 589 612 691 751 782 892
10  239 252 351 518 578 589 593 897 956 999
4  58 243 419 953
11  26 32 240 364 393 430 618 664 693 705 947
10  228 413 423 585 657 689 701 746 778 796
10  190 218 356 526 534 545 681 700 815 959
10  86 170 358 370 386 511 606 861 915 973
3  174 262 271
13  55 70 104 183 279 317 360 434 439 468 576 665 721
5  531 578 778 818 966
10  106 417 427 479 481 499 552 591 892 927
7  154 272 511 519 553 784 812
18  31 59 71 81 203 233 266 279 429 447 511 529 743 811 831 844 863 973
7  28 46 48 559 756 762 851
9  106 164 286 305 573 709 745 811 929
11  15 35 69 205 231 417 580 625 752 763 770
11  169 372 375 602 612 697 709 730 808 828 999
9  46 307 340 389 534 539 580 615 955
12  15 74 166 177 322 342 420 423 524 612 618 898
9  11 134 261 301 331 547 741 777 949
11  12 78 166 354 390 606 714 718 722 806 994
2  502 623
8  44 136 366 382 503 698 783 946
10  138 352 353 401 454 490 550 638 710 713
10  177 411 443 664 676 750 792 852 919 949
14  81 93 206 214 280 354 453 460 590 612 692 720 834 928
12  22 88 312 394 401 513 600 707 781 884 916 931
15  86 112 197 276 288 309 326 446 537 577 720 841 858 862 896
16  65 77 118 229 308 328 356 437 475 510 540 668 685 709 786 906
11  197 230 231 239 249 526 600 730 738 884 964
15  128 130 206 230 262 360 370 457 563 623 637 658 715 884 943
15  22 249 257 361 409 642 671 774 786 813 829 861 902 912 932
10  106 203 299 376 478 492 732 842 908 985
7  7 265 305 470 680 690 788
14  89 119 235 256 261 309 403 580 662 769 900 908 910 918
6  87 387 698 900 924 963
10  94 126 302 334 537 627 728 801 842 952
15  33 101 162 323 348 375 416 470 486 665 747 817 821 963 979
15  25 61 69 102 127 130 211 240 294 321 327 375 534 590 696
7  154 439 607 825 851 913 984
15  28 31 74 82 130 222 318 376 554 601 627 701 732 837 975
8  186 298 588 819 857 915 970 991
9  62 134 370 374 383 463 628 658 788
11  62 114 165 169 305 394 545 824 844 967 969
12  65 116 214 271 284 297 426 485 550 570 892 896
8  50 133 206 231 432 752 828 829
8  24 81 275 279 293 498 667 727
13  101 155 243 307 381 500 519 639 715 876 879 988 991
14  93 202 239 290 309 325 330 359 423 424 430 686 852 982
5  575 594 838 957 977
8  221 527 824 849 870 887 936 985
14  35 119 170 187 192 429 450 546 662 697 709 720 737 950
10  31 85 120 162 186 426 503 682 841 925
9  124 199 328 544 558 632 729 797 933
5  17 40 250 369 923
10  180 331 396 504 609 638 834 858 887 988
8  1 51 308 392 435 667 714 799
12  2 179 248 256 268 388 469 634 775 888 968 995
13  20 47 101 102 203 281 339 340 372 494 659 716 914
12  28 72 441 496 502 530 637 773 796 888 941 958
5  451 521 762 861 947
12  77 384 399 437 449 613 623 765 864 947 960 968
10  45 153 173 296 317 339 562 672 764 981
11  141 231 242 253 416 421 650 685 823 854 953
10  30 36 151 213 448 474 499 600 656 669
6  170 195 253 296 400 708
9  17 183 331 402 603 639 756 840 963
9  162 192 277 456 638 674 764 894 970
10  155 234 278 281 347 446 546 603 623 791
13  147 159 309 310 338 416 458 724 755 895 915 919 999
11  8 54 61 193 402 510 525 723 820 841 954
11  118 256 305 413 448 607 625 637 714 869 927
6  70 239 249 472 629 871
8  118 137 144 183 232 660 874 908
14  133 147 189 276 282 289 300 402 450 699 783 823 899 926
15  180 207 223 376 464 465 513 517 593 648 650 662 685 742 766
8  39 60 219 307 431 501 536 657
5  72 357 497 963 988
6  81 245 452 555 755 843
10  162 300 398 515 537 546 603 657 910 955
9  21 26 151 482 567 654 690 705 954
8  62 307 402 474 664 681 816 900
11  166 190 222 239 320 527 598 692 841 925 991
8  83 153 175 330 397 515 561 973
15  58 110 212 254 276 382 455 491 588 654 845 872 895 897 991
10  48 60 79 144 246 250 261 413 590 764
15  22 43 45 84 413 569 659 661 685 730 868 876 914 921 928
11  71 76 94 137 224 234 249 280 377 551 642
10  86 154 160 162 213 235 654 783 784 975
13  68 207 257 373 435 447 489 704 743 878 886 889 929
11  139 196 292 296 343 510 703 829 844 882 887
11  144 268 411 447 454 456 514 532 578 604 991
12  38 84 110 138 253 281 286 303 556 731 758 908
10  79 382 391 415 680 754 767 769 914 977
15  80 114 205 332 422 447 455 485 509 670 754 797 839 855 920
6  72 77 302 424 556 687
14  39 98 287 373 480 557 650 663 720 745 783 855 870 941
14  127 128 192 216 309 363 444 466 550 630 726 749 932 974
11  76 86 254 329 520 622 666 674 740 891 959
13  104 157 190 220 240 356 367 418 441 785 874 912 999
12  23 63 261 332 622 795 867 887 941 954 971 990
15  20 47 74 84 164 364 371 393 406 597 603 738 747 811 981
3  176 439 779
8  81 334 446 485 578 685 764 998
14  47 70 91 131 157 170 283 515 620 663 735 747 944 949
9  21 49 146 219 536 579 751 873 942
8  103 193 473 523 732 785 913 932
9  22 210 249 350 393 653 768 857 888
9  66 88 156 248 401 581 709 906 987
11  89 105 307 410 421 460 528 593 646 723 999
7  36 37 114 440 616 801 904
14  27 86 235 316 404 478 537 589 590 648 730 773 977 997
11  199 250 418 543 577 626 638 923 926 975 996
9  9 186 235 504 671 735 738 839 870
12  34 62 84 145 357 409 445 449 468 834 929 985
14  54 183 224 281 345 380 424 429 555 563 731 779 885 993
15  161 199 278 316 337 381 456 475 512 538 658 816 913 926 974
8  77 154 221 230 525 609 634 739
13  6 26 201 261 275 312 370 549 649 679 783 857 947
5  75 138 506 966 977
16  21 174 189 258 308 327 429 567 582 727 728 793 839 904 948 952
8  336 481 613 703 712 794 907 979
12  128 141 173 337 354 469 478 603 647 700 767 868
10  130 140 169 172 321 525 622 775 799 989
11  28 169 262 490 554 626 726 886 911 915 950
8  121 251 300 793 804 848 907 960
8  202 372 519 622 765 838 919 966
12  27 229 235 308 349 537 628 766 774 787 904 997
16  18 50 83 232 330 387 448 465 588 647 694 781 865 877 997 998
8  262 371 588 592 649 793 813 911
16  194 234 300 465 496 563 696 701 719 737 776 784 851 915 942 990
17  96 152 190 250 266 270 290 356 467 695 760 797 853 899 908 976 990
13  21 88 113 300 361 385 551 709 761 772 804 920 953
11  48 85 133 167 252 618 727 756 774 827 888
6  306 403 581 589 741 774
12  22 111 266 297 454 456 473 508 668 727 838 977
13  87 156 465 577 588 596 605 649 830 904 927 928 988
12  59 253 325 545 773 811 835 837 865 876 937 971
6  170 446 450 766 827 950
13  52 109 111 157 341 498 536 693 745 771 795 832 980
12  81 149 183 241 428 488 536 665 761 767 768 785
19  105 120 123 130 131 198 209 261 310 386 434 523 532 535 620 691 757 903 968
9  6 218 295 442 454 462 764 801 977
13  66 126 201 202 203 252 259 280 509 653 783 828 838
6  29 475 638 643 791 889
8  38 252 378 736 749 780 791 964
13  63 64 223 235 306 443 480 526 548 565 779 877 938
11  14 79 122 228 301 420 598 660 762 898 986
11  117 212 234 477 540 569 634 836 929 941 975
14  49 54 66 76 176 423 656 708 722 730 752 777 841 997
15  14 30 57 181 492 543 568 645 722 764 793 798 824 843 961
13  0 162 500 554 583 610 733 740 774 891 910 970 983
10  24 33 34 178 530 607 662 665 875 940
16  17 93 253 355 393 444 453 466 493 592 599 601 622 761 941 990
9  84 105 153 248 539 667 676 878 909
5  69 72 212 350 393
3  237 947 952
15  167 174 320 346 381 437 477 702 778 779 813 891 964 968 996
7  50 95 446 631 658 950 961
15  74 138 212 302 372 388 390 500 550 564 754 759 763 784 976
7  81 83 176 398 400 471 755
11  12 90 184 307 366 421 734 773 811 821 865
10  124 157 211 223 279 425 473 515 638 693
13  122 203 330 482 507 687 728 765 820 865 869 955 988
6  100 109 218 433 784 814
14  73 90 170 453 474 568 690 757 859 915 921 927 984 990
8  88 177 275 427 549 570 802 988
13  8 149 159 177 237 246 410 458 670 744 776 863 929
8  110 168 211 226 800 825 879 884
10  6 192 194 274 337 382 482 524 565 594
7  213 263 549 759 766 932 994
7  143 236 246 304 911 938 976
9  295 421 503 654 873 883 892 918 971
5  68 293 472 524 892
10  11 47 258 344 364 410 487 559 650 937
11  70 162 202 222 436 507 514 543 573 926 943
10  110 117 173 260 279 301 310 467 577 860
16  84 281 326 340 397 422 576 578 579 646 648 735 771 795 909 924
8  113 159 180 370 520 645 895 909
13  10 175 176 181 231 365 481 496 497 665 763 791 845
7  341 531 576 581 798 929 975
10  76 441 520 537 594 612 639 846 868 994
10  11 152 207 239 494 715 750 823 855 926
7  78 317 388 568 573 671 993
12  96 167 173 225 232 277 404 456 643 847 894 912
8  21 103 215 236 251 675 871 932
7  227 246 330 612 704 797 976
9  242 388 412 501 552 615 671 795 883
7  488 563 583 633 883 909 991
9  116 279 428 543 697 708 816 863 893
12  238 280 331 386 410 677 684 784 949 969 983 987
11  30 370 498 504 505 547 623 673 802 839 950
8  21 162 276 376 435 545 554 626
9  7 53 207 220 294 402 767 772 868
15  59 297 323 387 396 471 605 617 618 650 679 777 838 845 964
9  438 509 576 590 665 679 724 911 939
9  7 16 95 125 271 350 467 478 770
8  21 85 351 401 526 600 612 646
6  127 303 403 582 613 773
6  11 75 135 945 980 984
11  120 219 220 234 659 689 748 841 877 953 971
8  9 436 460 503 532 547 771 968
9  129 187 216 259 386 419 537 782 978
9  135 263 277 410 584 674 771 847 978
11  91 167 391 450 486 606 683 760 769 777 828
16  77 115 171 220 428 451 583 632 728 747 754 825 887 923 962 997
6  4 31 255 557 700 979
18  80 189 272 283 288 368 397 466 487 570 661 686 704 716 783 834 852 971
8  264 282 365 416 453 607 666 670
10  195 352 497 509 598 604 712 784 886 935
7  96 140 238 522 646 677 724
8  117 480 512 568 718 813 828 934
13  46 65 82 128 154 246 338 427 543 815 854 922 931
9  19 95 226 439 625 633 818 837 983
11  130 149 180 264 290 302 348 386 399 419 759
14  28 85 121 199 263 315 497 541 547 574 594 627 684 911
7  33 43 211 213 332 539 868
12  164 167 209 422 451 584 602 647 673 764 867 959
12  62 343 444 568 580 613 658 682 841 895 896 976
9  77 253 270 342 368 577 765 881 982
13  63 119 184 365 438 528 697 846 865 876 905 952 955
10  19 50 116 306 475 592 728 730 816 963
6  35 91 136 219 376 914
10  16 203 327 415 483 550 675 741 752 977
13  68 115 133 138 238 327 339 475 509 593 602 661 689
5  85 166 254 799 869
11  19 170 282 426 462 503 625 810 918 938 990
7  60 127 334 494 640 665 694
8  219 247 350 480 522 579 583 661
11  84 246 380 389 393 580 618 646 801 823 950
5  48 401 520 695 867
9  174 291 517 588 762 771 795 797 854
8  2 137 353 376 447 486 921 967
16  86 166 177 188 270 302 349 487 531 538 734 851 864 870 913 982
11  47 189 227 415 560 720 756 815 827 850 881
10  193 212 292 401 470 705 797 859 941 946
10  154 165 417 444 478 559 684 730 747 867
12  34 100 230 351 432 436 459 542 559 706 819 872
7  105 153 559 718 871 876 919
12  170 212 238 254 272 440 458 465 519 542 739 806
11  20 90 140 160 331 461 469 618 707 733 903
9  20 224 238 306 351 445 551 786 885
8  54 413 681 720 771 854 872 923
6  19 141 463 762 780 834
12  31 191 199 224 281 392 505 583 723 788 943 976
10  13 102 329 331 374 443 499 681 802 930
5  58 122 254 349 535
11  27 194 312 354 451 585 612 853 868 973 992
6  105 441 612 724 897 983
13  21 69 206 271 290 427 450 575 806 821 822 897 926
9  250 414 423 660 663 664 802 906 994
5  138 179 598 749 875
7  259 597 608 723 758 843 918
16  51 175 303 371 452 593 594 603 684 689 724 734 839 904 946 974
14  8 18 148 290 298 307 363 371 389 498 691 693 741 767
12  84 135 143 299 319 402 561 569 723 778 968 992
4  187 310 560 939
14  28 38 60 92 293 480 618 629 732 785 791 912 948 982
11  44 55 128 279 408 634 644 678 806 807 995
6  107 153 519 823 904 977
12  47 87 124 156 438 552 554 701 818 937 965 994
9  224 402 437 703 718 812 852 923 996
10  12 182 183 245 452 540 661 678 852 921
12  80 186 265 330 364 476 492 557 635 718 882 883
9  171 207 351 543 549 573 595 652 781
11  27 29 47 82 272 326 488 708 765 984 995
10  153 190 209 378 417 545 668 669 715 991
2  378 959
8  94 110 360 415 486 573 595 665
8  189 282 345 361 369 506 775 874
13  14 127 236 391 428 431 613 744 754 761 770 887 893
6  115 134 343 377 554 854
11  23 165 248 291 339 348 351 662 742 884 958
10  11 39 249 326 426 463 473 589 755 759
13  25 71 203 301 471 476 550 627 666 668 707 726 765
17  2 108 169 170 237 258 363 395 400 513 607 788 811 812 822 911 943
13  6 21 143 223 299 304 474 561 586 668 713 785 914
14  185 224 256 270 392 440 523 624 758 763 805 829 849 909
8  66 335 510 603 665 733 818 891
11  54 69 111 202 282 405 542 673 740 750 867
18  8 11 81 170 231 254 279 393 439 464 476 692 720 727 856 910 985 990
12  9 149 208 404 555 640 675 703 758 764 799 935
14  89 108 179 196 266 317 334 367 377 389 429 622 660 951
9  118 123 132 169 302 451 511 542 944
12  90 180 191 224 388 432 460 567 668 806 860 886
12  202 243 305 399 477 534 594 658 703 760 872 920
9  377 480 497 569 728 766 919 982 996
10  209 284 288 300 480 545 720 799 866 896
7  81 159 225 539 622 846 933
16  75 128 146 169 230 301 363 432 548 688 746 839 876 895 938 983
7  188 243 263 317 422 669 811
7  94 119 127 319 529 686 716
9  97 423 708 746 750 809 816 883 941
6  94 308 644 705 770 799
7  121 180 300 406 659 720 770
9  235 290 437 648 723 748 782 801 814
10  5 25 269 319 446 476 543 557 568 879
9  316 383 463 474 545 660 846 947 969
13  79 83 343 373 383 499 563 665 731 740 804 819 940
10  11 155 199 371 411 524 687 922 969 995
11  117 210 359 372 396 583 606 615 628 845 967
8  59 118 389 481 492 511 843 915
7  246 274 341 557 616 684 984
13  90 127 353 399 447 495 510 521 537 771 808 894 971
14  7 41 194 248 360 543 630 780 805 860 923 973 976 998
6  179 313 491 594 829 890
9  23 185 261 328 343 426 559 786 932
14  356 450 472 495 577 624 693 730 734 782 787 869 926 989
11  33 126 127 184 219 335 483 503 576 739 764
10  27 145 175 298 395 566 664 809 878 909
4  126 296 738 917
10  8 58 101 114 175 370 469 514 833 959
15  29 79 130 239 287 304 318 432 481 496 604 619 656 869 887
11  196 440 509 518 637 694 695 752 790 931 963
7  4 9 37 290 385 754 891
12  33 62 89 196 207 455 555 599 653 658 738 824
13  185 429 440 462 574 586 685 758 772 792 825 863 960
9  116 247 256 305 310 389 466 469 916
15  33 82 133 337 403 427 438 464 468 601 670 754 790 854 996
12  130 153 196 206 306 326 459 469 636 697 766 834
6  291 364 446 704 714 734
6  38 269 651 713 797 854
9  4 15 198 313 390 565 620 635 999
7  10 43 233 265 395 521 683
8  72 81 131 206 438 577 693 906
9  39 442 639 732 851 901 945 967 986
9  61 242 460 489 584 695 759 950 990
6  67 71 122 513 784 792
2  255 839
12  112 129 148 206 226 227 669 671 700 711 855 947
12  42 48 103 238 304 409 449 537 663 779 791 828
4  215 299 389 894
11  114 151 449 569 575 633 643 753 760 983 994
11  51 89 194 322 376 382 479 677 866 934 959
13  139 154 256 308 417 468 482 691 695 775 791 835 889
13  97 163 185 201 233 243 437 466 611 677 824 931 933
5  319 580 675 701 785
16  86 178 179 251 255 279 300 320 399 536 734 771 806 834 841 937
10  51 119 226 282 331 337 396 468 489 610
14  43 81 185 223 245 286 405 456 620 640 646 717 881 938
8  54 335 478 502 604 731 750 887
16  80 86 135 192 214 228 282 426 506 557 674 722 746 782 814 988
15  109 187 190 298 338 339 355 402 765 793 805 820 852 878 938
15  126 211 471 519 589 590 608 683 727 745 753 769 776 857 893
8  37 282 444 482 612 630 836 837
9  44 246 281 459 553 599 671 755 840
8  9 91 246 366 418 596 773 833
8  148 161 465 486 618 621 696 735
12  7 28 45 93 208 396 455 682 853 867 891 920
11  362 402 454 628 785 824 847 882 923 966 986
10  153 221 410 432 450 673 799 833 899 936
10  177 370 372 445 452 623 666 684 748 914
6  1 443 485 781 959 983
6  309 415 555 609 742 824
13  27 47 48 75 117 371 681 689 711 770 797 800 975
7  39 60 77 132 565 757 941
10  187 248 734 764 765 787 799 860 914 960
14  130 166 257 394 543 582 586 675 681 716 718 725 822 900
6  6 239 419 614 881 889
9  94 174 404 428 432 463 594 749 817
13  16 155 158 363 471 518 561 654 804 815 884 894 966
15  45 120 138 170 184 283 346 401 412 552 553 691 892 899 933
9  211 228 503 574 746 791 895 920 952
14  43 89 96 387 415 517 564 581 614 745 761 762 783 839
8  88 491 500 545 547 737 762 938
17  18 65 108 144 211 217 238 285 354 409 587 635 650 703 733 743 956
