1000
63  1 2 3 4 5 6 7 9 10 15 17 18 20 24 40 48 54 57 67 72 73 75 79 95 102 117 167 169 187 189 227 293 341 364 386 394 399 441 492 502 535 544 573 610 615 639 664 693 732 799 800 816 836 841 852 873 900 902 925 932 954 962 970
91  0 2 3 4 5 6 7 8 9 12 13 14 16 21 22 27 34 48 53 56 57 58 61 63 64 65 70 71 72 77 82 84 86 94 101 105 127 128 131 133 152 153 156 178 211 215 223 234 235 259 260 298 304 331 349 369 371 386 389 394 396 402 403 456 458 465 472 486 522 524 533 574 581 617 637 722 730 760 768 775 792 810 815 834 838 871 908 929 930 947 970
49  0 1 3 4 5 7 8 9 18 23 30 38 41 50 55 71 80 94 96 99 109 120 124 139 150 162 164 176 204 224 253 420 440 443 452 498 572 580 614 633 656 679 718 743 770 828 858 892 900
53  0 1 2 4 5 6 10 11 16 22 25 32 43 45 47 71 72 119 129 136 162 164 171 182 183 184 192 196 229 236 239 279 322 345 367 412 440 451 515 546 549 576 613 667 671 673 706 807 808 829 898 906 998
42  0 1 2 3 5 6 7 8 10 11 12 20 25 51 104 113 133 202 239 269 281 289 313 315 422 441 474 493 533 542 574 597 603 608 626 647 767 821 887 960 961 970
94  0 1 2 3 4 6 8 11 12 13 15 16 17 23 24 26 28 29 32 36 39 44 46 48 60 61 62 73 78 80 81 82 83 98 102 116 122 125 136 140 156 157 167 181 188 197 204 205 211 228 242 245 252 254 285 286 296 301 307 318 332 344 378 396 400 401 405 410 423 432 439 449 455 461 475 485 490 527 606 618 640 680 765 801 824 837 843 870 883 890 934 943 949 960
67  0 1 3 4 5 7 8 9 12 13 14 18 19 26 30 32 34 35 36 42 47 56 59 66 82 91 105 130 141 150 157 173 210 222 241 296 305 314 333 338 343 352 370 376 379 381 407 431 436 455 495 575 590 622 641 666 707 725 734 748 784 801 826 870 890 922 931
83  0 1 2 4 6 9 11 13 14 18 19 20 33 35 36 40 43 50 53 58 59 62 76 86 106 130 159 163 164 179 188 195 207 212 236 241 242 252 256 266 275 277 295 305 312 316 330 368 381 391 392 400 425 430 452 483 486 577 583 595 604 618 621 661 674 679 682 696 706 707 734 740 777 806 826 827 831 833 859 909 934 958 993
94  1 2 4 5 6 10 11 16 21 24 26 27 28 29 31 32 46 47 54 57 77 78 79 88 89 99 132 136 137 153 154 159 180 187 191 234 240 244 246 248 267 268 271 288 323 326 328 329 336 337 339 346 362 372 373 378 403 414 416 425 444 458 463 484 497 516 537 565 569 573 575 579 616 625 645 648 681 693 699 703 717 742 752 773 789 796 822 836 838 842 877 929 932 958
50  0 1 2 6 7 10 14 17 19 21 22 25 30 55 81 116 142 145 148 150 160 176 178 181 193 222 257 270 280 287 289 296 330 333 343 375 473 491 509 536 564 588 757 815 851 866 870 881 953 966
24  0 3 4 8 9 27 48 50 89 102 113 256 300 369 443 570 660 667 690 731 803 861 889 957
48  3 4 5 7 8 12 13 15 19 27 29 42 43 53 61 67 70 97 152 215 224 226 238 250 257 271 281 286 297 344 383 412 421 424 428 470 528 537 593 634 674 689 838 854 899 905 931 979
47  1 4 5 6 11 15 17 28 37 41 45 48 59 66 85 119 121 164 166 198 217 226 263 293 308 319 339 349 356 444 447 463 595 603 675 702 716 734 735 739 749 767 854 878 896 911 993
75  1 5 6 7 11 14 15 17 20 22 23 26 28 31 34 36 37 41 42 44 45 49 57 77 94 107 109 111 120 121 135 136 138 145 153 169 178 191 197 200 222 237 245 251 296 304 305 314 320 367 386 393 444 452 481 491 493 500 547 564 590 591 615 623 705 706 795 799 809 837 865 899 922 937 954
41  1 6 7 9 13 16 23 37 39 43 51 52 56 64 65 71 85 97 101 114 143 186 197 213 255 294 307 390 393 400 429 498 524 558 590 605 619 642 819 943 989
51  0 5 11 12 13 18 25 26 29 53 74 84 112 149 162 163 183 204 221 225 237 264 277 286 328 361 388 389 428 473 502 515 525 538 556 586 652 653 670 672 712 716 745 757 858 868 874 892 918 919 954
37  1 3 5 8 14 21 22 31 39 56 58 59 70 79 111 188 203 205 244 270 304 308 332 340 341 457 459 509 527 529 585 708 743 758 822 945 960
36  0 5 9 12 13 21 28 32 33 37 68 76 100 102 105 146 147 151 161 176 201 253 258 325 342 360 400 475 531 570 646 863 875 937 943 950
24  0 2 6 7 15 19 23 111 125 152 180 327 349 374 403 445 456 471 487 656 681 796 835 995
44  6 7 9 11 18 20 30 33 41 62 64 72 74 76 78 85 95 112 159 166 197 228 268 269 321 346 354 402 408 413 496 528 579 657 661 682 726 750 777 819 863 867 888 899
39  0 4 7 13 19 25 27 29 38 49 52 54 86 91 119 124 127 137 166 206 236 270 290 315 336 348 398 474 526 586 735 763 887 926 928 970 973 977 998
42  1 8 9 16 17 24 33 35 39 47 69 72 81 91 93 102 139 144 170 172 224 229 240 264 275 333 358 406 434 525 617 647 668 705 723 741 746 877 897 926 953 984
27  1 3 9 13 16 24 35 38 39 53 55 99 224 233 294 310 403 404 431 457 469 581 640 680 719 803 991
22  2 5 13 14 18 36 37 129 273 294 379 411 517 560 609 641 663 673 699 725 817 960
40  0 5 8 21 22 30 33 44 96 123 157 159 163 190 194 273 274 294 341 432 460 543 550 578 582 625 628 651 670 691 713 731 741 751 762 766 781 869 962 985
41  3 4 9 15 20 31 34 46 58 61 63 71 90 110 122 153 170 177 185 201 220 228 244 257 288 322 344 359 360 425 448 520 612 731 782 805 809 858 922 939 983
16  5 6 8 13 15 57 94 96 141 147 364 396 410 416 462 490
20  1 8 10 11 20 40 82 99 149 225 231 359 368 551 568 623 641 921 969 972
16  5 8 12 13 17 34 43 45 89 190 501 585 627 789 955 964
39  5 8 11 15 20 49 52 70 82 99 112 120 122 135 138 167 173 186 194 226 229 261 274 320 355 356 383 409 482 484 526 567 594 598 619 663 763 850 976
28  2 6 9 19 24 31 38 70 114 117 120 165 209 230 231 312 315 348 352 378 404 430 461 655 724 872 878 914
41  8 13 16 25 30 35 38 40 45 47 50 103 111 126 134 137 141 156 182 185 199 203 260 263 301 331 337 364 376 388 484 501 504 515 561 663 694 736 835 862 951
16  3 5 6 8 17 41 85 104 168 183 537 545 573 738 849 908
22  7 17 19 21 24 84 92 96 161 175 229 261 308 367 370 424 433 536 612 634 735 896
48  1 6 13 25 28 40 42 67 74 88 132 158 162 177 181 182 200 227 230 232 240 243 246 298 357 418 464 467 474 488 500 534 541 569 575 584 600 612 620 632 660 667 693 708 814 913 940 944
17  6 7 21 22 31 46 51 65 148 160 193 418 419 446 467 724 979
37  5 6 7 13 23 44 52 63 89 117 128 135 192 196 203 213 221 225 239 265 278 298 302 318 325 373 395 437 534 562 594 625 673 711 742 771 999
37  12 13 14 17 23 51 54 66 68 69 100 133 151 168 176 193 197 200 216 238 262 276 330 350 359 440 469 487 563 571 653 659 766 876 941 951 982
33  2 20 22 30 31 42 75 79 108 109 123 144 152 155 181 211 212 259 262 271 288 291 340 481 533 696 741 750 812 819 843 880 946
19  5 14 16 21 22 91 92 115 138 188 291 405 417 644 652 786 827 951 960
17  0 7 27 31 34 107 111 196 207 211 250 291 377 395 442 587 869
13  2 12 13 19 32 44 95 143 256 448 470 513 656
13  6 11 13 34 38 238 283 309 460 468 552 768 849
29  3 7 11 14 28 64 83 90 110 116 169 171 174 189 194 257 300 302 323 387 405 412 492 638 672 705 794 806 936
48  5 13 24 36 41 46 49 69 73 76 77 87 118 123 124 170 171 186 195 198 219 225 234 236 238 247 273 274 344 362 366 369 380 421 442 505 568 669 690 779 821 857 874 903 936 959 962 985
33  3 12 13 28 31 66 73 103 105 110 161 163 165 193 214 224 226 264 373 375 395 438 545 559 610 662 789 835 847 884 930 947 977
38  5 8 25 35 44 49 59 61 62 65 75 80 92 115 118 208 234 276 295 310 355 402 434 476 496 529 540 568 610 631 666 675 681 692 737 846 897 910
22  3 6 8 21 31 50 83 90 106 110 113 125 206 227 253 285 380 394 429 504 782 956
33  0 1 5 10 12 51 54 55 63 69 79 83 87 101 107 109 138 140 146 251 345 354 417 420 436 545 717 764 790 849 881 902 981
19  13 20 29 44 46 55 90 98 134 142 208 392 414 638 642 695 798 810 866
15  2 7 10 31 47 52 175 179 324 338 348 447 760 786 804
14  4 14 35 37 48 106 119 126 239 558 674 763 818 880
17  14 20 29 36 50 60 93 100 176 264 410 439 441 460 609 732 966
23  1 7 11 15 22 60 68 95 126 147 168 203 253 355 376 425 497 635 742 847 860 874 990
15  0 8 20 37 48 74 78 103 107 251 356 648 691 723 978
24  2 9 22 48 49 56 58 60 64 88 138 273 280 285 302 385 391 429 588 624 650 680 682 862
35  1 6 14 16 55 67 85 88 115 122 154 171 219 220 250 352 385 406 413 437 441 486 513 548 556 560 582 622 658 659 691 736 737 805 947
23  0 1 8 13 26 60 106 213 257 267 307 316 353 445 640 683 745 768 780 786 834 859 905
19  1 7 16 25 55 62 98 139 188 191 249 258 277 306 426 432 454 658 700
29  6 7 12 16 46 63 75 80 90 95 97 165 212 232 247 346 474 499 645 665 691 720 729 744 809 832 833 885 965
17  5 52 53 55 57 144 202 210 211 255 283 315 319 323 564 634 941
29  1 5 11 25 46 81 92 100 140 174 214 216 282 335 340 354 361 374 379 393 430 521 606 853 857 862 944 956 986
41  5 7 19 46 58 65 66 93 97 108 114 130 148 155 160 186 190 214 220 227 235 245 250 348 363 417 481 498 509 535 612 676 698 735 777 843 867 891 893 993 994
25  1 25 36 48 59 83 84 88 91 92 142 150 199 233 243 252 312 327 423 487 562 605 867 868 976
19  1 14 19 43 55 67 127 299 317 361 447 483 501 770 814 839 895 899 953
34  1 14 35 46 62 68 73 77 78 98 101 104 112 125 142 165 194 205 217 241 276 306 311 359 582 601 711 743 807 830 863 946 964 978
26  6 12 37 45 62 68 69 74 75 123 131 135 193 209 255 271 299 322 478 555 704 718 844 921 930 983
19  0 11 34 56 64 93 103 192 218 237 252 290 392 478 527 548 592 802 832
17  17 37 53 65 66 76 86 172 254 335 336 349 385 456 758 944 989
22  21 37 44 48 66 87 108 140 175 183 247 376 393 505 511 671 681 714 746 871 891 922
8  1 11 16 29 30 258 341 929
20  1 2 3 14 25 84 104 118 215 241 276 455 488 578 589 686 739 833 871 917
15  0 1 3 19 21 94 123 172 181 356 365 401 560 578 624
37  0 5 44 45 65 86 89 93 100 103 104 133 134 137 149 202 212 223 268 361 365 438 445 459 523 530 589 593 617 727 736 757 856 902 923 928 973
22  15 19 34 54 66 108 121 126 213 265 280 284 293 347 357 371 406 450 532 643 879 944
21  0 38 46 59 66 114 190 195 266 286 302 334 454 503 583 644 733 801 812 911 984
18  7 17 19 44 68 107 116 117 162 182 382 419 607 720 948 965 981 984
16  1 8 13 44 65 165 223 246 310 353 588 606 716 746 764 920
31  5 8 19 54 65 98 105 115 122 135 159 164 190 248 261 283 455 483 506 521 550 573 608 659 704 728 746 774 869 898 932
27  0 8 16 38 48 80 87 109 117 119 121 127 129 132 158 217 329 333 363 368 470 669 689 707 785 823 916
33  2 5 46 59 79 81 113 131 206 219 233 244 273 291 297 306 351 356 375 546 565 627 628 636 640 668 725 761 799 845 853 856 878
16  5 9 21 61 80 87 129 326 343 360 407 433 451 569 771 896
12  1 5 6 27 29 160 198 314 431 546 649 659
10  5 43 47 48 63 243 330 347 601 675
23  1 15 33 63 71 131 177 215 256 270 341 388 460 464 543 551 553 694 702 739 774 793 813
11  12 14 19 32 56 153 189 337 346 387 810
19  1 7 20 68 73 163 177 187 401 428 430 512 527 548 610 728 811 832 848
20  44 48 69 79 81 169 236 274 279 287 311 337 397 402 496 504 561 679 829 926
10  8 34 55 56 63 200 329 335 370 382
10  8 10 28 36 73 96 108 161 201 259
21  25 43 47 49 59 147 183 199 210 331 339 438 447 489 510 541 594 602 628 651 824
17  6 20 21 39 63 118 128 146 345 419 444 453 473 562 606 609 829
8  33 39 46 61 63 151 298 697
30  21 52 62 67 73 97 101 121 140 147 195 207 265 283 303 322 467 514 523 531 563 565 586 608 612 616 703 849 868 901
12  1 2 13 26 72 133 143 228 519 558 602 958
16  0 19 41 53 59 106 152 157 208 383 629 760 838 851 917 952
12  2 24 26 33 89 128 145 209 299 389 616 799
10  11 14 59 62 93 282 515 685 868 914
15  5 49 58 65 78 157 158 226 301 412 650 738 834 844 936
14  2 8 22 27 29 124 290 326 435 501 563 577 977 987
19  17 37 52 61 73 112 137 139 169 173 201 256 291 325 335 419 497 597 864
18  1 14 48 65 93 113 161 178 292 296 318 429 505 657 659 696 765 888
20  0 5 10 17 21 116 120 134 145 154 372 448 513 562 577 655 721 754 870 955
12  31 45 54 67 73 110 132 191 217 230 234 678
21  4 32 65 71 73 126 174 320 327 350 353 381 386 552 587 636 685 811 820 827 963
11  1 6 17 45 78 114 260 278 687 832 996
9  7 47 51 57 95 252 538 815 850
12  13 40 48 54 76 231 246 322 376 404 517 595
19  38 62 69 74 89 129 148 185 194 285 292 313 320 426 601 743 778 931 998
17  2 13 38 48 79 247 295 348 354 408 530 580 692 707 762 822 894
11  25 43 45 47 103 160 202 258 624 739 781
16  13 16 18 31 40 118 125 150 154 366 453 457 518 583 638 764
14  15 19 29 65 100 130 168 222 227 270 326 418 569 787
20  4 10 47 80 101 130 146 166 178 184 191 200 258 286 365 371 571 780 814 817
17  14 30 62 75 105 115 151 255 366 391 485 528 651 825 829 904 986
10  39 46 56 78 114 218 277 395 405 522
13  5 9 43 76 102 177 214 221 284 299 528 599 750
6  0 30 36 76 79 769
17  44 46 71 91 111 127 142 158 204 284 300 309 332 372 645 825 950
9  3 12 20 51 79 622 672 709 894
17  2 13 29 30 102 131 156 192 436 442 519 554 587 592 632 897 900
21  12 13 74 79 93 145 155 229 247 265 299 342 654 664 695 703 708 713 740 832 919
16  5 25 29 56 78 141 245 338 346 357 436 578 674 806 813 959
14  24 38 44 66 72 124 207 317 327 537 779 952 963 967
16  2 20 44 99 123 240 243 250 266 431 496 504 510 573 607 678
14  5 18 47 65 111 128 281 427 488 611 699 816 872 906
12  31 51 53 74 104 166 235 308 347 437 709 817
16  1 20 64 79 118 174 287 350 465 507 519 689 721 756 844 905
17  1 36 91 96 125 132 156 347 394 451 520 551 567 635 654 772 790
16  3 23 79 81 108 208 276 384 410 476 566 629 654 738 774 914
15  6 7 62 112 113 143 158 382 494 696 720 785 887 913 988
18  1 66 80 84 120 179 180 182 184 210 262 374 399 470 596 722 902 914
14  8 34 79 103 128 134 144 215 309 390 421 904 957 985
18  1 4 37 73 94 167 185 281 440 630 727 738 758 770 884 922 935 975
13  31 49 73 102 132 232 278 320 401 490 541 670 694
12  13 29 36 66 78 136 315 364 384 406 499 680
17  3 5 8 13 135 139 220 306 334 488 621 626 702 816 852 934 969
17  8 20 31 73 100 149 174 204 279 282 388 484 539 540 587 637 656
16  13 29 39 48 55 144 235 239 390 467 531 546 690 848 897 942
19  2 21 58 100 136 141 149 196 198 265 293 474 485 524 579 632 719 780 996
12  5 48 61 69 93 206 260 304 329 354 406 950
21  6 26 31 122 139 143 146 173 241 279 282 304 367 430 485 523 600 616 688 741 890
12  9 49 63 65 118 199 272 358 507 559 633 938
7  14 41 94 130 141 148 889
11  21 38 60 132 138 180 187 259 476 796 797
18  9 13 96 102 121 151 172 175 187 231 331 377 385 447 462 466 521 823
26  17 48 91 113 141 192 312 324 327 351 427 467 468 511 554 615 625 638 700 703 725 731 737 793 891 914
9  17 26 53 90 93 445 631 639 912
25  9 35 62 108 143 154 155 167 168 171 185 205 244 254 280 372 458 530 593 611 648 677 783 907 934
9  15 27 73 137 139 216 300 446 920
19  2 6 9 63 111 235 275 371 381 511 599 732 736 772 884 952 958 968 998
17  17 37 92 114 145 155 267 362 477 493 564 576 596 614 676 735 837
14  1 11 18 38 95 254 317 465 480 503 545 680 685 690
22  1 8 13 25 85 175 189 214 217 219 324 390 418 429 502 589 676 801 818 907 980 986
10  8 56 102 111 148 336 414 502 692 915
16  38 62 121 148 151 179 251 423 461 483 486 585 833 873 896 972
13  1 5 31 120 128 173 232 330 428 516 755 910 987
7  5 6 24 95 98 334 424
13  34 79 98 118 130 300 340 349 382 393 499 693 938
9  7 8 19 24 78 170 172 448 462
13  9 35 62 82 110 179 263 439 477 492 645 810 865
8  17 33 45 89 101 723 837 877
8  2 3 15 34 76 170 479 850
8  7 15 24 45 86 237 308 916
12  2 3 7 12 78 189 365 374 473 791 807 808
9  30 45 59 65 77 219 495 518 880
24  12 19 20 113 126 206 208 218 223 297 313 370 427 493 503 526 575 577 584 788 822 948 975 983
14  0 5 29 133 148 184 207 238 324 371 638 641 748 778
12  32 37 53 112 148 284 329 565 619 674 715 811
12  0 13 43 87 100 186 221 319 351 426 856 900
8  21 25 44 159 162 267 288 477
8  3 43 44 56 148 303 357 600
14  21 68 72 145 159 184 237 321 342 411 420 534 592 685
15  6 29 100 141 156 209 240 242 306 424 476 478 507 547 969
13  43 61 104 127 137 242 269 399 466 473 489 512 772
14  33 50 69 145 153 218 398 423 434 494 631 791 821 901
11  2 9 17 37 52 268 281 323 345 391 852
8  25 34 84 86 116 233 810 917
15  1 9 13 101 113 196 283 307 352 375 394 489 588 751 753
10  7 50 131 155 160 180 201 482 492 633
16  8 18 131 144 179 203 311 353 407 434 525 620 632 711 730 836
14  5 9 34 38 72 210 397 422 487 532 590 709 838 855
9  3 31 34 76 131 326 614 700 830
10  3 15 32 69 90 195 446 507 753 995
15  3 113 131 167 172 205 272 290 369 522 689 705 760 835 925
8  25 31 108 133 148 213 549 617
10  14 29 44 62 169 209 347 404 412 622
19  0 8 86 144 145 198 199 222 249 404 547 558 627 631 660 673 946 961 984
9  5 7 16 39 58 311 361 408 426
14  0 43 85 153 164 212 478 538 599 698 747 794 798 962
9  24 28 62 75 78 230 262 486 794
11  8 13 58 103 113 266 372 438 666 839 936
10  3 36 67 120 146 420 582 749 821 855
13  9 35 37 45 66 245 261 269 339 509 536 603 752
10  24 29 43 65 108 249 621 643 953 983
11  7 44 75 93 183 232 309 317 319 358 760
15  3 36 40 139 178 253 293 310 444 512 533 566 626 789 808
11  5 13 14 19 37 263 317 358 457 603 869
11  12 44 82 139 187 223 355 514 653 919 973
10  31 63 90 142 187 303 373 397 773 797
19  13 34 37 88 113 220 233 263 402 416 464 517 576 765 803 844 867 911 924
18  17 25 89 100 179 202 249 275 292 408 575 609 672 698 722 724 923 946
8  4 60 73 110 201 731 890 923
12  16 31 36 53 180 216 377 470 475 517 572 657
7  2 5 15 118 137 756 824
13  5 16 65 148 184 216 218 254 316 409 498 768 995
9  20 47 80 140 166 230 321 765 955
6  7 40 93 123 167 694
15  46 49 95 129 166 324 385 420 463 510 521 558 759 803 916
14  30 66 96 173 186 285 287 295 450 466 520 671 848 856
14  6 60 90 131 181 297 390 407 466 493 539 681 791 995
9  1 5 38 40 60 248 302 520 756
9  7 38 59 73 189 464 469 503 602
9  14 36 57 74 185 228 345 415 508
11  45 61 62 116 153 338 427 450 670 827 878
10  1 11 71 84 132 251 288 307 414 563
11  37 61 149 203 205 249 461 481 540 658 864
15  12 65 79 103 153 303 305 313 323 411 422 536 676 707 967
10  67 115 166 175 205 259 321 375 588 776
11  44 56 80 153 165 221 231 272 278 305 496
12  25 56 62 136 200 243 338 357 440 749 875 998
8  15 36 116 169 219 284 415 923
14  6 9 13 112 187 225 289 418 500 715 775 875 885 924
13  1 73 77 166 198 298 355 359 407 435 560 580 660
13  2 11 21 22 45 267 272 303 314 416 426 552 726
6  15 27 36 44 222 555
14  11 12 29 45 98 289 301 366 377 475 481 484 804 887
14  0 34 47 62 112 255 278 380 658 677 756 926 941 980
10  5 19 25 94 213 242 325 396 437 489
9  3 21 29 33 121 248 343 606 865
10  30 34 103 190 206 388 480 686 825 943
10  27 30 107 145 219 321 413 639 733 962
7  34 59 134 156 195 748 767
11  22 63 80 177 200 331 362 633 744 783 876
12  1 8 44 46 103 383 411 413 644 732 773 861
9  1 62 126 138 150 516 775 840 931
10  3 7 20 44 87 272 428 565 666 701
11  13 15 67 163 172 280 289 415 509 787 961
12  11 37 42 44 167 271 309 616 828 837 904 985
8  3 4 36 51 138 482 507 556
17  8 21 34 124 173 248 275 318 350 389 433 443 636 785 884 938 975
6  6 7 65 71 141 471
8  5 7 173 174 228 555 572 622
8  34 63 83 124 220 387 494 526
9  8 16 25 80 148 334 454 635 686
10  5 13 62 122 193 246 379 405 450 471
8  8 34 77 107 245 342 544 855
11  44 59 69 109 121 483 629 691 800 823 920
9  8 78 211 229 240 508 531 673 779
9  58 187 194 201 216 549 557 683 715
12  11 40 56 62 124 262 422 469 505 543 741 912
7  13 48 54 155 215 294 917
8  5 7 63 67 106 374 712 879
12  2 17 47 53 196 260 261 290 337 458 529 557
11  5 68 148 152 205 297 313 351 384 891 986
10  14 60 66 114 227 328 683 842 861 965
10  7 10 41 84 100 310 353 472 748 870
9  9 11 25 43 57 266 333 567 967
7  17 58 70 110 113 410 506
12  1 38 89 144 218 264 311 424 433 646 695 918
12  1 31 105 140 253 368 373 387 571 767 947 974
12  29 33 78 193 253 279 301 403 570 580 598 795
9  37 38 131 190 250 269 319 525 727
9  12 31 160 197 200 425 465 471 955
11  15 21 45 52 259 292 386 684 783 809 891
9  36 74 93 121 139 441 663 697 898
16  7 75 124 191 257 369 398 450 456 532 539 559 665 964 985 994
15  8 57 151 170 224 268 274 519 532 534 600 625 647 668 905
7  8 19 73 176 267 378 931
14  4 19 174 193 262 360 363 524 543 597 613 651 718 763
9  9 16 20 84 112 325 682 729 879
6  8 11 38 66 238 611
18  142 184 219 224 236 328 336 379 383 479 535 566 657 684 745 873 893 927
12  23 24 44 55 80 287 350 364 489 652 804 963
7  24 29 44 87 267 400 977
10  7 21 150 201 240 342 377 461 825 900
12  37 46 65 71 129 277 334 538 582 615 648 820
12  7 15 58 115 276 282 362 543 598 637 851 924
8  36 105 134 219 227 316 344 806
13  3 87 137 141 261 340 453 577 608 655 706 772 845
14  9 55 74 148 237 295 397 494 574 630 722 819 994 997
9  4 11 125 133 176 318 363 528 540
6  61 97 137 141 277 417
8  42 60 78 93 178 312 459 702
10  74 116 118 168 221 292 468 574 817 842
12  5 47 55 108 209 366 432 445 642 653 679 861
5  5 11 15 75 113
11  9 87 127 209 273 464 518 694 754 769 990
12  8 25 38 170 215 537 539 574 583 906 910 920
7  4 9 222 226 237 822 981
17  20 67 99 184 253 335 378 416 422 435 532 643 684 714 790 842 864
8  38 39 40 80 100 363 380 561
7  101 108 201 264 284 503 630
14  0 12 74 139 196 415 446 584 591 709 753 802 834 971
8  14 22 23 24 251 358 734 971
10  7 46 109 209 280 443 459 604 928 982
12  5 6 9 13 101 421 453 482 542 716 775 949
10  11 80 166 210 254 550 605 627 630 935
9  1 34 36 92 223 343 576 683 697
13  64 66 96 116 121 314 434 437 495 585 626 898 909
6  10 43 118 149 158 352
9  5 31 98 226 261 438 562 728 774
9  36 43 55 75 211 316 395 421 744
9  93 171 199 217 224 556 605 637 808
11  1 13 16 140 141 332 452 502 557 604 740
8  6 7 13 217 219 529 850 871
5  58 65 80 136 173
7  5 14 57 178 215 909 967
7  12 16 33 126 163 531 825
14  42 118 132 195 238 339 398 555 619 624 649 753 761 773
7  22 46 77 196 256 634 982
7  65 87 180 188 259 629 971
11  7 30 63 146 283 427 435 619 697 759 860
5  4 108 166 217 254
8  6 13 82 224 299 332 523 553
11  4 20 30 60 135 328 365 414 506 566 586
9  7 57 205 278 302 409 602 658 661
7  64 123 152 195 197 559 584
9  5 36 101 240 281 538 804 888 996
7  12 60 169 195 262 601 618
5  13 29 104 108 134
10  19 172 206 218 231 596 621 670 737 971
9  3 25 66 93 107 370 432 628 698
10  8 43 60 176 217 459 592 649 671 818
9  50 146 153 167 208 449 510 535 593
10  17 36 100 228 270 382 460 468 805 927
8  8 81 99 112 182 480 557 690
6  18 63 104 123 146 727
9  8 15 255 272 315 449 482 594 964
8  8 79 88 140 168 490 500 847
12  7 9 37 83 156 360 381 384 552 598 627 846
9  1 31 90 145 233 392 542 720 732
8  5 16 118 304 314 560 824 939
7  6 9 21 79 257 682 797
8  75 136 157 244 276 699 865 877
8  61 68 88 100 290 397 653 840
12  8 20 68 154 272 413 436 454 699 709 793 989
7  8 31 85 87 253 746 895
6  6 50 122 214 220 567
8  8 12 90 193 309 417 472 733
9  16 38 61 158 279 368 463 524 877
16  0 16 24 70 84 396 399 451 635 649 652 851 950 972 977 990
7  17 121 172 246 275 367 579
8  6 9 81 229 298 408 446 478
8  5 11 25 44 278 514 787 926
11  3 48 91 176 213 442 479 620 633 921 982
6  8 19 59 85 122 773
7  74 83 126 128 186 601 642
12  20 30 50 62 109 475 491 725 758 841 892 967
12  1 12 18 68 158 351 411 595 623 652 688 865
6  37 104 127 240 273 776
9  80 146 169 254 349 602 719 778 818
8  6 30 56 178 300 423 734 846
9  57 77 104 180 256 468 479 499 526
8  19 48 61 109 140 607 728 988
6  29 46 53 198 223 874
8  12 29 54 72 80 472 511 792
5  34 74 122 171 220
6  21 142 195 197 294 976
9  25 27 37 65 223 505 713 764 885
6  17 25 81 269 330 380
13  15 61 64 73 188 463 480 518 611 643 665 749 853
6  8 44 151 233 277 800
10  62 79 269 281 291 471 476 498 615 858
6  0 26 31 135 273 553
9  72 73 113 164 315 398 466 661 802
8  44 111 114 226 285 501 530 667
11  3 13 33 141 342 384 479 596 637 754 885
11  7 27 79 260 340 387 399 517 522 710 879
9  1 10 44 184 266 409 465 598 933
7  6 33 88 166 322 596 927
10  1 74 113 150 167 401 585 785 831 840
12  8 102 118 148 191 443 449 525 662 776 934 992
9  8 36 45 199 260 553 721 859 921
8  18 61 131 164 252 462 529 903
6  9 45 80 178 218 928
10  6 31 53 69 107 391 448 457 786 948
11  40 145 203 226 275 389 521 581 618 778 883
8  5 8 30 268 290 439 442 488
7  6 23 61 245 272 711 972
7  44 47 227 291 360 449 469
10  6 7 104 150 330 462 527 752 772 979
5  76 88 130 158 325
8  11 29 95 234 272 415 795 807
10  129 135 254 330 367 514 557 604 740 769
7  55 56 68 145 208 392 751
5  0 1 13 104 264
9  43 85 243 260 368 570 623 854 935
14  15 31 84 137 230 578 597 678 861 881 903 925 978 988
6  1 15 96 240 377 701
10  14 132 138 153 210 579 639 642 850 907
8  7 55 114 176 376 743 801 881
6  7 49 67 331 385 540
9  13 14 61 69 158 548 903 920 959
12  0 1 47 128 178 419 548 662 862 990 996 999
7  36 40 45 115 302 792 836
6  1 5 26 228 341 788
11  87 181 199 280 335 435 452 491 667 854 872
7  20 175 266 309 365 514 549
9  0 131 174 341 368 433 569 620 987
6  5 7 14 17 274 904
6  5 72 86 134 371 807
6  1 19 46 87 200 717
6  1 8 18 22 261 828
6  22 30 107 186 187 713
5  5 39 43 115 245
9  21 56 74 135 140 409 439 815 835
8  6 81 180 210 223 628 912 948
5  19 109 188 201 343
7  29 205 316 369 406 730 777
7  5 26 52 129 258 689 781
6  23 172 217 234 349 956
10  3 11 43 98 186 554 561 617 723 778
11  19 56 231 234 336 477 510 571 664 715 976
11  8 49 154 215 315 512 547 564 702 791 893
7  213 221 237 293 383 589 906
9  8 26 200 224 290 563 924 955 957
8  39 48 62 282 339 530 561 669
9  34 35 112 153 222 458 539 541 542
9  35 76 91 100 394 515 643 795 848
7  2 48 172 192 208 572 744
8  11 44 132 296 302 454 497 516
8  4 181 217 250 290 556 686 882
7  5 63 155 175 352 520 730
5  11 33 157 173 259
9  7 8 25 53 263 504 511 754 886
6  58 108 169 188 224 901
11  125 146 166 214 312 495 536 550 752 800 953
8  11 15 86 156 236 646 647 991
9  14 47 55 101 153 431 684 748 764
6  7 30 61 86 141 762
7  6 22 82 124 429 892 993
6  5 24 58 285 322 997
7  33 81 240 259 399 755 845
6  21 46 175 180 299 703
8  99 223 290 312 397 455 688 976
7  6 48 120 122 336 491 608
7  36 56 126 228 299 453 978
8  45 73 90 191 301 485 542 866
8  5 52 160 378 406 545 784 886
9  2 3 37 133 220 631 640 839 884
8  0 4 52 56 265 451 738 777
9  40 44 120 345 378 456 614 886 988
5  2 10 240 295 372
7  8 12 13 91 196 495 655
12  18 57 73 147 285 506 567 704 710 712 812 836
7  35 149 183 293 343 769 812
6  12 50 64 90 145 592
10  25 41 102 159 376 506 516 618 662 726
10  5 324 328 372 380 698 742 770 915 969
7  74 209 214 245 266 487 933
5  3 81 128 341 441
6  2 7 13 304 397 771
8  91 111 279 296 437 522 692 814
8  58 75 244 336 421 712 788 882
6  5 6 71 78 435 996
8  1 18 68 266 442 749 868 968
10  16 22 111 197 376 499 621 624 853 910
8  1 8 148 253 418 477 784 860
6  16 73 283 295 323 867
6  24 42 52 84 325 794
7  5 30 155 216 275 710 798
7  26 145 159 374 381 534 547
8  8 12 208 340 361 568 971 973
6  34 84 200 212 287 839
5  1 127 152 263 369
8  145 174 209 210 365 607 650 726
7  34 35 93 138 146 553 644
6  42 146 284 325 353 843
11  22 37 212 250 380 472 626 759 780 830 895
7  11 41 79 131 203 544 866
7  18 241 245 263 363 500 762
13  1 256 339 356 469 480 512 533 555 581 814 820 918
6  9 15 91 164 174 595
10  4 20 34 59 139 497 549 632 713 717
9  5 17 203 226 348 568 576 623 901
6  46 129 144 173 363 583
7  151 160 170 413 458 723 745
6  66 67 173 189 343 903
6  162 272 345 353 367 687
9  152 230 326 361 472 513 862 878 895
5  13 38 62 216 226
9  29 179 239 296 328 490 751 855 876
5  7 64 78 155 247
5  8 29 31 137 226
6  5 114 139 141 438 660
7  1 7 56 155 190 639 661
6  18 37 63 181 450 701
10  34 71 125 136 378 492 494 586 666 708
8  90 174 178 228 273 519 630 846
8  5 26 134 329 482 600 918 939
5  9 13 348 397 436
12  0 43 160 179 488 559 587 610 655 669 794 901
7  4 13 151 166 210 508 662
8  130 175 243 280 488 604 687 756
8  6 165 299 427 444 535 554 589
7  19 46 87 124 219 550 605
9  8 53 100 421 474 508 544 636 997
8  2 14 62 205 363 744 762 848
7  59 135 158 353 457 518 813
6  13 34 222 329 471 881
6  28 31 64 99 366 987
5  0 15 153 154 304
8  75 152 166 212 292 584 692 882
12  31 47 87 124 425 685 720 728 804 913 927 974
6  44 69 101 250 359 508
5  78 258 315 445 448
9  127 142 173 183 239 513 820 857 966
10  213 248 493 497 505 551 710 711 925 946
7  9 16 62 193 237 620 942
5  90 124 208 324 413
5  69 146 150 356 425
6  86 174 196 414 472 840
5  41 56 102 480 507
7  93 198 344 384 398 523 654
7  3 15 31 97 419 544 571
9  8 156 235 421 448 716 782 788 919
6  23 107 200 203 368 784
7  111 165 287 361 499 591 981
6  94 120 127 267 489 570
8  25 128 209 211 423 566 714 834
7  61 78 145 208 377 726 905
7  1 115 184 368 453 961 968
7  73 93 141 314 514 679 966
5  1 14 139 269 340
5  15 21 180 262 372
7  20 29 166 243 353 590 818
7  5 16 67 86 381 668 979
8  11 19 114 116 281 654 782 864
6  16 46 253 305 374 546
6  73 109 148 366 417 754
5  17 93 138 248 308
11  74 181 266 267 290 541 551 593 603 767 806
9  1 4 38 196 472 572 846 938 954
6  34 36 172 267 462 896
5  0 62 272 324 495
6  9 33 193 217 427 646
11  8 11 32 123 288 664 671 675 687 788 970
5  15 106 189 276 318
5  137 210 266 288 418
8  46 137 216 281 392 597 641 829
9  34 90 134 418 532 552 841 872 916
7  4 296 331 418 438 591 768
10  24 84 250 269 277 554 594 599 688 798
10  0 246 470 497 515 581 668 782 880 933
6  32 45 48 152 439 893
7  3 80 82 138 529 580 940
6  13 173 187 414 462 898
6  56 67 86 393 394 740
7  3 185 249 398 474 693 974
6  24 78 297 427 496 722
6  27 84 128 508 532 686
8  42 104 224 330 541 663 783 968
7  84 314 364 373 467 705 708
5  120 146 412 495 543
6  66 225 242 309 472 675
8  15 56 239 303 422 824 864 997
5  249 253 304 326 384
7  14 51 94 187 208 790 964
7  45 142 266 317 492 701 961
10  23 56 72 223 332 647 657 747 879 951
7  31 87 291 412 417 613 945
7  36 63 91 102 301 761 939
5  37 93 99 215 416
6  9 13 60 151 414 917
8  8 80 93 168 236 721 935 966
8  129 196 272 315 520 599 607 729
8  29 128 257 338 445 757 847 908
6  27 44 46 463 475 819
8  8 34 81 112 399 816 857 916
6  10 17 261 387 519 857
6  37 113 260 413 515 880
5  2 203 242 420 533
6  0 8 32 78 124 797
7  1 4 280 284 288 793 991
6  6 8 34 166 201 684
5  3 151 200 298 475
5  7 99 102 166 279
10  24 71 72 122 388 591 669 718 751 755
5  8 19 139 342 390
11  2 109 223 261 546 687 745 873 885 907 949
5  1 22 377 472 544
6  24 56 65 192 276 950
7  7 75 111 288 476 650 785
8  34 166 293 317 503 636 712 963
7  16 28 155 299 371 826 843
8  15 20 93 315 488 841 921 942
8  40 104 120 137 492 827 859 937
8  9 55 77 178 218 645 925 975
6  71 73 153 415 495 609
6  6 13 14 181 526 664
8  13 293 518 542 578 750 828 965
7  67 120 172 323 447 729 831
9  11 73 148 324 532 747 758 789 908
9  29 36 90 328 543 644 721 736 937
7  7 12 107 349 473 766 943
6  131 151 321 367 370 894
5  4 100 269 388 540
7  29 261 277 330 369 613 932
7  116 150 189 543 566 629 700
11  34 141 171 267 490 651 710 747 830 904 913
7  65 83 108 319 347 706 813
7  90 94 212 316 351 614 649
6  4 12 193 197 532 665
7  7 295 304 384 494 613 676
9  14 63 297 303 496 611 688 915 938
7  5 61 77 91 229 876 889
8  76 124 354 466 566 678 724 750
6  4 78 93 279 436 799
6  23 52 91 201 589 812
7  0 45 46 86 492 786 927
8  125 148 271 361 605 635 650 828
6  25 33 34 62 93 956
8  3 269 561 598 604 910 947 951
6  2 151 182 442 602 942
9  0 13 146 276 363 646 665 761 823
6  8 93 96 141 238 696
5  1 21 73 185 412
6  5 7 319 377 448 994
5  14 29 168 309 312
7  34 180 345 399 509 678 774
8  7 136 194 321 457 634 695 771
6  6 56 119 186 242 826
6  13 27 349 387 475 986
5  55 72 110 309 457
8  8 24 36 146 267 889 911 995
14  4 136 196 299 469 648 761 781 811 813 830 839 883 984
9  28 80 187 297 330 715 776 963 980
5  24 80 90 322 407
7  95 129 247 311 599 802 856
9  133 280 292 297 489 739 793 887 942
5  46 147 175 187 440
5  34 120 139 180 474
6  2 142 179 233 345 727
8  11 33 60 310 621 714 933 939
7  53 128 244 341 611 704 948
5  80 104 240 497 584
5  1 137 277 303 367
6  43 49 111 146 167 981
7  0 147 231 390 486 791 949
9  5 22 57 80 440 719 742 757 769
8  6 23 27 167 540 730 845 883
7  14 49 285 347 390 737 755
6  74 194 290 361 419 697
6  39 75 234 467 594 940
7  8 59 118 160 588 719 906
5  17 259 428 536 615
8  4 21 267 428 560 656 677 873
6  8 54 148 276 626 700
7  82 309 323 341 602 759 889
5  55 98 466 583 611
5  24 90 114 269 600
6  15 39 273 341 349 781
5  15 37 198 285 335
6  121 128 129 514 528 954
5  30 102 279 444 492
5  2 18 41 137 647
5  19 101 203 272 560
6  56 58 216 227 316 765
6  37 56 78 82 101 909
6  10 34 187 223 485 840
7  7 19 316 365 486 672 876
7  45 372 394 448 493 733 882
6  23 29 31 265 552 747
6  0 121 413 537 590 677
7  59 266 361 603 615 783 802
5  6 46 191 236 488
6  3 10 34 366 397 790
6  21 80 267 527 544 805
6  44 79 417 492 578 869
8  15 24 134 214 321 908 959 999
7  3 69 209 323 537 677 982
6  15 43 119 201 661 724
6  3 23 36 187 248 683
6  7 11 51 122 168 776
5  12 46 83 537 555
6  62 151 153 217 604 897
5  148 227 647 664 671
7  103 124 388 607 620 752 893
5  2 7 87 285 523
5  5 22 55 135 152
5  8 18 46 69 210
9  7 19 55 270 333 701 759 766 779
5  57 249 255 298 673
5  264 272 290 429 575
5  97 104 152 172 504
7  71 230 244 422 551 763 860
5  105 479 494 537 580
8  141 349 435 543 605 717 859 918
9  11 79 127 184 410 695 787 805 845
6  10 44 138 152 326 755
5  24 54 56 59 247
5  46 109 154 453 503
5  0 8 34 158 549
5  31 84 134 207 287
6  49 121 259 621 689 989
8  7 38 101 130 616 704 792 974
8  92 265 298 312 643 714 894 933
6  62 189 201 322 449 860
5  8 23 125 334 336
5  58 146 182 599 648
5  236 389 487 559 682
5  12 84 136 283 414
5  8 93 121 146 434
5  66 78 445 635 696
5  13 21 43 184 553
5  3 7 13 279 601
7  6 7 79 109 217 858 965
6  16 34 121 488 553 872
8  119 126 181 293 336 796 847 929
6  368 445 461 508 600 993
6  36 65 180 379 508 952
6  15 252 445 454 584 718
5  24 121 359 404 474
5  69 290 520 634 697
6  168 222 249 413 627 733
5  12 15 77 296 516
6  8 48 402 474 688 935
6  2 66 269 578 712 729
5  22 139 351 640 645
6  59 76 130 331 504 875
6  102 127 373 565 594 753
6  1 131 201 280 550 929
6  21 54 161 412 477 809
5  30 35 201 607 672
6  6 23 80 146 348 798
6  19 224 448 466 521 808
5  73 133 262 327 633
6  78 86 301 354 504 815
6  59 270 566 592 718 959
6  1 180 409 423 641 849
8  10 24 25 146 202 771 787 823
5  0 52 150 234 331
6  75 231 339 662 715 831
8  6 7 12 294 352 817 831 888
6  12 20 33 62 151 886
5  31 56 73 150 594
7  46 56 146 321 642 770 958
6  32 98 129 133 441 766
5  12 71 84 110 630
6  7 121 304 384 548 854
5  21 24 38 141 250
8  8 36 53 449 640 803 816 821
5  2 16 65 108 391
6  59 233 302 420 498 888
5  15 57 272 477 580
5  21 69 77 78 337
6  189 560 593 600 663 871
7  6 167 232 256 429 775 852
7  12 192 220 361 456 826 874
8  19 38 116 591 607 784 844 930
5  24 178 385 482 578
6  8 193 381 427 678 820
6  178 183 293 309 721 779
5  102 287 367 425 530
5  156 433 578 642 690
5  127 204 211 227 494
5  9 15 73 567 640
6  16 68 133 348 593 792
7  208 312 469 649 682 780 912
6  1 50 95 184 195 863
5  80 309 562 615 626
5  24 109 430 471 498
6  20 29 51 269 686 930
6  48 77 111 359 429 949
9  5 101 200 206 658 797 915 979 990
5  24 37 595 682 738
6  4 12 232 260 532 800
5  1 42 57 205 542
5  117 287 384 446 640
5  2 64 133 449 737
5  36 81 452 621 731
6  128 150 174 279 381 892
7  8 199 234 309 346 911 913
5  78 84 129 301 620
6  1 222 235 296 748 940
5  218 350 372 627 674
5  7 19 62 409 441
6  108 167 351 377 412 811
6  44 123 248 682 753 915
8  57 113 139 469 759 975 978 991
5  24 110 410 626 652
6  25 47 516 528 544 833
5  148 233 264 552 665
5  6 439 458 517 750
5  79 130 240 371 583
6  39 50 57 376 610 902
6  112 237 344 689 731 894
5  166 396 454 516 537
6  8 28 45 196 593 795
6  48 128 290 558 667 866
5  164 175 210 414 639
5  1 356 395 696 758
6  84 146 336 574 630 852
5  43 189 190 460 492
6  13 261 383 419 789 796
5  8 18 144 709 795
6  144 199 333 573 765 883
5  49 189 461 543 725
7  0 13 80 96 608 941 999
5  0 247 362 427 767
5  5 6 75 153 391
5  67 293 365 629 665
5  10 22 200 208 742
5  50 226 273 318 504
5  25 56 325 668 689
5  7 43 122 278 532
5  3 65 164 383 401
5  3 164 196 303 726
5  13 25 59 264 723
6  1 49 85 160 177 941
5  86 104 168 626 778
7  38 75 445 446 609 841 937
5  84 122 499 601 626
5  34 64 113 453 472
5  1 9 106 406 728
6  0 125 136 569 742 875
5  23 113 126 284 734
5  51 153 323 351 526
5  14 19 38 280 568
6  104 276 472 507 752 890
5  4 44 175 192 742
6  8 16 109 166 289 992
5  79 145 247 615 731
5  5 90 204 332 556
5  114 118 230 275 308
6  6 7 585 622 749 886
5  7 39 104 214 587
5  2 238 403 591 611
6  3 87 91 114 540 957
6  65 182 469 600 626 989
5  7 371 592 733 734
6  59 67 86 105 121 957
6  7 59 71 155 782 980
5  1 57 98 293 520
6  18 31 45 184 406 907
5  0 8 180 395 445
5  5 13 151 161 238
5  1 8 11 95 181
6  64 191 440 464 626 842
6  235 335 371 512 660 919
6  0 348 541 586 812 956
7  8 255 284 290 839 851 855
5  5 38 62 468 585
5  66 98 127 200 750
6  80 279 433 641 689 945
5  46 330 352 489 533
6  45 53 329 567 709 932
5  86 138 209 419 498
6  32 42 48 93 730 863
5  29 106 162 305 390
6  9 95 277 341 842 924
6  0 136 176 748 793 853
5  61 80 361 457 852
5  11 12 387 397 740
6  181 192 246 482 842 952
6  73 80 169 209 629 994
5  44 61 507 569 570
5  2 15 25 363 707
6  7 57 373 587 688 945
5  53 312 458 686 698
6  10 234 255 285 388 988
5  31 55 61 394 480
6  17 19 65 760 849 968
5  100 216 290 528 556
5  13 160 229 334 349
5  9 49 438 470 790
5  19 62 63 200 459
5  15 63 93 97 456
7  24 40 78 197 669 899 992
5  5 6 9 102 256
5  1 69 71 305 747
6  30 125 397 541 708 973
5  0 155 272 580 647
5  15 44 53 355 749
5  17 220 222 720 816
5  37 233 482 606 661
6  8 21 161 334 340 882
5  12 30 80 214 480
6  74 252 270 368 560 980
5  38 51 165 544 571
5  9 48 388 391 500
5  422 454 503 662 877
5  5 377 626 641 797
5  45 133 150 240 440
5  59 222 359 367 580
7  425 439 442 735 826 940 991
5  4 20 130 226 630
6  19 101 318 734 744 999
5  10 143 606 625 649
5  5 6 141 202 820
5  62 69 146 254 264
6  2 15 348 431 772 895
5  62 272 414 545 678
5  109 119 596 697 787
5  64 337 469 480 892
5  12 33 81 155 534
5  21 46 120 138 676
5  3 78 265 299 547
5  11 13 19 64 869
5  0 2 120 169 275
6  93 175 426 475 492 969
5  0 48 73 131 786
6  44 374 388 393 478 909
5  114 132 238 400 600
5  11 57 127 267 521
5  3 125 288 415 645
5  148 153 390 580 835
5  1 32 567 593 670
7  7 299 307 659 903 912 972
5  46 156 288 457 613
6  12 75 200 625 773 992
5  147 250 407 759 909
5  34 130 504 600 773
6  30 97 129 131 146 944
6  154 449 605 765 779 983
5  79 163 208 541 569
6  71 95 177 251 564 923
5  15 259 472 490 688
5  15 121 198 516 840
5  77 149 247 288 393
5  27 66 345 373 586
5  6 13 25 69 133
5  73 201 202 221 917
5  200 222 277 416 851
6  0 184 388 508 588 928
5  20 21 87 227 344
5  272 325 370 504 610
5  20 73 295 375 925
5  1 8 70 709 722
7  1 45 66 750 763 936 974
6  6 11 108 235 268 945
5  0 8 78 598 847
5  369 450 544 634 697
5  5 7 136 148 372
5  133 297 387 565 717
5  43 44 98 191 930
5  13 17 587 594 812
5  142 158 240 533 605
6  25 332 490 562 634 987
5  34 546 644 775 886
5  37 60 227 799 810
5  138 509 586 614 630
5  5 14 17 230 595
5  34 61 68 74 914
5  16 561 845 859 931
5  38 65 187 201 508
5  1 45 56 260 613
5  76 166 376 407 635
5  5 296 580 639 764
5  17 118 140 341 582
5  31 37 39 560 613
5  95 123 150 711 855
5  9 21 64 194 427
5  0 13 15 533 654
5  28 102 206 263 416
5  47 61 411 612 841
5  10 132 416 829 832
5  7 8 94 150 737
5  44 122 393 670 729
5  4 5 16 23 39
5  4 187 237 522 559
5  0 24 44 189 231
5  104 123 273 584 627
5  28 65 266 328 558
5  59 76 255 591 707
5  9 52 507 523 565
5  123 217 257 307 348
5  150 456 522 552 863
5  27 136 173 449 901
5  0 1 4 20 537
6  293 294 311 321 463 992
5  27 155 341 379 909
5  20 73 198 463 872
6  260 504 549 696 930 997
5  133 166 240 588 780
5  29 63 358 413 435
5  20 45 99 274 341
5  54 65 388 437 780
5  11 35 381 527 765
5  153 227 627 833 879
5  48 76 289 518 638
5  37 295 310 345 671
5  25 66 166 194 915
5  21 75 76 187 626
5  24 44 132 238 266
5  61 114 153 254 623
5  99 156 399 501 939
5  130 354 388 442 861
5  14 68 336 695 830
5  53 287 341 394 765
5  22 428 574 780 886
5  372 822 869 911 971
5  7 12 62 431 710
5  62 266 280 618 856
5  18 183 205 210 625
5  105 139 318 394 455
5  280 432 497 556 974
5  3 20 108 150 220
5  36 394 670 799 888
number of edges is :  4985
