1000
14  145 340 391 545 655 667 686 751 784 827 866 962 992 994
11  52 94 96 168 169 472 538 680 772 845 947
12  293 386 437 489 491 496 574 733 847 915 970 991
14  9 25 143 235 254 280 284 390 459 595 718 898 904 916
9  76 169 308 325 390 801 803 825 974
13  75 108 158 187 227 396 500 506 669 734 787 849 961
9  56 108 197 508 576 742 836 852 894
3  275 673 937
8  37 150 300 512 570 664 770 950
7  3 23 35 291 492 673 687
6  105 279 327 374 636 799
11  37 41 123 158 419 615 670 682 691 735 760
8  150 243 435 526 686 698 882 931
12  25 235 268 278 291 449 567 621 827 843 942 951
10  51 362 442 514 592 627 720 882 903 929
11  170 263 290 299 349 528 693 783 841 968 979
14  71 141 143 186 202 220 385 498 599 620 739 765 796 890
10  255 689 717 750 809 841 866 936 949 958
8  42 316 424 451 527 706 777 825
9  80 140 292 293 451 470 514 718 822
10  356 395 522 528 604 682 726 731 777 943
8  148 160 394 478 703 711 790 830
12  302 324 366 414 487 568 642 767 794 802 901 996
11  9 201 366 488 551 667 726 790 846 885 908
16  59 154 302 306 309 432 527 688 729 807 814 817 874 878 907 955
15  3 13 231 236 282 329 360 534 559 642 651 740 841 859 943
13  58 104 225 350 434 479 552 554 622 631 711 788 868
6  88 231 308 608 777 862
4  152 411 486 640
17  47 87 133 154 168 189 240 377 423 502 632 783 796 800 836 882 912
12  288 484 488 499 501 544 579 740 792 881 923 994
11  196 355 397 398 468 607 671 695 721 825 999
12  160 202 256 318 597 666 825 844 889 937 952 961
8  103 245 273 284 511 559 719 786
7  104 124 314 393 801 874 928
12  9 39 50 121 170 229 244 318 479 487 762 858
9  380 492 505 552 564 645 679 857 989
7  8 11 732 827 947 949 994
12  51 78 162 215 242 414 497 626 646 852 938 950
13  35 47 156 259 284 328 398 492 562 743 912 923 943
9  128 146 175 304 446 485 488 773 805
7  11 230 598 663 775 799 918
10  18 258 267 413 457 506 536 922 925 984
7  95 143 438 726 797 860 980
11  58 281 391 441 564 582 649 727 737 753 912
9  216 238 306 558 833 883 945 975 989
13  93 297 388 425 528 565 631 702 808 819 828 879 977
16  29 39 69 256 299 311 451 466 495 549 553 661 693 764 827 969
10  115 415 514 567 611 695 833 834 900 978
7  191 357 367 550 724 800 823
11  35 61 127 273 533 731 769 796 817 855 893
15  14 38 73 94 154 219 248 379 383 485 515 722 770 906 975
8  1 96 193 275 697 701 774 954
8  192 216 338 355 410 559 875 981
8  225 246 275 348 464 886 907 973
7  198 244 498 616 651 834 947
15  6 148 232 298 332 337 360 377 567 649 652 684 852 856 901
11  94 116 226 253 315 360 576 681 744 745 752
14  26 44 161 196 241 244 262 492 515 586 621 745 866 990
13  24 142 242 284 331 376 379 412 455 533 653 847 867
7  335 524 614 732 765 826 942
10  50 138 255 342 531 611 641 713 801 934
7  92 215 407 427 446 708 851
8  184 352 540 553 705 780 792 899
7  81 216 300 318 379 401 567
4  137 964 971 980
9  80 203 371 472 504 665 688 813 929
9  232 234 268 391 525 569 799 869 995
11  185 254 293 307 411 471 566 726 731 803 941
10  47 335 434 536 646 670 815 843 896 937
6  319 423 468 477 505 988
9  16 155 179 246 351 460 501 627 636
16  288 298 309 443 445 448 460 503 566 596 660 787 847 894 935 942
10  51 198 277 280 343 344 430 486 869 889
10  88 228 236 291 393 574 773 832 875 883
10  5 260 290 306 404 421 500 683 778 899
14  4 94 175 217 226 319 362 373 664 670 843 854 919 964
5  130 323 358 433 808
8  38 96 220 272 526 539 720 979
10  95 151 222 264 387 489 490 577 656 953
12  19 66 101 508 536 539 690 713 804 817 975 999
8  64 249 321 451 474 540 682 799
9  91 110 488 554 658 717 932 953 996
9  115 466 471 641 771 778 854 950 987
11  175 179 257 403 556 571 618 655 737 784 944
10  195 264 299 460 490 506 721 792 934 938
5  243 274 285 351 623
7  29 197 346 361 393 420 578
12  27 74 131 222 401 573 621 673 675 724 838 952
7  107 239 347 424 787 910 943
5  101 320 677 807 956
4  82 160 839 999
12  62 136 171 173 227 308 489 511 871 910 942 970
12  46 108 227 238 240 299 349 472 691 805 816 839
14  1 51 57 76 200 205 248 433 562 752 770 905 913 987
13  43 79 156 173 402 461 549 561 620 734 740 854 974
9  1 52 78 253 326 401 541 704 931
12  114 119 122 139 141 206 434 464 506 513 703 825
13  121 263 327 461 483 492 563 821 881 896 913 922 955
9  136 138 271 622 732 743 799 913 947
9  161 183 248 426 459 461 741 845 916
11  80 90 304 327 668 670 677 720 737 803 843
10  169 193 199 447 543 705 757 860 946 950
9  33 114 357 384 552 611 733 759 930
10  26 34 173 279 307 381 459 563 800 824
11  10 184 267 309 383 404 577 631 717 822 827
6  542 623 658 750 855 975
13  89 186 221 243 322 337 453 711 779 872 873 946 985
11  5 6 93 336 377 543 598 627 671 829 927
7  310 312 514 521 585 666 803
9  82 142 194 353 367 580 613 798 863
9  202 302 321 551 568 642 920 973 984
13  130 169 174 188 223 279 504 586 632 724 836 974 975
8  323 367 405 615 694 823 830 873
11  97 103 241 367 475 483 582 594 666 685 965
13  48 83 189 368 468 531 532 674 874 890 924 930 939
15  57 166 182 184 320 348 514 686 753 764 847 894 958 979 989
7  287 382 397 489 694 704 913
13  188 216 233 364 437 479 563 612 729 855 885 893 994
3  97 708 819
7  131 300 359 462 599 852 958
11  35 98 185 194 352 381 492 695 738 783 978
10  97 165 277 321 326 571 590 705 719 910
12  11 163 245 465 505 607 615 633 635 724 747 789
8  34 150 256 527 641 777 937 943
11  154 352 426 472 473 537 541 609 624 725 947
8  133 268 291 623 783 834 870 998
15  50 128 134 200 273 365 443 445 576 604 636 655 734 792 947
15  40 127 159 177 240 247 346 412 583 644 656 787 839 854 927
7  158 347 440 543 605 640 703
9  77 112 503 563 658 835 893 916 928
17  88 120 139 173 183 234 314 322 368 502 683 720 722 865 909 921 956
13  150 216 220 384 459 615 677 690 805 824 893 899 931
7  29 126 143 277 752 834 888
13  127 263 290 358 513 514 533 535 558 630 711 753 874
11  214 397 423 555 584 791 799 801 842 924 991
7  92 99 175 435 812 870 967
11  65 226 457 473 497 504 565 759 789 842 883
17  61 99 268 297 316 343 474 483 494 526 571 580 589 618 704 900 962
8  97 131 234 362 385 813 873 893
6  19 341 499 657 753 768
8  16 97 179 278 309 374 541 920
12  59 110 147 178 453 499 524 553 751 867 923 966
13  3 16 43 133 199 226 324 403 443 574 642 823 999
9  159 256 357 521 693 716 734 890 953
11  0 173 260 445 505 536 697 788 861 876 940
9  40 189 208 255 325 596 635 668 961
10  142 195 203 218 275 385 408 907 911 946
8  21 56 209 287 340 544 572 964
10  269 290 324 327 347 367 633 650 725 841
13  8 12 124 132 187 296 340 384 474 522 602 912 952
10  79 190 297 393 698 704 709 837 887 913
13  28 174 312 469 510 520 647 656 702 714 727 810 811
12  285 289 376 478 527 668 669 742 743 852 903 990
14  24 29 51 125 175 246 402 573 585 723 743 837 890 973
17  71 196 354 442 479 521 559 623 674 704 880 902 903 930 936 938 968
9  39 95 327 371 393 415 623 828 899
9  170 277 293 338 368 543 568 926 982
10  5 11 129 419 465 511 538 568 610 982
14  128 144 266 293 310 314 353 375 660 743 759 773 843 974
9  21 32 91 338 490 492 507 757 894
11  58 100 345 390 488 529 602 685 800 821 968
12  38 238 298 301 317 333 403 488 558 628 732 860
8  123 268 519 620 753 787 832 876
4  175 576 615 774
3  122 381 443
8  116 332 416 451 742 888 971 975
4  482 547 559 598
10  1 29 208 358 367 512 611 642 782 945
15  1 4 102 112 173 329 369 409 500 521 547 580 858 881 944
10  15 35 157 332 630 667 764 862 905 990
7  92 199 240 370 389 890 899
5  280 309 512 557 610
21  92 95 104 131 145 169 206 231 311 332 391 418 476 498 554 710 753 786 799 859 974
9  112 152 254 272 414 433 553 586 698
15  40 76 84 136 154 164 216 314 505 569 658 730 768 906 957
8  184 189 515 543 621 848 873 949
12  128 269 302 330 426 448 681 702 726 846 918 955
9  142 179 210 343 497 528 759 847 909
13  71 84 141 178 184 191 305 403 439 524 551 790 990
6  466 472 580 705 721 850
9  268 271 319 658 736 800 908 916 993
7  116 371 413 447 546 815 954
12  100 131 295 390 417 423 501 551 569 646 675 982
15  63 105 116 176 179 361 500 554 595 722 729 746 761 819 954
11  68 121 370 377 405 646 793 879 915 932 995
15  16 107 220 246 297 389 423 427 611 656 755 796 889 907 985
7  5 150 231 242 406 463 620
10  112 118 267 275 382 472 543 632 775 988
9  29 115 146 176 612 710 820 857 858
9  151 482 500 598 611 649 686 930 988
8  49 179 395 727 745 811 872 929
8  53 219 512 555 785 886 939 980
14  52 102 282 283 301 463 479 533 573 598 658 690 791 852
10  110 121 248 347 373 417 574 612 717 990
14  85 147 374 442 492 502 536 588 711 732 737 831 955 992
9  31 58 155 206 355 607 776 832 843
13  6 87 252 303 370 495 563 602 603 780 793 847 866
11  55 73 215 329 371 544 724 818 833 845 987
14  102 143 171 233 256 286 306 416 547 601 765 792 849 898
12  94 127 329 392 589 592 653 667 732 866 880 910
9  23 209 329 480 683 696 788 813 826
9  16 32 111 288 313 365 377 419 497
9  66 147 408 546 751 768 837 960 969
7  370 557 561 641 690 722 826
10  94 349 573 610 657 765 812 864 927 932
6  97 173 196 351 366 846
7  281 330 398 558 830 920 925
9  146 168 282 290 560 730 764 808 922
14  148 201 216 229 262 284 380 396 538 549 677 804 860 876
7  178 295 432 689 793 830 858
5  251 385 492 834 919
8  448 576 682 687 888 962 976 988
4  272 323 388 456
9  135 272 506 550 817 864 865 918 987
9  38 62 198 245 249 341 442 752 954
12  45 53 64 118 132 175 209 301 337 525 551 757
8  76 309 400 656 726 796 820 861
14  147 246 288 338 486 527 548 585 614 718 721 930 937 986
13  51 192 281 536 625 692 771 777 864 865 923 948 983
12  16 78 132 186 356 365 457 635 853 881 892 924
12  107 314 336 500 504 558 585 599 715 773 905 945
6  79 88 279 397 746 855
12  112 233 357 555 565 600 640 648 699 721 791 952
12  302 431 460 505 539 552 640 660 667 742 804 844
8  26 54 356 432 645 690 802 987
14  57 76 137 143 413 523 529 569 809 851 864 878 944 951
9  5 92 93 318 451 653 935 965 976
12  74 243 259 262 266 294 424 437 554 556 571 592
12  35 209 283 308 353 366 404 424 478 561 851 981
7  41 284 288 623 643 666 798
12  25 27 173 187 253 339 489 518 523 530 603 804
12  56 67 277 411 424 468 635 638 660 810 865 905
8  118 199 223 301 389 401 412 854
6  67 131 139 363 629 664
9  3 13 350 490 571 644 704 724 869
10  25 74 241 493 510 519 766 878 930 979
7  358 527 661 748 841 846 942
14  45 93 162 267 393 407 498 519 551 598 728 742 780 805
10  89 329 447 465 535 593 682 769 815 974
14  29 93 128 171 252 258 308 343 543 674 723 809 827 895
11  58 114 236 367 417 443 444 519 525 589 632
15  38 59 187 326 339 360 487 564 675 678 730 818 823 853 998
21  12 86 107 228 332 343 415 428 448 465 481 520 527 562 614 652 709 831 916 966 982
9  35 55 58 276 389 426 480 674 991
11  33 123 215 310 315 427 489 540 543 726 966
14  54 71 154 186 218 390 403 497 511 534 537 661 875 895
7  128 370 390 600 686 878 982
12  51 94 100 194 277 407 627 775 822 837 859 877
8  81 215 262 444 671 776 950 952
9  436 464 527 545 607 659 686 741 945
10  211 353 388 390 462 494 743 860 888 926
11  197 240 264 368 483 565 572 580 598 991 992
11  57 96 231 345 504 650 654 770 827 921 931
7  3 68 174 535 762 771 973
6  17 61 146 345 811 837
16  32 47 124 144 199 297 403 428 456 494 521 572 785 843 951 969
6  84 479 539 700 902 972
9  42 240 433 583 636 713 761 932 938
13  39 228 322 410 457 519 550 664 690 716 751 766 814
12  75 145 298 312 324 407 431 666 785 909 959 961
8  319 446 524 717 751 931 954 992
8  58 209 228 249 537 709 769 871
11  15 98 134 297 435 583 596 668 757 838 943
9  79 85 252 333 354 486 487 583 694
5  292 669 719 814 951
9  159 228 390 499 807 819 902 955 981
9  42 105 188 238 507 703 765 794 832
8  13 67 126 138 163 181 493 799
12  149 177 321 412 428 457 525 548 569 709 710 953
6  277 568 626 736 884 932
6  99 181 568 754 901 959
16  78 174 213 214 292 321 338 392 491 560 641 647 686 724 857 904
14  33 50 127 323 392 524 559 576 642 687 737 864 865 946
11  86 331 359 510 535 637 644 660 891 901 936
12  7 52 54 147 188 311 337 471 472 622 659 668
8  244 506 540 574 607 771 796 859
12  73 122 133 157 232 248 270 285 438 463 571 578
10  13 141 458 561 600 610 688 793 857 998
10  10 104 112 222 375 451 553 730 758 768
9  3 73 172 335 456 542 639 824 989
12  44 207 219 444 633 765 772 788 841 871 879 885
10  25 193 208 297 419 444 466 689 780 785
9  193 229 311 322 390 701 764 842 846
14  3 33 39 59 209 230 345 376 501 538 600 726 768 784
12  86 153 277 300 371 521 535 574 706 876 941 952
7  199 338 557 710 740 767 936
10  117 148 420 532 854 873 925 954 991 998
9  30 72 202 218 230 299 370 545 837
13  153 373 397 448 449 536 581 641 646 658 713 754 856
10  15 75 134 149 208 394 489 654 722 815
9  9 13 74 126 411 644 672 706 725
8  19 265 272 394 531 564 657 772
12  2 19 68 157 159 475 512 545 565 606 636 689
9  228 357 364 413 428 514 579 742 901
7  183 210 360 423 540 931 939
9  150 308 515 523 643 717 816 837 975
16  46 138 151 186 256 263 282 346 442 479 521 817 857 883 941 989
9  56 72 162 260 459 549 621 721 804
10  15 47 85 93 288 403 692 813 838 942
6  8 64 120 285 643 964
12  162 193 216 233 470 485 488 494 546 596 695 902
15  22 24 111 177 224 356 475 505 571 652 747 815 867 926 990
7  197 430 583 731 774 831 887
7  40 101 455 510 580 656 906
7  179 327 512 560 591 702 707
9  24 45 75 199 412 771 806 937 954
7  68 104 331 435 454 655 662
11  4 27 92 229 240 296 403 449 472 853 984
11  24 72 105 141 172 217 503 732 762 959 973
14  109 159 245 316 492 544 619 628 681 705 716 755 812 817
12  47 173 275 283 312 357 480 512 636 701 898 938
10  109 152 260 311 324 370 371 578 709 735
7  202 359 395 659 849 916 923
13  34 131 159 175 221 348 455 537 538 646 799 823 863
11  57 245 331 496 563 627 665 822 905 912 914
13  18 138 310 433 519 675 680 689 752 816 904 911 941
14  162 370 411 452 460 507 563 573 624 753 832 856 898 908
7  32 35 64 227 542 687 984
20  70 76 181 261 395 461 490 520 521 572 577 662 664 692 735 739 849 861 883 953
3  90 116 950
9  81 111 122 269 272 784 814 837 950
12  107 131 259 283 445 452 498 537 705 842 918 974
10  77 113 213 273 380 425 603 641 763 920
10  22 143 149 260 312 473 759 785 788 965
7  4 146 344 353 395 628 766
7  96 122 242 693 901 918 951
12  10 98 101 149 156 305 436 452 582 716 887 945
6  39 554 580 759 843 866
11  25 169 198 200 201 239 498 535 582 853 916
9  177 207 332 652 687 816 879 907 930
9  59 274 307 315 688 782 799 843 869
12  56 166 170 173 243 330 363 494 537 804 966 990
11  162 264 335 337 518 573 704 735 833 959 968
7  343 481 614 728 860 917 921
12  60 69 280 333 540 581 627 638 741 746 894 928
4  108 221 476 960
9  56 107 216 275 333 397 568 657 950
12  53 157 160 218 272 286 720 739 762 765 769 924
6  231 242 563 630 815 917
12  0 148 150 401 415 445 446 476 659 725 876 913
9  140 215 412 498 510 520 610 632 997
8  61 573 609 678 710 738 781 814
12  73 138 178 240 243 334 393 419 645 780 843 888
12  73 325 470 541 602 608 609 629 638 670 674 988
8  161 253 255 284 600 663 898 968
11  87 128 297 461 502 513 710 715 738 834 913
7  89 129 149 194 406 575 915
6  54 116 314 463 499 940
10  15 93 205 363 383 417 759 910 914 935
14  26 235 477 546 598 656 693 706 753 766 875 901 908 942
5  71 86 206 826 866
12  63 121 125 386 420 456 482 653 723 848 866 940
14  110 159 229 251 325 377 391 481 513 550 624 790 795 805
9  155 264 614 643 710 766 871 943 952
11  31 53 196 397 429 508 581 670 785 841 916
6  20 220 225 302 483 595
15  49 103 144 223 294 311 519 531 709 771 818 840 922 923 990
13  77 134 168 237 414 476 604 610 638 715 817 894 937
9  120 274 313 507 547 709 763 860 925
10  25 56 57 242 295 488 532 572 699 725
12  87 184 421 434 488 626 750 758 791 851 917 938
14  14 76 139 409 502 601 676 731 760 849 881 899 913 929
8  234 332 349 479 782 784 829 843
10  118 294 375 503 519 574 638 674 881 886
10  127 202 220 402 526 693 716 830 871 918
14  22 23 206 229 391 397 535 575 584 740 821 888 889 960
13  49 110 113 114 149 168 241 439 479 736 780 866 997
12  115 131 157 252 373 403 448 602 658 683 710 801
2  169 884
12  171 185 197 204 247 288 312 317 610 722 783 955
15  66 156 182 198 285 312 431 495 511 580 686 789 830 973 998
8  417 475 546 734 802 897 916 984
11  76 194 289 368 386 392 490 540 592 631 936
4  10 141 195 573
11  159 279 364 489 573 637 640 680 725 825 978
8  59 153 284 389 494 571 614 965
12  29 56 108 185 202 353 422 466 516 589 789 958
3  489 741 844
13  51 59 64 540 567 571 589 638 689 713 782 863 916
7  36 209 323 761 815 915 981
7  104 121 165 505 864 946 970
6  117 188 552 592 752 776
12  51 105 349 480 481 515 587 603 685 729 739 844
10  103 132 150 406 497 597 617 815 979 986
15  16 139 147 211 432 442 466 493 520 530 613 672 755 822 911
8  2 352 373 548 580 788 873 963
6  79 614 680 874 878 903
10  46 213 251 462 481 604 779 818 850 941
9  171 186 233 244 376 550 722 839 845
13  3 4 161 183 246 247 251 266 283 406 518 906 924
10  0 44 67 173 353 366 481 606 691 701
6  200 272 273 373 720 964
11  34 74 87 151 156 238 343 446 484 532 591
11  21 290 292 412 466 534 632 689 780 948 959
11  20 191 313 319 325 611 779 786 909 931 949
9  5 209 426 469 516 528 556 663 686
21  31 117 135 222 289 337 355 366 405 430 465 587 603 668 756 783 820 855 860 897 996
10  31 39 207 766 809 878 906 924 966 998
8  533 544 583 813 820 866 882 904
11  217 409 437 502 541 586 663 761 898 908 951
10  64 88 96 233 340 454 465 594 709 977
6  95 154 365 616 802 821
16  84 143 162 179 246 256 299 308 368 407 443 471 592 613 651 789
7  75 105 229 683 869 972 977
6  113 185 397 447 633 964
11  187 347 384 390 410 493 524 686 749 803 856
11  62 238 248 260 403 464 542 571 733 787 807
6  147 203 469 491 761 781
10  169 362 400 556 610 791 837 861 862 864
8  53 259 406 626 663 747 819 905
6  28 68 232 291 317 571
15  59 128 233 269 306 341 394 414 427 584 654 660 720 846 888
12  42 182 226 294 550 677 695 718 893 908 925 998
12  22 38 174 358 412 446 488 528 749 814 880 915
6  48 156 243 340 693 851
8  166 199 483 552 648 692 805 947
8  183 194 241 349 372 606 768 986
8  173 442 495 523 672 801 953 996
12  11 158 202 282 343 545 587 624 730 739 788 892
7  87 287 352 571 714 907 996
10  75 361 432 442 499 522 558 643 789 863
9  377 591 655 663 752 785 799 810 994
11  29 70 135 183 186 295 533 644 748 749 859
9  18 89 228 229 232 581 725 854 963
7  46 323 454 614 622 845 857
12  100 125 177 244 396 432 513 531 675 722 757 800
12  62 186 245 412 430 431 505 512 612 623 670 965
8  243 256 269 294 478 549 758 841
6  355 533 738 810 821 926
12  73 303 397 427 542 724 730 770 772 827 840 868
7  224 260 371 427 468 580 791
12  24 210 225 385 421 426 539 752 803 847 893 942
12  77 94 174 258 316 532 544 580 876 895 913 989
8  26 69 97 361 686 774 814 836
9  12 136 263 307 679 718 778 827 859
5  250 327 650 762 793
7  2 118 228 400 612 915 979
7  43 277 718 849 871 895 968
9  179 367 489 551 591 699 726 851 915
5  129 573 691 815 889
6  44 519 619 620 639 986
12  14 155 195 215 297 385 418 421 599 689 748 954
8  72 127 143 165 241 403 759 766
15  241 249 281 282 490 548 566 584 589 661 685 697 855 888 936
9  72 127 145 322 340 615 634 658 747
17  40 62 261 340 393 414 533 588 623 695 731 732 751 753 830 889 906
8  102 182 239 405 456 827 931 972
11  72 177 212 243 289 368 465 602 657 787 799
8  13 289 308 510 552 651 764 983
2  694 779
17  18 19 47 81 166 227 279 519 606 621 709 739 761 856 908 946 953
11  317 322 327 591 700 714 767 826 900 908 995
7  107 142 738 750 793 875 906
6  307 401 425 686 830 989
5  59 304 314 722 814
11  213 256 280 352 447 499 569 572 731 772 998
14  42 137 220 259 269 496 543 661 685 753 764 846 882 950
4  278 477 512 580
9  3 100 104 132 298 525 657 857 931
7  71 72 85 224 317 726 880
14  95 98 100 319 346 514 524 606 625 780 789 894 922 925
11  120 251 388 528 627 664 680 691 883 967 977
11  187 193 277 348 560 571 789 828 831 849 929
7  54 97 250 407 544 599 975
16  123 158 239 243 397 401 448 543 561 617 626 631 707 947 956 985
11  47 83 180 282 377 385 394 686 689 806 855
9  536 555 674 794 859 888 898 910 948
12  31 70 115 232 431 517 706 760 856 885 955 974
13  152 396 408 580 583 595 693 713 732 740 855 864 971
10  19 301 344 585 660 699 785 799 904 942
6  68 83 275 403 572 966
10  1 66 93 125 180 188 275 308 561 842
14  125 137 324 521 560 589 626 651 705 733 763 845 879 954
7  81 138 150 554 636 985 987
9  114 293 302 372 588 605 689 949 974
7  173 336 340 358 603 883 967
10  70 350 458 535 647 733 875 876 905 967
9  21 153 229 428 672 707 784 812 813
12  26 35 118 155 193 257 297 363 367 650 863 936
6  201 244 311 383 697 949
9  243 334 353 383 388 391 657 710 879
12  167 190 352 489 578 660 683 739 815 822 878 911
11  98 114 138 252 356 416 671 691 753 789 792
4  30 393 727 944
11  40 51 301 603 646 681 687 713 795 890 994
10  28 73 218 264 509 514 632 644 746 793
7  22 35 242 264 518 847 897
15  23 30 40 82 161 162 301 360 361 414 585 617 660 663 869
19  2 79 92 117 231 245 290 375 378 439 482 609 716 756 763 783 881 930 992
14  79 85 160 235 319 373 444 574 746 761 800 891 936 971
7  2 272 408 500 697 698 796
15  9 36 39 58 98 121 160 195 211 310 528 600 684 692 980
9  236 268 385 406 518 601 607 941 999
9  138 251 256 301 332 376 758 782 853
6  47 197 371 418 525 664
6  2 315 457 548 721 729
12  38 137 178 202 246 384 533 630 698 798 890 922
12  16 55 173 238 322 329 341 540 566 614 902 916
12  30 140 142 266 348 421 456 531 561 616 886 915
12  5 75 169 184 190 221 491 501 539 700 732 960
9  30 71 183 284 500 524 691 900 926
8  29 131 195 346 362 400 733 997
7  72 130 309 364 718 796 925
10  66 112 137 221 253 675 723 764 834 953
16  36 70 123 145 175 224 302 381 427 507 571 580 733 871 942 975
12  5 42 85 97 214 276 522 765 776 782 827 978
9  160 267 317 359 505 610 816 884 940
11  6 80 355 617 662 687 822 838 867 988 995
11  486 547 549 556 641 663 695 864 870 941 956
9  152 236 274 304 341 449 667 946 961
12  33 92 158 246 371 589 822 832 838 850 915 972
13  8 168 172 192 293 305 311 427 458 610 675 752 826
11  97 134 346 353 426 545 686 726 871 881 992
15  14 19 48 109 116 134 294 461 486 527 558 597 845 916 980
10  51 58 176 296 383 793 797 816 925 959
9  377 396 559 603 620 621 680 752 956
6  468 550 657 684 844 995
8  231 333 390 487 493 538 552 622
15  163 236 238 241 259 316 357 364 441 451 754 770 849 873 876
14  152 243 319 341 385 537 573 611 612 621 718 767 846 880
11  109 144 155 169 256 285 297 319 473 732 981
5  20 150 421 506 525
10  226 231 296 418 612 767 865 893 930 977
14  60 142 179 261 273 406 461 501 641 709 750 809 859 926
10  67 216 241 269 459 495 522 817 968 990
10  12 78 138 365 538 572 595 647 763 989
14  18 24 124 153 218 237 243 250 514 663 775 878 881 962
11  15 20 46 178 396 414 462 492 681 894 986
5  161 226 553 611 866
8  231 385 782 837 868 911 983 997
12  61 115 292 357 426 499 642 753 778 848 873 935
8  115 287 360 393 433 632 761 836
14  50 59 134 193 399 423 429 446 497 537 707 755 816 965
6  25 246 394 669 858 907
11  134 239 254 274 285 329 366 477 549 586 920
12  42 69 80 145 195 219 289 467 559 830 969 998
13  125 246 262 314 322 332 520 533 739 767 831 980 991
13  1 158 209 284 314 518 526 565 631 659 740 747 816
12  78 80 224 257 432 500 584 676 755 871 884 902
15  63 81 245 276 295 335 373 379 498 642 658 699 706 899 902
12  96 125 141 344 400 702 728 810 835 842 888 966
8  106 280 318 407 430 708 773 898
18  102 108 129 157 176 188 240 245 457 465 568 610 743 818 858 899 907 976
12  30 148 198 310 399 433 464 568 753 920 925 969
7  0 250 288 293 419 513 964
10  182 203 301 350 372 605 693 702 899 993
10  167 169 199 359 509 765 813 880 888 963
12  218 269 386 444 496 571 708 804 824 833 963 980
12  47 95 209 298 428 509 535 662 810 825 880 931
12  49 214 259 353 389 413 517 589 770 777 927 928
13  23 111 179 183 216 238 439 610 773 830 940 950 969
10  26 36 103 224 382 416 449 518 761 976
10  47 63 142 174 279 529 600 663 846 989
13  26 82 173 184 228 328 474 569 610 651 858 907 997
5  135 192 223 467 604
8  84 228 396 409 509 749 791 944
8  172 204 286 650 765 820 923 937
15  45 134 162 207 221 421 514 741 753 811 865 959 960 965 976
12  25 33 53 155 167 273 516 536 658 833 849 964
8  208 272 305 463 473 655 687 923
9  95 204 229 278 465 472 499 676 925
3  39 94 243
9  98 104 118 130 197 315 317 339 795
11  36 44 242 292 631 656 752 894 933 947 956
12  46 137 223 252 293 538 639 692 698 717 795 910
9  68 72 444 498 572 585 607 631 969
14  13 48 56 64 379 582 627 646 768 792 793 802 936 956
10  22 111 157 158 270 271 337 543 544 938
8  67 175 183 226 269 456 554 625
7  8 579 781 866 877 879 964
20  84 122 138 228 235 277 302 376 379 407 411 420 463 505 548 590 624 719 855 975
12  148 252 256 319 360 456 471 526 566 811 813 992
16  88 154 193 205 317 333 342 374 375 440 520 724 737 782 784 876
14  2 74 143 194 276 285 364 490 695 869 906 931 945 972
9  347 366 586 588 634 659 674 807 852
11  6 57 127 164 212 273 666 777 839 951 986
6  79 105 319 608 655 757
9  87 277 312 482 624 639 657 801 834
7  30 294 570 711 915 929 965
17  110 138 169 180 252 304 328 371 386 431 433 458 469 505 608 627 639
11  289 335 355 424 582 654 675 706 755 775 967
9  44 114 327 329 567 581 683 792 909
13  128 258 263 264 303 399 469 596 784 798 886 912 965
15  135 366 412 444 539 632 721 773 818 822 871 873 893 912 921
11  109 154 218 221 470 488 566 602 664 893 930
8  58 112 174 400 535 575 747 769
10  383 397 419 608 621 734 829 887 929 952
9  195 446 475 575 629 720 767 858 990
13  138 200 241 377 379 444 473 511 550 671 714 727 979
6  122 571 797 937 977 985
10  305 393 422 439 452 693 705 882 952 968
11  14 200 228 373 382 403 719 774 793 928 953
5  239 718 754 756 760
4  114 401 719 748
11  3 184 356 469 526 640 667 899 945 976 994
7  72 146 263 301 583 823 874
9  32 384 514 673 694 708 793 836 999
11  41 108 167 190 193 238 252 350 732 761 971
13  16 120 221 442 464 621 640 650 695 758 841 985 992
12  223 247 278 284 345 492 553 776 810 852 970 988
8  199 362 493 702 752 949 976 977
10  150 161 197 344 368 448 585 921 925 974
16  197 231 323 383 397 476 485 516 641 743 785 877 924 950 958 989
8  20 127 358 388 555 695 767 924
5  129 475 546 876 994
9  293 391 417 451 461 615 643 684 784
14  31 123 196 250 276 493 566 635 699 783 798 918 920 928
9  27 344 577 580 587 620 901 913 977
7  125 342 344 489 786 787 929
16  158 172 205 278 341 358 370 409 507 512 543 551 554 658 688 748
14  48 61 103 168 186 190 395 520 529 728 822 849 877 948
13  118 189 194 427 437 520 523 633 709 818 892 930 971
9  110 385 403 622 839 844 853 859 949
10  60 218 243 334 354 376 387 425 498 735
12  11 113 123 132 164 445 606 619 682 917 972 986
7  55 402 499 662 858 908 959
11  384 465 488 508 675 727 765 791 837 875 934
5  84 138 856 872 997
7  310 441 615 660 663 694 716
11  16 95 163 187 441 516 608 659 708 744 814
11  13 58 88 176 298 451 516 520 587 599 734
11  26 99 275 425 518 613 714 759 792 863 865
13  86 106 126 155 156 230 427 446 626 726 749 766 886
8  125 317 353 419 571 578 695 958
6  219 461 569 634 636 938
10  38 270 361 410 465 473 623 663 736 912
10  14 71 108 248 315 335 462 567 580 854
5  162 310 325 855 971
6  234 344 588 854 888 963
8  134 170 339 497 633 737 778 969
12  26 46 105 373 465 538 564 566 766 840 970 982
12  29 112 188 241 341 394 486 532 584 696 764 996
10  123 149 281 405 612 630 655 856 905 957
5  445 575 625 685 719
12  123 146 220 232 607 669 676 689 702 720 722 946
10  10 71 127 258 293 311 474 625 753 767
7  274 375 886 887 903 930 936
10  232 335 344 358 364 379 763 815 971 974
7  280 441 565 578 580 812 945
8  28 129 223 224 375 595 599 907
12  61 83 124 204 272 289 323 509 524 603 688 866
9  22 25 111 143 168 273 531 540 933
12  230 296 300 354 421 606 691 751 770 798 851 889
8  128 235 274 291 423 486 906 908
5  36 225 343 760 838
12  38 69 183 185 289 314 485 567 663 730 770 807
4  152 272 477 526
4  223 416 811 814
6  44 56 190 671 798 827
7  149 253 436 479 557 599 784
8  25 55 403 449 473 554 721 913
6  56 243 302 330 814 889
5  59 200 227 352 692
7  253 290 412 581 784 883 989
9  0 84 127 307 422 560 577 633 975
13  79 128 152 186 217 304 350 564 685 754 813 884 887
15  140 205 292 337 448 459 481 517 578 682 706 804 850 930 941
17  82 106 130 175 181 193 289 368 445 540 559 610 683 701 808 915 924
8  250 275 313 340 538 575 620 774
15  72 159 224 232 274 412 470 482 488 619 769 792 864 886 930
10  47 237 246 444 457 827 828 880 979 997
7  307 319 508 549 616 742 914
15  41 345 396 400 410 422 488 509 527 553 619 626 646 738 910
10  8 76 234 259 319 462 495 585 715 893
5  66 315 710 808 932
7  32 109 114 230 260 576 839
11  0 23 170 200 224 510 595 778 839 916 988
8  101 146 153 263 275 397 834 868
7  5 153 265 534 635 760 767
9  11 69 76 101 344 355 427 677 948
9  31 108 249 483 589 649 893 931 936
9  291 385 418 478 704 828 835 876 881
9  7 9 88 597 681 716 784 897 946
11  115 155 240 244 344 364 467 575 727 750 817
15  88 183 242 316 426 504 512 581 617 749 760 787 843 918 950
8  362 539 561 635 715 764 867 921
11  90 101 132 209 413 670 710 733 784 811 877
4  242 342 897 959
3  36 435 720
8  1 316 375 387 462 516 858 900
11  57 177 310 485 528 673 799 809 852 951 983
9  11 20 81 212 239 615 657 915 988
12  75 131 201 368 404 482 582 658 702 745 788 874
9  56 492 517 606 740 744 767 775 882
9  114 161 383 444 457 634 656 754 772
16  0 12 116 190 247 250 272 371 396 406 434 454 466 513 770 878
9  9 212 273 318 330 485 508 560 867
9  24 66 278 331 610 641 706 765 800
13  17 210 282 293 316 379 394 442 466 475 635 749 945
8  80 132 193 204 225 259 823 867
10  11 93 391 440 462 483 501 643 822 906
13  219 299 319 416 492 565 653 745 795 798 860 894 901
14  15 47 144 326 350 365 415 469 546 591 697 793 932 950
9  113 117 264 450 597 619 777 868 944
12  31 48 121 301 413 446 509 574 599 604 624 697
3  201 632 997
12  52 145 444 480 491 693 695 805 843 947 971 991
9  12 151 174 491 497 565 760 820 852
7  223 360 439 470 540 607 849
4  257 452 500 759
7  52 283 311 391 658 837 983
14  46 152 177 305 541 546 601 635 683 785 791 822 902 953
6  21 97 129 267 725 838
12  96 117 138 151 155 235 333 672 782 857 925 998
10  63 102 122 180 310 322 473 591 856 980
13  18 285 291 350 468 540 581 657 688 725 816 916 942
8  305 465 478 533 763 806 831 933
9  62 119 542 548 597 620 810 905 922
16  151 243 262 269 312 357 359 401 451 524 612 870 941 945 984 989
14  173 189 269 286 342 346 354 368 481 665 677 817 920 968
8  21 26 107 134 195 579 752 774
1  762
9  61 80 258 289 379 469 485 730 858
7  152 420 452 589 622 717 884
9  221 346 358 664 676 734 767 819 838
11  144 259 310 327 365 489 619 673 770 818 895
13  17 82 105 194 261 296 565 714 737 823 910 943 968
9  3 19 218 413 435 438 503 520 593
8  33 122 265 571 592 594 634 734
13  14 78 101 131 338 392 412 588 635 679 789 961 993
15  31 85 180 218 223 298 496 584 651 785 786 848 864 956 971
13  51 131 184 204 290 370 389 426 455 635 759 812 915
5  154 240 352 504 727
13  49 88 112 123 198 235 272 430 573 736 741 753 858
10  125 149 291 340 360 375 424 703 706 914
18  20 23 43 68 177 217 245 284 439 460 513 623 763 784 789 917 940 958
10  44 152 191 484 589 617 674 723 858 922
9  238 334 541 611 749 768 827 887 953
8  24 118 184 383 496 755 875 976
12  175 208 242 279 419 430 646 713 776 806 847 965
9  20 50 68 303 362 446 456 898 917
12  37 60 99 162 195 200 309 446 469 500 521 598
12  2 103 407 473 477 502 505 677 735 769 867 959
11  5 95 127 144 372 587 621 715 719 828 843
8  11 312 319 333 614 733 811 939
9  181 270 367 626 724 741 891 922 943
9  44 84 101 195 273 573 630 717 843
6  121 342 346 429 453 663
10  16 319 338 383 419 451 482 537 766 917
12  25 30 95 286 366 469 538 684 744 863 970 992
8  100 250 335 378 558 724 736 986
13  6 153 166 224 238 294 662 880 886 954 959 967 997
10  39 99 153 154 159 251 543 603 886 983
8  57 620 684 740 802 871 963 989
9  57 58 191 683 692 872 921 968 970
7  184 222 335 486 490 785 977
6  123 302 410 445 538 586
9  237 423 442 594 610 879 884 991 993
10  406 414 423 556 623 675 689 728 864 881
8  17 106 361 453 524 674 766 785
7  0 142 203 259 261 446 643
15  57 94 133 215 316 382 422 432 512 516 564 601 711 958 964
19  44 116 134 140 163 173 317 350 446 457 483 531 544 558 636 724 758 841 950
7  271 289 519 593 656 685 785
8  186 310 385 533 539 581 729 973
3  397 489 593
9  102 160 216 263 426 577 799 856 882
7  279 361 428 494 599 753 812
14  103 137 159 178 324 328 349 443 622 700 722 817 905 911
11  11 362 468 593 645 669 675 698 875 889 895
16  184 258 380 400 408 451 490 532 552 598 796 849 879 880 964 969
10  35 254 309 338 436 712 828 833 847 882
10  323 359 473 489 526 638 707 726 959 964
12  47 116 170 208 283 449 457 504 632 676 809 926
15  16 60 199 205 267 281 338 506 547 557 617 688 789 793 794
13  236 259 325 350 354 398 443 623 631 739 750 794 980
14  22 286 452 520 523 537 588 604 636 669 684 715 779 785
9  140 175 203 279 284 417 567 728 789
9  50 239 262 338 586 660 733 792 957
12  8 51 94 253 430 519 550 643 646 686 716 900
8  83 219 254 276 306 357 805 951
6  1 281 292 430 456 685
9  40 74 159 221 542 551 584 853 862
11  52 164 303 434 592 659 711 823 858 911 917
7  41 188 248 527 581 684 970
7  196 249 382 506 600 730 945
10  18 20 27 124 219 550 576 694 849 990
9  75 83 435 531 630 667 783 911 950
5  107 388 395 450 767
8  63 197 238 282 343 367 394 461
6  342 408 570 845 921 965
9  168 331 363 379 494 506 530 573 704
12  15 29 121 126 370 397 489 607 778 813 867 896
16  0 84 284 321 363 478 573 583 606 650 654 673 677 726 864 876
17  192 256 260 282 324 355 422 470 603 702 721 746 750 754 767 813 817
6  33 173 395 609 721 881
11  5 72 89 128 163 407 448 609 675 862 935
11  26 145 201 281 324 386 419 683 871 874 936
15  123 137 371 377 403 421 461 463 483 720 726 765 768 864 951
7  21 23 179 353 798 889 987
11  135 193 223 361 409 431 556 617 702 860 896
12  30 63 85 127 199 483 567 582 622 660 769 908
14  185 197 210 278 436 453 486 515 567 592 597 693 765 919
9  22 267 467 765 766 892 914 939 941
9  353 485 563 565 692 837 846 903 920
13  16 29 50 186 217 276 491 503 761 798 835 858 881
4  43 515 590 841
11  110 230 497 583 607 643 649 692 790 796 963
15  10 41 67 81 99 135 173 268 314 331 422 448 470 681 757
11  29 49 104 161 181 426 490 688 832 938 994
9  4 34 61 135 368 418 578 856 895
9  22 225 372 402 567 744 834 915 997
9  4 68 101 109 406 432 899 970 992
9  80 209 224 231 298 332 548 657 843
9  40 93 132 238 353 416 697 771 943
6  306 466 707 730 866 954
10  24 90 266 407 575 646 860 901 909 966
8  46 77 208 658 665 904 937 946
8  17 226 240 398 524 681 764 942
9  152 232 422 429 541 549 600 708 929
8  152 191 255 558 572 648 677 735
9  136 205 310 478 639 722 758 880 971
11  66 139 201 299 399 478 547 572 656 783 785
12  24 259 265 321 342 414 434 455 620 648 652 900
11  69 182 239 290 302 339 380 384 440 482 638
9  93 296 316 330 507 515 533 538 706
12  24 50 80 214 297 310 358 525 674 710 759 785
8  198 242 357 388 543 584 612 716
7  46 119 184 266 410 715 914
9  189 217 397 399 557 698 826 908 941
9  98 161 366 402 429 877 889 906 951
13  19 105 248 315 385 482 508 511 584 611 691 702 950
10  49 113 143 242 314 596 690 717 774 851
6  104 132 280 548 849 911
8  4 18 31 32 97 375 549 890
7  60 201 204 351 452 512 820
15  0 13 37 47 105 240 253 430 435 447 506 649 661 728 940
7  46 156 463 661 672 734 762
3  108 363 587
11  21 113 207 210 365 371 446 454 536 551 946
7  195 243 303 463 537 707 954
7  74 163 196 267 317 511 800
7  45 48 198 333 548 559 762
11  48 55 126 133 211 346 504 578 668 802 862
5  130 541 672 796 978
7  6 29 112 434 532 597 839
15  151 154 203 248 255 288 296 321 409 530 617 701 795 857 887
9  88 263 299 508 511 645 703 715 996
10  91 93 128 389 576 613 666 667 836 956
7  357 430 631 933 973 974 976
14  15 17 25 149 237 281 355 428 599 753 797 860 927 962
9  135 137 283 322 472 541 851 916 928
17  13 69 76 101 159 196 256 328 331 343 363 675 697 734 737 804 898
9  32 224 378 383 517 613 853 881 992
8  1 100 198 389 425 473 514 781
13  23 177 206 237 283 412 457 520 553 795 874 891 921
11  2 59 72 116 178 197 432 487 730 762 958
4  176 352 531 721
16  5 199 313 319 362 438 463 519 559 611 699 761 777 824 906 926
7  180 388 511 657 859 947 958
10  62 226 229 361 415 439 643 823 842 889
12  6 38 56 120 153 193 575 600 681 698 930 963
9  220 242 308 329 494 613 773 844 903
11  76 83 95 128 233 287 424 627 629 877 952
11  50 106 118 222 397 444 466 469 571 628 890
12  56 289 317 406 451 468 618 633 705 757 801 900
9  36 189 272 278 297 425 459 704 837
16  35 169 189 210 534 543 554 588 616 680 713 724 727 774 796 881
13  25 173 248 276 423 435 467 524 613 850 862 867 985
12  43 102 162 209 251 334 359 397 692 791 807 841
6  145 217 319 409 894 977
8  27 170 409 773 787 834 859 901
9  110 314 379 421 479 622 740 900 961
18  205 214 219 226 273 381 409 469 509 660 721 749 784 789 880 888 919 943
9  131 214 219 232 273 523 558 622 877
16  0 17 58 197 200 328 351 352 367 399 529 570 641 806 918 960
11  59 142 302 508 676 687 690 733 783 859 965
6  26 430 530 668 694 931
7  67 73 235 331 404 488 574
6  126 136 509 709 980 997
15  92 262 281 354 365 438 505 513 539 584 744 788 908 932 936
8  107 191 618 745 875 879 881 890
9  107 113 139 176 287 386 519 531 584
10  24 34 115 134 387 596 683 788 846 986
10  53 74 246 350 453 477 617 729 760 872
13  145 163 209 285 340 433 477 519 573 605 672 784 909
8  248 570 603 611 677 821 854 865
11  24 226 236 247 387 398 482 527 686 887 948
13  46 185 281 330 473 481 570 748 761 872 889 925 928
15  155 200 414 460 520 547 549 661 742 761 812 864 945 961 986
17  30 98 169 220 362 364 489 513 527 672 749 786 796 844 858 872 925
9  12 14 29 399 457 591 684 757 762
9  45 74 137 297 319 462 476 654 930
7  270 369 507 539 656 714 748
6  23 118 281 468 934 981
11  54 192 364 499 583 623 637 660 742 743 993
11  151 303 327 587 637 656 728 837 878 949 963
15  133 166 212 251 343 366 412 444 467 541 547 629 864 897 922
13  32 73 186 366 440 446 643 652 760 790 821 851 879
10  16 115 144 154 171 485 497 825 855 872
4  274 490 736 846
4  220 419 612 794
14  50 118 130 132 139 413 432 523 584 585 664 671 984 988
11  6 72 116 160 335 358 461 528 564 692 861
10  240 246 433 438 716 760 801 932 935 965
4  69 98 783 791
7  372 397 487 673 678 888 933
11  3 199 311 317 345 400 467 542 731 843 903
11  63 75 132 156 171 362 540 543 546 595 803
10  48 138 452 501 680 770 814 856 863 986
13  22 56 271 274 294 326 350 608 692 807 862 915 922
8  155 257 266 301 498 539 540 702
8  14 153 155 387 637 795 853 898
7  3 272 316 399 470 808 948
10  94 170 221 232 315 410 477 633 708 759
12  51 175 304 390 398 446 453 574 644 691 821 849
11  24 54 147 186 330 420 534 543 554 640 945
13  23 181 317 350 400 413 451 452 616 644 792 820 871
8  131 178 260 395 582 807 876 943
9  89 92 122 200 349 467 565 663 717
10  147 316 385 482 530 759 774 778 824 968
9  29 39 44 150 315 583 584 626 956
12  94 98 99 117 151 340 346 362 433 608 651 948
8  315 349 662 725 794 819 952 989
17  2 185 347 380 414 437 439 499 511 579 658 682 722 802 901 989 993
17  3 100 130 181 243 313 329 355 372 379 498 514 667 706 842 941 992
8  334 339 361 615 726 731 739 774
9  41 177 214 322 326 365 607 675 866
9  76 211 793 864 940 952 962 989 992
9  111 141 207 323 535 544 607 710 795
10  131 253 334 584 602 676 745 781 846 972
11  42 98 208 357 461 497 708 727 736 888 901
8  30 39 142 219 313 357 557 560
10  115 135 220 338 390 398 603 604 658 938
16  42 207 287 359 413 461 503 515 544 561 602 704 879 881 955 966
10  157 251 302 429 501 524 764 849 937 970
5  108 128 205 550 841
9  34 130 335 550 592 607 842 879 963
10  14 66 191 362 463 579 587 609 810 949
17  103 115 155 190 218 236 330 489 523 585 612 637 657 660 852 883 989
14  12 96 132 253 261 295 395 447 459 549 574 671 868 959
10  82 185 205 258 270 665 693 871 895 978
6  564 642 707 840 897 993
4  61 85 617 885
6  72 227 349 531 787 895
14  17 155 274 286 373 444 479 490 567 637 671 788 871 979
12  7 32 69 124 218 306 358 557 590 808 926 954
10  38 85 155 258 311 361 568 625 800 924
5  115 192 295 735 794
8  145 348 352 507 551 726 827 919
12  68 285 297 316 388 493 509 657 709 794 820 916
12  13 60 72 92 237 299 350 432 470 505 706 809
12  20 25 39 89 124 263 354 717 736 805 864 909
7  84 169 226 484 556 694 981
13  45 168 221 250 327 574 595 639 689 709 776 880 907
12  102 107 147 273 381 451 510 635 673 808 830 952
12  1 37 55 99 125 127 416 465 564 697 850 948
10  219 394 467 611 670 878 904 913 947 999
10  17 37 176 395 475 480 601 613 887 929
16  8 38 83 102 249 320 321 337 457 551 603 675 693 753 778 822
11  13 226 256 265 326 400 576 681 771 789 821
13  32 88 150 223 249 285 354 587 591 854 914 919 946
12  79 82 144 269 319 418 451 504 592 702 728 966
15  52 182 184 215 261 287 306 442 473 742 806 831 937 982 987
8  24 98 177 195 266 370 468 925
10  90 131 465 509 516 564 567 721 839 912
3  175 633 769
10  17 116 120 377 603 624 726 752 847 850
13  260 271 309 333 394 515 558 616 678 733 742 763 931
6  203 336 366 500 558 866
10  5 32 146 260 510 720 863 880 962 987
7  0 138 212 527 841 919 961
11  386 424 547 548 629 744 798 852 887 928 996
14  65 76 148 300 392 405 545 559 570 752 761 763 973 998
14  114 227 324 376 427 533 558 579 583 730 781 867 895 980
10  142 243 245 332 398 471 541 807 925 953
6  136 462 476 477 581 742
12  15 155 161 333 345 438 525 591 710 717 745 911
10  47 203 256 536 544 551 566 630 761 996
10  2 92 381 600 631 740 745 775 803 926
11  65 166 469 490 598 612 628 638 697 721 812
7  257 404 447 511 574 615 921
9  54 111 154 254 309 371 755 840 964
13  4 95 112 159 173 239 322 468 475 602 638 840 976
11  45 51 80 106 112 166 296 464 505 571 655
11  212 227 543 552 558 595 601 729 840 974 999
10  46 401 404 462 523 590 601 608 746 861
7  48 121 375 506 835 932 982
9  15 78 116 236 384 437 589 661 936
11  43 65 192 492 514 537 548 705 766 870 965
8  53 229 266 380 521 885 944 982
9  157 158 183 243 247 631 954 978 981
7  219 449 530 681 701 743 992
7  42 111 308 318 372 709 893
7  107 186 465 474 590 599 859
12  218 384 417 441 528 576 615 741 874 880 900 999
9  83 94 198 214 225 474 790 954 961
10  70 188 190 212 344 508 600 667 682 893
17  36 45 116 280 297 433 454 526 553 603 654 709 744 914 915 919 930
11  58 153 170 179 194 302 332 357 525 588 777
8  2 135 244 252 287 537 697 748
14  0 195 252 261 489 513 572 599 740 803 844 916 919 983
7  181 546 720 748 886 915 933
9  0 30 37 118 422 485 595 605 800
5  67 185 452 508 517
9  22 82 397 418 420 632 838 963 969
11  341 367 502 530 554 618 661 696 742 802 870
11  126 242 278 287 371 398 413 456 536 704 964
9  31 80 91 143 493 597 948 976 986
