
***ForestFire:  GeoFire  Nodes:1000  StartNodes:1  Take2AmbProb:0
                FwdBurnP:0.35  BckBurnP:0.354  ProbDecay:1  Orphan:0
(1000, 5762)  burned: [1,8,1]  [0.01s]
1000
122  1 6 8 13 18 20 22 26 30 35 42 45 55 75 77 80 87 91 94 109 116 118 122 125 135 140 144 152 155 156 160 168 178 189 191 199 204 217 220 226 228 241 253 254 262 266 270 277 282 294 298 302 307 308 318 324 344 350 364 379 382 384 388 393 398 401 402 406 416 437 446 461 474 475 478 490 519 529 530 531 554 561 567 583 591 594 611 642 657 679 682 686 718 720 721 726 755 762 796 797 809 812 815 827 859 880 894 905 910 926 932 940 944 950 958 968 974 976 982 990 995 996
101  0 2 3 4 5 8 20 22 26 30 35 37 40 42 55 75 77 80 87 92 94 105 107 118 122 135 144 148 155 160 171 178 189 191 199 204 209 217 218 221 226 241 243 254 270 277 282 294 302 318 323 324 350 364 388 402 406 408 409 414 416 461 478 480 490 512 519 529 530 531 561 567 583 653 657 668 679 682 720 738 740 755 762 763 797 815 829 841 853 910 940 944 950 958 965 974 976 980 982 995 996
64  1 3 4 5 22 30 35 38 42 45 48 55 64 77 87 92 94 95 107 122 135 144 173 178 199 204 209 216 243 254 277 282 318 322 370 402 416 446 461 478 480 490 512 530 531 545 561 573 653 668 679 682 734 762 763 812 820 841 859 950 976 980 982 996
42  1 2 7 22 24 27 30 32 55 56 63 92 109 138 158 173 178 199 209 282 318 362 434 456 461 463 489 490 529 531 547 553 583 637 679 682 711 804 841 898 950 958
57  1 2 5 22 30 38 42 59 64 77 92 118 135 144 161 188 200 209 226 241 243 254 282 318 323 338 395 397 402 416 461 478 480 490 512 546 561 572 573 591 642 659 668 679 682 703 704 734 738 763 812 821 827 940 965 974 976
78  1 2 4 9 12 19 20 22 28 30 35 42 43 45 48 49 64 77 96 107 122 135 139 144 154 178 204 209 218 226 243 251 254 266 270 277 302 324 364 366 388 395 402 406 412 416 420 446 461 478 480 490 531 545 546 558 561 573 591 642 659 668 679 682 704 734 740 759 763 797 827 850 940 958 974 976 982 995
52  0 10 22 26 30 77 91 99 109 122 125 159 178 199 204 217 228 265 282 294 308 318 344 393 401 437 461 463 475 480 518 519 531 575 639 663 671 679 682 704 755 812 815 827 910 932 940 950 958 961 980 982
13  3 24 173 178 244 314 318 489 490 531 547 583 787
54  0 1 13 20 22 35 42 75 77 86 87 94 109 118 122 135 156 178 204 217 241 254 282 294 302 304 330 398 406 461 474 478 489 490 519 529 530 558 611 679 682 707 755 778 815 859 880 894 910 940 958 974 982 995
66  5 11 12 19 22 23 28 29 30 43 45 64 69 77 92 94 96 104 107 135 154 162 178 204 254 270 294 324 388 393 412 416 446 461 478 480 489 490 518 558 561 573 591 659 668 679 682 694 704 728 734 740 759 763 797 811 815 827 847 850 859 940 941 950 976 982
42  6 22 30 45 77 91 99 102 108 118 150 174 176 178 204 217 254 265 282 318 370 393 415 461 480 488 518 519 531 549 550 591 649 679 682 791 815 827 906 940 958 995
46  9 14 15 19 23 30 69 96 104 116 131 137 139 209 243 254 257 270 324 388 426 458 467 478 480 490 510 573 704 718 728 739 740 759 762 763 797 815 827 859 910 940 941 950 974 976
27  5 9 22 28 30 45 64 178 204 212 282 307 328 344 416 461 480 489 490 591 659 679 682 859 910 940 958
50  0 8 21 22 26 30 35 39 42 44 77 86 87 92 94 103 109 135 156 178 199 218 241 243 249 254 258 282 294 302 388 389 406 461 474 490 530 591 594 611 649 679 682 755 765 797 815 859 905 940
36  11 17 30 47 69 96 116 131 151 165 199 241 243 388 426 467 478 480 490 510 512 529 583 591 639 682 710 728 762 776 797 811 815 940 941 976
28  11 16 19 30 69 104 118 137 139 209 254 324 388 427 440 458 519 555 591 603 622 761 815 910 940 950 958 980
21  15 25 30 31 33 102 104 118 129 201 232 254 324 427 490 519 619 682 704 974 980
22  14 46 69 81 116 131 151 243 335 365 388 467 478 480 489 639 762 812 815 910 941 976
26  0 22 35 73 94 104 140 143 197 282 298 302 416 490 552 583 593 640 642 682 740 847 910 940 958 980
42  5 9 11 15 20 22 30 35 52 70 77 109 118 135 139 209 226 254 257 294 324 334 388 393 461 478 480 489 490 518 529 530 545 546 642 763 812 940 957 958 976 998
51  0 1 5 8 19 22 26 35 45 52 70 77 109 116 118 122 160 173 178 199 226 243 254 266 270 282 294 324 392 402 406 416 446 461 478 489 490 529 530 545 642 679 761 812 815 827 871 940 958 983 998
6  13 22 30 215 266 859
79  0 1 2 3 4 5 6 8 9 10 12 13 18 19 20 21 24 26 28 30 32 35 42 44 45 64 65 77 87 92 94 96 104 109 122 135 166 173 178 199 204 217 232 265 266 270 282 307 318 362 364 370 393 416 461 465 480 490 545 591 640 648 649 659 679 682 704 728 731 797 815 847 859 905 934 940 950 958 980
26  9 11 30 34 64 68 69 72 77 92 104 116 167 232 254 388 489 561 583 679 704 740 759 815 827 859
25  3 7 22 26 30 32 63 87 166 173 178 199 209 226 245 264 318 362 420 490 531 545 583 642 679
12  16 30 129 427 490 519 548 767 821 827 940 974
47  0 1 6 13 20 22 24 30 32 45 64 66 77 87 91 93 94 178 199 209 217 226 254 255 265 266 270 275 277 279 282 344 362 406 420 490 648 649 654 679 704 762 791 815 880 905 919
10  3 32 109 113 209 265 560 637 711 898
37  5 9 12 22 30 45 64 110 122 178 199 265 282 302 307 316 318 324 395 416 433 446 461 489 490 505 558 642 679 682 694 731 797 910 934 940 950
10  9 64 107 412 480 591 679 682 940 970
75  0 1 2 3 4 5 6 9 10 11 12 13 14 15 16 19 21 22 23 24 25 26 28 34 38 45 64 69 77 87 91 92 94 102 116 118 129 135 150 178 209 218 232 241 243 254 266 288 323 344 370 400 426 446 461 478 489 490 518 519 531 561 583 591 679 682 711 815 827 903 910 940 956 974 996
16  16 33 61 104 143 201 227 232 254 324 446 478 490 679 704 974
22  3 22 24 26 27 45 63 109 135 166 178 209 211 251 265 266 268 282 679 859 905 940
22  16 31 61 88 104 128 134 143 201 243 256 319 324 333 385 481 583 642 704 800 940 974
20  23 30 38 64 69 92 94 243 254 302 461 479 480 490 591 679 815 827 940 958
67  0 1 2 5 8 13 18 19 20 22 36 41 49 54 64 77 79 86 87 94 101 109 135 143 175 199 220 226 243 254 266 302 318 324 330 370 383 390 393 400 409 461 468 478 490 503 531 558 640 642 679 682 704 730 740 761 762 794 815 820 871 940 956 958 974 976 980
25  35 41 49 94 109 135 209 226 243 250 254 293 297 312 400 461 503 531 682 704 740 871 912 940 974
9  1 92 123 209 243 282 534 567 682
33  2 4 30 34 45 59 64 69 90 92 135 178 199 209 216 243 254 310 318 412 446 480 489 490 572 583 642 679 682 827 940 965 973
20  13 44 77 87 109 178 217 241 270 282 288 302 478 649 679 797 812 815 956 982
23  1 50 51 105 160 180 189 199 221 318 406 416 480 494 567 674 682 762 812 872 910 958 965
27  35 36 49 62 77 94 101 130 135 209 243 254 270 318 343 400 418 461 542 649 679 815 823 871 924 940 974
29  0 1 2 4 5 8 13 22 77 84 92 109 122 144 173 243 254 269 294 323 461 478 547 568 659 682 850 944 965
9  5 9 92 98 162 659 668 850 982
18  13 22 39 71 77 83 86 109 178 217 241 247 270 282 679 682 765 815
57  0 2 5 9 10 12 20 22 26 28 30 32 38 60 64 69 77 87 107 108 122 124 135 154 178 212 217 226 246 265 268 282 309 312 362 370 393 412 489 490 542 639 642 679 682 695 704 815 827 847 859 880 905 910 940 950 996
16  17 57 81 116 196 217 282 480 489 510 583 762 767 940 974 976
22  14 53 69 115 116 165 199 207 306 388 426 431 510 710 718 762 776 811 812 935 940 958
10  2 5 277 402 416 461 480 545 561 679
16  5 35 36 41 62 86 101 135 226 254 461 542 703 704 871 974
12  40 67 146 160 191 270 422 480 567 586 812 976
10  40 119 160 270 416 559 762 812 815 872
13  19 20 58 70 117 231 294 461 490 491 642 679 998
19  47 69 165 198 199 207 388 480 510 529 738 762 776 812 815 908 935 940 958
16  35 135 163 220 266 359 442 658 670 735 764 794 833 891 913 974
13  0 1 2 3 91 109 156 437 473 561 859 974 990
9  3 82 206 259 413 456 711 746 841
8  46 187 287 290 394 417 702 789
14  52 70 117 231 282 294 478 490 529 679 770 946 967 998
22  4 38 69 90 92 199 209 216 241 243 251 388 406 480 510 676 815 827 910 965 973 976
8  45 124 212 246 265 312 695 969
19  31 33 104 126 143 167 232 254 282 289 461 478 490 561 578 704 809 865 940
10  41 49 101 226 254 418 461 542 871 940
20  3 24 32 87 92 106 135 178 209 219 251 254 265 282 318 490 679 709 838 976
53  2 4 5 9 12 22 23 26 28 29 30 34 35 38 45 85 87 92 94 135 153 178 193 204 243 254 294 302 307 318 412 420 461 480 489 490 518 546 591 642 659 668 679 682 704 734 762 812 841 859 940 958 973
12  22 97 121 263 270 318 385 502 545 645 815 940
3  26 78 648
10  50 191 270 349 438 461 480 583 817 976
13  23 76 92 120 127 135 185 238 424 508 562 604 848
51  9 11 14 15 17 23 30 34 38 45 47 53 59 92 116 117 118 135 165 178 199 209 243 251 254 265 282 339 365 388 405 431 478 480 489 490 510 529 554 583 679 738 761 762 812 815 827 846 910 935 940
21  19 20 52 58 116 117 122 178 226 231 282 294 461 478 490 491 497 529 546 940 998
4  44 111 270 282
4  23 74 224 643
4  18 449 552 583
7  72 112 133 321 356 500 643
19  0 1 8 77 122 135 178 241 243 270 388 406 446 478 542 815 940 974 995
6  68 92 238 476 508 953
82  0 1 2 4 5 6 8 9 10 13 19 20 22 23 26 30 35 39 41 42 44 45 75 83 86 91 92 94 95 109 116 122 135 174 178 196 209 217 226 241 243 254 265 266 270 277 282 302 312 318 324 388 393 402 406 414 446 461 478 489 490 530 542 558 618 649 659 679 682 704 737 762 797 815 827 829 910 940 950 956 974 996
3  66 203 443
5  35 101 135 940 972
18  0 1 100 118 132 155 226 254 350 388 461 478 529 530 542 682 940 958
14  17 46 116 280 339 489 490 583 597 682 762 767 815 982
6  56 170 190 206 259 378
17  44 77 86 91 95 109 114 135 233 241 243 282 331 437 478 956 974
6  42 89 122 581 714 940
11  64 92 94 254 274 412 444 480 812 827 910
23  8 13 35 44 49 77 83 91 94 109 118 135 226 282 388 390 530 558 642 704 718 940 974
40  0 1 2 8 13 22 24 26 30 35 39 45 63 64 92 94 95 109 135 175 178 199 217 254 265 282 355 370 465 478 490 642 679 704 762 797 815 880 940 956
11  33 143 147 214 243 254 282 332 486 583 682
4  84 485 612 963
15  38 59 92 199 243 292 480 490 510 531 731 815 849 950 973
28  0 6 10 26 30 55 77 83 86 94 95 109 116 118 135 150 266 282 437 561 659 704 718 791 815 827 910 976
55  1 2 3 4 9 13 22 23 30 34 37 38 42 43 59 63 64 68 69 76 77 85 87 90 94 95 116 123 135 167 199 209 232 243 254 271 282 322 458 478 480 490 659 679 682 812 815 827 859 910 915 940 953 973 974
3  26 420 569
53  0 1 2 8 9 13 18 22 26 30 34 35 36 41 64 77 85 86 87 91 92 95 109 116 118 135 142 150 178 243 254 270 282 344 388 406 416 435 446 461 479 480 531 583 648 704 811 815 827 841 910 940 972
37  2 77 83 87 91 92 94 109 116 118 135 174 178 232 254 266 270 277 282 318 322 370 403 458 478 490 659 682 704 745 761 815 827 829 940 950 960
13  5 9 11 14 22 116 324 335 426 490 573 728 797
3  65 121 263
4  43 346 850 868
13  6 10 108 159 217 265 282 370 480 531 639 827 940
12  80 155 182 226 237 350 388 446 461 529 542 940
13  35 41 49 62 79 135 226 254 334 461 478 542 940
13  10 16 30 118 135 150 232 254 519 554 622 642 815
5  13 208 258 295 795
31  9 11 15 16 18 22 23 31 33 61 118 137 143 167 209 227 232 254 282 478 490 656 694 704 809 910 920 940 958 976 980
19  1 40 122 135 148 160 178 199 318 406 463 478 679 704 762 858 965 974 996
10  63 209 254 320 361 490 563 642 781 815
15  1 2 5 9 29 45 118 412 572 573 682 704 797 910 974
13  10 45 99 172 217 265 282 354 370 531 575 815 901
58  0 3 6 8 13 19 20 22 27 32 35 36 39 42 44 55 77 83 86 87 91 94 95 116 118 135 144 174 178 186 199 209 226 241 243 254 265 266 270 282 294 344 406 437 461 471 478 509 531 561 583 611 679 682 718 740 940 976
14  28 169 178 229 239 307 329 372 490 682 797 885 940 950
2  71 235
3  74 521 867
4  27 210 560 864
10  83 135 218 243 282 388 480 506 827 995
11  47 165 282 431 480 646 654 812 910 935 940
60  0 11 14 17 20 23 30 46 47 69 70 77 81 91 92 94 95 96 109 117 122 135 165 174 178 196 199 209 217 243 265 266 270 277 280 282 294 335 339 344 365 388 406 461 478 489 490 529 583 639 642 682 762 811 812 815 940 956 957 998
14  52 58 69 70 116 122 178 231 294 478 490 529 934 998
58  0 1 4 8 10 15 16 19 20 30 69 80 86 91 94 95 102 104 107 109 135 178 199 209 226 232 243 254 266 270 282 324 388 393 405 437 458 461 471 478 487 490 519 554 572 591 642 679 682 686 704 761 815 827 847 910 940 974
3  51 177 815
10  68 135 136 183 230 424 604 769 801 954
3  65 97 263
43  0 1 2 5 6 8 20 22 28 42 45 70 75 77 84 105 116 117 135 154 178 199 217 241 243 265 266 270 282 288 302 406 461 463 478 589 682 704 858 934 940 943 995
15  37 92 199 209 243 282 299 307 480 489 614 682 723 910 940
13  45 60 141 212 265 268 309 338 489 533 618 695 905
8  0 6 157 181 283 308 463 940
13  61 167 192 232 282 396 490 561 683 704 809 865 953
8  68 135 185 424 482 508 562 604
4  33 143 704 958
5  16 25 30 461 704
5  41 243 254 461 823
20  11 14 17 151 165 199 202 232 243 260 335 370 478 480 710 738 812 940 941 950
8  80 145 226 421 542 660 667 877
7  74 278 321 356 539 608 741
6  33 143 243 642 800 974
92  0 1 2 4 5 8 9 13 19 22 30 32 35 36 38 41 45 49 54 63 64 68 69 75 77 79 83 86 87 91 92 94 95 101 102 105 109 114 116 118 120 122 127 142 150 154 167 171 178 199 209 217 218 220 226 232 241 243 251 254 265 266 270 282 288 294 338 339 370 400 401 406 446 478 480 489 572 679 682 704 762 815 823 827 910 940 944 953 965 972 974 995
4  120 183 464 929
24  11 15 104 149 179 184 209 254 270 324 351 382 402 416 425 445 461 490 751 940 950 958 976 995
1  3
13  5 11 15 19 209 243 251 252 388 545 642 679 940
6  0 18 189 416 474 797
4  124 265 268 618
11  94 135 150 154 225 254 582 615 704 841 972
29  18 31 33 35 61 88 104 128 134 147 164 167 201 209 232 243 254 282 333 373 490 531 642 704 809 847 940 958 974
15  0 1 2 4 5 42 109 199 243 406 478 530 679 682 850
6  132 226 282 542 561 667
7  50 160 191 270 406 586 812
14  88 143 164 167 220 232 243 282 318 446 583 809 843 940
11  1 105 160 178 414 478 530 551 561 651 965
4  137 179 261 402
20  10 30 91 94 102 135 142 217 243 254 318 340 344 406 461 519 524 583 642 738
5  14 17 131 199 812
8  0 156 168 336 379 401 570 802
5  64 272 294 546 704
20  5 9 45 122 135 142 199 209 217 241 254 270 446 490 615 632 642 704 827 976
15  0 1 80 100 226 254 276 350 385 388 446 461 682 777 796
12  0 8 13 55 152 249 430 437 611 802 968 990
5  125 181 283 463 839
4  3 301 337 553
7  6 99 217 265 282 639 812
22  0 1 20 40 50 51 105 146 148 178 191 234 270 406 478 530 561 586 686 762 812 919
8  4 188 200 243 397 572 738 827
4  9 43 668 728
11  54 220 266 267 359 442 658 670 735 794 974
13  143 147 167 195 232 243 282 357 404 446 583 650 859
29  14 47 53 69 115 116 131 199 217 226 232 239 243 270 282 294 388 406 478 480 510 529 530 632 738 762 812 815 958
13  22 24 32 178 209 211 265 338 545 672 679 905 940
29  23 61 92 104 126 135 143 147 164 209 220 232 243 254 266 282 375 458 478 480 490 561 583 704 812 815 935 953 958
8  0 152 228 363 379 384 401 515
8  110 178 239 329 344 579 682 744
4  82 378 700 729
10  1 135 178 241 388 679 682 897 940 944
8  108 265 266 354 370 535 901 966
12  2 3 7 20 22 24 42 178 254 454 463 547
29  10 77 95 109 116 178 199 209 265 270 277 317 338 446 452 461 490 513 516 518 531 583 704 740 773 815 829 940 974
4  35 87 327 704
3  10 591 940
7  119 286 462 483 625 815 860
112  0 1 2 3 5 6 7 8 9 10 12 13 20 22 24 26 28 30 32 38 39 44 45 63 64 69 70 75 77 87 94 95 105 109 110 116 117 118 122 135 148 160 166 169 171 173 174 191 199 209 213 217 220 226 239 241 243 254 265 266 270 282 288 302 308 314 344 362 370 388 405 406 435 446 461 463 465 478 480 489 490 513 530 531 547 561 567 583 589 642 649 651 679 682 686 704 740 761 762 791 797 809 815 827 905 910 935 940 950 974 982 983
4  137 149 205 261
9  40 189 416 478 511 635 682 958 995
9  125 157 222 242 283 407 463 495 907
4  100 194 350 368
5  120 136 374 528 929
7  137 351 416 541 940 950 958
5  68 127 380 508 604
5  109 199 243 281 974
6  57 287 290 394 557 952
11  4 161 200 243 338 496 583 703 738 905 974
13  0 1 40 140 180 324 382 416 720 797 812 940 976
5  82 259 453 584 888
24  0 1 50 67 146 160 178 209 220 226 243 254 266 270 388 583 586 613 642 657 677 686 762 765
4  126 240 396 490
4  64 204 477 679
3  182 368 626
9  164 282 357 450 583 650 793 816 826
14  46 77 116 217 270 480 489 583 736 756 762 808 815 976
5  18 593 682 706 958
4  53 388 510 815
77  0 1 2 3 6 13 14 20 22 24 26 28 35 38 40 47 53 59 69 87 90 92 105 109 116 118 122 123 131 135 144 151 154 165 174 178 186 202 209 220 226 232 239 243 254 265 266 270 282 291 338 388 393 461 478 480 489 494 529 530 531 610 611 679 682 704 710 731 740 812 905 940 941 968 973 974 996
6  4 161 188 243 738 974
10  16 31 33 143 243 256 642 703 704 974
14  131 199 232 243 312 341 370 504 531 610 739 743 827 950
2  78 443
18  0 1 2 5 6 8 9 10 12 22 64 193 270 294 679 682 704 940
4  179 261 585 633
7  56 82 259 413 456 540 841
5  47 53 388 416 935
5  103 258 295 389 795
75  1 2 3 4 5 11 15 19 24 26 27 30 32 36 37 38 41 59 63 69 77 92 104 106 109 116 118 123 135 137 139 143 154 166 167 174 178 191 199 211 220 232 243 250 251 254 264 266 270 282 310 312 318 388 458 461 478 480 489 490 529 545 561 610 611 642 659 679 682 704 797 809 812 827 940
4  113 732 864 884
7  32 166 209 266 312 545 679
10  12 45 60 124 265 268 309 618 695 880
3  178 567 678
5  88 223 248 284 439
1  21
14  2 38 59 243 296 338 461 490 530 572 583 704 841 976
52  0 1 6 8 10 22 26 39 44 45 46 77 87 99 108 116 122 135 150 154 159 165 178 196 239 241 254 270 282 318 354 388 463 478 480 513 531 575 583 632 679 682 704 740 756 762 767 815 910 950 974 976
19  1 5 13 30 114 135 243 339 353 388 400 402 446 490 679 762 827 940 995
5  63 254 265 282 618
27  0 35 54 135 147 163 167 178 191 199 209 226 232 254 266 446 478 529 542 583 670 679 730 809 820 853 974
3  1 40 902
3  181 242 407
4  214 248 284 439
1  72
6  142 236 254 615 629 704
69  0 1 4 5 19 20 24 26 35 36 45 49 62 70 77 80 86 100 101 109 118 132 135 145 155 165 178 191 199 220 232 239 243 250 254 265 266 282 285 302 334 350 371 385 388 402 416 445 461 478 490 529 531 542 558 561 567 642 679 682 704 707 744 827 871 940 965 976 995
6  31 104 232 254 704 982
11  0 6 168 348 379 401 515 708 815 827 980
5  110 239 265 744 750
3  120 601 954
10  52 58 70 117 294 382 461 478 490 529
55  16 22 23 30 31 61 92 95 102 104 118 126 131 135 143 147 164 165 167 199 202 209 220 226 227 239 243 250 254 266 270 282 312 358 370 446 478 480 489 490 545 554 561 583 642 679 682 704 739 827 859 920 940 950 982
4  83 243 282 478
6  160 347 406 561 812 975
2  111 617
2  225 254
4  100 273 350 777
4  68 76 580 705
30  110 165 169 178 199 217 226 229 232 241 243 254 265 270 282 371 385 402 461 478 530 531 679 682 704 744 815 827 965 982
4  192 326 490 910
42  0 1 4 8 13 14 30 39 44 59 75 77 83 109 122 135 154 171 178 217 239 243 254 265 270 277 282 308 324 406 446 461 478 480 490 545 679 682 859 910 940 976
6  181 222 283 367 463 669
114  1 2 4 5 11 13 14 17 20 30 33 34 35 36 37 38 41 42 59 64 69 75 77 83 88 90 92 94 109 114 116 118 122 123 130 131 134 135 139 143 144 147 150 161 164 165 167 178 186 188 191 199 200 201 202 209 216 218 226 232 233 239 241 254 256 262 265 266 270 277 282 294 296 312 325 338 353 366 385 388 395 402 416 445 446 461 478 480 490 530 531 542 546 567 583 642 679 682 696 703 704 738 755 812 827 841 859 880 905 910 940 950 974 982
5  7 314 489 531 931
4  24 362 634 831
7  45 60 312 370 441 639 688
3  44 270 765
4  214 223 284 439
6  13 156 430 437 474 611
13  36 209 226 232 254 266 312 480 489 507 583 679 940
19  5 32 59 63 69 135 139 209 254 265 266 315 338 406 461 545 642 905 993
2  139 388
3  0 715 726
109  0 1 2 4 5 8 9 10 11 13 15 16 19 20 23 26 30 31 34 35 36 38 41 42 49 61 62 63 64 69 77 80 85 87 88 92 94 95 101 102 104 106 109 118 130 135 137 142 143 150 154 155 167 173 178 191 199 209 217 219 220 225 226 227 232 236 239 241 243 250 251 262 265 266 270 277 282 294 318 370 371 385 388 406 412 446 461 463 478 480 489 490 542 545 561 583 615 679 682 704 728 740 809 812 815 827 910 940 950
3  26 762 919
14  33 201 243 262 270 324 385 436 481 609 642 696 704 798
4  11 19 480 490
5  13 103 208 389 928
8  56 82 190 206 391 413 453 584
4  131 370 710 812
8  149 179 205 402 531 633 740 976
13  0 243 254 256 270 277 282 307 385 419 461 679 940
5  65 97 121 792 922
9  24 209 305 318 428 455 469 490 827
66  6 10 22 26 27 28 32 45 60 63 69 77 87 99 108 109 116 122 124 135 141 159 166 172 174 178 199 212 219 226 229 239 241 243 251 254 266 268 270 277 282 307 312 315 338 385 388 406 446 461 478 489 490 545 546 618 679 682 744 762 815 827 880 905 940 995
57  0 5 20 21 22 26 30 32 35 54 77 91 95 109 116 118 122 135 163 167 172 178 191 199 209 211 220 226 232 243 250 251 254 265 270 277 294 318 359 388 406 409 446 461 489 509 542 583 642 670 679 791 815 827 940 956 974
5  163 359 670 679 974
12  32 45 124 141 212 265 546 618 682 695 697 905
4  42 498 547 568
73  0 1 5 9 11 20 22 26 39 41 44 50 51 65 67 71 75 77 94 95 109 116 118 122 135 137 146 154 160 165 174 178 191 196 199 204 209 217 232 239 241 243 247 254 256 262 265 266 277 282 294 312 353 388 402 406 416 446 461 490 531 542 679 721 736 744 756 759 762 765 812 815 817
3  92 282 974
3  153 345 546
2  237 777
2  85 812
3  26 311 856
7  155 385 388 478 599 682 940
41  0 1 2 5 26 48 77 95 116 174 241 243 254 262 265 266 270 282 294 308 402 406 416 446 461 463 478 490 531 545 591 659 682 719 721 734 812 829 940 950 958
5  133 356 539 608 652
1  26
9  81 116 339 478 489 583 597 762 815
1  186
115  0 1 2 3 4 6 8 10 12 13 18 20 22 26 28 32 37 39 44 45 46 58 61 63 69 70 71 77 83 86 87 88 91 92 94 95 99 104 108 109 114 115 116 118 122 123 126 135 143 145 147 159 164 165 167 178 195 199 209 217 219 226 232 233 239 241 243 254 262 265 270 271 277 294 307 318 350 370 385 388 402 416 461 478 489 490 519 529 530 531 545 583 618 622 639 654 663 679 682 704 770 809 812 815 827 838 847 859 905 940 950 973 976 982 996
6  125 157 181 242 463 679
3  214 223 248
3  226 531 940
3  177 462 815
6  57 187 290 394 557 945
9  30 39 122 135 178 302 388 478 490
2  61 578
5  57 187 287 394 557
1  199
6  90 480 490 510 531 849
3  36 297 531
48  0 1 6 8 9 13 19 20 42 52 58 64 70 109 116 117 135 153 165 204 231 243 254 266 270 277 282 318 324 342 382 388 401 402 461 478 490 529 545 546 639 679 682 704 711 762 768 779
4  103 208 389 971
11  216 243 338 353 402 490 530 537 558 583 704
4  36 293 470 531
2  0 18
2  123 300
2  299 775
2  158 553
22  0 1 5 8 13 18 28 34 35 39 64 77 122 178 226 288 303 406 490 744 940 982
5  302 377 406 423 940
4  8 596 616 894
4  264 469 490 827
5  47 457 673 925 935
23  0 12 22 28 64 110 123 262 265 282 318 385 402 480 489 490 583 620 679 797 940 950 976
16  0 6 125 178 241 277 416 461 463 490 494 513 679 910 940 974
4  45 124 212 313
7  38 209 318 386 448 679 973
1  275
29  36 45 60 77 202 209 211 232 243 246 250 265 270 318 341 370 402 406 446 489 531 554 583 642 679 762 827 969 974
4  309 410 636 675
6  7 178 244 406 489 679
4  251 265 905 948
1  28
7  174 452 490 516 740 773 940
56  0 1 2 3 4 6 7 10 22 24 28 35 38 40 41 63 64 65 77 95 105 147 150 209 217 254 264 266 282 294 307 310 312 324 382 385 388 402 416 461 463 478 489 490 531 542 583 642 679 682 704 815 940 950 974 980
8  33 352 411 704 730 800 807 820
2  106 781
3  74 133 356
10  2 92 95 446 460 478 659 859 940 974
7  1 4 30 42 659 887 965
35  0 1 5 9 11 15 16 19 20 28 31 33 35 77 96 118 137 189 241 256 294 318 382 402 416 461 480 490 572 595 639 679 812 940 976
4  243 338 679 791
2  240 978
2  175 704
5  12 490 659 679 824
4  110 169 447 682
2  8 35
1  83
1  88
3  33 143 704
9  19 101 226 402 478 564 845 896 940
7  17 96 116 131 432 478 492
4  152 360 681 802
3  158 381 553
26  4 124 135 166 174 188 199 216 243 251 265 296 325 353 387 402 478 490 545 583 679 704 791 815 905 941
13  69 81 116 135 218 280 388 416 446 478 490 762 824
3  150 519 524
7  202 312 370 399 504 739 827
1  294
1  41
18  0 6 12 26 30 94 109 116 150 169 178 376 435 461 490 682 903 940
2  272 546
3  98 536 607
4  234 561 812 975
5  228 379 515 708 815
2  67 817
16  0 1 80 100 155 182 226 237 282 385 402 406 416 531 682 777
8  137 184 416 512 664 820 950 958
6  319 411 704 730 807 820
13  218 243 270 296 338 402 446 478 490 661 679 704 940
5  108 172 217 679 901
2  87 717
8  74 133 278 321 369 539 608 652
8  164 195 404 514 583 650 816 826
1  232
9  54 163 266 267 670 679 719 913 974
6  336 644 681 713 802 936
2  106 727
10  3 22 24 26 45 178 245 420 648 831
4  168 379 515 815
9  0 1 5 22 388 416 465 682 734
11  17 69 116 388 480 639 761 762 812 815 941
5  5 243 395 490 755
5  242 463 671 780 958
5  182 194 451 556 693
2  356 539
45  2 10 22 30 35 45 87 95 99 108 131 135 172 178 202 232 246 254 260 282 312 341 393 406 461 463 478 480 489 490 531 639 659 679 682 704 739 767 812 815 827 956 976 982 996
14  226 239 254 385 445 461 642 679 682 704 725 784 815 950
2  110 885
2  143 490
1  183
1  167
2  344 435
5  303 406 429 542 707
3  82 170 700
12  0 152 168 228 348 363 401 515 606 708 815 996
2  185 631
2  337 553
19  0 137 189 231 294 318 324 401 402 416 490 532 545 704 751 788 815 863 976
2  35 490
2  0 168
35  33 65 155 226 239 243 254 256 262 265 276 282 307 318 350 371 388 402 406 416 461 478 489 531 583 599 679 725 815 828 869 905 940 950 974
3  310 840 883
3  338 402 490
74  0 1 5 9 11 13 14 15 17 19 23 47 53 59 69 75 77 80 86 94 100 114 116 118 139 155 165 171 178 191 198 199 207 209 217 218 226 243 252 254 265 266 270 276 282 288 294 318 339 364 365 385 402 406 416 461 471 478 510 529 679 682 704 718 744 762 812 815 910 935 940 941 974 985
8  13 208 258 295 879 905 971 984
4  35 86 558 642
2  259 413
1  20
26  0 6 9 10 19 22 35 45 77 118 199 370 406 415 461 531 682 740 755 761 815 847 906 974 976 996
6  57 187 287 290 520 557
10  4 5 28 243 366 490 679 755 957 974
5  126 192 490 683 953
3  4 161 466
6  0 8 478 624 813 926
1  341
10  30 35 36 41 135 218 531 544 679 940
16  0 6 135 152 168 228 294 379 382 402 490 545 598 711 815 898
55  0 1 2 4 5 20 48 77 137 149 218 226 239 243 261 270 277 282 294 296 307 312 318 324 334 338 350 353 382 385 387 388 401 406 414 416 446 461 471 478 480 489 490 531 545 583 633 641 679 740 812 815 940 974 976
2  95 745
5  164 357 514 650 826
8  69 118 178 490 554 682 761 827
64  0 1 5 8 13 20 26 40 59 75 77 94 105 109 116 122 135 144 146 150 160 165 178 234 241 251 254 265 266 270 277 302 303 312 314 350 370 377 385 388 393 402 412 416 446 461 478 480 489 530 542 561 583 642 679 682 744 756 812 815 827 910 941 958
3  181 222 712
1  1
6  1 35 266 753 815 965
2  313 621
5  319 352 704 730 820
20  5 9 29 38 45 64 85 107 254 406 444 478 480 490 530 704 754 815 910 958
4  56 206 259 391
7  1 77 148 402 416 478 531
5  10 393 461 531 906
65  0 1 2 4 5 9 12 18 20 22 28 40 48 51 94 137 140 180 184 189 207 226 243 270 277 282 308 318 324 339 350 351 364 382 385 388 402 406 414 445 446 461 478 480 490 494 512 531 542 591 679 682 711 734 740 784 815 824 827 910 935 940 950 958 976
3  57 702 789
4  41 62 461 542
1  262
9  5 24 26 64 93 362 659 734 938
3  132 542 660
3  50 480 842
2  303 690
5  68 120 127 508 604
2  137 747
9  11 14 30 47 96 431 493 571 627
7  15 16 25 685 767 910 974
3  264 469 490
3  377 542 707
4  156 249 437 847
9  47 69 115 426 493 571 654 718 935
2  335 478
1  28
12  3 499 501 538 605 684 711 721 765 804 898 950
6  94 178 344 376 480 630
1  256
13  0 6 55 83 91 109 118 156 249 430 561 847 974
1  67
3  214 223 248
4  15 555 603 910
3  246 459 639
4  54 163 833 891
2  78 203
6  85 412 478 480 490 910
12  137 226 243 371 416 446 461 480 512 679 899 989
57  0 2 5 9 20 28 30 31 38 75 77 94 100 135 147 154 155 164 174 178 218 220 232 241 243 254 265 266 270 277 312 322 339 353 402 406 416 445 461 478 489 490 583 670 679 682 704 730 734 827 859 903 905 940 958 974 976
2  329 682
1  310
3  73 522 760
4  195 583 650 816
1  368
4  174 317 740 974
4  190 259 523 584
2  173 666
4  264 590 600 900
7  3 56 206 574 757 841 987
3  306 673 766
12  11 15 92 95 118 167 209 490 647 659 815 982
2  441 472
3  322 859 974
109  0 1 2 3 4 5 6 8 9 10 12 13 19 20 22 28 30 34 35 36 41 42 48 49 52 61 62 64 67 70 77 80 94 100 101 109 116 118 122 129 130 137 150 155 174 178 199 209 216 226 231 239 241 243 251 254 262 265 266 270 277 282 294 308 318 324 344 370 371 385 388 393 402 406 415 416 418 445 446 465 474 478 480 484 490 518 530 531 542 558 561 591 642 679 682 703 730 751 815 817 820 827 844 871 906 910 940 974 976
4  177 286 815 939
33  3 6 105 122 125 157 173 178 181 217 242 254 277 283 308 318 367 370 478 490 513 531 561 663 671 679 711 742 907 910 958 976 980
3  136 774 929
7  22 87 178 364 461 731 940
1  397
9  11 14 17 480 566 686 718 958 976
1  35
6  264 305 428 490 709 827
2  297 803
10  109 118 388 402 478 531 679 707 940 995
2  459 577
1  55
8  0 8 13 140 249 461 594 718
4  0 6 531 592
1  76
2  193 679
119  0 1 2 4 5 8 9 11 14 17 19 20 30 31 35 39 42 58 61 69 70 75 77 80 83 87 92 95 101 104 105 109 116 117 118 122 131 135 144 148 160 165 167 178 180 199 209 217 220 226 231 232 233 239 241 243 254 265 276 277 280 282 288 294 318 322 334 335 338 339 353 370 385 388 398 402 406 412 414 416 432 444 446 461 463 471 480 489 490 494 529 530 531 542 561 583 586 597 679 682 704 707 711 721 730 734 740 744 770 812 827 853 910 940 950 965 976 995 996
4  34 94 815 940
95  1 2 4 5 6 9 10 11 12 14 17 19 22 29 34 38 40 46 48 50 53 59 64 67 69 85 90 92 94 99 114 115 123 131 135 165 167 178 196 199 209 217 232 241 243 250 254 257 292 307 324 365 370 402 406 412 416 422 435 444 445 461 467 478 489 490 506 510 512 518 529 530 531 561 583 654 679 682 686 704 711 739 740 762 772 812 815 817 827 910 940 950 956 958 976
5  33 256 642 800 876
5  127 562 604 916 955
3  177 526 527
1  461
2  89 517
2  88 682
2  118 686
3  10 531 806
62  3 7 8 9 12 17 19 20 23 28 30 38 45 46 64 69 77 81 116 123 124 135 178 196 199 209 232 244 250 254 265 266 280 282 307 312 314 318 370 385 402 406 446 478 480 490 542 558 583 599 639 642 679 682 686 755 762 815 827 950 974 982
142  0 1 2 3 4 5 7 8 9 11 12 13 14 16 18 19 20 22 24 25 26 28 30 31 34 35 38 45 52 58 61 63 64 69 70 77 81 87 90 92 95 96 104 106 110 116 117 118 126 137 143 154 167 174 178 192 209 216 218 226 231 232 240 241 243 254 257 264 265 270 277 282 288 292 294 296 302 305 307 308 317 318 324 328 338 339 344 353 366 370 373 382 383 387 395 396 401 402 405 412 416 428 444 446 458 461 463 469 478 480 489 510 529 530 531 545 554 561 573 583 659 679 682 704 709 711 719 740 744 762 767 812 824 827 841 898 910 940 950 957 974 976
3  52 70 998
1  335
2  426 431
7  40 199 308 416 478 679 853
2  181 907
2  188 905
1  70
2  269 836
3  434 538 898
1  74
6  434 711 721 765 898 950
1  65
4  35 36 704 912
4  202 341 739 827
5  28 682 694 782 934
3  114 480 817
4  250 583 679 680
6  68 76 127 185 424 562
5  109 266 642 679 827
25  11 14 46 47 53 59 69 90 165 198 292 388 480 490 512 529 561 591 731 762 767 815 919 940 976
3  180 799 995
18  1 2 4 14 351 416 445 480 510 529 545 583 679 682 711 784 820 950
9  174 178 217 308 463 561 679 711 827
4  357 404 650 826
9  168 228 348 363 379 815 878 919 996
4  174 317 740 940
1  485
17  6 9 10 19 30 64 174 461 480 531 591 682 711 812 815 940 976
18  0 1 6 8 10 15 16 25 30 102 118 150 282 340 524 545 583 622
3  394 557 576
3  112 525 867
2  449 760
2  453 584
4  150 340 519 583
1  521
1  483
2  483 689
2  183 771
38  0 1 3 8 14 19 20 53 58 69 70 80 100 116 117 165 199 209 220 226 231 282 294 388 478 480 490 510 512 545 561 583 682 744 827 940 958 973
39  0 1 2 8 13 19 20 77 80 86 144 148 160 165 178 199 216 239 243 282 296 406 412 461 478 480 490 531 558 602 642 679 682 812 815 841 958 974 982
78  0 1 2 3 5 6 7 10 24 30 35 36 90 94 99 108 109 143 174 178 199 202 217 226 239 243 244 261 270 277 282 285 292 293 297 312 318 350 370 385 393 400 402 414 415 416 461 463 471 475 478 480 488 490 518 530 543 558 561 583 633 663 679 682 704 707 739 740 755 772 809 812 815 827 940 974 982 996
4  382 545 565 751
1  124
1  37
1  172
2  346 607
1  296
2  434 499
4  133 278 356 369
1  206
2  184 940
36  41 45 49 62 75 77 80 100 101 132 145 220 226 243 254 266 270 318 377 406 416 418 421 429 461 478 489 561 583 660 707 744 871 910 940 974
8  531 558 561 633 682 855 940 974
1  400
38  2 5 19 20 22 24 48 65 139 166 209 211 232 241 251 254 265 277 282 294 338 382 401 402 490 512 519 529 532 561 583 642 679 682 704 815 905 940
13  4 5 19 64 70 153 243 265 268 272 294 345 697
6  3 7 42 173 178 269
1  25
2  10 550
2  10 549
2  148 862
5  18 73 655 740 962
5  3 158 301 337 381
15  0 69 102 118 232 312 405 490 561 583 642 679 827 950 976
3  15 440 603
1  368
5  187 287 290 394 520
20  5 8 9 28 35 77 86 226 296 390 461 489 530 531 543 561 642 755 974 982
3  51 812 815
5  27 113 587 864 875
60  0 1 2 4 5 9 23 30 48 55 61 91 109 126 145 148 160 167 178 209 226 232 234 254 347 406 437 461 463 478 480 490 510 513 529 531 542 543 545 554 558 572 583 586 642 660 679 686 711 731 767 809 812 821 827 886 940 958 974 982
6  68 127 482 508 604 955
2  106 748
1  334
1  532
4  467 686 718 976
11  0 1 37 40 50 178 213 226 243 682 949
2  42 269
1  93
1  152
3  426 431 832
17  4 38 107 118 135 161 216 324 561 583 642 679 686 704 711 976 982
12  2 4 5 9 11 96 107 490 679 728 874 950
6  456 687 757 822 841 987
4  6 108 217 921
1  520
1  472
3  61 289 959
2  169 837
1  238
2  84 714
2  142 704
85  0 1 3 7 14 18 23 24 30 33 38 46 67 69 73 81 88 94 109 116 147 150 164 167 174 178 188 191 195 196 216 217 220 232 243 250 254 266 280 282 296 307 312 318 338 357 385 402 406 446 450 478 480 489 490 507 512 519 524 529 531 542 545 554 561 572 597 642 670 679 682 686 704 707 718 739 740 756 762 815 827 841 905 910 974
4  190 259 453 523
2  205 633
9  50 146 160 191 478 561 662 686 812
3  560 588 864
4  587 749 864 977
5  122 178 642 819 911
1  455
26  0 4 5 9 10 12 13 14 15 22 29 30 34 64 118 176 277 416 461 510 518 682 734 815 940 958
3  475 623 917
5  18 197 682 706 958
8  0 13 474 649 718 815 827 854
5  324 639 812 940 976
2  304 616
6  81 280 478 583 665 679
2  401 711
4  276 385 489 815
3  455 628 900
1  230
1  530
6  15 440 555 698 724 940
8  68 120 127 185 424 482 562 955
3  434 804 898
3  379 815 996
2  346 536
3  133 278 356
2  256 696
5  199 202 209 611 827
13  0 8 13 109 156 199 209 249 610 682 910 940 968
1  89
4  191 657 721 765
3  123 783 940
7  142 154 225 254 704 716 728
4  304 596 894 927
2  235 810
10  77 124 141 212 219 265 268 282 691 880
1  16
1  307
1  410
5  15 102 282 519 638
2  592 917
1  398
1  177
1  194
1  426
2  600 900
1  225
1  435
1  380
4  154 165 217 738
7  205 261 402 531 543 585 740
2  245 831
3  180 958 995
1  313
3  3 27 898
1  622
21  6 14 17 45 99 116 159 246 282 294 324 365 370 441 489 595 679 755 812 815 976
5  18 22 35 974 980
1  402
66  0 4 5 18 19 20 24 28 33 35 38 45 52 64 86 87 102 106 116 118 134 139 143 150 154 178 191 201 209 226 232 243 251 256 266 312 318 371 390 406 461 481 489 509 530 545 554 558 561 572 583 589 660 679 682 703 704 762 809 815 847 940 950 956 974 996
2  72 74
4  360 681 713 802
1  65
2  115 654
3  458 659 982
6  22 26 66 94 362 815
12  10 13 22 26 39 41 77 178 594 682 815 956
10  164 195 357 404 450 514 816 825 826 881
2  148 178
2  278 356
5  1 2 682 692 834
8  26 115 282 431 480 646 940 947
2  552 962
2  104 758
6  0 1 191 613 721 765
4  54 163 670 974
28  4 5 9 12 22 42 43 64 77 91 92 95 209 277 322 323 328 370 420 458 490 647 682 734 827 953 976 982
7  132 421 542 561 642 682 974
1  353
2  586 701
10  6 282 463 531 704 707 742 958 980 981
2  351 950
1  597
1  454
3  132 145 877
9  1 2 4 5 9 43 64 162 728
2  242 930
13  54 163 220 266 267 359 446 583 658 679 791 913 974
5  6 367 463 857 958
2  166 679
5  306 457 733 766 925
1  40
1  313
1  59
1  191
1  213
138  0 1 2 3 4 5 6 8 9 10 12 13 20 22 23 24 26 28 29 30 31 32 34 35 38 39 41 44 45 48 52 58 63 64 69 77 87 92 105 109 118 135 139 144 166 171 178 193 199 204 209 211 217 218 220 226 232 239 241 243 250 254 262 265 266 267 270 282 283 294 307 308 310 312 314 318 324 325 328 338 353 354 359 370 371 385 388 395 400 402 406 416 445 446 461 463 471 477 478 480 489 490 494 507 509 512 513 530 531 545 554 561 572 573 583 597 639 642 670 672 682 704 719 784 791 797 815 827 829 905 940 950 956 957 974 976 982 995
1  507
5  336 360 644 713 802
129  0 1 2 3 4 5 6 8 9 10 12 13 14 16 18 22 28 29 30 35 36 37 38 40 42 44 45 64 77 80 81 88 92 95 107 109 110 116 118 122 123 135 144 155 169 171 178 180 197 199 204 209 217 226 232 239 241 243 254 265 268 276 277 282 294 318 329 344 350 364 370 371 388 393 405 406 416 446 447 461 478 480 486 489 490 505 512 518 529 530 531 543 545 567 583 591 593 611 642 649 653 659 660 679 704 721 734 739 740 756 797 812 815 820 827 834 934 940 941 950 956 958 965 973 974 976 982 991 996
3  126 396 953
1  434
3  427 699 910
18  0 118 160 178 191 467 480 487 489 561 566 572 583 586 718 809 812 976
3  574 822 987
2  246 790
1  527
2  423 752
2  618 880
2  653 986
3  368 722 914
5  9 28 104 505 934
6  45 60 124 212 268 704
5  243 256 609 703 827
2  268 546
2  603 724
2  685 923
2  170 378
1  662
2  57 417
10  4 49 188 201 243 461 642 696 827 974
108  4 5 6 9 11 16 22 23 26 31 33 35 36 45 49 61 64 77 86 87 91 94 95 104 105 107 118 122 126 128 129 135 142 143 153 154 167 174 175 178 199 201 204 209 216 217 225 226 227 232 239 243 254 256 282 294 296 318 319 327 333 338 352 353 370 371 382 388 411 412 446 478 480 490 503 531 545 572 582 583 615 642 663 679 682 695 718 719 725 728 730 740 797 807 812 815 820 827 829 880 940 950 958 965 974 976 980 995
1  238
2  197 593
13  8 226 377 429 471 478 531 542 583 663 910 940 974
4  228 348 379 815
6  63 469 490 824 910 976
7  14 47 131 199 260 861 889
27  3 27 30 56 294 401 416 434 463 478 480 490 501 512 513 518 561 572 598 721 746 772 820 898 940 950 976
1  407
4  360 644 681 802
2  84 581
2  253 726
1  615
1  355
22  0 11 47 86 91 109 388 431 467 474 566 583 594 686 704 725 815 827 950 974 976 995
8  277 359 490 679 704 791 812 829
3  0 1 189
21  0 270 277 434 478 501 613 657 682 711 734 740 746 765 772 815 818 830 834 950 976
2  693 914
1  123
3  603 698 992
9  371 385 704 718 740 784 950 974 976
3  0 253 715
1  361
12  9 11 14 22 96 162 254 573 615 668 704 880
1  170
12  35 220 319 352 411 446 461 478 704 807 820 965
9  22 28 90 199 465 510 561 809 940
2  210 884
1  673
22  2 4 5 9 64 277 364 416 420 446 478 591 659 682 721 762 815 827 847 940 950 976
4  54 163 764 794
8  196 270 786 805 808 815 817 976
3  77 956 974
17  1 4 53 69 131 150 161 165 188 200 243 632 814 827 950 974 976
17  11 202 232 341 370 480 504 531 583 682 740 815 827 956 974 976 982
45  1 5 9 11 18 23 35 36 109 174 178 199 217 254 261 317 393 402 416 452 478 480 490 516 531 552 583 633 682 704 721 725 739 762 772 812 815 827 830 834 910 941 974 976 982
1  133
4  463 663 980 981
2  202 895
15  169 226 229 239 265 270 302 388 406 478 490 529 542 812 940
2  95 403
5  56 711 721 772 950
2  425 909
1  563
3  588 866 977
1  229
5  137 382 461 532 906
1  690
1  409
1  412
16  0 1 6 8 13 243 366 393 395 489 531 558 639 880 974 982
10  196 217 270 406 583 682 808 815 965 976
3  456 574 987
1  656
5  5 9 11 23 270
2  449 522
14  15 20 35 69 95 118 178 365 393 405 812 815 906 910
58  0 1 2 11 14 17 26 35 40 46 47 51 53 64 69 77 81 87 105 116 135 160 165 178 191 196 217 218 255 265 270 280 294 312 339 365 388 480 489 490 510 583 642 734 740 763 772 812 815 827 834 847 919 940 950 958 974 976
9  1 2 4 5 9 11 19 762 988
2  54 735
13  13 44 191 247 270 434 501 613 657 721 772 785 898
2  457 673
12  25 46 81 217 370 427 490 510 561 821 910 940
1  294
2  120 801
3  58 282 478
1  528
11  480 531 711 721 740 746 762 765 815 919 950
2  174 317
1  464
1  300
3  14 47 53
4  155 237 273 350
1  8
1  294
1  367
2  106 320
2  505 934
1  614
7  371 416 512 679 725 797 950
1  765
2  736 805
1  7
2  382 999
2  57 417
1  688
12  10 26 91 178 266 325 338 670 679 719 918 956
3  263 835 922
1  195
4  35 54 163 735
2  103 208
2  0 155
34  0 1 5 9 11 13 14 22 28 39 77 87 96 107 110 140 178 189 209 307 679 682 704 784 812 827 880 905 910 940 950 956 974 996
1  256
2  511 995
4  33 134 319 481
4  120 769 890 942
7  152 156 336 360 644 681 713
1  470
3  3 434 605
2  736 786
1  488
5  319 352 704 730 820
5  196 736 756 815 976
17  0 61 104 126 143 147 178 209 220 254 282 531 561 642 686 731 893
1  617
6  9 14 47 94 116 940
73  0 2 4 6 17 19 20 39 40 47 50 51 53 64 69 85 92 115 116 131 146 151 159 160 165 167 189 199 209 234 243 254 260 270 274 277 282 324 347 365 370 388 402 406 478 480 490 518 530 531 559 561 586 595 639 682 686 704 719 740 744 761 762 797 815 821 910 935 940 950 974 976 982
1  398
3  738 950 974
132  0 1 6 8 9 10 11 13 14 15 17 20 22 23 26 30 34 35 39 41 44 45 51 53 59 65 69 75 77 81 87 90 91 92 94 95 102 106 108 116 118 119 135 165 167 174 177 178 196 198 217 228 239 254 265 266 270 280 282 286 318 338 348 363 365 370 371 379 382 385 388 393 401 402 406 409 412 416 458 461 462 479 480 489 510 515 518 530 531 545 559 583 591 594 599 606 639 642 648 649 679 682 704 708 718 721 734 736 739 740 756 761 762 772 808 812 827 847 878 905 910 919 932 940 941 950 956 965 974 976 982 996
6  195 357 450 650 826 937
8  67 270 349 461 480 506 736 976
1  721
1  589
16  2 35 220 319 351 352 411 461 512 682 704 711 730 807 950 965
7  4 25 561 767 812 886 940
3  574 687 987
4  41 130 135 852
6  328 339 416 490 709 950
2  650 826
7  195 357 404 514 650 816 825
91  0 4 5 6 9 10 11 20 23 25 30 34 38 45 59 69 77 85 91 92 94 95 99 114 118 135 154 161 178 202 209 218 226 228 232 239 243 254 264 265 266 282 305 312 341 370 405 406 416 446 461 469 478 480 489 490 504 509 513 529 531 554 561 583 594 610 659 679 682 696 703 704 718 734 738 739 740 762 797 815 830 847 880 910 919 940 950 958 974 976 982
1  385
10  1 77 95 174 277 679 704 719 950 974
4  721 740 827 976
3  245 362 634
1  571
2  54 442
6  653 682 721 740 762 976
3  792 922 933
2  498 851
3  579 892 979
2  63 282
1  157
2  386 883
16  1 2 3 56 64 94 142 206 216 243 456 490 530 574 583 972
1  422
1  147
1  461
3  334 873 896
1  69
18  9 18 22 45 118 143 282 393 430 437 642 734 762 815 827 950 956 974
1  68
2  90 292
6  5 9 42 43 98 144
1  836
1  823
5  1 220 478 494 910
1  594
1  543
1  275
2  671 958
2  105 122
27  0 2 8 9 11 12 13 21 22 23 32 45 55 64 92 164 232 241 243 282 322 446 460 905 940 974 982
1  177
2  710 889
1  551
1  382
8  113 210 560 587 588 870 884 951
2  61 126
1  749
2  112 521
1  98
1  385
2  864 884
10  20 35 36 41 49 62 226 461 542 974
3  40 51 882
1  845
1  573
1  560
1  481
2  132 667
5  515 815 919 956 996
2  389 905
18  0 8 26 45 87 212 243 265 618 691 704 728 755 797 827 910 982 994
1  650
1  872
2  386 840
4  210 732 864 870
2  110 372
2  561 821
1  323
1  190
2  710 861
2  801 942
2  54 442
1  837
1  809
5  0 8 304 616 927
1  743
2  334 845
1  171
13  3 27 401 434 490 499 501 605 637 711 765 950 958
1  445
3  455 600 628
4  108 172 354 904
1  221
4  30 344 446 974
1  901
32  0 13 22 26 32 45 124 166 178 188 199 243 251 265 268 282 315 338 385 389 446 496 545 583 679 797 815 859 879 940 950 974
6  10 393 415 461 751 761
3  181 463 495
1  53
1  747
64  0 1 6 8 11 12 15 17 18 28 30 40 45 59 69 77 85 91 92 94 104 107 115 118 123 135 178 217 240 241 243 254 308 388 406 412 416 427 440 444 461 463 478 480 490 542 583 611 685 707 709 740 761 767 797 812 815 827 853 880 940 941 958 974
1  589
3  36 503 964
3  54 359 670
2  693 722
1  92
2  482 955
2  592 623
1  791
12  26 160 255 510 515 762 772 815 827 878 976 996
2  104 232
1  575
4  263 792 835 933
1  699
1  41
2  306 673
2  0 398
2  616 894
1  258
3  136 183 464
1  669
1  244
3  0 6 815
2  835 922
8  22 28 117 122 505 682 694 782
14  47 53 69 115 167 178 207 306 388 416 431 812 940 985
1  360
1  816
1  420
1  462
160  0 1 4 5 6 8 9 10 11 12 13 14 15 18 19 20 22 25 28 29 30 32 33 34 35 36 38 41 45 46 47 53 61 62 64 65 69 70 75 77 79 80 84 86 87 92 94 95 99 100 101 104 109 110 115 116 118 122 123 125 131 135 137 139 143 147 166 171 174 176 178 184 189 199 204 209 218 226 232 241 243 250 254 262 265 266 276 277 282 285 302 303 307 308 317 318 322 324 334 344 353 385 388 400 402 416 446 461 465 471 478 479 480 490 510 516 518 529 531 541 542 543 545 561 591 595 603 611 614 642 654 679 682 704 707 711 731 734 744 762 767 797 811 812 815 821 827 859 905 910 935 941 950 958 973 974 976 982 985 995
18  9 11 14 17 131 199 338 365 388 406 682 740 815 910 940 958 974 995
2  801 890
1  122
5  0 1 42 135 171
1  287
1  58
1  654
1  315
1  567
72  0 1 2 3 6 9 11 15 22 28 45 77 90 95 110 131 137 178 184 202 217 232 243 254 277 282 307 318 351 371 385 416 434 478 480 489 490 501 512 554 573 642 664 679 682 704 711 718 721 725 734 738 746 762 772 784 797 812 814 815 820 824 827 829 847 898 905 940 958 973 974 976
1  864
1  187
9  76 92 126 135 167 396 659 683 976
2  120 230
4  482 562 604 916
24  30 35 39 77 83 87 116 266 370 480 642 649 679 682 737 739 791 797 815 847 878 974 976 996
6  19 116 395 490 679 974
61  0 1 3 5 6 8 10 12 15 18 19 20 22 34 35 40 47 53 64 80 104 128 137 143 165 167 180 184 197 277 351 367 406 412 416 446 463 467 480 529 530 561 591 593 635 663 671 682 704 762 827 857 898 910 940 941 950 973 974 976 995
1  578
1  95
1  6
2  552 655
1  89
1  912
22  1 4 38 40 42 59 105 135 148 226 239 323 409 478 682 704 730 756 815 820 976 996
1  172
1  58
4  0 156 199 611
2  60 312
1  29
3  295 389 984
5  79 94 135 142 841
14  38 59 64 90 92 199 282 310 529 682 940 950 958 974
107  0 1 4 5 8 11 16 25 30 31 33 35 36 41 46 49 54 55 75 77 83 86 92 105 107 118 134 135 143 163 174 178 186 188 199 200 201 217 220 243 266 267 271 308 312 318 322 359 385 388 393 395 402 427 437 446 452 460 461 489 490 530 531 542 543 558 561 583 640 642 658 660 670 679 682 703 704 707 718 725 737 738 739 740 755 762 797 812 814 815 827 829 847 859 871 903 905 910 940 941 950 956 957 958 973 976 995
3  234 347 997
84  0 1 2 4 5 9 11 14 17 19 35 46 50 59 63 67 91 104 109 137 154 189 196 216 217 226 241 261 282 307 324 370 382 393 402 416 446 461 463 467 478 480 490 510 518 554 566 572 595 639 659 679 682 686 704 709 711 718 721 725 734 736 738 739 740 756 762 808 812 815 817 827 830 834 919 940 950 953 956 958 965 974 995 996
2  588 749
1  326
1  837
17  1 2 6 15 16 18 22 35 104 228 318 463 640 663 704 742 981
3  663 742 980
39  0 1 2 5 6 8 9 39 43 81 178 227 232 239 243 282 302 370 458 489 530 531 558 561 572 647 659 679 682 739 740 755 812 815 827 859 880 940 995
2  20 178
2  389 971
3  388 935 940
1  692
5  456 574 687 757 822
1  763
1  445
3  0 55 156
1  682
1  724
1  251
1  880
28  0 1 5 8 10 75 114 122 135 137 180 218 226 265 471 478 511 635 679 704 718 799 940 941 958 974 976 982
25  0 1 2 30 45 77 105 199 282 370 379 393 478 515 531 606 642 682 797 815 878 919 956 965 976
1  975
8  19 20 52 58 70 116 117 491
1  788
