1000
15  46 118 164 182 251 263 330 511 698 762 788 850 902 979 989
14  52 117 198 200 269 292 380 498 510 541 728 764 881 944
7  13 151 243 365 371 619 682
8  49 143 265 674 708 769 801 827
13  58 111 130 228 265 425 496 586 612 732 765 977 987
14  36 118 236 254 258 317 339 464 498 501 629 732 738 927
12  89 105 120 179 233 475 508 622 733 765 936 951
8  156 324 602 609 832 923 932 933
13  133 290 330 389 521 563 568 581 610 718 793 902 980
15  31 92 129 136 156 326 349 576 580 714 761 830 874 923 989
6  13 482 605 639 906 949
15  150 211 253 278 282 351 384 465 539 553 558 708 731 745 780
7  25 150 260 331 480 646 660
14  2 10 169 242 420 471 474 527 561 654 663 725 737 975
9  129 130 153 493 556 665 703 795 882
9  34 98 179 204 244 361 449 456 993
15  79 120 142 144 261 274 371 399 495 602 603 786 860 875 979
13  84 107 210 274 278 287 431 597 689 754 801 966 972
8  56 276 366 675 764 771 814 820
5  146 273 732 765 905
9  24 43 50 126 184 379 592 873 958
4  424 637 734 867
15  78 128 141 206 455 506 541 545 704 706 750 835 839 863 881
14  137 157 240 325 410 434 445 551 565 567 597 690 852 865
18  20 48 160 199 283 301 345 361 374 531 612 727 791 859 865 866 903 918
10  12 53 150 253 266 358 394 427 485 690
9  77 226 252 273 324 560 649 798 837
11  131 159 161 179 208 325 668 742 771 819 929
9  128 240 637 672 859 906 919 921 969
8  115 214 321 390 547 814 886 973
8  37 97 196 500 749 777 789 821
10  9 281 303 308 367 369 420 541 779 898
3  90 126 893
8  39 294 314 435 570 700 734 953
10  15 284 379 454 593 603 696 714 814 890
13  48 55 67 141 149 245 441 466 626 632 686 696 827
12  5 50 125 153 401 439 498 804 818 901 955 968
6  30 242 386 853 921 938
11  169 327 421 537 553 580 738 810 823 843 911
14  33 173 205 213 330 351 418 452 551 664 780 817 840 916
11  98 321 374 394 572 660 762 924 925 934 981
10  45 272 312 508 544 556 578 581 835 934
10  200 254 258 476 496 531 671 953 972 994
13  20 60 130 159 227 293 305 513 573 652 918 929 978
12  83 121 224 297 404 455 498 567 614 627 808 837
11  41 67 107 260 305 353 462 493 635 811 955
8  0 83 233 357 396 414 521 814
7  88 132 187 511 530 721 857
12  24 35 92 119 158 166 171 264 349 550 620 733
7  3 149 181 458 485 655 928
11  20 36 69 211 391 456 459 515 729 925 958
8  346 575 591 637 641 827 938 990
12  1 190 192 236 291 314 423 433 536 727 784 909
8  25 323 374 476 512 640 788 887
8  69 80 294 364 499 715 738 796
13  35 64 185 193 247 404 504 572 604 742 749 901 990
14  18 168 197 348 482 557 670 697 730 753 802 869 915 988
9  88 162 262 484 587 726 810 887 903
7  4 84 209 377 495 799 924
7  65 215 284 603 618 768 875
14  43 117 148 150 292 298 388 423 424 569 594 629 750 854
6  95 389 518 583 780 847
8  90 174 790 802 883 920 925 943
11  139 167 176 183 222 235 364 404 576 630 744
8  55 97 99 210 408 537 845 854
7  59 298 300 301 643 755 836
8  348 373 741 777 812 829 914 965
12  35 45 205 265 391 405 598 646 742 814 891 972
4  203 537 682 726
8  50 54 324 664 742 745 785 987
12  108 186 310 314 350 377 406 425 454 699 707 759
7  112 299 834 847 949 978 982
11  182 187 203 300 327 407 420 436 508 608 952
9  111 451 630 691 759 816 845 915 970
10  190 191 202 213 429 535 623 852 920 945
9  116 127 175 261 331 472 610 893 987
11  156 351 385 449 460 567 572 604 660 828 847
9  26 157 358 528 632 700 762 816 854
8  22 178 334 340 453 572 639 752
7  16 186 294 531 602 664 934
17  54 94 152 162 230 254 262 265 292 297 330 358 541 718 720 887 923
11  160 239 475 515 557 642 764 809 886 911 972
14  94 221 236 258 296 320 462 476 538 554 564 685 889 977
12  44 46 246 286 490 597 762 921 942 945 968 992
12  17 58 117 236 295 330 365 437 773 810 856 979
12  144 187 191 410 554 634 773 827 839 952 974 985
12  109 205 400 414 473 512 588 629 701 755 881 900
7  109 255 337 490 524 591 922
9  47 57 178 320 333 411 634 745 879
10  6 382 403 546 584 598 658 830 977 994
16  32 62 201 350 392 494 685 694 696 755 768 769 823 833 894 948
12  150 161 326 400 455 531 550 713 915 924 941 998
13  9 48 195 241 256 335 336 463 628 775 803 809 976
8  349 457 464 520 612 692 929 939
6  80 82 121 324 523 554
10  61 161 325 431 434 454 513 628 807 922
9  290 320 344 421 633 716 757 803 856
8  30 64 108 148 198 339 602 867
11  15 40 128 302 359 527 548 606 659 754 853
9  64 140 261 340 361 445 558 691 926
16  117 126 148 158 300 472 558 562 594 647 658 777 811 821 886 949
8  214 241 283 378 611 710 878 915
8  372 609 689 725 728 779 913 927
6  366 380 509 583 692 746
12  220 296 380 398 430 506 606 757 843 845 862 941
10  6 115 194 293 311 391 495 670 698 983
7  155 333 455 456 545 923 957
10  17 45 428 433 547 827 847 912 932 937
16  70 97 114 231 240 340 446 453 476 522 564 577 628 683 714 897
13  86 87 188 348 461 518 549 732 738 750 807 879 970
9  159 225 285 366 606 699 748 752 922
6  4 73 216 296 329 743
5  71 418 591 786 953
13  119 297 319 335 343 544 557 710 711 777 874 943 961
13  108 154 185 217 257 279 510 547 570 737 826 878 964
12  29 105 132 176 195 344 426 518 634 804 834 983
8  75 192 424 478 485 710 835 890
10  1 60 84 100 197 275 508 615 765 953
10  0 5 134 160 187 210 377 815 878 998
8  48 113 129 239 295 433 786 802
11  6 16 662 687 830 834 847 859 894 955 969
20  44 94 213 263 280 321 354 388 449 507 563 659 684 687 718 788 792 799 925 988
8  224 499 529 616 656 722 879 913
9  182 313 354 555 608 746 805 827 993
7  154 338 470 694 945 979 984
9  36 244 265 504 754 788 801 913 953
9  20 32 100 128 267 353 597 655 705
3  75 645 801
23  22 28 98 126 130 137 161 217 278 336 543 599 605 641 760 762 890 921 954 981 983 987 990
6  9 14 119 251 716 939
9  4 14 43 128 535 560 576 693 939
9  27 463 527 538 573 642 662 676 867
17  47 115 235 271 383 390 428 514 521 550 653 684 772 803 900 908 909
12  8 190 222 240 295 375 411 419 630 691 704 707
7  118 249 263 307 345 687 935
4  198 320 357 564
5  9 575 583 880 961
12  23 128 217 389 445 512 698 766 786 860 956 981
9  230 291 502 503 504 562 769 791 999
6  63 232 332 572 800 815
11  99 294 374 588 622 746 780 805 807 823 960
7  22 35 319 350 437 454 958
7  16 273 332 349 537 539 940
13  3 162 169 171 272 412 420 470 491 708 853 930 939
9  16 85 425 503 575 583 603 805 899
8  229 308 329 477 498 622 858 860
16  19 170 185 188 280 293 299 307 652 670 703 848 900 942 959 989
12  236 304 367 480 498 585 589 729 745 782 783 941
13  60 97 100 219 330 445 456 483 495 553 611 660 868
11  35 49 191 192 283 418 693 743 779 832 937
8  11 12 25 60 91 172 376 681
19  2 205 220 226 235 346 500 509 539 541 677 723 748 852 898 929 955 956 957
6  80 432 504 818 920 927
10  14 36 451 503 517 553 607 648 738 894
11  114 124 290 323 332 428 486 605 621 759 832
10  106 179 241 337 374 467 547 843 851 952
8  7 9 76 444 478 532 543 806
8  23 77 224 420 456 589 716 738
13  48 100 218 224 357 400 434 591 738 755 786 825 973
13  27 43 110 406 481 504 525 544 548 586 710 755 818
14  24 81 118 163 485 619 652 778 815 878 936 942 966 970
14  27 91 95 128 163 346 347 414 490 672 762 787 815 998
8  57 80 143 205 228 341 423 549
9  160 161 226 386 446 552 623 746 990
12  0 398 443 510 528 718 820 837 909 921 973 995
7  292 350 570 736 773 886 951
11  48 388 547 572 578 594 777 819 851 921 950
13  63 186 199 204 456 464 500 578 613 644 798 939 951
12  56 202 290 322 571 726 744 819 842 852 889 915
14  13 38 143 228 267 293 478 500 717 757 825 938 958 983
13  146 232 265 268 280 286 337 357 369 398 517 598 800
12  48 143 195 238 275 346 587 621 776 830 881 979
13  150 335 482 625 636 642 711 731 739 750 795 905 992
13  39 275 295 356 418 484 490 518 605 686 790 849 913
9  62 237 243 304 371 420 617 782 790
9  75 263 321 413 489 640 687 710 725
11  63 115 222 229 263 364 438 487 535 757 765
9  492 495 500 686 751 830 872 924 949
12  78 88 232 277 334 372 441 462 662 729 823 963
12  6 15 27 155 385 461 507 775 782 844 891 919
9  451 575 653 805 810 925 937 942 975
8  49 335 372 415 701 818 871 935
15  0 72 123 207 210 265 370 413 506 534 538 651 745 769 873
14  63 254 260 300 337 508 609 728 769 782 870 895 900 926
11  20 221 232 243 535 563 581 590 759 785 804
14  55 114 146 262 340 362 502 507 566 568 583 644 829 960
14  70 79 167 352 354 380 489 523 795 808 856 886 916 961
10  47 72 85 118 382 407 454 469 806 930
10  109 146 226 564 715 779 909 930 940 995
12  205 223 238 264 292 308 343 709 811 916 927 994
10  52 74 133 234 297 329 345 701 766 840
12  74 85 149 264 307 424 520 735 757 799 868 906
11  52 116 149 207 229 307 403 422 472 527 850
11  55 220 308 617 707 737 847 860 878 880 950
11  105 248 255 268 273 340 569 741 822 858 915
13  92 115 171 325 405 475 576 593 674 713 800 904 985
9  30 546 553 560 597 748 826 851 910
8  56 117 255 427 569 654 773 924
13  1 97 135 199 272 390 468 651 661 782 844 845 893
13  24 167 198 253 418 521 586 594 667 750 786 807 828
12  1 42 213 286 291 321 370 374 423 680 951 979
10  90 334 407 546 555 575 801 804 906 965
15  74 168 225 384 410 446 449 460 491 516 768 822 854 904 942
6  68 72 490 579 692 980
10  15 167 276 279 289 344 463 630 817 923
17  39 67 86 151 162 189 214 437 498 722 745 822 857 898 915 992 993
8  22 286 686 751 785 795 927 977
7  182 192 272 338 643 811 944
9  27 262 419 516 550 775 883 964 988
8  58 235 465 467 650 725 778 804
12  17 64 118 182 409 453 640 679 719 846 932 963
5  11 50 413 467 920
6  224 374 457 663 732 879
11  39 74 121 200 470 556 650 749 870 876 970
11  29 101 205 242 348 387 505 656 666 895 991
13  59 271 311 410 413 479 598 640 686 801 852 902 975
11  111 276 346 383 385 466 587 622 817 847 865
10  114 128 137 369 552 558 679 698 844 868
4  158 444 572 664
9  148 234 287 312 408 430 628 679 760
6  104 151 193 351 719 982
8  82 184 287 346 423 554 779 859
10  63 133 176 296 342 413 566 567 568 633
6  189 232 515 533 718 955
15  44 122 157 158 212 312 398 420 522 563 565 603 809 911 915
6  110 202 488 557 606 918
15  26 151 163 188 250 318 370 373 374 571 575 602 649 712 953
7  43 245 548 558 687 754 954
8  4 162 169 393 439 500 642 723
10  145 176 192 282 316 548 602 661 890 946
13  80 138 239 331 334 346 430 536 781 821 862 900 980
10  108 261 409 419 449 907 938 948 952 957
12  139 170 178 184 223 258 267 361 385 416 558 782
16  6 46 241 342 499 567 628 704 715 738 745 804 821 829 853 995
8  190 219 411 638 664 709 836 842
7  63 132 151 209 525 738 858
13  5 52 82 84 147 415 517 773 797 839 857 922 956
10  174 285 286 362 374 518 597 717 763 919
9  171 189 263 318 387 416 420 527 610
10  81 119 230 344 355 501 596 680 708 779
11  23 28 108 133 310 481 529 582 649 828 848
13  92 101 155 233 295 303 605 623 736 742 772 866 992
14  13 37 214 348 384 428 475 477 527 604 618 621 725 848
14  2 174 184 278 470 526 563 676 703 775 817 830 894 949
10  15 125 323 324 341 343 574 615 838 870
9  35 227 296 342 532 713 802 892 908
9  83 248 490 589 597 606 690 698 699
9  55 272 361 503 606 612 778 783 815
15  194 246 398 425 492 500 562 640 652 674 688 761 849 945 974
4  134 425 868 918
5  226 311 384 892 923
7  0 129 255 417 428 443 671
7  26 279 303 508 539 762 777
8  11 25 199 363 449 841 856 940
9  5 42 80 183 568 584 596 599 843
9  87 194 197 251 418 522 792 826 967
6  92 302 521 523 697 766
11  114 430 454 476 489 515 528 608 626 763 950
9  5 42 82 232 271 340 388 400 709
6  357 421 434 498 682 751
13  12 45 183 300 480 481 670 743 782 899 938 947 999
9  16 75 99 231 271 420 501 615 837
13  57 80 185 208 278 328 354 371 432 566 577 748 852
17  0 121 134 175 176 238 305 376 428 454 500 529 656 708 742 841 907
7  48 189 191 377 380 629 902
10  3 4 67 80 125 170 182 650 826 938
9  25 320 355 413 471 768 831 995 999
10  126 169 232 313 362 671 675 719 790 979
9  170 194 429 555 689 730 937 946 967
10  1 303 308 425 609 617 748 842 890 942
8  362 470 474 512 568 580 827 857
12  132 215 258 261 318 414 565 687 721 923 952 958
11  41 143 198 207 247 303 387 500 641 737 835
17  19 26 142 194 281 326 457 467 537 551 576 606 611 672 689 812 940
3  16 17 914
7  117 171 173 287 635 668 992
11  18 204 216 330 375 419 436 564 702 750 828
8  178 292 348 459 572 650 781 930
13  11 17 128 243 262 394 527 652 789 868 873 892 991
4  114 204 252 600
13  121 146 170 347 355 416 483 500 523 640 677 828 889
11  31 273 474 521 546 698 713 791 835 911 980
5  11 229 320 632 859
5  24 101 149 481 767
4  34 59 702 906
15  110 237 342 522 528 592 673 685 737 767 792 853 900 936 987
16  83 170 200 206 237 336 470 508 538 556 724 736 741 855 930 932
13  17 219 221 275 291 312 397 473 500 504 521 679 877
6  360 633 764 771 895 981
12  204 345 352 375 454 479 577 588 613 646 866 892
12  8 96 154 168 348 401 565 604 793 846 871 928
16  52 138 200 287 300 314 328 482 497 524 749 813 852 901 935 974
16  1 60 80 165 189 277 570 602 785 801 809 893 901 953 963 997
15  43 105 146 169 327 412 546 634 638 720 722 831 843 949 962
9  33 54 79 140 305 589 639 841 993
8  84 119 133 173 241 324 742 887
9  82 104 111 222 245 391 508 649 753
9  44 80 113 190 610 760 762 818 927
9  60 65 341 403 450 686 935 957 999
10  71 146 527 567 573 751 785 787 945 955
15  65 72 100 183 260 291 380 394 480 503 541 654 760 788 962
11  24 65 334 453 514 617 624 649 707 825 949
5  98 256 465 878 885
9  31 241 252 269 272 327 534 637 638
12  147 174 331 455 466 616 650 792 824 843 861 953
11  43 45 263 294 380 490 604 677 723 805 997
6  319 344 423 573 616 716
12  134 146 191 192 333 393 476 533 537 742 752 917
14  31 145 189 193 269 313 317 504 534 624 773 776 845 893
7  387 401 543 852 854 899 993
6  70 240 436 695 945 987
12  105 215 250 340 359 499 767 861 919 927 962 986
14  41 219 224 287 320 338 376 417 780 788 790 888 891 924
10  123 267 308 452 653 675 685 719 843 944
8  33 52 70 291 485 793 801 904
4  359 781 829 978
6  229 482 679 703 928 953
13  5 308 319 323 362 387 432 509 589 685 705 869 916
11  226 238 271 531 625 629 649 764 908 915 966
7  113 141 306 317 487 799 852
13  82 88 96 135 266 282 312 339 601 722 727 730 989
13  29 40 121 175 200 361 439 451 497 700 779 881 988
8  168 368 394 401 501 592 597 869
13  53 154 244 317 421 497 502 504 513 518 621 706 830
14  7 26 69 94 244 295 352 421 645 648 687 916 944 977
12  23 27 95 195 444 552 659 698 699 836 983 995
11  9 91 273 537 707 732 738 862 875 948 953
10  38 72 293 303 378 393 483 489 875 977
8  262 291 520 562 586 679 918 982
6  111 145 190 489 526 562
15  0 8 39 80 84 148 276 364 525 738 764 805 899 921 992
14  12 75 230 304 345 428 503 561 582 693 745 851 886 915
10  139 142 154 365 427 469 571 600 810 880
14  88 106 307 412 421 463 542 637 660 765 806 811 899 940
12  78 178 201 230 301 354 494 542 550 624 829 912
15  92 113 172 181 364 432 483 495 510 564 690 731 870 890 994
9  92 128 286 426 545 603 719 766 808
11  87 155 170 183 407 486 621 689 787 882 911
8  124 207 312 549 567 667 710 812
12  5 97 320 377 504 634 636 655 698 756 784 945
14  78 99 108 185 194 258 311 350 546 638 697 713 784 914
7  162 244 298 402 536 590 827
9  222 233 245 285 388 476 514 524 848
5  113 189 244 462 663
11  96 115 204 239 306 517 623 636 713 738 898
18  24 134 190 289 331 438 443 596 616 666 700 704 727 808 817 860 934 962
13  51 151 161 171 216 221 230 387 488 510 611 771 842
11  161 280 380 489 642 656 751 796 835 868 995
16  56 66 109 214 242 277 290 386 498 512 642 683 698 863 909 981
10  9 48 93 142 401 648 661 664 845 959
11  70 90 141 165 340 382 499 717 721 844 965
7  11 39 76 220 437 673 767
13  186 289 324 415 435 504 680 682 741 802 837 876 905
7  45 126 387 408 419 565 587
17  121 123 186 262 334 386 465 511 524 711 744 761 812 820 870 897 928
8  239 266 280 407 414 581 786 913
6  173 367 529 537 642 917
8  46 135 158 170 259 482 705 884
10  25 77 80 411 429 598 708 794 888 909
9  98 311 315 540 613 745 809 819 852
11  288 438 459 460 497 541 614 618 806 925 947
10  15 24 99 232 247 321 458 692 772 846
12  185 237 267 270 317 467 634 642 722 835 841 879
8  253 516 627 694 883 890 966 977
16  54 63 176 330 335 498 556 582 615 672 729 741 795 858 891 956
11  2 84 332 426 494 587 620 678 682 885 937
7  18 103 110 659 773 946 954
11  31 147 356 492 525 595 798 833 852 940 977
4  322 571 910 986
10  31 170 217 579 666 711 718 725 888 892
10  182 200 226 378 393 429 485 538 654 770
11  2 16 174 262 532 598 613 768 901 949 960
14  102 178 181 373 430 455 538 628 646 698 761 846 922 932
8  66 226 372 395 510 700 723 810
14  24 40 53 140 155 200 212 226 237 391 492 766 877 946
8  133 276 289 577 775 855 860 876
12  150 263 312 386 544 674 742 780 788 797 877 918
7  58 70 118 264 339 512 526
12  101 327 370 401 538 589 590 596 748 877 911 980
10  20 34 388 491 521 559 683 854 865 925
11  1 103 104 186 264 300 305 347 509 939 991
6  391 775 782 931 938 947
8  89 187 350 386 448 453 521 924
9  132 216 394 403 430 516 625 815 996
13  11 202 242 250 413 426 510 622 710 796 828 922 951
8  76 179 216 232 526 715 860 979
12  37 163 348 354 376 382 448 521 573 622 704 968
15  214 238 272 309 317 346 353 414 451 468 485 725 777 823 953
9  60 121 166 258 342 379 901 985 995
8  8 61 137 457 475 520 813 898
11  29 132 198 470 483 635 646 754 770 778 792
12  50 67 105 296 374 381 394 537 588 594 654 934
7  90 533 559 736 746 801 963
9  228 307 327 370 437 470 534 643 919
11  25 40 278 300 322 383 391 416 729 757 791
4  373 644 763 771
7  46 498 637 647 701 731 928
4  287 531 683 839
7  104 164 170 224 248 451 642
4  16 466 592 772
7  86 91 158 258 434 747 954
12  36 290 309 322 349 378 590 643 669 738 853 882
4  341 565 760 959
10  89 192 298 383 422 483 584 805 854 909
5  44 55 63 653 705
9  67 195 434 456 625 658 693 720 811
5  70 159 457 710 855
14  72 187 201 337 355 423 497 655 703 714 723 867 899 909
10  64 219 353 421 585 623 669 786 799 916
4  210 231 571 749
10  23 85 202 215 411 716 746 895 919 922
12  88 133 234 358 410 447 449 454 544 801 935 973
10  143 293 333 416 699 701 807 815 858 878
13  175 182 211 215 222 266 384 522 555 637 664 837 940
15  46 86 161 271 355 387 452 509 523 572 607 619 861 876 950
10  181 236 352 452 548 658 672 781 844 937
7  232 238 280 394 412 701 990
7  251 312 474 520 598 745 755
12  39 112 149 173 199 255 454 457 467 578 713 912
10  133 208 231 276 353 421 429 574 695 870
15  13 31 72 143 157 174 224 238 261 422 553 636 789 873 923
13  38 96 259 323 324 333 408 419 432 442 531 603 961
15  192 403 420 437 439 518 551 605 611 659 675 775 796 955 974
12  52 60 162 200 221 306 407 477 620 648 650 653
9  21 60 116 191 473 534 704 786 887
13  4 70 144 248 249 269 434 452 475 669 787 850 874
7  115 336 365 384 639 661 686
13  25 197 332 468 475 560 574 589 847 862 926 965 991
12  107 132 154 242 251 263 331 440 519 683 897 953
7  74 268 358 370 419 498 946
17  104 219 230 257 372 383 643 723 742 797 802 835 857 862 863 865 893
5  17 95 742 907 929
8  152 262 317 335 421 701 743 938
7  52 107 119 676 744 858 988
13  23 95 158 259 400 405 425 458 705 707 717 787 812
7  33 352 505 587 623 848 920
5  72 276 310 496 553
8  84 141 205 351 393 422 447 666
11  176 345 360 490 495 505 526 643 668 853 865
13  36 228 321 422 543 553 590 704 791 803 872 900 989
7  428 612 645 687 879 949 971
9  35 178 446 561 675 736 763 949 999
5  421 511 644 717 875
6  164 251 345 704 772 961
9  156 218 325 561 579 699 717 725 982
6  23 99 137 148 914 972
6  108 163 202 441 484 982
5  411 437 556 592 667
8  382 386 481 495 498 591 712 815
14  15 76 121 202 231 253 411 498 508 539 560 658 791 821
4  298 486 960 971
9  73 153 180 321 387 398 468 605 813
9  39 313 414 415 425 666 747 761 827
6  78 108 210 301 382 736
16  34 70 95 141 187 257 263 289 411 418 458 585 614 706 783 930
14  22 44 91 106 304 372 458 633 743 865 883 889 905 963
10  15 50 106 148 157 167 405 548 666 797
12  93 212 273 389 406 418 494 518 646 654 691 767
8  49 361 434 454 455 679 807 947
9  50 277 360 622 786 794 878 927 952
6  76 202 360 488 615 633
13  109 179 493 559 653 678 718 757 776 811 897 918 975
9  45 82 178 343 480 481 743 899 915
4  92 131 204 333
14  5 93 167 481 513 733 734 737 778 782 804 859 860 892
10  11 209 302 354 690 742 755 865 902 945
8  35 216 304 399 577 625 746 986
11  155 209 211 273 362 418 494 612 805 926 943
8  198 387 427 451 683 783 880 950
5  187 332 624 658 898
15  124 143 213 243 270 286 390 393 532 545 765 809 866 940 949
4  13 266 585 803
6  75 100 192 547 605 683
7  86 287 424 707 715 741 988
12  13 270 281 417 569 665 676 693 696 831 842 912
10  6 81 195 242 389 425 427 638 996 997
12  42 53 82 108 257 307 342 571 584 706 923 998
11  145 242 423 496 516 658 708 871 887 968 976
4  116 156 169 715
9  215 289 576 638 647 691 891 892 981
11  12 147 260 300 462 481 676 677 720 752 919
10  159 240 260 283 448 462 464 480 619 824
15  10 56 172 291 316 357 520 596 688 770 839 853 886 887 956
9  148 280 327 335 390 403 552 663 956
6  57 173 446 500 505 629
10  25 49 116 160 314 370 387 575 596 721
5  154 337 450 614 803
8  176 319 515 528 677 816 964 967
12  225 346 460 518 535 653 715 774 817 913 949 996
7  175 186 257 327 329 347 729
14  83 87 161 173 203 246 305 438 501 556 557 604 759 985
8  143 202 379 569 577 644 767 806
6  177 248 367 374 570 991
6  14 45 461 511 649 965
10  90 334 365 457 467 593 609 628 933 967
13  16 58 105 148 177 335 438 448 718 757 778 856 902
5  4 42 436 477 789
8  291 321 323 360 407 539 542 696
20  1 5 36 44 145 147 205 259 348 364 396 429 448 449 753 843 884 910 971 993
8  54 122 233 311 350 583 770 857
18  30 151 167 169 177 228 248 263 272 280 287 484 550 561 674 702 832 998
12  5 239 261 322 490 521 637 663 705 748 762 977
7  138 185 323 512 550 711 821
12  138 144 153 247 300 331 572 631 667 841 903 960
15  55 125 138 152 159 287 308 323 339 352 569 638 837 989 994
9  214 435 438 484 535 601 695 935 958
6  22 104 182 511 527 760
5  121 179 185 827 951
13  6 41 72 117 183 252 286 296 449 584 627 834 842
7  103 151 317 380 414 671 896
11  1 114 164 335 346 373 384 663 668 754 914
11  0 47 354 442 493 506 519 523 554 646 945
14  53 86 137 270 348 377 502 515 603 635 663 682 968 975
12  43 95 323 464 579 619 656 671 699 709 761 790
5  132 301 342 754 963
10  50 81 223 257 487 512 667 706 722 772
12  202 208 363 383 477 525 633 777 779 831 973 996
9  153 170 236 344 524 604 753 822 865
10  61 109 115 173 237 323 422 457 488 582
7  428 511 578 801 850 881 916
11  93 191 328 389 417 482 593 629 772 805 820
20  8 46 132 199 256 281 287 379 382 386 501 559 576 644 762 768 812 827 880 883
9  108 224 255 285 413 604 845 891 958
13  94 186 256 280 414 511 567 651 697 717 767 784 987
9  87 291 342 354 517 719 797 814 962
10  159 235 330 367 516 734 842 893 957 985
8  243 329 377 385 438 611 815 864
13  13 98 131 192 238 242 278 299 506 548 552 717 898
8  77 164 257 285 487 833 928 951
8  122 240 263 356 582 691 904 921
2  47 680
13  24 42 79 91 318 397 421 638 683 738 876 929 961
6  156 245 371 470 897 909
8  223 307 392 674 880 920 952 959
8  182 303 308 393 424 690 905 961
9  74 130 176 184 488 505 702 715 807
7  52 230 341 696 790 886 964
13  38 64 68 142 273 307 326 356 391 554 621 898 972
12  82 131 182 286 370 372 378 772 793 828 829 843
10  11 142 151 252 449 497 551 783 811 933
4  359 640 808 987
12  1 22 31 80 151 300 360 723 726 866 896 945
8  333 334 497 680 853 864 875 935
7  128 156 309 439 661 811 997
6  41 113 159 376 411 948
6  22 106 336 470 578 599
9  89 196 201 281 293 340 685 734 811
11  29 107 114 155 166 472 584 665 873 900 949
12  98 159 227 229 415 456 527 742 799 839 969 988
10  109 162 338 573 666 719 740 774 837 999
13  48 91 132 208 334 500 502 590 789 808 916 949 964
8  23 39 273 422 539 854 958 991
10  163 217 325 483 527 586 625 726 934 996
10  11 38 148 153 196 420 436 439 567 577
11  82 85 94 221 511 537 612 614 667 859 997
7  123 201 268 413 784 837 930
13  14 41 213 286 364 447 490 593 623 690 727 902 966
7  56 81 113 225 490 743 847
11  11 99 100 217 227 232 699 796 831 886 959
8  379 392 461 521 711 715 908 977
11  26 130 196 427 449 583 585 671 824 839 860
8  13 331 441 444 500 663 744 755
8  100 138 248 328 329 717 739 848
11  8 121 184 224 243 638 756 764 856 900 930
8  82 108 135 188 276 335 661 930
13  23 224 271 290 353 402 608 620 633 655 679 752 812
12  185 222 262 637 649 721 826 828 866 893 973 977
16  23 44 76 222 233 299 338 523 553 621 683 738 851 931 952 984
12  8 185 222 254 270 578 624 639 731 852 910 952
9  60 194 197 474 491 504 676 797 831
11  33 114 165 292 492 744 752 767 813 895 973
11  168 226 332 368 409 476 606 662 745 826 925
12  40 55 76 78 139 166 218 277 414 503 606 878
10  43 131 299 306 386 549 743 753 886 958
9  244 419 427 580 720 780 795 923 996
9  51 136 144 180 201 226 485 716 934
9  9 63 130 195 273 479 521 657 875
10  108 262 289 375 466 491 553 608 906 929
9  41 166 167 418 519 545 568 600 842
10  203 369 444 513 586 695 769 942 986 992
12  9 38 270 574 630 687 810 840 863 926 949 960
6  8 41 184 355 936 964
10  240 331 364 518 529 675 806 879 880 900
13  61 103 136 144 185 499 560 714 745 827 854 927 996
9  89 254 403 476 508 547 587 746 784
8  147 408 454 471 560 664 750 956
8  4 159 199 328 552 579 632 979
15  57 171 216 353 365 435 584 649 679 697 810 824 885 888 950
9  86 140 289 391 650 855 895 952 989
11  147 157 246 294 317 378 427 615 625 630 690
9  184 341 378 401 439 550 613 623 713
11  51 87 112 158 448 630 640 670 802 975 984
10  20 285 322 399 447 693 763 770 856 953
9  34 195 494 520 556 884 910 959 991
9  60 100 166 199 391 614 709 762 978
5  367 687 723 783 806
12  239 254 345 378 482 485 612 683 695 702 738 786
13  17 23 83 126 196 237 246 322 633 706 721 775 931
10  67 89 170 215 358 371 417 683 854 921
6  128 254 545 839 894 972
7  279 332 578 651 661 702 749
6  320 505 609 768 906 985
14  7 16 79 97 226 229 292 625 672 709 749 770 779 986
11  16 34 59 144 224 336 421 512 615 754 944
12  55 76 242 290 305 490 517 522 693 855 877 898
12  10 128 154 173 241 422 451 472 690 797 837 844
12  98 104 110 225 246 247 273 571 572 695 730 952
6  153 414 638 736 803 920
13  72 123 257 565 577 649 659 689 761 775 830 875 911
10  7 102 183 269 494 601 613 621 634 845
11  8 75 238 297 646 666 683 703 724 787 804
11  101 148 273 346 422 526 634 693 703 732 885
11  4 24 93 247 440 467 554 596 689 832 959
14  167 289 359 371 590 609 693 707 737 771 772 910 933 939
12  44 360 454 486 554 594 642 728 826 862 917 971
11  117 244 261 364 460 589 603 733 850 981 999
7  122 304 306 345 838 866 991
10  174 193 269 301 618 644 674 703 754 778
9  59 242 360 617 669 734 751 777 930
14  2 160 414 481 513 683 692 697 793 814 837 873 917 967
13  48 365 423 565 662 686 722 733 750 763 787 801 915
12  154 171 242 323 337 537 567 609 627 709 806 931
10  6 140 145 216 384 386 459 734 813 908
12  74 163 241 344 408 435 556 590 664 692 785 875
7  301 308 334 469 568 804 965
10  172 318 383 405 466 552 589 602 712 990
2  35 257
7  44 363 508 621 761 835 930
14  92 95 108 219 233 372 494 662 679 716 850 879 919 964
10  5 60 86 264 318 484 520 664 781 838
11  63 73 133 204 580 589 591 811 920 967 982
5  503 642 695 748 943
7  35 77 282 586 667 826 979
10  96 222 288 455 460 516 565 597 640 912
9  85 88 115 293 339 362 609 611 865
11  45 275 390 512 646 693 742 753 875 889 912
12  172 339 344 420 699 713 719 722 733 747 855 866
16  21 28 51 303 333 396 413 501 566 674 722 866 867 875 922 998
16  234 293 303 340 475 479 504 531 563 607 710 818 921 937 968 979
9  10 78 294 426 568 696 778 783 867
11  53 175 210 215 248 280 540 591 633 700 912
7  51 128 272 655 738 970 996
14  81 131 172 228 347 348 356 362 398 614 631 759 875 884
8  65 207 393 401 430 438 755 993
8  167 185 395 442 491 521 617 931
11  127 324 440 676 713 723 733 809 882 971 973
11  12 67 289 372 390 457 511 610 635 648 764
4  100 396 479 991
9  153 324 349 423 646 759 834 848 874
11  26 226 240 296 301 318 493 566 587 608 685
9  209 213 265 277 304 423 588 847 931
8  182 198 523 600 791 889 893 976
12  43 146 160 248 278 716 726 729 858 891 945 976
9  132 180 313 404 423 461 488 726 998
9  13 197 300 370 391 457 726 862 889
9  49 126 339 407 565 641 837 909 964
7  122 214 263 347 513 836 952
3  576 777 820
8  89 100 405 415 449 469 477 809
9  98 121 325 366 422 608 833 864 887
7  12 40 76 148 333 722 910
9  198 229 349 426 543 564 600 689 853
10  120 131 178 571 620 628 699 810 858 939
11  13 212 343 483 501 510 512 561 722 823 924
11  39 69 79 218 234 349 413 585 623 629 801
8  14 474 547 674 724 794 900 976
11  214 345 369 437 452 456 549 610 676 738 763
9  199 338 447 503 515 554 632 725 928
9  27 275 438 510 722 742 781 833 884
6  401 408 425 618 737 960
5  56 105 146 260 591
9  42 251 267 509 513 560 791 920 945
9  28 161 273 364 415 602 678 766 882
4  285 351 770 789
13  3 195 248 376 500 533 617 637 665 682 908 956 987
8  18 267 313 422 441 582 723 894
12  131 243 433 474 480 569 645 666 749 789 863 873
9  151 280 305 480 487 680 878 890 990
7  365 461 672 717 754 862 958
13  210 217 219 287 316 328 458 565 587 628 767 802 887
7  200 239 352 530 542 677 726
3  150 688 860
9  2 68 259 352 365 512 674 876 972
17  108 348 379 397 428 468 472 531 567 596 598 610 619 686 725 904 920
4  121 132 896 992
12  82 90 285 313 317 546 649 688 690 702 782 907
11  35 173 177 206 215 298 426 620 683 874 888
11  120 121 134 175 227 271 324 440 580 595 858
9  248 482 681 685 756 909 930 995 999
10  17 102 268 273 337 608 612 661 792 800
13  23 25 246 335 465 534 556 589 605 685 721 793 874
7  73 99 133 457 479 529 994
9  93 103 203 361 619 623 802 819 895
11  130 149 331 405 474 592 604 611 613 635 939
9  90 124 363 742 780 858 935 982 999
9  310 419 505 579 596 606 631 715 989
12  34 35 90 474 497 536 639 760 764 796 851 965
10  56 256 340 523 587 619 704 738 754 780
11  0 105 137 217 246 281 325 339 348 372 902
12  70 110 246 325 412 444 513 558 636 662 819 851
6  33 77 321 345 373 640
10  86 181 190 396 412 416 432 745 862 967
9  276 284 500 535 596 600 685 761 991
10  14 146 243 316 407 610 611 617 936 981
11  22 133 233 345 386 424 439 443 697 727 736
9  126 317 357 404 434 501 789 818 879
8  22 323 454 476 515 597 725 927
10  70 133 193 301 326 434 473 613 796 911
7  3 11 143 239 263 358 477
10  189 234 258 513 594 602 621 796 862 968
10  101 113 116 159 175 338 384 406 638 786
9  113 172 354 369 502 559 750 854 881
8  226 448 625 831 853 866 913 949
10  91 195 245 281 340 344 418 590 636 645
8  9 34 108 407 583 719 742 939
13  54 188 233 385 473 478 488 535 559 695 933 945 991
9  96 129 157 306 410 575 628 652 905
13  169 237 350 434 442 444 523 527 562 678 798 836 990
10  8 80 121 164 223 369 461 495 873 925
11  210 220 267 313 336 524 549 636 714 786 991
9  80 293 405 480 574 729 794 885 991
8  47 271 350 485 566 597 690 977
12  122 205 293 320 362 515 620 636 637 660 663 668
18  151 228 305 373 407 430 541 595 645 675 777 791 821 828 863 902 918 961
5  286 610 665 757 845
12  13 102 175 209 242 369 387 444 667 683 706 813
11  57 68 168 541 552 652 653 654 680 757 995
9  24 52 320 345 556 704 784 967 998
6  1 102 183 614 761 994
15  50 147 178 364 394 489 652 720 821 855 924 929 934 943 998
6  56 268 320 606 764 890
10  11 172 335 396 568 807 820 856 919 930
11  4 5 19 109 212 326 611 827 845 936 988
15  6 48 464 615 620 636 645 793 812 840 886 888 919 984 990
10  21 33 464 525 546 618 622 869 906 923
4  191 861 970 988
10  165 241 286 392 441 453 607 704 859 955
12  13 114 193 272 285 464 613 669 836 923 946 998
21  5 38 54 109 153 157 158 233 235 326 330 344 401 531 567 596 641 666 697 767 965
7  172 562 785 902 935 948 962
3  549 793 860
13  66 194 286 352 364 473 753 754 764 766 884 890 900
20  27 55 67 69 241 263 295 307 376 430 431 465 548 635 668 694 714 806 936 960
10  111 149 260 432 455 462 557 573 763 894
7  63 168 354 433 561 570 943
16  11 69 88 147 182 205 233 331 359 417 571 583 701 882 988 999
12  103 123 140 163 392 410 466 584 870 879 914 980
7  400 452 636 795 843 965 990
12  110 151 196 262 269 378 501 631 799 833 843 969
9  30 55 213 291 409 600 602 676 832
10  22 60 109 172 199 276 585 620 711 896
10  177 206 259 299 347 618 800 807 909 947
9  78 110 307 480 565 570 753 941 963
12  56 296 498 517 573 635 741 752 782 841 922 965
14  17 98 125 227 390 510 514 603 617 678 697 741 885 935
9  65 86 90 158 159 417 465 561 643
7  339 563 688 783 799 815 962
14  96 104 169 176 191 394 461 495 724 726 796 818 922 975
8  806 821 844 897 910 974 975 985
8  70 73 154 184 490 642 648 976
10  128 219 297 300 402 506 696 849 853 982
12  9 248 354 372 452 513 608 627 702 728 780 964
14  0 40 77 83 128 161 252 297 501 521 594 766 857 979
10  237 257 395 441 592 620 666 743 908 931
12  1 18 81 288 318 330 563 646 696 730 741 862
7  4 6 19 117 176 333 470
10  137 190 256 336 374 672 741 762 954 969
15  283 285 311 351 457 491 523 570 679 738 850 858 932 949 982
10  59 90 202 266 371 521 601 796 841 842
10  3 90 138 182 183 579 848 891 909 947
9  370 390 482 499 592 602 673 944 979
8  18 27 288 346 395 613 840 980
10  132 241 361 399 443 515 520 538 613 981
11  84 85 165 197 236 308 366 854 935 939 960
2  488 549
13  92 179 208 243 375 381 422 597 608 799 898 903 925
3  171 308 461
15  30 66 100 113 166 252 387 516 618 657 723 838 928 993 998
12  160 209 247 390 464 495 617 639 824 922 931 951
10  31 102 149 188 221 239 321 516 602 977
13  11 39 61 140 312 376 574 694 697 761 827 851 999
11  230 277 315 415 629 668 785 839 890 954 960
13  147 174 179 183 198 232 260 381 464 685 753 968 988
10  147 247 454 468 539 595 639 756 827 954
12  52 339 340 523 555 584 727 812 836 849 858 961
10  69 184 206 292 299 623 739 781 910 920
16  16 112 119 137 158 199 355 408 424 459 596 710 719 855 924 991
9  161 299 337 425 434 610 620 828 849
8  0 53 121 125 300 312 376 882
9  30 278 420 496 550 673 676 705 856
9  62 173 174 267 312 513 536 914 969
10  24 138 281 394 439 449 651 671 723 995
7  121 255 285 304 390 689 809
14  8 290 314 538 619 690 733 740 807 847 875 893 948 969
5  358 459 665 720 859
9  14 172 186 206 364 574 747 861 952
11  54 347 384 422 558 696 707 709 757 768 845
10  236 376 430 456 524 569 605 853 868 876
7  26 167 367 717 879 922 958
9  58 121 191 319 408 548 748 756 775
7  139 170 195 689 751 933 962
16  3 17 125 127 201 215 292 314 392 411 519 620 664 838 920 925
11  56 62 119 245 352 430 591 679 692 818 893
9  92 96 132 439 471 486 607 861 919
11  36 115 184 201 209 233 464 610 624 927 944
10  123 140 144 180 305 330 403 467 520 962
11  156 187 333 360 491 582 595 621 742 758 823
11  95 109 140 199 412 458 535 731 751 793 931
7  44 186 336 345 540 550 830
13  81 92 224 292 359 470 645 658 792 942 952 974 990
11  38 57 84 180 332 373 580 587 662 886 953
15  45 100 189 207 333 405 461 539 543 546 630 828 854 934 942
10  66 273 338 354 434 521 565 733 784 970
9  291 389 451 570 622 725 907 931 986
10  18 29 34 46 67 524 619 832 889 980
13  118 139 160 161 247 383 412 448 526 756 818 924 988
4  73 77 487 873
9  39 204 216 243 345 488 961 985 996
12  36 152 159 181 297 638 705 757 802 815 883 982
6  27 166 168 359 692 699
7  18 164 354 520 657 731 957
10  30 100 230 233 449 502 723 729 758 891
6  194 202 205 517 845 929
7  38 90 140 178 387 663 806
9  304 481 560 587 778 870 909 912 984
5  158 169 301 897 903
11  114 196 255 265 566 571 614 632 847 957 964
16  3 35 51 85 107 123 270 341 452 507 521 583 732 780 783 991
11  76 199 240 276 280 384 538 566 723 787 811
7  66 185 233 315 334 538 864
10  9 89 120 171 177 243 323 608 808 979
8  266 293 474 516 558 569 712 889
9  7 149 154 500 612 749 814 842 870
8  90 367 528 659 668 748 924 996
6  71 115 120 508 648 912
11  22 41 116 272 281 347 362 430 627 866 885
9  65 234 325 656 717 737 784 882 967
13  26 44 164 261 352 413 504 549 555 605 619 655 876
7  244 616 629 777 801 919 963
9  22 85 236 397 482 548 560 599 781
6  39 190 580 733 771 861
9  253 263 294 362 503 753 768 985 996
12  168 234 269 346 474 508 525 578 768 832 850 907
14  38 104 155 254 293 304 313 498 538 747 748 889 899 951
8  179 198 217 350 415 605 758 991
14  64 73 104 198 308 349 522 609 724 732 796 822 877 915
6  210 290 361 372 865 930
14  61 71 76 107 120 193 216 427 557 650 793 826 861 902
10  146 240 242 342 435 562 648 769 862 959
7  173 248 760 784 787 851 951
9  0 192 425 519 615 628 767 842 910
10  155 166 196 331 567 696 699 780 849 971
14  23 74 151 168 215 262 291 309 319 359 367 568 854 941
15  37 98 143 233 285 401 438 482 542 661 712 760 797 945 993
14  60 64 77 202 309 379 403 551 583 598 711 773 811 852
9  286 375 406 588 604 636 729 786 986
9  84 96 186 253 495 563 592 731 789
11  47 205 236 270 430 499 762 873 894 954 975
15  145 194 235 364 412 433 652 662 687 694 767 784 865 957 973
11  24 28 120 221 282 464 554 736 794 920 942
13  16 137 145 193 345 375 385 464 560 681 740 943 974
8  304 311 414 735 795 803 840 847
13  104 230 326 427 430 614 654 678 701 709 764 848 952
7  22 348 430 580 676 723 946
5  526 542 659 829 902
13  23 24 216 379 430 438 455 465 517 634 846 858 995
12  24 241 289 470 541 566 616 636 637 712 835 979
8  21 97 131 407 637 639 973 976
9  148 191 217 249 278 347 797 887 983
5  56 317 322 734 951
10  183 213 244 335 354 419 746 824 832 890
5  181 290 477 968 971
4  177 439 929 955
10  20 182 278 420 547 619 676 718 816 857
8  9 113 425 648 686 690 981 991
13  16 59 326 327 442 542 576 608 623 635 637 642 793
10  213 352 375 414 531 682 797 837 905 955
7  287 374 376 378 604 845 937
12  101 114 118 160 193 302 412 459 572 677 887 969
12  88 109 122 212 362 440 582 628 705 746 798 979
7  136 193 332 468 521 533 582
9  1 22 86 171 321 519 711 888 943
8  14 337 401 645 672 745 788 836
8  62 208 363 455 521 818 922 988
7  357 498 593 642 668 741 957
8  302 365 587 611 720 754 835 989
14  29 81 100 165 186 331 482 536 558 573 733 810 934 952
12  53 57 80 295 424 477 482 659 679 868 878 996
7  312 358 369 587 686 733 881
11  82 168 280 455 635 651 654 814 831 843 976
13  34 116 128 229 269 335 363 677 730 741 781 870 938
11  67 179 312 364 479 522 652 769 821 954 982
8  245 250 278 289 369 464 479 902
11  32 75 198 292 308 430 525 566 651 793 802
9  90 120 153 243 599 675 743 857 907
8  183 214 288 410 570 588 692 925
5  509 541 684 750 959
9  108 354 428 461 532 758 825 918 976
11  31 151 205 344 389 469 527 537 604 775 935
11  144 260 309 330 333 407 462 843 904 917 937
13  86 132 146 183 230 285 439 547 563 582 665 741 903
7  36 55 291 292 371 388 946
16  0 8 215 264 465 495 556 698 723 739 847 864 892 908 912 987
7  24 57 503 775 825 900 955
7  195 202 314 529 683 899 974
10  19 172 352 455 534 716 876 916 941 946
8  10 28 191 201 284 577 601 734
8  231 263 431 685 813 842 894 987
9  132 245 318 559 622 674 763 902 976
14  52 132 164 188 348 358 403 407 532 655 688 751 769 824
12  196 368 498 568 593 613 660 758 785 850 942 985
9  38 81 224 281 337 378 608 707 968
10  107 334 418 474 633 635 640 824 834 902
7  102 122 125 173 355 488 712
9  66 274 340 445 510 746 790 967 975
14  56 73 91 101 168 194 205 224 318 331 462 620 845 933
10  39 186 189 317 324 408 519 550 905 980
6  307 356 614 619 899 921
11  24 43 225 249 328 376 461 723 897 938 948
13  28 179 237 311 393 410 480 628 731 733 803 838 932
13  62 74 152 211 435 533 607 630 671 683 785 801 859
11  28 37 83 128 164 166 330 529 598 638 917
13  87 95 110 236 372 384 410 637 753 757 778 798 883
13  7 9 80 106 204 250 271 420 476 574 734 737 976
12  40 58 91 177 197 312 382 663 729 786 815 833
13  40 50 62 121 180 360 379 571 718 775 801 895 969
7  99 183 427 467 580 933 938
11  5 102 152 189 206 297 311 459 583 706 804
9  49 290 316 354 396 528 667 777 930
14  27 43 93 151 431 531 577 729 822 872 946 977 985 995
15  143 187 188 277 286 454 555 563 564 618 627 688 731 846 928
11  381 567 597 621 644 650 763 778 807 813 946
7  7 107 210 286 372 767 919
9  7 494 539 613 715 800 915 926 964
10  40 41 79 345 391 552 575 729 811 886
12  134 181 291 298 411 505 542 694 739 754 773 898
8  6 160 285 581 703 732 742 994
10  107 149 180 268 365 415 638 877 899 946
11  37 51 169 231 260 265 381 432 890 918 926
11  93 129 130 143 167 380 613 662 693 714 773
10  142 188 253 273 333 367 413 470 942 967
6  91 104 147 752 852 905
12  83 146 160 180 202 269 579 809 811 859 910 940
8  62 113 467 631 729 744 860 881
7  1 207 313 324 603 770 804
15  74 83 124 248 299 310 339 465 511 541 652 671 715 853 996
12  229 268 366 374 429 737 863 901 905 929 931 937
6  260 360 381 458 751 769
8  90 231 326 544 739 793 918 977
19  10 71 100 177 243 293 301 371 440 441 470 488 547 550 580 712 767 955 961
6  166 193 257 414 468 587
12  6 165 167 200 384 507 528 778 843 849 869 992
16  72 85 155 231 271 459 533 567 568 588 606 656 795 809 862 886
15  33 42 112 117 125 226 292 304 316 326 387 428 592 810 959
9  128 227 366 400 766 781 783 857 891
12  36 45 120 151 223 299 422 736 872 876 903 949
9  137 151 236 364 482 483 585 674 989
9  106 151 231 298 525 820 826 858 884
12  20 50 141 169 271 505 522 551 573 678 798 987
11  146 349 402 533 558 593 612 848 896 953 985
10  140 185 371 450 503 580 669 742 773 781
12  113 136 186 421 443 531 534 723 784 817 949 965
9  293 300 311 345 524 739 756 800 805
9  178 210 292 392 455 514 752 838 966
11  114 208 487 536 550 581 628 655 761 826 933
11  66 201 350 427 493 624 696 738 747 753 961
6  17 160 318 363 556 963
11  255 268 487 494 619 630 701 727 836 914 940
10  36 83 386 477 512 638 709 782 871 911
9  28 120 548 748 766 790 793 878 925
7  73 109 160 213 641 735 812
7  440 450 498 614 645 851 871
8  17 42 67 81 445 537 599 682
11  29 158 164 411 516 566 570 645 858 867 984
8  85 248 291 422 758 809 860 904
10  13 180 215 461 512 591 757 758 857 914
11  92 477 651 652 665 759 867 889 897 908 923
16  4 82 89 206 324 327 363 367 501 559 566 721 779 929 948 996
4  43 71 315 594
16  0 16 84 124 171 200 267 385 586 632 638 762 770 830 866 879
9  8 203 230 281 378 746 771 814 916
10  40 128 137 288 348 479 615 703 772 874
11  71 220 328 444 446 630 694 760 767 818 891
6  105 115 128 169 325 868
6  124 567 591 733 824 973
12  85 195 388 490 525 601 758 817 841 910 929 959
7  311 368 466 579 602 813 855
12  4 69 75 128 285 310 523 540 674 902 907 958
13  56 121 208 321 433 473 548 732 735 745 782 815 883
10  0 9 146 320 439 504 588 695 885 956
11  51 55 128 163 416 625 677 717 733 747 809
17  214 278 380 427 492 551 593 616 647 702 715 719 720 786 827 844 874
9  83 172 205 241 275 330 579 684 951
9  15 123 205 294 309 498 643 777 853
8  42 89 189 335 504 691 728 936
12  164 188 233 266 325 347 388 688 726 791 865 929
14  383 475 488 516 552 574 583 641 817 833 841 887 945 977
5  292 305 475 543 554
11  91 118 161 476 500 637 653 727 729 737 777
11  138 260 266 298 441 549 615 688 694 745 780
