1000
3  260 530 781
11  34 165 268 280 368 382 386 569 674 676 986
6  58 94 348 404 861 907
7  45 149 206 235 322 380 402
11  53 253 260 336 358 435 554 834 928 948 955
10  289 351 420 528 612 741 771 799 908 991
11  64 113 125 236 238 493 650 822 825 937 980
9  49 296 332 415 688 796 887 913 944
4  266 508 734 979
14  87 122 180 208 223 385 458 477 489 576 829 915 948 957
15  183 198 384 441 455 480 576 636 803 808 811 828 904 914 931
10  155 167 274 336 381 395 509 544 558 637
9  68 154 180 185 261 447 790 877 893
12  64 112 191 250 290 307 499 562 608 776 779 900
10  25 169 239 285 384 396 401 632 635 955
9  267 278 300 314 505 596 825 852 992
10  147 148 198 295 346 441 672 684 783 999
9  193 212 428 506 572 754 855 874 886
10  25 32 65 184 190 395 397 405 842 851
8  23 240 590 677 724 871 873 881
10  141 272 489 698 727 744 760 821 826 908
9  113 214 614 642 648 704 729 762 814
7  242 431 571 580 586 723 938
11  19 143 150 154 164 241 395 442 664 782 903
12  80 208 256 358 454 465 518 525 555 656 905 928
13  14 18 121 132 219 283 349 442 511 598 621 698 741
6  238 529 753 897 942 986
7  65 142 658 678 732 749 879
11  34 66 335 356 385 421 608 631 845 888 981
11  121 358 406 419 570 582 683 773 780 897 944
3  398 613 820
15  150 225 259 262 443 525 562 608 612 622 630 658 670 835 876
13  18 48 62 179 194 222 268 383 459 500 580 604 952
9  289 315 358 497 654 781 845 940 949
11  1 28 226 284 310 449 552 559 736 782 869
13  155 267 318 332 440 446 455 548 633 669 683 731 852
12  63 121 122 294 370 410 412 424 435 463 605 977
7  182 311 443 731 889 948 955
10  47 213 248 454 501 694 712 773 959 988
9  49 105 124 237 265 299 557 718 904
11  113 121 136 179 211 366 396 494 590 672 937
11  175 186 256 274 286 417 419 446 705 845 962
7  136 143 548 567 957 972 997
7  48 127 157 370 474 638 978
11  100 195 255 279 346 354 434 680 704 890 981
5  3 47 400 505 994
15  95 210 240 283 341 402 555 564 610 631 634 677 841 864 891
12  38 45 237 314 591 723 726 761 803 897 987 988
8  32 43 451 532 631 704 859 962
9  7 39 320 396 399 410 450 727 779
8  113 461 663 754 788 851 884 971
9  173 176 427 446 452 553 674 767 965
14  131 146 210 374 400 441 590 688 737 778 822 874 913 972
19  4 92 104 120 133 139 145 223 270 301 360 395 396 406 426 448 469 626 890
11  156 278 304 328 344 444 537 579 701 779 877
10  200 223 250 406 500 558 562 574 621 944
6  57 64 199 474 630 766
13  56 94 119 368 401 422 505 540 617 694 823 856 933
7  2 62 392 445 703 888 988
7  224 338 616 656 661 688 960
15  98 228 275 351 407 517 589 661 698 723 735 773 847 850 948
9  217 230 317 495 547 553 611 614 774
12  32 58 69 251 296 412 505 547 644 662 842 999
12  36 148 194 271 276 281 514 589 729 772 778 911
14  6 13 56 73 132 288 352 353 354 467 496 523 802 960
14  18 27 97 196 223 498 616 633 656 708 785 853 881 913
10  28 76 103 201 602 625 690 727 804 904
7  130 278 316 630 706 785 960
7  12 70 328 331 418 678 695
12  62 139 301 314 400 460 535 607 717 789 794 957
11  68 124 274 291 307 357 505 536 636 658 724
10  345 368 371 382 494 533 553 611 827 923
16  121 200 277 483 505 543 593 606 706 721 743 779 810 834 848 987
15  64 261 266 295 305 317 408 546 637 645 680 716 739 812 988
7  254 324 419 536 595 713 945
7  193 326 488 704 714 776 930
11  66 128 261 386 420 462 514 602 837 895 973
8  134 296 357 383 461 521 641 664
12  204 508 516 629 696 725 767 789 914 922 957 971
3  285 612 897
9  24 174 238 400 503 659 701 841 951
4  109 385 615 754
10  139 217 260 354 401 414 520 549 790 930
7  246 705 712 724 736 858 887
10  97 163 302 491 506 509 784 806 826 845
8  127 326 407 670 761 854 970 974
6  241 376 625 644 707 721
9  9 95 163 312 529 567 653 732 864
7  230 464 563 577 759 764 892
6  116 300 388 642 729 997
11  147 535 537 552 556 651 730 795 917 948 965
15  195 285 517 559 561 726 790 791 794 832 852 872 918 934 996
14  53 202 228 314 514 578 579 584 641 667 783 889 980 981
8  99 313 354 654 706 899 926 991
10  2 57 156 159 218 358 787 825 842 925
10  46 87 222 269 456 478 579 587 602 758
5  328 396 813 839 996
10  65 84 145 157 218 241 366 718 925 967
9  60 116 124 137 212 364 583 794 869
10  93 180 333 496 525 655 657 666 677 944
7  44 116 126 273 373 618 677
9  304 394 500 510 540 728 814 877 963
4  178 191 626 721
11  66 411 578 590 631 649 731 771 784 869 879
8  53 125 197 287 381 502 627 650
11  39 122 209 257 271 309 366 407 544 891 917
11  127 151 184 250 423 424 474 549 907 975 998
7  143 333 340 403 583 767 793
10  296 421 432 452 507 532 701 712 798 805
7  81 133 361 762 767 899 913
10  289 350 367 428 563 594 617 643 807 961
11  305 344 461 531 541 612 661 715 760 944 964
7  13 137 160 331 356 358 731
9  6 21 40 50 662 818 833 854 902
14  131 228 251 258 272 283 365 384 452 470 777 851 932 950
5  196 340 805 840 987
13  89 98 100 131 163 171 373 645 652 690 691 918 933
9  374 402 499 565 617 669 848 925 971
9  253 378 450 581 595 670 769 829 994
12  57 123 172 174 393 517 751 793 845 878 926 960
6  53 167 267 279 337 776
19  25 29 36 40 72 143 151 263 378 446 494 547 589 601 671 769 792 891 918
17  9 36 105 220 259 348 352 460 516 589 653 719 772 825 941 943 976
10  119 138 412 514 656 826 856 901 925 934
11  39 70 98 321 556 647 746 841 890 923 941
13  6 104 155 157 355 374 439 483 659 718 831 953 961
8  100 469 543 587 748 843 945 990
9  43 85 106 358 647 656 726 769 770
16  76 130 201 212 217 281 298 315 382 386 527 535 605 918 957 988
8  276 286 328 429 578 615 664 853
17  67 128 183 254 288 305 311 315 336 391 418 636 660 691 761 902 953
13  52 114 116 171 172 312 407 603 828 831 852 888 973
12  25 64 346 446 528 536 555 638 691 706 861 993
14  53 109 222 225 292 326 542 639 712 742 788 853 882 966
10  77 187 262 318 335 480 526 709 748 872
5  226 325 581 589 839
15  40 42 178 182 233 259 261 269 387 520 529 589 682 746 874
15  98 112 222 288 303 374 440 501 548 691 704 800 887 908 999
5  123 413 710 736 941
14  53 69 82 200 306 440 471 487 534 618 687 691 727 923
9  169 174 476 592 617 796 887 961 980
9  20 269 285 406 510 553 605 767 844
8  27 295 377 424 593 609 618 914
16  23 42 107 121 195 277 433 459 460 543 617 682 698 757 811 964
9  285 435 445 500 508 701 784 870 983
11  53 97 250 281 430 488 628 680 890 899 954
14  52 331 363 397 407 657 666 707 740 842 868 931 966 992
7  16 90 173 441 481 590 685
11  16 63 153 185 556 594 726 730 764 792 891
6  3 420 562 594 722 767
11  23 31 253 353 394 560 686 796 807 922 993
8  106 121 283 466 494 495 707 872
4  165 332 386 980
12  148 241 277 320 594 654 670 697 707 738 781 821
10  12 23 177 214 303 390 424 685 803 968
13  11 35 125 189 197 276 289 428 465 483 599 632 725
9  54 94 311 395 426 467 661 846 902
13  43 97 125 185 358 440 467 509 637 854 862 868 990
7  193 258 303 501 579 636 700
6  94 166 318 323 761 846
13  112 179 190 193 425 452 553 619 750 786 797 813 832
14  202 224 293 351 447 491 624 634 661 748 907 918 924 994
8  172 269 670 683 766 794 870 906
14  84 87 116 322 348 371 399 422 556 593 726 833 855 913
7  23 165 454 585 601 748 896
9  1 152 164 247 517 681 747 804 813
7  159 249 353 438 625 744 860
8  11 120 382 386 787 884 942 992
7  389 602 607 700 725 808 943
10  14 140 291 411 471 493 779 790 795 808
8  235 334 476 616 639 797 862 984
14  116 131 272 352 404 423 513 524 615 635 781 917 937 969
14  119 131 162 226 320 410 446 464 676 807 844 882 927 969
7  51 147 292 341 412 539 692
9  80 119 140 513 598 673 780 808 919
9  41 227 316 402 435 555 737 768 894
6  51 389 626 684 691 894
7  154 183 218 322 790 849 941
13  102 136 202 242 266 659 895 909 938 949 967 971 994
11  32 40 160 227 262 335 586 614 671 735 988
17  9 12 99 264 447 479 512 522 556 575 593 669 831 864 888 924 975
12  218 320 350 381 393 692 722 744 836 864 899 900
9  37 136 296 580 584 623 699 758 975
8  10 130 177 234 604 614 875 919
11  18 106 321 380 402 444 669 685 719 798 973
8  12 148 157 351 525 613 688 728
9  41 392 544 602 603 757 798 867 936
7  134 193 296 378 501 879 966
10  203 315 320 357 379 505 684 839 917 947
14  155 231 245 325 370 426 468 578 590 643 646 709 948 953
10  18 160 312 323 397 739 770 875 931 955
13  13 102 281 402 442 502 519 535 564 587 672 733 845
5  352 390 415 523 584
9  17 75 158 160 187 351 404 501 771
11  32 63 326 390 592 666 742 772 912 919 968
13  44 91 143 203 206 293 307 630 650 677 752 772 804
9  65 115 233 552 562 603 792 852 905
7  104 155 397 495 591 594 714
11  10 16 478 513 562 616 633 641 648 663 881
9  56 288 416 693 708 948 954 958 961
12  55 72 139 234 270 327 502 811 822 897 915 981
12  66 128 227 240 311 384 613 769 847 898 921 931
15  92 161 178 207 315 376 387 418 544 729 792 798 845 995 999
11  188 195 346 473 580 656 777 785 788 871 976
5  78 259 452 702 866
6  491 557 683 707 799 845
4  3 195 251 477
7  202 228 462 472 549 641 662
9  9 24 255 382 417 463 481 590 973
12  105 219 221 224 273 411 476 507 586 719 814 963
12  46 52 371 416 555 566 570 600 623 793 831 999
11  40 292 313 327 377 521 694 728 771 829 857
10  17 98 128 251 336 386 722 822 852 941
12  38 253 255 332 443 453 586 602 668 740 829 833
6  21 154 298 508 700 983
9  231 330 424 457 484 486 658 693 803
4  529 589 773 792
7  61 82 128 326 420 908 971
12  94 97 177 181 219 294 452 460 560 706 875 918
11  25 209 218 430 503 737 812 873 892 911 922
8  122 325 327 369 396 585 962 971
11  209 242 308 399 406 450 605 797 815 842 864
12  32 95 133 137 302 324 397 492 571 597 776 961
9  9 53 55 65 242 557 622 972 995
12  59 161 209 226 265 374 433 644 646 753 869 924
12  31 133 313 341 400 450 524 551 633 647 663 741
13  34 135 172 224 262 372 500 561 646 681 754 808 914
13  175 179 201 298 336 339 382 407 629 690 813 957 967
13  60 92 114 207 340 368 473 607 685 706 757 776 829
13  327 350 358 373 550 574 651 707 732 735 753 774 927
7  61 88 271 507 800 814 901
6  189 215 254 331 797 906
5  326 487 786 819 999
12  136 196 345 484 557 700 811 839 854 870 874 963
14  183 200 280 573 616 620 621 646 657 666 690 722 946 991
10  3 170 284 415 517 681 768 816 925 960
16  6 328 331 352 370 422 451 487 508 530 540 594 621 665 919 967
6  39 47 240 696 894 971
10  6 26 80 309 499 704 800 841 978 979
5  14 402 796 815 858
10  19 46 201 237 336 452 462 857 933 950
9  23 86 97 153 249 472 674 730 785
9  22 178 221 223 349 535 902 937 989
6  414 494 649 690 706 904
11  245 323 379 402 403 535 646 672 729 758 882
8  189 244 341 428 540 704 733 750
6  83 401 512 520 814 970
8  165 284 474 516 546 620 772 773
4  38 354 518 761
8  166 241 452 555 681 683 766 848
13  13 55 106 145 407 476 574 702 712 721 783 854 878
19  62 114 206 212 265 371 387 425 431 457 467 493 593 595 835 870 914 961 970
7  419 437 509 512 652 689 967
9  4 118 150 213 440 524 674 911 950
11  74 130 231 398 476 579 617 649 708 803 990
10  44 208 213 306 343 502 744 772 883 907
9  24 41 281 341 352 406 577 582 831
5  105 264 266 577 805
13  114 158 270 575 604 615 636 651 704 722 741 768 938
10  31 122 136 204 303 503 579 595 647 755
8  0 4 82 553 625 750 832 844
13  12 73 76 136 447 545 558 598 617 800 838 843 924
10  31 134 179 226 450 465 477 650 895 957
5  121 480 603 630 758
7  180 257 494 567 614 763 917
14  39 224 251 309 393 409 431 516 519 520 537 585 674 711
10  8 73 178 257 282 283 473 848 928 955
13  15 35 120 291 347 370 458 480 556 758 863 881 908
11  1 32 286 445 465 487 509 613 625 662 825
13  95 136 141 162 360 376 377 469 527 629 836 870 898
10  53 200 258 418 507 560 594 795 798 933
8  63 105 230 344 475 644 664 741
10  20 114 171 373 601 685 692 702 821 832
9  100 209 284 487 491 599 686 739 813
15  11 41 70 309 376 463 626 629 664 792 805 818 889 914 970
11  60 286 289 397 641 676 707 772 819 875 978
11  63 129 155 357 685 712 737 806 855 913 974
7  72 143 153 549 838 900 971
11  15 54 67 295 296 321 516 533 692 837 977
8  44 120 477 495 662 726 921 994
11  1 234 326 349 443 449 486 631 712 972 999
14  63 128 145 191 256 317 458 570 590 608 609 717 922 944
9  266 295 348 393 421 475 499 643 836
8  25 46 114 151 266 366 432 692
8  34 235 247 273 667 758 880 886
12  14 79 91 141 144 493 843 860 903 927 947 955
12  41 129 268 275 334 361 372 449 552 615 709 866
12  104 386 392 485 494 578 656 664 771 802 822 888
14  64 130 137 199 340 377 431 455 488 564 683 709 801 943
12  5 33 110 155 275 293 302 497 615 680 763 822
14  13 339 355 368 389 410 434 465 650 659 663 887 942 975
10  70 169 267 429 530 750 887 907 963 969
11  133 173 211 435 692 697 756 759 922 924 927
6  161 195 289 540 636 905
13  36 218 421 479 558 653 716 775 788 805 843 863 918
8  16 73 142 278 282 422 446 712
16  7 62 77 108 182 187 278 403 501 689 800 827 885 908 944 962
7  318 335 632 650 661 919 950
11  128 214 227 327 431 458 513 520 774 873 954
10  39 370 540 572 694 699 730 761 850 887
11  15 89 378 477 635 665 673 752 791 926 966
12  53 69 418 602 643 644 652 666 687 719 744 986
11  84 222 289 345 356 367 436 687 770 888 950
8  137 154 158 259 502 510 642 804
6  54 101 413 551 741 879
9  73 111 130 391 468 507 879 938 956
6  139 255 311 318 370 571
9  13 70 195 335 363 504 603 613 845
7  221 360 398 429 604 733 929
9  105 238 265 274 381 454 596 739 917
8  34 370 434 456 625 681 812 924
12  37 130 156 201 306 362 385 439 492 500 659 945
10  87 131 190 340 389 409 461 515 925 968
6  93 211 225 786 887 928
11  15 47 69 92 390 506 594 656 700 748 970
11  33 128 130 188 202 445 452 582 636 655 964
6  67 175 380 444 516 822
9  61 73 281 331 366 395 447 667 766
14  35 134 159 297 306 326 360 406 439 448 494 602 898 904
7  373 594 643 744 805 852 954
9  49 153 172 181 188 451 528 657 854
6  124 184 278 558 671 938
8  3 163 177 333 448 644 719 877
11  159 190 244 475 479 495 522 701 754 792 815
9  74 222 365 447 473 553 667 673 894
12  135 189 220 329 417 618 619 636 684 872 877 970
12  75 85 133 194 217 232 280 318 714 722 820 845
11  200 211 220 229 298 392 432 446 542 615 916
8  54 68 96 129 236 456 654 916
11  325 399 423 449 467 598 605 725 856 911 972
4  215 416 745 940
11  68 112 146 231 236 317 574 739 746 798 971
11  7 35 152 213 410 677 687 841 853 953 975
11  99 107 322 348 358 390 495 680 806 903 975
12  170 286 388 502 511 526 538 597 634 676 767 933
12  28 134 179 297 307 374 404 462 605 636 809 848
15  4 11 130 212 227 240 347 454 565 571 709 847 902 929 938
8  120 352 397 409 411 479 501 803
4  59 470 738 900
7  227 290 359 415 525 787 993
10  107 115 228 288 312 378 400 565 686 902
16  46 173 225 245 256 387 395 443 454 512 574 655 753 843 863 878
5  606 729 785 825 858
6  255 364 482 869 895 902
11  54 111 271 430 457 548 613 620 638 825 874
7  71 233 302 407 421 839 861
13  16 44 132 203 437 584 637 639 640 747 879 935 998
4  267 336 500 975
9  2 122 163 282 333 623 722 783 939
9  25 242 280 390 466 525 645 695 758
8  110 181 229 351 499 504 624 735
12  5 60 161 185 193 350 436 625 647 666 899 932
14  64 122 171 192 236 256 337 371 476 608 649 760 900 937
8  64 150 166 415 466 489 507 982
7  44 64 82 93 248 906 992
6  125 290 407 718 886 924
13  28 112 302 360 388 399 560 621 724 803 808 895 954
11  70 77 188 276 492 550 611 791 838 849 979
19  4 24 29 33 94 112 127 157 229 333 372 558 586 611 638 722 837 848 917
7  339 386 414 599 672 742 900
12  53 269 308 318 356 361 624 661 807 820 944 984
11  109 286 360 511 536 647 755 884 885 931 986
10  311 498 516 553 634 724 752 788 931 985
5  146 307 364 508 676
8  98 343 363 527 534 576 717 930
7  114 324 443 500 513 661 709
11  40 97 105 283 317 378 457 554 591 656 877
8  110 302 488 493 634 655 693 965
12  1 57 71 228 290 370 457 649 658 821 852 861
10  220 432 458 529 531 706 773 902 917 921
18  36 43 189 236 267 299 306 310 368 396 399 410 583 600 737 859 898 899
10  71 163 210 251 352 424 551 664 739 786
11  226 286 358 373 422 531 638 702 713 798 965
10  100 116 229 272 319 372 451 585 661 928
15  52 117 125 137 224 335 387 505 506 537 596 679 760 930 947
5  617 623 770 819 831
9  86 202 269 274 469 515 550 598 844
9  142 211 269 288 592 653 754 823 997
19  118 121 187 300 340 366 386 451 486 506 558 634 675 789 812 816 919 951 963
10  188 244 442 540 589 612 859 885 916 932
12  3 184 316 433 481 524 550 637 788 832 900 955
6  11 104 181 309 419 714
12  1 71 128 167 208 227 536 540 674 785 875 909
6  32 77 508 724 783 913
12  10 14 114 201 393 412 445 514 622 642 729 858
9  9 28 81 311 474 661 906 956 990
14  1 76 128 152 167 212 287 359 378 611 823 932 942 971
15  136 202 251 341 374 395 401 413 544 593 672 701 805 837 981
7  89 334 356 603 679 697 790
14  168 176 290 312 396 520 525 611 683 844 906 919 935 970
18  154 192 194 314 333 349 544 564 639 642 688 729 789 826 859 865 974 994
9  130 305 611 684 691 699 822 893 983
6  58 186 287 327 547 888
10  119 181 265 282 384 556 651 761 827 951
10  101 150 538 612 733 813 913 915 972 992
19  11 18 23 53 156 317 341 387 454 469 478 499 509 524 543 547 572 724 927
16  14 40 49 53 96 220 370 389 407 408 576 580 649 737 890 963
16  18 146 190 197 222 275 337 604 711 731 797 803 820 832 983 999
7  30 254 308 401 639 816 931
14  49 163 221 329 356 370 449 516 622 689 704 705 874 994
10  45 52 69 80 225 340 478 574 584 882
11  14 57 82 246 387 398 514 853 865 899 986
16  3 46 117 175 184 191 239 244 412 604 655 682 686 713 838 997
8  107 244 296 517 576 596 628 633
11  2 171 193 335 459 494 495 722 868 898 966
3  18 733 979
11  29 53 55 141 221 256 318 514 621 831 990
17  60 85 105 131 146 227 250 345 355 396 431 439 525 536 635 775 844
5  73 396 546 604 730
14  265 312 337 411 437 473 594 681 715 791 801 807 847 924
14  36 49 172 290 332 370 511 547 622 636 667 779 881 925
11  103 169 209 337 409 420 439 561 667 716 737
13  36 62 123 173 384 402 536 572 594 597 662 792 938
11  138 304 387 556 610 627 671 855 881 904 972
7  82 243 359 795 818 841 951
14  7 192 235 339 353 453 515 531 549 604 767 834 901 992
6  199 210 330 487 629 669
8  41 208 325 487 737 744 916 949
13  68 130 202 270 301 442 444 465 486 572 622 666 694
12  29 41 74 252 381 423 868 902 919 924 945 984
10  5 76 149 217 411 426 454 520 663 992
9  28 108 282 294 345 517 566 769 793
12  57 163 236 295 372 455 489 582 626 673 708 821
13  106 171 329 419 483 524 530 602 645 804 829 869 892
16  36 106 142 154 215 371 425 563 581 680 786 824 850 892 927 968
12  160 251 424 434 443 509 593 626 657 913 952 957
8  53 156 189 420 612 725 843 871
8  51 466 502 570 731 909 947 949
9  17 110 155 245 469 678 721 810 880
7  129 291 308 490 640 771 958
10  145 219 344 431 640 775 868 877 978 986
13  22 251 265 288 298 407 430 487 543 719 783 847 985
13  108 283 327 369 538 643 685 725 735 788 873 928 954
12  143 224 380 494 505 629 708 710 714 766 861 935
10  44 290 310 425 484 535 583 683 689 754
9  4 36 144 175 292 619 679 735 964
7  302 351 458 497 669 692 963
9  252 346 409 513 766 832 880 940 984
7  166 574 611 678 834 847 879
11  125 311 318 407 411 595 695 885 893 918 985
10  35 137 139 157 253 504 575 640 783 838
7  10 16 52 147 711 762 794
12  23 25 191 379 418 482 529 639 702 771 949 982
17  31 37 213 280 341 365 425 475 488 502 684 711 714 739 763 813 981
10  54 184 316 418 449 647 687 797 870 972
8  58 144 268 315 384 488 869 954
11  35 41 51 121 132 172 295 327 550 641 978
10  12 161 180 261 317 324 731 829 919 960
4  53 318 322 538
12  34 280 286 329 399 444 486 529 566 855 872 949
11  49 118 221 225 262 569 614 661 771 875 992
11  48 236 320 373 378 556 608 692 904 929 952
12  51 108 114 160 204 218 240 249 315 459 513 914
6  213 415 487 756 763 980
18  24 38 164 309 336 341 395 420 499 505 692 718 754 782 837 871 950 967
9  10 35 288 422 496 502 532 758 825
12  95 310 328 534 626 737 746 805 872 953 967 971
10  215 251 344 366 368 650 676 944 950 953
11  9 267 281 298 369 436 504 545 655 865 905
10  32 143 404 452 590 789 822 940 976 993
10  69 122 143 218 546 690 728 763 791 802
8  50 77 111 312 699 794 903 908
11  76 207 240 335 502 566 644 682 739 852 929
6  36 208 274 607 773 854
4  88 172 894 928
12  24 155 262 268 290 418 472 507 786 905 914 919
7  151 349 353 427 597 617 777
17  64 156 157 251 329 479 588 628 650 732 747 825 867 889 921 965 972
5  189 305 570 840 920
14  53 126 269 376 395 428 567 599 717 775 808 857 932 946
7  114 338 536 628 745 792 978
7  139 169 537 698 798 941 967
9  207 241 465 477 482 585 607 609 853
13  203 228 266 324 409 536 604 663 716 725 861 899 985
10  43 56 106 247 385 654 803 833 864 980
10  271 282 323 443 509 583 768 816 836 897
14  140 170 209 250 254 352 517 608 639 709 749 960 971 998
12  9 206 262 279 300 472 502 611 650 702 895 937
7  95 198 395 400 509 780 933
8  180 294 323 337 467 676 783 856
8  10 134 263 267 596 607 811 934
9  147 208 380 529 585 678 756 940 945
8  343 442 472 695 808 839 844 920
7  72 125 155 423 503 766 887
9  215 233 434 506 515 551 664 683 820
6  287 524 532 628 876 929
12  215 280 378 418 449 524 525 535 554 601 666 998
13  139 232 236 268 273 416 417 431 453 513 606 780 789
9  75 145 288 367 443 445 694 815 972
12  9 20 353 422 526 617 637 670 678 830 856 996
5  429 499 638 801 941
10  84 161 205 273 536 552 587 673 734 820
7  222 311 357 503 509 543 876
10  6 169 251 285 367 592 742 820 900 973
15  40 71 121 151 243 264 287 318 404 433 528 547 587 792 804
16  61 151 197 279 323 333 404 591 604 716 763 772 825 839 854 947
7  64 99 455 687 709 911 934
5  33 289 436 624 645
7  65 362 628 630 840 918 932
9  13 117 238 282 350 395 454 490 739
13  32 55 101 144 226 311 347 365 642 693 711 907 960
14  38 137 158 187 193 296 337 537 562 700 727 791 804 944
15  104 191 200 255 303 334 427 443 455 462 477 591 617 692 696
8  80 219 259 483 492 860 946 997
7  307 350 440 458 620 871 993
18  15 45 57 62 70 72 188 374 433 454 614 629 666 721 751 807 890 977
14  17 84 314 374 378 484 513 567 615 679 810 859 935 956
13  108 209 230 270 305 353 465 517 564 728 770 839 857
10  8 78 144 214 236 363 383 543 635 908
17  11 84 157 252 268 395 425 475 478 492 516 538 688 747 798 802 931
10  101 141 303 527 538 623 646 740 774 826
5  25 334 361 410 668
8  180 246 252 341 548 589 617 700
13  171 174 198 298 365 437 452 487 506 630 730 849 925
10  63 76 92 123 384 401 406 677 782 809
6  312 376 415 484 560 863
15  78 122 247 265 278 316 362 399 509 527 542 626 710 770 831
13  60 91 119 165 235 403 421 476 507 550 634 656 919
6  24 248 558 606 623 878
6  191 265 609 727 768 878
11  82 136 246 265 298 389 420 694 767 768 970
7  77 211 643 653 697 732 809
9  180 323 591 738 753 831 862 935 963
6  64 192 616 634 784 922
14  171 225 253 380 395 423 485 486 539 616 645 777 845 894
11  24 31 99 185 339 349 389 407 486 610 845
11  134 334 489 534 597 733 869 871 895 912 918
12  128 269 364 510 516 779 804 817 841 928 936 990
8  5 132 320 494 558 565 623 671
11  26 87 136 216 369 442 449 481 765 921 998
9  0 236 291 423 661 686 821 899 928
10  111 369 372 415 636 669 697 820 830 998
11  48 108 455 485 742 774 795 800 844 895 922
5  71 278 540 614 719
9  139 364 456 526 638 662 788 852 905
11  69 90 128 191 242 244 434 486 706 759 760
17  70 74 132 361 382 407 412 470 473 491 554 595 627 816 873 892 994
11  54 90 265 374 471 501 602 628 657 979 995
10  334 394 432 448 509 510 541 748 891 902
11  173 524 568 610 696 738 781 821 915 948 986
11  57 101 236 245 293 299 379 382 533 713 717
9  111 538 560 614 717 835 894 928 973
5  133 327 516 593 933
14  72 126 143 395 431 492 508 550 565 597 631 672 869 939
13  11 105 186 202 387 390 574 614 803 865 868 869 888
7  261 458 570 616 701 887 908
7  73 247 408 460 560 577 993
12  61 62 121 392 395 410 494 578 648 680 757 930
8  35 42 137 344 512 738 788 816
7  82 106 207 277 415 774 996
11  229 357 376 380 446 517 543 798 942 956 988
5  225 304 371 484 918
13  34 90 196 286 491 597 698 744 779 795 812 848 928
16  51 61 71 141 160 260 324 362 597 599 705 777 840 887 920 963
5  4 366 486 536 795
9  24 46 132 175 210 249 607 662 837
11  90 124 148 163 180 267 393 413 451 631 804
6  39 205 223 233 811 895
13  11 55 261 294 321 358 378 518 528 845 899 949 995
5  34 91 563 599 667
12  150 218 270 356 515 541 546 591 809 880 941 963
6  91 226 411 626 806 824
16  13 31 55 149 196 198 501 584 643 725 733 764 805 848 940 958
11  88 110 424 559 620 626 711 727 806 807 857
8  46 191 288 390 507 635 727 969
10  117 336 340 528 543 632 651 847 859 997
7  210 421 449 462 730 762 809
9  42 87 264 469 506 743 816 827 990
5  539 617 781 857 932
5  1 450 609 834 875
8  29 210 281 427 468 545 609 832
6  22 222 306 336 617 960
9  17 299 395 412 418 603 622 846 879
4  234 604 949 990
14  55 229 250 331 341 400 438 544 580 610 703 859 907 998
6  180 258 440 660 754 755
10  9 10 364 396 403 618 620 731 762 763
6  88 256 257 546 904 976
12  92 103 129 189 287 547 641 656 703 733 824 976
8  54 92 95 158 254 259 627 851
8  22 32 182 203 396 574 755 782
7  118 135 424 694 730 853 885
9  29 256 315 422 620 692 809 885 937
14  98 107 370 434 475 605 667 798 844 896 900 920 937 991
11  92 182 192 346 400 562 603 615 763 883 979
11  164 220 265 373 472 481 700 725 775 839 883
9  22 179 209 213 358 592 598 783 948
7  95 126 191 491 494 825 978
6  467 590 598 642 646 683
12  60 63 121 122 135 136 216 379 512 658 783 951
13  19 40 52 103 147 189 208 281 459 588 633 846 853
12  47 197 366 495 502 522 560 684 685 697 885 911
7  140 194 377 493 586 724 746
12  72 142 163 180 251 387 425 542 710 838 944 972
14  110 148 149 153 197 236 270 314 319 409 412 764 823 832
11  74 118 251 259 439 536 625 637 689 906 931
9  15 309 374 403 480 611 657 782 838
11  222 334 412 466 526 543 552 553 883 977 986
11  25 174 261 329 376 586 588 673 740 781 970
14  155 273 359 469 553 559 619 633 641 810 826 880 967 978
7  210 370 635 746 815 827 879
5  121 164 272 486 680
15  66 76 95 168 186 213 301 318 423 537 847 901 990 991 996
12  131 186 196 263 307 388 572 584 614 634 815 932
15  32 183 258 308 397 402 408 415 473 495 573 609 731 823 933
13  36 128 141 221 329 335 583 621 635 823 858 872 888
6  72 342 487 518 761 980
8  69 168 228 463 472 480 555 946
8  13 28 31 281 352 451 476 769
11  142 281 472 519 569 570 604 727 955 972 980
14  46 413 525 539 574 638 679 721 723 747 752 783 916 922
15  61 71 357 358 386 389 391 438 477 596 648 686 820 910 985
14  5 31 79 111 379 394 426 632 689 734 821 842 855 939
9  30 185 201 268 307 344 749 845 905
13  21 61 179 183 264 450 505 533 541 544 603 654 658
13  81 129 171 258 286 289 327 506 584 660 753 931 983
11  59 65 170 198 234 523 524 545 690 718 889
19  57 110 117 140 143 254 261 375 466 489 502 512 568 571 672 787 833 937 977
10  100 139 142 325 576 675 740 817 842 963
8  160 325 435 599 777 890 895 999
7  234 247 344 504 563 576 582
12  25 55 234 236 356 406 605 678 689 947 954 955
15  31 223 384 399 410 418 572 639 647 673 685 733 773 792 809
12  182 210 348 375 510 518 528 666 684 915 958 972
4  161 350 360 497
9  66 86 166 260 268 310 351 595 856
12  53 102 176 274 422 425 456 516 561 563 649 706
8  104 413 536 579 772 813 926 964
9  145 403 467 470 485 498 537 779 889
11  78 227 269 274 416 433 505 730 807 826 859
9  31 56 67 195 263 498 513 839 972
13  28 46 48 103 280 543 556 692 746 753 805 806 846
7  14 155 297 565 612 733 927
13  35 65 198 225 403 590 599 681 717 742 755 765 999
12  46 161 334 362 367 378 517 523 603 692 803 823
9  14 171 300 407 508 564 600 605 955
15  10 70 130 158 258 293 315 325 335 410 531 729 772 896 948
12  11 73 157 346 380 489 595 698 701 707 800 992
13  43 132 344 358 372 490 534 610 682 694 697 778 945
11  133 170 346 390 398 442 476 622 647 660 949
8  346 429 430 440 739 788 847 919
13  77 92 198 207 275 446 578 599 677 705 776 828 927
11  21 89 303 384 390 500 588 691 882 916 929
11  110 189 282 301 319 432 521 562 704 836 857
11  62 86 224 271 301 322 462 782 853 893 903
8  73 116 349 423 497 524 669 693
11  189 224 226 234 244 510 588 652 726 882 963
12  124 127 225 259 351 361 444 622 639 699 717 943
11  21 198 547 611 655 781 824 882 899 911 930
10  103 243 254 352 368 396 626 768 808 856
17  6 104 195 262 290 297 457 467 477 664 674 719 784 837 898 905 984
7  90 229 258 393 565 905 918
6  116 252 301 646 763 907
10  87 122 294 377 521 682 796 898 924 962
10  33 93 153 328 474 614 716 735 838 953
10  99 315 341 367 402 458 648 812 815 979
13  24 59 65 123 127 203 287 314 366 517 578 680 961
12  99 146 234 320 425 537 596 820 846 911 973 984
8  27 31 70 215 368 589 614 721
7  80 125 178 290 311 685 832
10  130 575 615 639 784 814 853 914 968 990
16  59 60 111 156 161 297 360 365 373 385 450 530 818 839 965 968
9  62 113 207 268 279 412 534 555 890
10  50 198 225 290 420 473 741 823 825 893
10  23 77 129 271 274 287 371 484 650 713
4  236 300 699 874
15  99 146 194 234 301 351 418 486 505 623 670 877 981 988 990
11  92 284 317 324 410 411 559 583 847 957 977
9  213 511 819 833 845 867 884 933 984
11  35 117 180 184 416 436 531 645 681 692 949
11  31 85 118 153 162 489 666 704 725 837 925
8  121 179 321 413 528 716 793 931
9  16 40 191 244 359 387 543 617 924
11  174 300 324 422 491 598 622 828 853 884 987
11  1 51 241 253 265 382 650 698 770 795 994
4  378 618 886 967
7  1 172 275 334 363 457 479
11  19 46 99 100 195 332 514 641 699 791 913
14  27 68 428 438 481 489 621 754 767 856 885 940 947 958
9  374 388 435 506 610 758 859 947 960
12  44 73 145 289 333 424 547 601 656 757 966 980
10  165 226 235 249 310 409 633 669 850 953
7  136 143 402 462 638 653 818
10  29 35 162 205 249 288 389 434 484 588
13  16 176 188 325 391 443 591 623 692 747 835 891 962
12  147 154 184 228 272 276 432 591 622 659 756 968
9  150 273 340 402 530 611 786 893 919
10  139 301 302 332 444 496 709 745 915 998
10  7 52 59 185 390 509 708 815 836 954
10  252 296 399 434 595 612 621 698 867 926
10  66 116 227 234 243 460 616 868 871 905
9  116 130 132 137 139 176 391 642 897
18  173 181 272 278 283 292 436 451 454 502 582 631 634 669 684 778 817 926
6  199 215 367 500 645 760
10  38 57 211 299 418 488 520 581 638 730
6  68 349 439 482 961 988
6  78 237 502 539 746 838
9  153 292 388 521 531 591 638 907 955
11  20 25 60 143 471 552 637 674 689 899 955
8  182 299 391 461 647 665 677 811
11  158 168 214 233 314 501 512 585 836 925 989
10  54 80 108 144 323 387 545 637 840 972
7  204 250 272 372 442 477 870
7  58 574 578 756 892 895 990
15  21 44 48 75 137 238 245 258 399 643 670 718 874 914 927
6  41 83 399 553 641 864
11  67 72 93 132 218 228 243 369 535 626 922
11  86 146 151 153 205 229 275 637 778 779 972
10  65 199 254 422 433 688 730 875 883 927
14  134 189 286 288 336 365 476 496 687 824 839 880 884 888
4  138 433 516 593
7  265 397 441 443 500 563 990
11  38 83 108 133 250 276 280 295 719 749 904
9  74 372 402 540 664 744 761 913 976
8  75 197 326 381 433 443 762 834
5  111 409 743 792 920
8  73 294 411 473 495 654 671 851
12  69 281 364 469 540 541 633 647 779 851 939 940
11  39 97 125 355 454 616 704 732 737 867 930
11  122 184 209 301 322 431 533 650 712 960 972
2  728 888
10  72 86 102 250 428 505 610 658 911 999
12  149 181 212 234 258 326 348 358 404 780 872 989
11  22 47 60 610 735 790 863 885 939 954 969
11  19 70 83 356 362 383 395 592 726 806 980
13  78 155 168 329 426 432 473 562 585 670 757 773 997
11  47 91 127 148 163 279 646 724 735 943 948
12  20 49 66 139 501 519 563 564 609 739 870 941
9  101 185 211 460 507 720 781 912 930
12  21 63 89 202 244 342 384 390 636 762 852 887
13  90 148 241 299 408 513 566 581 629 694 708 903 986
12  35 37 103 112 397 427 447 576 604 796 901 998
8  27 87 229 467 521 718 767 996
14  191 245 308 394 405 526 562 578 622 632 923 925 974 976
5  8 491 612 867 995
11  60 179 229 350 432 435 654 723 726 834 927
5  34 83 138 828 984
11  52 175 219 276 370 396 411 417 456 718 991
9  153 338 522 539 548 773 811 882 972
13  73 190 273 309 331 371 443 462 499 640 727 913 926
5  146 213 510 598 618
9  5 25 225 258 271 304 663 852 947
9  133 194 359 493 532 633 778 964 976
4  72 567 715 947
12  20 166 181 255 301 319 417 552 713 789 900 953
6  330 470 687 789 834 979
10  124 136 331 456 592 600 631 696 761 904
8  165 346 467 509 610 684 770 865
9  126 134 161 164 314 538 794 915 988
6  27 476 613 712 883 949
8  160 245 260 291 788 799 911 960
7  119 505 758 833 843 903 919
7  195 300 362 610 783 901 963
10  26 224 229 341 522 615 631 759 768 996
13  17 50 81 226 323 377 434 454 575 678 860 874 997
10  259 361 575 580 633 775 788 808 910 998
8  292 453 481 685 703 771 779 846
11  143 186 228 547 680 725 792 848 915 941 989
14  95 182 244 263 267 284 349 455 679 751 897 906 974 989
6  88 292 535 753 766 799
9  20 111 352 374 535 693 822 921 953
12  47 85 130 159 248 299 393 606 713 746 768 885
8  21 109 441 566 576 714 729 767
12  264 289 443 453 460 495 576 584 652 825 833 976
7  88 148 562 594 901 926 987
9  529 633 767 806 829 832 874 927 970
13  56 162 249 317 433 437 483 759 821 859 935 949 980
16  51 78 107 109 141 149 334 415 520 678 732 762 765 780 790 827
9  175 235 258 475 519 520 649 753 761
7  118 121 127 201 421 608 900
9  127 190 302 375 507 516 674 747 966
11  5 103 193 211 287 429 442 450 756 796 977
13  63 122 194 195 247 255 275 495 627 636 778 823 833
14  29 38 60 216 247 369 463 622 725 738 774 786 887 963
9  61 229 298 510 532 549 773 875 937
7  294 407 430 469 585 755 986
8  13 75 120 222 228 641 831 896
9  114 203 466 524 553 619 927 940 972
8  52 63 638 692 707 742 772 996
15  13 49 54 72 169 410 527 552 628 707 717 756 794 837 838
9  29 174 478 487 722 767 789 820 961
13  0 33 153 171 539 568 598 648 728 889 908 968 982
9  23 34 454 514 580 596 644 873 938
14  16 92 250 348 383 431 440 479 586 589 610 752 939 989
7  84 103 144 523 650 660 876
8  65 67 203 241 342 382 907 953
13  160 232 313 371 424 465 686 773 808 888 947 967 996
6  94 167 339 617 960 963
13  50 133 203 294 362 380 432 534 548 640 750 755 949
10  69 78 378 390 459 487 744 745 780 975
10  12 82 91 169 177 388 723 767 816 860
8  91 300 357 409 460 501 677 805
15  121 148 196 202 216 274 323 412 470 494 622 715 757 866 987
9  107 119 210 421 671 809 815 860 955
12  69 91 98 162 441 461 748 779 854 915 983 989
12  90 169 270 414 532 552 554 674 797 921 926 987
8  7 140 150 239 653 731 771 927
11  160 170 221 231 397 444 795 820 858 876 882
11  108 184 186 202 270 331 372 471 509 550 583
5  5 205 750 759 930
11  137 230 238 261 296 532 637 910 936 974 993
7  288 409 490 871 880 889 919
6  64 287 460 509 889 969
13  10 47 154 215 254 337 356 397 474 544 634 935 943
11  66 165 195 303 423 494 501 527 556 856 925
12  108 115 257 274 294 319 387 456 562 631 791 924
9  84 276 333 561 563 631 724 765 906
10  110 150 172 360 409 505 563 629 892 906
12  10 168 169 174 226 356 469 482 649 755 786 840
10  335 514 521 560 566 582 622 793 927 972
7  72 428 506 599 841 864 993
11  10 143 200 233 480 557 699 738 818 851 925
8  73 219 310 378 552 655 843 992
11  96 160 165 227 273 394 443 627 891 911 930
7  21 101 209 230 246 660 869
10  221 239 323 488 600 603 655 688 793 975
9  235 378 398 475 536 548 567 790 881
6  527 618 692 880 907 990
8  113 274 414 661 682 811 858 890
8  232 275 375 668 949 968 982 986
14  30 326 360 397 484 491 493 531 611 657 780 797 834 949
10  20 153 272 368 422 530 539 612 766 864
11  6 52 200 212 287 289 316 391 459 760 840
11  57 377 386 594 604 605 634 663 772 832 963
7  424 561 578 648 709 909 938
13  6 15 94 122 268 342 344 455 467 495 587 663 763
7  20 84 123 390 510 599 629
6  71 296 393 567 600 767
10  10 131 641 673 736 874 943 953 979 983
12  9 118 211 213 228 423 447 765 836 837 966 970
2  489 531
11  125 131 180 210 256 375 406 516 522 776 977
13  91 160 260 272 380 397 437 570 594 659 765 823 843
11  113 163 213 474 617 668 751 763 772 884 961
12  4 72 415 438 569 714 735 745 820 923 979 997
4  31 251 541 684
9  181 269 282 475 643 688 700 829 848
11  76 278 358 387 454 555 650 670 779 829 969
11  261 277 357 402 440 593 596 654 696 779 883
13  96 135 188 233 345 482 495 507 585 630 661 709 933
8  115 468 498 553 701 808 822 931
10  46 80 124 238 332 414 527 810 849 922
8  18 62 94 146 221 612 618 929
10  126 261 285 294 341 426 751 812 832 982
10  141 172 260 376 389 407 482 532 583 910
16  28 33 41 84 119 191 202 205 307 326 524 525 558 613 668 864
9  156 159 572 590 631 657 756 863 959
12  60 201 336 409 431 438 565 602 640 667 893 975
12  72 117 249 266 335 358 552 562 757 836 878 981
7  177 357 513 841 860 902 952
6  60 299 424 681 874 955
8  18 50 114 579 716 717 811 961
14  15 35 91 131 196 212 319 368 462 534 729 741 913 976
11  65 129 133 332 401 472 581 590 644 660 673
9  85 113 157 233 250 320 463 495 794
10  17 163 276 413 449 612 866 918 937 988
9  57 123 329 479 489 625 649 678 804
7  211 240 469 507 563 568 643
8  83 239 342 384 605 797 818 950
11  48 370 379 390 506 565 574 629 679 766 863
7  166 285 503 754 790 793 849
8  2 132 345 368 433 473 922 965
4  157 170 522 912
10  267 294 341 515 723 846 859 867 981 982
11  46 87 180 181 221 474 705 810 821 845 879
6  390 401 458 544 747 940
5  204 286 792 855 944
7  186 467 668 689 718 734 863
7  146 157 404 419 430 544 690
13  34 98 103 224 343 423 445 526 543 544 814 874 919
8  144 162 233 251 269 444 702 727
8  19 203 426 454 504 526 690 801
9  91 134 151 325 449 456 605 722 900
7  19 219 298 432 536 782 882
14  17 52 136 233 344 399 665 704 754 765 828 850 869 924
9  183 190 218 275 382 450 569 708 774
7  31 485 492 784 797 942 974
9  12 54 101 322 325 366 430 666 928
7  119 250 341 518 519 848 990
12  27 103 187 304 305 346 438 572 600 864 972 983
10  284 428 437 560 599 709 801 817 894 926
7  19 65 198 267 410 413 816
12  133 172 244 400 642 646 648 738 797 873 903 993
8  255 584 585 597 708 749 838 918
9  50 167 361 668 673 709 833 901 972
11  296 361 379 439 581 582 591 678 723 761 944
4  17 284 355 675
14  7 83 137 140 290 291 299 313 483 545 553 729 773 967
15  28 58 131 180 287 302 392 544 605 709 720 786 911 937 990
11  37 92 274 467 616 628 781 801 802 948 982
12  44 53 124 145 396 505 619 662 818 901 976 995
9  46 105 121 148 538 684 813 934 993
8  88 219 423 424 536 703 807 963
9  12 391 439 644 663 686 847 923 995
9  175 176 237 324 464 524 541 880 921
11  76 178 262 343 356 477 526 532 557 619 703
4  164 583 636 776
9  26 29 47 79 200 475 691 758 984
8  201 269 318 370 404 650 653 995
14  93 109 145 181 351 370 401 473 530 558 648 698 959 989
12  13 181 277 338 352 359 380 493 583 744 769 872
9  123 230 415 602 731 752 764 884 890
11  113 130 156 242 336 340 343 369 419 538 849
9  23 285 333 461 644 730 751 882 958
10  10 39 66 243 318 413 451 577 712 746
10  24 196 293 458 465 534 613 650 651 690
10  162 231 354 385 389 595 758 806 807 943
12  2 106 161 255 291 500 574 652 697 785 817 909
11  5 20 137 217 267 296 461 508 545 781 914
5  178 382 427 824 907
4  611 755 800 844
12  63 219 253 329 496 591 648 657 721 750 813 888
4  194 526 728 862
14  7 52 65 109 163 276 383 394 425 677 713 739 852 989
12  10 78 142 226 251 274 452 465 660 704 908 984
10  9 200 394 539 623 687 748 757 794 932
7  327 328 379 417 610 642 950
8  90 105 171 188 264 309 358 369
15  91 116 121 128 161 218 294 439 498 526 551 651 855 883 943
17  174 183 194 236 297 378 389 419 447 465 517 640 686 751 801 869 920
7  468 482 553 583 715 919 996
9  201 279 369 467 529 760 795 894 981
12  78 150 219 281 292 523 532 610 706 841 861 931
8  71 124 139 733 834 893 936 983
13  161 180 224 261 292 310 355 409 419 653 672 805 874
13  94 97 117 123 235 312 410 513 670 700 733 804 811
11  93 119 300 627 689 692 739 764 795 880 939
15  172 229 285 292 395 424 632 641 704 708 735 765 777 796 809
12  4 24 266 313 373 432 464 527 530 541 552 877
9  308 336 451 462 485 642 842 947 967
11  75 82 364 374 547 648 718 728 799 813 939
15  10 146 190 201 361 362 398 509 595 615 671 840 922 967 995
10  114 351 379 386 469 498 568 603 915 965
11  57 116 240 270 334 478 542 604 668 839 984
6  91 123 480 496 891 969
9  346 389 433 506 522 766 803 972 998
4  186 527 800 923
13  6 40 171 242 352 477 582 583 617 774 855 888 975
9  22 178 258 305 321 336 412 782 824
8  348 543 612 717 723 783 926 930
11  33 330 437 459 481 562 678 717 777 865 988
10  122 124 138 177 212 471 490 560 727 757
6  26 167 290 386 550 876
9  122 168 288 647 726 803 828 906 918
14  7 29 55 99 111 281 296 360 457 501 593 866 885 959
6  74 126 311 419 481 638
4  234 469 503 607
13  188 285 374 427 495 621 678 679 741 743 786 929 962
12  4 9 37 60 90 189 199 539 586 636 726 889
16  33 178 417 427 442 449 558 573 639 669 749 766 788 819 820 960
9  114 240 253 297 302 454 457 858 916
5  80 378 393 414 589
5  32 425 451 849 995
12  125 130 189 332 456 457 654 681 744 760 785 828
10  145 199 298 319 356 432 445 621 688 723
14  4 14 37 190 266 285 380 609 621 635 697 698 793 850
5  305 385 506 550 999
9  9 42 69 78 128 227 262 425 667
6  199 429 562 623 678 903
6  38 846 899 944 965 986
15  59 64 67 119 235 447 476 500 571 679 719 750 787 949 989
11  110 125 140 199 222 251 656 695 780 833 851
7  41 48 220 296 653 684 947
19  101 209 233 291 378 396 436 522 553 560 618 646 752 773 787 823 892 983 992
6  111 143 315 435 627 742
9  51 90 367 372 467 661 861 932 959
8  133 146 187 300 404 680 770 829
14  97 178 227 236 252 454 456 471 599 675 786 887 929 931
9  154 194 312 424 660 661 685 781 819
8  171 172 291 564 723 802 837 934
11  85 246 251 274 314 325 389 520 598 765 829
12  50 78 117 178 217 220 237 277 331 386 456 476
23  42 52 223 280 329 394 413 444 467 488 593 609 623 630 701 707 719 738 777 809 879 884 935
8  76 131 184 208 493 541 657 987
7  85 276 390 733 758 800 876
11  106 180 182 290 332 333 347 789 815 847 937
11  122 203 459 577 578 713 733 742 763 852 890
8  36 278 505 597 617 667 771 831
8  43 238 275 430 446 470 587 599
10  8 238 357 405 537 584 655 745 828 834
11  6 92 140 152 453 474 606 609 680 724 766
10  28 44 92 200 387 443 666 848 863 921
8  353 442 781 819 843 863 889 985
10  144 214 391 397 615 794 828 879 923 963
11  170 360 419 437 650 657 668 736 897 914 933
6  362 431 439 473 611 982
12  1 26 301 361 401 430 539 597 730 775 819 959
8  47 72 115 673 764 792 795 973
12  38 47 58 73 128 179 550 666 695 748 855 940
10  242 700 722 757 758 783 794 899 913 960
16  126 157 254 385 406 527 567 573 602 660 666 703 711 817 878 888
6  5 93 234 583 602 737
11  15 146 167 354 394 415 420 450 637 812 963
10  132 150 339 459 504 546 800 810 882 891
9  45 118 161 178 279 390 399 536 674
10  202 223 537 558 734 890 893 898 931 952
10  91 96 489 549 602 732 753 778 786 920
9  42 89 377 402 503 565 725 754 834
11  106 346 476 486 529 531 574 687 731 755 935
12  16 62 137 202 210 232 280 397 619 633 721 956
