1000
8  257 399 490 561 691 717 839 939
11  84 119 259 447 490 501 506 613 680 762 869
13  16 97 293 316 354 433 521 561 632 646 693 738 861
6  469 521 534 688 712 836
6  72 93 153 302 640 946
14  27 266 387 435 512 518 579 598 644 660 773 880 939 961
14  22 103 132 168 178 220 265 328 537 565 573 793 868 945
12  11 13 26 116 132 151 153 181 204 743 857 981
17  46 94 95 217 350 454 596 674 675 715 755 783 803 826 871 948 993
12  133 170 228 269 434 473 523 533 541 626 655 880
11  15 139 329 474 525 539 554 600 686 882 957
9  7 76 101 160 166 278 422 436 720
11  124 224 285 417 626 787 849 857 860 949 996
12  7 59 141 147 356 369 374 424 686 784 834 869
13  41 98 199 347 429 476 513 627 765 852 904 914 917
11  10 202 301 376 489 510 623 670 714 779 909
14  2 41 79 101 293 382 441 506 555 611 736 879 928 933
12  63 98 159 347 363 426 540 638 803 825 858 894
4  46 386 777 869
10  102 132 183 243 270 436 664 765 864 878
14  109 270 308 334 379 382 389 413 419 478 632 680 749 952
3  444 588 778
9  6 29 268 381 559 673 736 832 834
11  61 371 408 551 566 637 642 684 728 849 940
6  265 408 683 827 906 988
9  50 115 162 230 451 580 612 909 940
6  7 201 588 642 683 961
12  5 133 157 510 618 636 716 718 727 745 815 898
14  116 160 257 452 544 557 572 632 643 671 681 709 735 737
7  22 202 348 415 423 887 925
9  100 179 198 290 328 365 585 603 831
9  56 62 210 335 418 513 722 756 853
12  104 116 120 195 398 417 443 459 526 550 566 930
12  35 215 296 324 335 478 551 592 609 692 851 882
14  50 233 236 272 309 342 552 659 693 788 937 939 959 994
10  33 100 101 123 403 437 617 777 854 958
9  74 287 328 422 708 778 820 950 999
13  113 121 173 274 354 406 409 421 529 600 651 836 843
7  43 193 307 430 852 854 895
10  119 144 201 236 371 602 859 866 900 985
5  58 494 714 807 938
12  14 16 172 245 334 448 632 741 777 819 933 976
6  182 194 289 385 403 857
6  38 125 511 703 925 974
8  48 189 323 387 478 918 983 992
14  91 92 108 111 243 273 496 593 608 611 657 686 881 995
10  8 18 84 542 547 598 747 802 884 904
5  623 655 734 749 788
11  44 132 143 182 195 218 249 582 594 783 913
12  54 56 75 232 266 285 512 544 652 675 917 938
11  25 34 236 296 448 453 685 766 776 859 981
3  338 792 953
5  57 371 402 710 869
6  112 469 655 818 918 956
13  49 83 292 296 536 548 609 777 789 833 857 972 973
3  371 773 965
4  31 49 452 688
11  52 61 122 164 198 285 416 569 592 667 993
7  40 308 397 502 508 541 760
12  13 161 231 403 460 464 545 564 727 867 954 981
11  91 274 404 488 511 514 572 652 719 747 791
12  23 57 148 317 439 521 538 556 716 761 885 962
8  31 292 533 698 705 838 847 964
8  17 107 233 503 581 683 753 839
5  70 306 451 583 812
6  158 551 567 655 743 930
12  123 386 431 437 476 578 582 630 692 911 963 987
10  120 242 312 320 355 367 388 551 594 653
15  90 215 250 256 423 563 582 623 627 701 703 875 879 915 956
9  146 175 189 205 231 505 510 636 774
9  64 282 444 524 591 643 679 697 791
8  96 304 695 751 769 805 843 859
9  4 152 230 314 652 666 680 793 988
10  109 162 242 301 393 545 552 763 852 874
10  36 150 203 413 495 502 600 862 871 908
5  49 248 467 578 724
5  11 441 516 529 806
12  150 171 211 284 351 448 449 495 592 691 840 949
5  178 394 457 653 930
18  16 101 159 187 378 397 410 547 548 555 577 657 673 777 809 822 864 881
10  157 173 223 288 299 473 475 622 829 890
9  135 277 296 408 508 509 751 782 886
4  152 275 530 916
9  54 165 200 214 269 340 504 654 979
13  1 46 327 357 443 576 597 684 807 829 868 929 935
15  106 142 188 189 290 514 566 622 634 639 698 701 722 842 929
6  89 185 386 439 509 961
11  93 232 252 253 269 302 524 705 760 925 962
6  249 277 285 313 362 480
13  86 111 270 304 390 405 452 459 660 782 906 933 937
10  68 188 308 331 384 398 421 547 765 770
8  45 60 340 343 353 441 503 761
13  45 205 245 304 330 344 445 583 620 906 918 952 974
10  4 87 245 268 359 424 471 651 780 922
11  8 274 326 430 495 620 646 746 781 813 927
8  8 127 338 444 548 686 724 752
10  71 108 113 163 249 516 572 755 787 922
8  2 177 259 340 420 510 872 960
10  14 17 267 390 576 615 645 672 733 760
8  305 527 528 615 626 721 814 851
10  30 35 346 471 485 498 515 579 606 913
13  11 16 35 79 242 288 294 489 604 727 756 930 958
19  19 142 169 244 302 513 534 543 579 621 640 791 836 878 920 925 931 942 991
11  6 192 255 310 408 458 473 482 573 752 804
15  32 131 166 195 254 310 563 618 739 808 847 913 924 966 989
4  410 644 674 702
12  85 163 219 333 340 401 549 594 635 710 776 924
9  63 252 275 502 536 555 611 736 807
12  45 96 116 303 344 348 452 648 666 795 817 930
3  20 73 245
9  149 258 333 392 489 662 714 727 746
19  45 89 203 236 314 358 428 444 506 523 573 626 685 709 870 871 879 920 955
12  53 311 339 367 407 416 490 497 657 740 845 873
9  37 96 145 189 433 545 664 852 894
8  155 186 403 574 742 799 823 988
5  25 125 239 724 860
9  7 28 32 108 152 378 824 912 925
8  153 327 510 544 670 711 743 896
5  254 280 530 573 873
9  1 39 277 321 440 561 562 715 938
7  32 67 150 237 317 345 955
13  37 209 310 342 367 443 465 537 713 788 840 859 944
9  57 323 520 663 681 737 792 814 849
15  35 66 125 142 336 517 613 644 710 729 826 846 872 969 977
8  12 454 680 722 736 804 938 961
14  43 115 123 338 353 380 489 581 641 710 827 853 893 941
11  127 312 335 357 376 384 465 681 846 918 970
13  95 126 269 375 455 469 503 585 607 651 759 807 884
8  172 377 423 546 594 864 954 965
9  180 247 254 434 478 596 854 878 978
9  237 250 548 635 669 691 903 950 992
9  104 240 274 351 444 545 719 728 767
10  6 7 19 48 145 157 314 357 472 539
9  9 27 444 450 557 571 657 668 961
11  210 225 361 415 469 481 483 496 560 816 842
6  81 166 445 670 704 755
13  168 233 373 396 513 541 601 696 716 810 856 882 964
1  758
5  294 357 613 661 745
15  10 377 399 472 520 525 595 650 655 732 750 773 774 784 823
15  166 194 197 221 229 271 282 382 395 404 453 582 829 918 962
12  13 190 201 230 235 381 383 456 583 734 919 983
8  85 102 123 302 307 694 744 774
5  48 208 311 865 976
10  39 147 275 341 353 399 772 781 812 985
12  113 132 246 319 325 406 550 572 687 780 956 958
13  69 177 254 349 416 498 655 708 734 753 758 824 868
14  13 144 148 172 239 275 296 398 429 480 496 832 885 947
11  61 147 236 360 612 621 627 664 768 802 893
7  110 487 500 563 706 774 992
13  74 77 120 191 215 240 379 383 464 480 666 743 834
9  7 282 456 637 668 734 803 812 980
13  72 82 116 204 286 410 532 658 730 743 838 902 986
14  4 7 117 165 354 361 366 467 561 629 934 936 944 968
9  221 356 629 717 747 756 785 792 913
15  114 230 269 285 291 327 345 363 501 505 609 772 896 913 969
9  203 215 464 585 613 725 765 846 928
14  27 80 132 199 372 392 394 401 592 602 716 831 873 888
12  65 205 258 401 409 532 637 647 659 674 752 973
11  17 79 181 322 377 388 418 490 673 766 939
13  11 28 162 331 369 474 498 503 572 578 604 809 930
12  59 209 274 340 341 400 537 579 619 792 851 916
13  25 73 160 188 357 390 407 557 657 740 767 914 948
5  96 106 212 318 912
7  57 336 460 463 656 713 907
8  83 153 322 337 469 780 906 932
11  11 104 135 140 350 446 507 527 721 846 967
7  230 332 451 491 887 906 941
7  6 136 222 478 584 911 968
7  102 207 330 487 542 562 968
3  9 351 840
5  77 295 341 582 954
12  41 128 147 243 247 319 324 369 397 426 538 920
8  37 80 174 332 639 686 809 855
4  173 571 633 918
7  69 213 391 510 575 626 763
13  266 279 318 338 523 529 549 658 708 863 924 942 985
9  97 146 381 544 613 679 686 730 819
5  6 78 472 519 975
12  30 182 185 196 255 360 560 599 771 807 838 959
5  129 469 518 709 745
14  7 159 186 253 364 545 568 626 666 769 824 837 939 947
8  42 48 179 217 290 539 592 863
8  19 232 434 626 657 698 699 762
8  197 371 611 713 741 757 909 970
7  86 179 344 366 393 508 612
13  114 181 250 306 386 397 403 494 528 545 734 754 909
8  79 194 278 312 458 647 666 942
12  85 90 162 473 521 633 702 781 813 824 874 996
11  44 69 85 113 344 399 493 582 724 742 952
9  141 329 378 588 616 660 796 820 896
13  150 273 308 312 574 719 768 776 878 894 903 915 918
4  103 200 213 948
10  38 201 224 339 624 646 664 703 705 714
11  42 140 187 298 306 498 687 697 719 843 875
12  32 48 104 305 319 373 427 663 741 777 955 963
7  179 220 268 461 469 735 880
13  140 184 241 281 298 302 434 596 645 678 689 888 950
6  30 57 393 472 630 860
10  14 157 320 349 441 533 559 613 900 994
8  83 192 433 551 624 826 833 926
11  26 39 141 193 234 316 463 707 723 804 826
12  15 29 374 375 499 544 695 880 881 886 902 984
13  74 111 156 238 372 460 545 601 736 852 875 904 959
10  7 152 251 318 328 366 396 531 674 697
12  69 92 158 364 582 674 689 755 778 779 842 995
8  269 346 356 364 495 498 695 702
6  169 401 519 658 672 784
10  143 250 426 429 478 494 532 612 633 672
11  121 161 331 459 478 519 714 742 942 946 984
8  31 134 277 338 582 737 825 934
11  77 386 495 612 674 705 774 830 869 933 979
9  163 239 267 289 331 387 411 868 892
3  175 192 560
9  83 245 354 396 511 533 617 735 955
11  33 68 150 156 239 248 269 314 479 692 754
23  228 230 264 277 338 353 387 389 563 595 602 623 627 679 701 762 771 868 882 884 912 948 949
11  8 182 272 274 279 285 470 626 712 941 987
10  48 235 254 423 447 519 617 739 770 797
11  106 273 307 469 477 539 594 680 706 933 941
9  6 196 357 388 567 643 915 960 985
7  140 154 426 554 617 743 903
9  168 265 275 322 347 475 481 513 599
4  80 412 627 816
11  12 193 237 264 361 425 427 492 605 643 803
13  134 232 242 303 309 333 429 440 515 566 681 737 799
8  444 478 638 805 832 873 904 997
6  251 438 704 877 925 937
7  9 216 370 600 614 734 774
15  140 239 343 361 412 544 553 612 633 639 645 743 785 944 984
14  25 72 141 155 167 216 304 393 646 653 680 823 953 980
10  59 69 414 515 571 589 789 791 818 925
11  49 87 183 225 336 548 660 689 722 817 987
13  34 63 136 327 402 462 550 749 822 872 897 898 940
10  201 377 406 528 627 689 837 857 917 978
7  141 218 282 419 465 630 641
10  34 39 50 111 148 292 340 504 853 988
6  120 130 224 397 410 982
9  203 321 385 398 476 577 695 735 986
9  115 147 212 215 229 321 529 823 936
12  131 150 247 271 300 353 368 650 789 802 853 910
5  197 280 337 742 922
10  67 73 101 225 418 602 623 632 739 980
12  19 45 172 312 374 533 568 637 669 835 896 900
10  102 330 629 786 818 844 847 945 946 987
20  41 92 93 109 214 480 485 504 506 510 539 606 632 685 689 745 785 806 810 931
7  145 331 570 712 715 900 923
12  129 172 240 312 446 584 700 855 924 952 979 994
16  75 215 362 407 428 466 505 626 679 705 785 792 807 874 876 892
14  48 88 96 319 363 443 551 605 680 695 706 716 842 877
12  68 130 186 208 547 552 570 605 638 776 785 840
12  204 227 253 413 422 486 620 659 707 776 788 968
10  87 107 303 493 500 547 662 749 909 939
10  87 181 251 269 378 430 516 628 630 965
13  104 118 129 146 218 484 525 559 628 692 878 881 958
8  103 179 535 673 685 893 970 997
8  68 537 676 755 795 862 948 977
7  0 28 323 475 637 841 896
10  110 158 491 520 597 655 783 788 838 985
11  1 97 272 405 435 464 469 501 597 713 851
5  285 527 751 889 936
4  561 871 936 951
7  301 315 367 391 559 578 587
6  264 416 544 622 906 908
8  216 224 263 278 448 525 700 913
8  6 24 222 309 455 456 594 641
8  5 49 176 357 430 535 821 904
12  98 212 295 297 358 367 393 563 642 878 880 886
11  22 93 196 289 441 513 595 649 656 678 845
16  9 83 87 127 155 206 215 253 318 357 431 448 533 659 772 900
12  19 20 89 287 324 436 483 543 674 750 885 886
6  140 240 290 558 941 963
15  34 217 259 282 347 371 607 640 658 683 762 788 838 876 910
7  45 191 219 345 433 461 854
12  37 60 94 131 161 217 451 552 618 839 864 879
15  82 107 144 147 222 366 441 478 488 663 716 742 753 794 966
6  319 392 542 699 827 958
13  81 88 119 210 216 589 697 698 730 788 845 915 983
11  11 187 264 289 329 334 391 476 656 681 835
9  176 217 302 644 698 766 879 911 933
8  118 241 386 472 639 683 854 858
10  197 289 293 306 347 412 416 622 741 970
17  70 140 151 235 272 376 482 560 620 702 736 759 798 821 832 904 966
8  392 413 421 539 604 635 823 877
5  77 413 698 802 815
9  12 49 57 88 155 217 260 543 973
3  152 289 390
12  36 270 329 439 447 455 520 574 616 657 679 949
10  80 101 549 575 606 670 743 766 960 978
14  42 212 268 278 281 286 348 455 542 596 636 678 793 907
12  30 85 182 271 295 369 446 625 628 703 728 908
5  155 362 400 477 948
14  54 62 236 479 496 699 718 723 743 790 800 816 879 990
7  2 16 281 297 448 819 875
8  101 138 350 507 671 677 711 811
13  171 267 290 327 379 425 607 634 667 854 866 881 892
14  33 50 54 81 147 374 379 434 522 732 736 828 908 962
8  267 293 318 535 691 746 855 960
9  194 197 328 384 457 500 546 582 600
11  80 309 353 478 573 611 614 712 764 937 941
9  240 315 320 503 533 750 887 952 976
12  15 73 262 456 577 647 698 740 749 793 878 919
15  4 87 102 142 197 279 321 385 483 522 560 612 632 849 914
7  108 225 252 419 453 591 989
13  71 89 92 230 370 375 407 447 455 469 506 586 616
7  99 195 407 493 508 737 754
7  64 186 194 281 339 878 962
8  38 142 219 495 568 570 820 994
13  20 58 90 191 313 314 344 346 493 594 601 618 814
13  34 225 265 299 327 386 390 532 562 591 618 638 981
13  103 104 121 330 430 504 552 598 623 707 714 927 994
10  112 143 332 359 473 519 709 753 932 998
18  67 126 187 191 243 247 367 526 587 593 608 686 786 801 848 868 942 985
6  88 308 416 463 651 922
8  72 111 132 215 308 458 496 871
7  262 300 552 785 874 903 961
13  2 201 348 389 418 458 482 484 643 688 826 926 974
6  61 120 532 602 603 790
15  163 176 204 269 297 344 401 442 457 520 577 653 665 832 870
10  145 172 195 249 276 411 496 574 773 811
12  67 199 300 322 390 517 533 593 606 758 828 902
9  119 238 239 302 484 550 620 938 972
13  159 165 222 320 432 575 649 689 785 847 892 963 977
11  44 122 257 536 579 665 675 759 787 797 833
9  33 172 270 395 493 532 761 773 952
7  145 409 414 545 760 901 926
7  94 427 509 638 838 911 958
12  84 117 155 233 295 309 394 522 559 644 727 818
17  6 30 36 204 298 346 417 449 518 556 610 731 736 772 827 832 886
9  10 190 278 287 352 451 609 659 810
12  92 169 244 310 413 451 508 525 672 816 964 992
12  90 160 209 212 246 333 366 484 654 750 785 807
10  167 173 311 459 625 698 704 782 873 935
7  106 110 225 331 856 927 951
9  20 41 278 335 349 714 834 948 974
11  31 33 126 334 456 477 602 610 733 745 897
10  123 164 232 515 611 691 695 712 732 786
15  165 241 425 429 571 619 637 674 758 784 849 884 897 983 991
10  51 95 125 176 210 216 722 747 788 795
7  112 193 306 375 613 708 854
10  83 91 97 106 161 236 384 410 636 874
9  144 161 171 388 448 595 754 789 792
7  34 121 701 788 900 974 992
8  91 229 531 634 809 812 940 942
13  92 108 185 189 308 318 355 364 397 493 536 574 691
12  120 155 273 543 710 730 763 806 833 836 933 951
8  100 206 308 328 533 722 925 994
14  14 17 222 272 281 387 477 513 763 773 820 886 905 955
8  29 108 289 316 391 394 523 986
8  146 199 334 560 614 723 945 946
6  8 166 294 524 845 861
7  77 131 170 631 672 961 995
4  329 581 753 911
10  91 125 144 216 240 299 358 457 506 680
7  2 37 153 214 452 569 788
8  67 344 461 467 668 796 841 885
9  13 154 206 363 394 438 497 929 961
17  84 126 132 138 162 220 266 269 468 595 866 928 929 942 957 973 977
5  111 267 353 375 851
11  93 311 510 522 579 645 727 750 926 932 964
7  148 179 373 521 706 827 973
12  134 153 224 229 409 423 460 472 501 634 779 962
7  88 248 291 380 424 644 968
15  17 155 249 356 395 408 497 596 615 721 768 812 819 826 933
9  181 205 206 344 471 523 579 863 943
9  30 455 462 510 659 683 754 804 980
12  153 185 204 275 331 402 472 647 676 794 813 904
16  67 112 121 262 267 312 409 415 486 507 546 550 661 673 748 945
9  240 377 428 454 579 681 775 816 830
13  13 160 172 290 524 542 646 732 749 766 783 800 804
9  228 304 382 427 589 666 702 715 793
14  23 39 52 55 184 272 479 510 587 667 697 766 820 879
7  157 203 438 454 662 698 995
7  136 195 360 496 509 532 683
16  13 202 243 296 449 460 470 478 575 665 793 803 908 930 955 973
14  127 202 304 339 358 531 542 572 589 747 786 807 935 982
9  15 126 282 541 663 683 693 817 950
11  128 139 159 234 368 464 504 601 815 849 911
10  79 116 190 253 547 611 683 731 847 905
10  20 150 295 296 383 586 645 832 931 979
9  125 362 383 560 569 584 662 773 845
9  22 141 177 394 565 607 794 871 968
13  16 20 140 370 484 513 678 693 718 761 853 876 918
9  141 150 379 380 433 528 626 780 838
8  90 126 298 340 593 692 863 893
13  42 238 302 399 420 438 450 539 698 711 726 864 931
14  18 66 86 186 211 280 309 467 635 665 813 842 844 960
10  5 44 212 216 347 416 501 585 624 951
13  67 159 220 341 429 451 461 528 550 577 588 618 843
6  20 216 316 588 715 968
12  89 98 162 286 309 320 444 708 721 739 807 835
15  175 262 278 348 472 487 532 547 645 702 781 785 886 939 990
13  110 157 276 283 566 644 692 718 849 860 866 870 904
11  73 185 198 230 267 619 711 785 833 900 901
15  78 157 327 348 356 381 404 424 463 478 490 641 696 749 905
15  140 324 363 419 486 492 557 560 572 611 665 679 757 789 891
12  136 204 214 474 523 569 598 606 614 620 930 955
16  58 79 172 186 237 344 430 446 545 639 651 761 841 866 899 968
5  32 90 147 238 713
9  0 139 144 189 385 570 621 832 921
7  161 291 482 505 567 784 838
9  106 157 158 207 318 534 571 758 965
8  52 233 366 452 518 771 791 935
6  35 42 59 114 186 737
10  60 140 394 468 582 632 647 713 750 883
9  89 259 412 419 636 666 694 974 991
11  37 145 234 439 477 492 511 667 789 865 999
10  112 162 248 304 305 429 489 618 640 890
9  23 24 81 103 363 451 454 813 967
13  37 158 325 361 367 422 468 533 584 705 750 821 910
9  79 105 152 237 340 572 745 775 944
11  212 319 479 481 614 693 722 769 810 831 977
11  223 229 281 405 421 624 664 739 856 900 998
13  20 74 251 283 284 330 505 537 697 812 867 934 996
9  231 325 462 526 702 727 754 778 941
12  29 134 367 441 505 591 605 618 657 724 924 976
10  57 112 146 263 281 313 387 426 819 870
11  12 32 328 433 457 599 684 851 896 940 994
7  31 159 242 316 453 614 779
10  20 235 303 395 405 487 536 563 870 932
10  97 385 469 549 589 648 738 756 904 968
10  37 90 283 412 590 747 829 926 942 952
11  11 36 251 409 460 612 700 850 932 979 994
16  29 68 128 218 361 473 528 585 602 625 738 784 816 822 869 941
10  13 93 362 394 441 459 723 735 935 955
9  224 295 337 432 778 806 834 883 956
12  17 172 208 221 416 435 501 705 732 739 757 866
11  195 224 326 370 467 673 770 777 811 812 896
7  111 248 368 631 636 882 905
13  14 147 208 225 337 388 407 564 655 682 728 811 874
10  38 94 253 266 310 397 440 734 847 952
7  66 269 449 651 939 943 966
4  322 425 734 774
12  2 113 200 273 383 417 493 699 703 777 889 892
14  9 129 183 197 296 467 493 608 739 797 817 885 943 994
9  5 259 426 501 553 652 663 808 873
11  11 19 270 520 538 573 715 827 836 921 985
4  35 66 546 861
10  227 356 372 385 464 515 549 627 780 893
14  61 86 287 406 632 650 668 669 685 817 878 891 902 929
6  119 225 430 441 724 754
15  16 76 91 199 268 275 415 424 440 489 594 654 764 974 997
3  318 526 697
10  32 84 121 249 478 496 545 652 862 925
15  21 70 95 111 131 133 226 390 490 648 708 727 815 845 951
6  92 135 508 543 646 656
8  166 247 290 397 601 616 648 777
7  1 218 287 304 492 901 936
11  41 50 77 264 269 293 341 494 541 727 867
8  77 328 374 431 576 878 923 999
14  133 385 456 523 556 559 576 719 722 769 795 806 841 866
11  25 64 167 274 329 330 388 408 556 696 835
8  28 56 89 108 354 402 722 996
11  50 140 303 418 509 629 722 753 756 812 865
8  8 124 368 372 408 576 645 913
13  127 265 287 289 304 365 492 532 669 739 788 912 974
9  141 151 265 301 335 450 644 682 742
13  78 298 318 353 417 508 545 580 592 623 727 739 953
13  103 187 314 316 705 716 771 823 827 845 886 898 920
11  32 89 209 332 424 460 612 733 794 845 862
16  59 164 203 361 374 422 459 536 590 621 669 797 845 896 962 974
7  196 273 355 388 786 891 920
8  233 365 414 707 729 733 916 919
8  164 201 313 394 480 482 757 976
16  59 150 156 259 377 438 466 494 510 582 624 663 723 876 919 975
11  121 126 235 472 687 690 786 832 837 889 956
9  248 464 535 612 624 648 718 790 896
11  75 153 355 386 427 434 476 534 675 923 992
5  357 404 409 566 713
15  3 53 127 134 165 180 196 219 259 304 420 502 752 883 890
4  217 374 535 555
9  93 100 364 542 544 721 727 811 925
12  132 139 178 198 280 361 366 391 465 781 954 984
13  9 80 103 188 311 423 556 606 613 626 741 922 956
7  10 160 396 630 752 754 846
7  80 222 257 619 666 702 967
11  14 66 238 278 467 535 573 720 815 879 902
11  219 291 335 347 406 577 616 843 853 945 946
14  20 33 44 129 168 208 209 226 275 299 374 394 443 524
9  215 292 371 411 728 799 835 897 918
8  88 147 150 245 463 743 748 761
11  134 222 411 615 638 699 710 719 737 834 928
11  103 282 316 400 463 578 610 766 785 816 952
7  134 270 302 495 648 661 698
11  254 316 321 331 382 507 566 662 707 802 972
8  100 245 541 582 651 705 772 799
8  251 367 395 702 775 883 910 928
9  149 169 391 419 662 677 738 804 952
6  60 275 516 786 858 910
10  15 101 110 125 407 441 747 816 822 826
10  0 1 112 159 394 444 833 881 965 985
4  167 258 765 932
8  224 395 406 447 455 581 595 734
11  189 252 305 308 324 344 433 434 551 629 798
10  40 186 208 448 464 501 644 651 838 852
11  74 77 94 206 211 307 483 497 672 683 890
15  45 134 147 292 314 319 373 443 559 625 830 841 892 942 990
13  112 356 363 495 554 614 645 687 725 802 855 979 989
12  100 146 160 194 206 519 528 695 781 845 881 987
5  202 529 658 765 937
8  149 252 298 652 762 806 896 963
12  1 155 259 361 387 426 435 494 676 687 765 832
8  58 74 107 469 830 878 893 955
11  63 91 127 160 300 537 575 586 687 833 934
11  83 236 245 310 377 670 715 749 780 809 904
9  69 155 248 400 413 415 546 673 894
9  1 16 111 245 304 353 805 980 990
8  166 294 367 484 601 638 863 999
12  58 81 185 305 330 445 457 538 670 734 793 959
14  81 86 326 373 453 596 690 691 706 816 818 832 892 934
16  15 27 69 97 117 175 245 359 365 371 464 614 804 823 918 994
7  43 60 214 406 519 676 790
5  5 49 829 873 927
12  14 31 102 136 222 268 347 382 557 730 747 800
13  60 85 618 619 704 714 778 802 856 892 913 929 953
12  100 225 231 336 438 567 710 782 807 840 989 992
7  76 96 253 488 609 847 931
7  123 320 518 788 830 864 870
11  5 180 328 402 517 543 647 709 802 897 899
11  178 207 209 218 311 498 511 653 673 709 750
14  122 139 258 287 318 436 526 557 583 608 744 756 815 890
10  2 3 61 188 360 607 611 795 817 944
10  296 302 327 359 560 575 644 655 743 935
10  9 111 176 348 364 396 450 638 879 888
7  70 87 350 369 478 562 796
8  10 139 254 264 330 565 567 931
12  32 312 414 442 520 615 681 714 808 857 873 962
6  99 166 260 587 589 744
11  99 186 234 383 388 423 498 571 598 623 860
7  37 76 176 239 499 571 935
8  82 118 720 740 770 869 897 960
4  204 343 375 951
16  152 158 208 309 317 324 373 391 455 637 649 667 697 705 713 751
12  9 62 199 214 243 269 300 320 346 409 727 860
7  3 102 401 467 607 641 696
10  255 266 297 466 470 476 549 552 643 730
7  54 107 323 344 419 460 553
9  6 121 161 256 413 503 802 897 926
9  61 172 436 508 607 615 639 712 978
12  10 132 182 219 245 283 385 552 814 876 983 991
5  17 625 651 715 906
11  9 58 136 376 448 485 595 616 643 831 867
10  46 169 276 289 369 375 471 577 649 841
15  102 270 285 345 445 518 594 642 673 688 732 803 857 867 921
12  28 49 117 177 202 229 263 471 549 557 588 746
14  59 73 113 131 181 186 203 325 397 443 457 590 860 949
12  128 298 367 437 505 627 650 665 785 806 929 971
13  46 79 90 250 252 378 391 566 609 767 772 948 985
14  54 79 95 130 232 568 635 640 669 678 719 792 819 859
13  106 176 288 420 438 535 544 569 611 699 875 935 974
10  32 145 233 321 367 388 771 825 841 844
12  23 33 65 67 200 249 493 645 816 856 902 933
11  34 73 250 274 310 315 535 539 742 906 974
7  229 435 536 770 802 911 922
6  10 221 497 602 672 970
6  16 79 107 470 598 819
12  61 328 450 451 473 610 668 807 813 862 888 919
8  28 133 162 395 513 520 544 591
3  271 663 865
10  22 199 254 262 327 450 496 719 874 954
12  134 179 213 282 302 349 380 395 522 611 818 865
8  0 2 119 153 261 636 662 784
6  119 169 309 524 776 857
9  68 104 149 216 267 419 709 778 819
5  59 429 642 724 987
10  6 381 525 695 710 862 906 935 938 984
11  23 32 85 225 392 468 484 547 816 837 859
8  65 220 400 515 525 766 791 807
8  181 243 307 548 609 653 898 932
6  57 354 380 396 549 974
6  246 250 307 399 931 942
9  133 174 231 337 401 528 529 682 997
9  28 60 96 145 160 375 395 410 822
10  6 103 111 118 299 436 476 632 639 953
13  114 191 287 319 344 597 608 619 675 743 753 860 950
11  175 288 322 374 503 522 624 643 728 776 895
12  84 98 449 450 454 583 649 842 899 903 938 954
9  79 238 301 318 388 477 542 672 889
8  66 75 160 262 482 838 839 883
15  5 100 102 161 323 359 364 368 624 654 699 722 805 892 945
5  25 457 633 851 862
7  63 125 352 492 854 867 941
19  48 66 68 140 171 189 205 210 298 404 464 485 678 682 717 722 794 843 917
8  64 92 141 520 576 661 743 866
8  168 247 380 409 588 856 938 967
10  30 127 156 387 423 599 689 736 798 825
7  304 379 503 593 611 648 844
5  262 312 371 527 597
9  21 26 190 388 389 544 584 602 704
12  231 277 370 375 420 527 623 653 679 777 800 974
11  421 460 545 609 680 688 712 741 770 951 963
10  70 303 309 415 557 692 731 817 864 954
9  33 57 77 157 182 457 648 895 896
8  45 312 320 384 586 924 931 997
13  48 67 106 128 219 265 308 441 543 716 835 918 951
10  139 216 268 341 357 492 541 747 900 970
13  8 129 197 289 363 509 611 622 674 695 732 758 983
9  84 258 259 574 587 615 629 649 892
12  5 46 310 396 528 555 735 737 758 855 879 918
6  179 222 417 585 850 938
12  10 37 74 228 298 656 661 687 742 786 873 892
8  136 203 308 377 446 507 960 990
12  39 157 216 242 317 335 423 554 588 750 835 992
6  30 317 635 637 752 902
5  101 160 283 734 892
5  224 249 250 415 993
12  100 245 288 320 396 473 622 655 674 827 965 996
9  127 272 295 381 521 534 538 902 906
10  45 312 434 520 574 639 698 733 925 952
13  33 54 155 329 516 547 568 590 667 684 872 948 990
11  328 335 482 556 669 694 762 763 863 866 990
15  16 45 107 184 299 336 378 395 521 549 560 586 596 871 922
17  25 148 185 208 211 229 302 422 459 466 620 638 651 664 795 902 982
10  1 123 138 156 177 199 339 473 648 918
11  228 299 349 396 411 418 497 510 716 829 888
14  98 99 363 481 526 538 597 643 689 744 877 882 900 926
14  190 287 304 446 477 541 633 718 723 725 773 855 860 887
8  35 214 218 221 677 691 811 906
13  27 104 274 308 309 388 407 415 514 649 680 809 990
8  161 337 393 475 514 574 676 724
12  92 94 251 282 321 396 612 717 788 840 932 943
7  102 148 399 460 655 719 902
8  80 85 263 281 596 606 785 959
12  15 47 68 216 242 310 457 528 589 702 733 980
11  193 200 387 412 464 466 575 579 692 712 817
7  290 332 423 496 540 659 911
13  9 12 99 111 175 181 183 217 248 383 473 754 903
12  14 68 148 216 223 234 438 546 743 837 906 953
5  253 254 290 780 955
9  153 154 244 453 493 597 775 914 955
11  66 198 235 253 474 691 700 728 863 883 927
6  351 428 815 830 898 961
13  2 20 28 41 242 245 302 404 439 573 685 766 982
10  174 188 208 229 580 616 635 648 899 911
7  85 295 343 361 902 916 934
13  106 130 283 386 548 603 633 806 812 831 845 933 934
13  27 69 289 340 405 428 561 709 806 836 855 935 993
13  23 151 158 243 257 337 532 603 813 864 870 902 912
15  17 226 250 309 326 481 507 523 612 746 791 833 841 862 909
8  85 173 229 280 397 538 573 608
7  4 102 272 407 548 859 989
7  125 235 265 394 534 873 913
7  23 26 267 543 564 852 968
14  28 70 220 224 316 535 541 575 615 752 767 828 835 943
12  5 105 123 279 327 362 392 456 494 522 698 811
13  98 197 229 359 379 391 454 497 551 810 872 918 965
12  2 94 193 230 369 445 663 669 693 832 862 953
8  158 187 301 366 404 518 668 698
14  108 420 444 446 466 483 586 592 613 633 844 864 882 891
9  268 322 532 542 576 597 618 884 929
9  139 240 439 546 723 753 883 899 950
15  37 93 127 313 397 431 485 494 540 612 778 906 935 936 993
11  49 60 72 435 443 500 797 911 942 976 986
11  67 78 230 318 519 568 589 670 774 791 833
7  83 331 441 579 702 764 886
17  9 47 53 65 139 146 258 429 522 606 621 670 697 739 806 847 863
9  164 268 278 445 600 657 822 982 992
11  45 79 112 133 162 183 287 415 656 782 952
9  152 176 207 272 499 687 739 885 959
8  34 158 251 269 329 365 625 855
6  5 89 190 232 684 733
9  138 367 483 583 600 728 879 916 966
9  110 252 372 380 484 487 561 883 900
10  122 195 275 376 435 464 558 646 754 841
12  19 113 148 193 412 612 711 863 877 901 910 975
7  318 323 374 386 395 546 832
12  72 108 150 181 187 370 405 475 717 892 898 902
8  57 295 371 406 532 609 686 867
8  133 151 355 439 556 647 935 937
10  130 243 439 455 460 548 610 646 687 791
12  15 117 135 288 504 508 653 655 736 852 875 933
4  28 294 710 805
11  98 207 208 330 351 495 554 577 803 850 960
15  22 79 159 255 367 427 505 519 543 693 714 740 831 876 899
16  8 105 158 204 205 211 270 337 596 606 764 859 867 894 958 994
8  8 49 323 467 574 804 904 907
7  256 366 501 511 619 896 993
8  294 487 617 730 784 840 957 971
10  197 268 289 382 548 582 804 915 944 971
9  70 177 216 248 287 395 589 741 975
13  1 20 72 124 219 230 249 353 590 618 691 963 984
10  28 122 126 225 278 368 526 733 939 948
6  429 456 571 582 909 913
12  24 26 63 272 280 365 373 376 378 495 822 938
9  23 84 417 609 660 701 704 751 861
10  50 111 245 255 439 632 698 860 947 959
9  10 13 45 95 173 177 312 667 830
11  145 194 465 497 501 503 600 658 669 845 849
9  3 56 316 543 590 765 893 910 942
12  197 205 232 234 245 322 585 615 699 712 750 801
3  465 509 933
15  0 77 130 297 336 344 509 617 630 680 703 796 859 875 937
13  33 66 215 254 384 392 591 624 789 862 874 937 964
8  2 34 376 382 411 646 673 748
7  142 405 610 795 797 849 888
12  71 202 206 238 249 336 498 565 596 935 958 961
7  136 394 451 534 829 929 980
16  70 194 204 277 371 413 442 532 655 723 764 772 786 877 936 970
15  62 85 183 277 279 284 301 332 372 385 483 608 644 647 685
11  183 276 292 433 481 549 579 689 791 796 859
6  247 264 422 630 932 959
7  68 85 216 342 684 791 973
13  105 188 206 282 370 391 414 475 486 623 654 904 921
7  43 68 193 290 433 691 721
9  135 227 332 514 588 684 776 819 852
15  62 87 193 211 248 409 426 458 485 532 723 730 753 813 858
7  149 219 249 360 509 955 988
8  201 251 310 462 484 710 960 968
9  36 146 176 339 390 444 713 880 888
9  28 111 180 311 518 519 563 636 888
14  52 106 123 125 345 481 515 565 671 707 724 735 915 971
6  117 294 385 393 664 804
13  3 217 246 299 336 538 590 624 689 734 840 852 897
10  121 164 184 259 398 404 468 532 708 982
12  15 40 110 193 209 310 334 514 526 673 842 917
10  8 119 246 370 389 436 504 540 745 763
11  27 61 136 157 249 275 458 594 614 967 971
7  0 154 582 620 666 743 793
10  27 292 382 392 466 616 737 836 852 860
10  60 131 191 194 450 481 548 559 621 767
4  11 476 530 811
8  99 166 363 390 471 703 732 845
14  31 85 124 232 338 346 411 450 452 453 579 582 751 927
15  201 292 349 424 464 616 650 697 705 751 759 860 868 961 982
12  75 95 115 189 415 440 564 619 710 760 830 884
11  156 497 616 740 808 827 888 931 962 974 999
4  385 745 879 992
12  27 59 101 110 327 359 414 444 448 457 471 533
9  23 131 290 429 479 575 630 661 862
2  123 462
10  152 177 277 345 513 535 677 705 743 876
4  328 378 591 922
9  139 296 336 369 426 543 596 721 781
10  98 335 459 462 608 623 660 681 908 959
14  47 141 146 151 186 228 430 432 492 508 604 712 797 916
9  28 196 214 238 424 598 710 904 935
15  16 22 107 124 203 282 296 328 585 670 815 888 942 957 974
10  28 122 210 225 305 403 481 598 718 971
10  2 420 423 487 742 773 791 873 889 916
13  104 218 242 390 412 426 434 455 457 655 658 871 961
10  112 162 301 530 673 725 744 788 805 811
11  41 184 195 281 473 590 679 793 830 880 943
11  114 189 209 241 275 456 552 600 738 937 985
19  7 65 117 150 152 221 229 288 292 480 522 574 583 627 717 730 747 867 949
7  142 520 527 615 740 861 978
13  27 138 180 245 335 410 715 726 768 964 974 986 998
7  94 110 297 544 638 949 999
11  46 60 154 338 375 421 489 513 595 743 938
7  367 480 693 779 791 795 828
10  20 47 233 252 301 369 394 504 940 975
12  139 270 300 331 359 404 409 519 602 689 901 905
10  71 81 260 532 684 722 723 786 894 941
9  95 103 158 469 474 603 643 810 891
14  63 146 275 311 352 453 574 650 705 754 812 886 940 987
13  186 215 305 341 365 414 440 474 626 663 753 761 955
6  8 96 135 205 256 779
9  31 101 154 420 453 520 841 896 930
4  184 395 426 463
9  137 146 320 337 401 596 598 761 780
5  127 282 323 723 936
6  58 87 98 325 724 871
10  61 91 324 382 397 480 754 758 795 888
9  1 183 216 272 500 610 809 919 936
8  73 175 345 347 610 715 823 966
7  299 441 654 674 697 817 973
8  14 19 90 156 491 499 501 688
12  50 159 279 288 369 371 482 567 632 795 818 943
10  131 162 547 643 719 792 842 920 955 965
8  148 191 363 745 789 808 859 873
9  71 181 411 450 781 782 886 888 926
6  90 218 427 530 553 590
6  179 216 402 458 550 878
11  144 155 269 328 485 547 697 853 878 907 988
13  5 55 139 319 324 347 380 616 738 782 793 803 843
10  69 139 142 149 211 228 432 653 983 992
8  368 410 486 629 825 916 937 962
9  50 106 191 250 251 562 575 704 838
12  18 35 41 54 79 195 427 433 446 589 787 976
11  21 36 205 414 425 514 563 651 894 900 985
9  15 205 361 418 748 755 934 939 944
9  93 145 165 383 438 504 628 758 953
11  94 144 188 391 472 498 732 769 848 894 992
8  81 89 332 515 657 769 773 956
5  8 48 258 369 896
9  13 139 207 337 400 423 561 677 809
16  154 229 245 248 250 315 322 331 391 393 482 546 622 923 925 955
16  244 312 336 375 461 465 488 600 697 751 812 841 851 853 856 917
5  12 96 323 777 886
17  34 47 121 251 258 272 277 338 342 354 455 517 620 740 818 919 937
9  54 231 240 341 395 406 692 768 826
6  292 317 466 511 800 856
15  60 70 102 231 402 567 638 653 669 699 701 738 748 846 927
11  51 122 154 161 248 341 548 767 822 935 988
12  6 72 289 301 370 374 508 717 741 773 875 877
9  275 366 381 459 582 854 964 965 999
11  108 256 338 450 521 612 694 748 761 766 817
6  190 355 524 691 699 975
8  218 323 434 460 652 694 734 829
5  282 493 585 813 934
6  114 225 479 485 903 923
7  292 369 513 589 790 850 975
4  312 689 846 979
10  46 148 240 284 484 497 514 518 537 553
10  8 17 151 224 374 543 672 773 864 960
13  103 124 201 365 369 487 510 675 678 711 847 958 962
8  71 226 506 579 671 740 846 928
11  76 245 345 425 450 500 546 635 636 655 947
18  40 84 107 127 179 248 331 375 390 515 556 567 864 867 872 948 955 966
7  104 435 526 725 768 874 939
10  79 160 173 343 504 618 762 784 942 951
6  136 245 329 411 645 752
9  294 319 427 429 471 617 644 720 740
12  64 144 151 343 363 413 427 453 635 753 786 869
12  94 188 366 386 408 556 637 705 798 875 881 971
5  99 122 308 539 956
8  27 284 377 444 476 520 631 736
11  134 223 292 330 368 423 482 489 509 551 566
13  108 232 376 434 439 521 591 624 764 795 831 854 902
10  53 231 244 327 509 560 766 788 938 968
10  41 177 293 363 416 548 555 563 704 903
8  36 190 307 347 371 828 855 899
4  266 282 409 916
10  79 233 423 489 572 656 683 792 864 999
10  114 139 230 239 283 458 510 763 923 955
4  116 146 181 188
7  17 210 550 585 775 848 972
10  8 123 200 201 316 363 489 789 882 936
12  24 125 276 328 360 436 458 606 725 851 934 943
6  296 320 643 748 820 967
12  80 84 140 421 512 614 696 797 901 940 944 947
11  211 368 496 502 517 631 686 724 741 877 948
9  30 157 411 541 635 673 817 872 946
17  22 147 226 282 318 328 379 399 465 501 509 646 665 837 894 939 965
9  54 200 323 345 393 490 503 638 653
7  13 22 150 334 425 481 957
9  243 278 390 451 479 594 602 643 972
8  3 37 102 345 436 636 718 954
8  181 234 465 566 627 832 866 902
14  62 152 179 258 272 326 383 400 494 578 776 909 932 981
5  0 63 274 578 991
9  77 121 170 250 515 620 677 712 940
12  257 355 397 450 496 542 550 638 663 756 786 934
9  85 134 205 249 386 576 714 767 924
9  37 71 194 388 477 582 773 847 962
8  244 386 550 586 648 939 947 981
19  112 268 277 350 380 444 458 459 460 498 635 687 721 878 880 881 885 972 991
13  123 126 156 166 474 791 801 805 939 940 964 969 970
10  62 104 244 322 378 430 516 655 804 843
4  312 781 825 893
12  12 23 122 302 337 377 392 687 694 866 913 956
5  422 599 672 800 948
10  33 99 161 259 358 417 580 786 827 936
12  14 38 73 113 203 494 642 670 704 712 718 905
10  31 125 236 240 382 477 772 786 886 918
12  35 38 129 273 280 295 339 581 794 817 859 862
11  173 247 297 497 598 616 636 659 820 942 992
9  136 333 412 514 551 584 786 790 933
8  7 12 42 54 234 526 543 562
8  17 280 488 705 866 877 936 973
12  39 50 71 121 548 566 640 674 691 699 768 854
14  12 115 198 392 528 533 545 574 616 685 718 723 951 958
5  2 350 437 684 744
12  74 256 443 459 556 565 580 638 646 692 728 854
12  176 182 364 384 507 610 630 655 664 897 918 987
12  19 79 128 274 385 517 591 637 648 803 807 822
6  143 406 453 558 560 878
13  39 295 357 392 397 426 450 583 610 837 849 858 926
13  59 413 448 541 543 581 667 674 743 807 897 962 985
8  6 84 146 212 216 312 723 995
10  1 13 18 52 211 423 530 812 890 897
9  111 318 392 416 419 517 637 943 973
9  8 74 111 261 314 381 611 739 760
7  97 123 233 609 645 807 831
12  112 118 157 226 332 435 512 526 600 641 738 768
12  73 188 248 315 340 429 559 692 808 876 897 982
12  68 194 203 293 549 670 691 793 813 876 918 964
10  248 272 382 464 539 673 730 874 875 960
10  227 249 283 615 664 697 793 830 858 918
17  19 102 129 191 254 267 301 306 439 449 502 771 772 845 865 896 960
14  16 68 111 274 279 292 371 476 523 598 661 726 940 953
10  5 9 196 202 267 708 741 845 901 969
10  45 79 202 254 295 490 498 813 845 942
11  10 33 136 216 428 615 648 826 929 956 996
8  404 425 469 486 578 630 650 662
7  46 127 216 337 649 724 966
9  61 147 270 355 434 658 845 936 952
14  81 202 267 270 328 347 391 458 654 753 769 787 853 985
4  29 167 300 616
13  157 197 523 556 614 694 708 709 725 736 761 769 940
5  260 433 465 577 738
8  80 407 469 495 520 869 957 963
5  395 439 461 648 752
13  212 248 295 322 433 496 509 514 579 597 600 604 666
8  125 148 255 384 438 502 688 848
9  17 113 191 505 674 751 778 781 832
8  38 575 592 932 945 947 948 999
15  117 155 190 243 257 417 427 460 466 500 592 676 756 783 878
13  233 335 337 479 518 530 537 712 863 867 869 874 998
7  27 233 458 568 631 666 994
8  397 518 576 633 650 673 820 908
15  39 199 243 246 269 342 393 412 595 615 662 778 901 963 978
8  325 393 447 664 750 829 880 900
16  152 202 320 439 476 551 603 607 612 621 634 637 666 817 837 906
8  130 191 221 315 576 626 799 819
14  14 46 203 226 266 282 366 392 420 504 675 702 735 950
7  347 378 394 428 750 852 953
14  24 89 92 165 167 263 540 552 565 607 617 627 651 902
4  164 289 675 772
9  74 263 290 296 374 733 899 934 938
11  15 25 184 186 252 638 682 838 927 929 961
8  240 272 409 486 488 664 688 985
10  66 168 279 326 352 377 553 625 633 652
5  116 163 216 455 637
11  48 100 104 154 155 264 454 514 641 682 849
6  14 162 302 629 961 992
6  68 191 220 277 678 710
10  82 161 462 634 661 734 738 775 821 937
6  14 49 234 582 714 786
19  44 53 92 126 140 174 191 382 479 510 594 598 613 645 853 863 875 877 936
8  141 301 462 464 556 762 788 994
7  102 111 172 458 461 767 967
7  399 436 543 702 943 961 964
10  93 96 241 313 473 553 611 731 960 997
6  246 449 467 785 799 823
9  104 106 176 247 415 593 842 927 932
13  29 43 87 102 116 227 231 346 443 471 608 785 943
9  200 316 325 359 421 537 615 769 866
9  94 310 333 512 630 722 791 909 924
6  16 156 357 481 486 805
11  84 85 356 357 439 514 546 649 696 882 909
11  32 65 78 101 108 160 374 396 756 939 983
11  102 245 379 385 516 525 570 593 725 955 960
13  165 311 359 419 422 491 568 620 700 838 895 924 975
14  16 41 89 211 219 279 345 363 551 635 670 690 856 944
14  153 210 413 503 509 634 635 779 798 827 841 908 968 994
15  84 332 375 402 424 522 529 549 565 636 651 668 695 735 792
15  153 239 260 261 447 651 697 759 762 826 851 858 885 918 947
13  34 89 227 299 499 668 691 692 742 775 788 916 990
14  40 49 119 124 321 565 576 584 599 683 747 818 908 940
16  0 5 34 159 181 252 391 431 681 779 808 832 844 846 930 993
13  23 25 233 343 417 749 753 829 840 846 879 888 938
11  125 167 217 219 271 299 414 423 581 751 960
16  102 176 187 209 312 343 357 421 496 570 652 688 736 809 855 881
11  364 431 434 620 643 741 766 827 870 921 925
9  121 153 229 410 521 678 779 829 933
7  6 244 349 367 477 579 895
7  4 209 244 349 477 831 991
9  147 181 685 806 829 844 895 936 994
15  8 162 192 216 256 291 334 547 609 681 807 830 850 895 968
7  12 77 216 287 545 743 746
7  36 130 197 376 574 650 904
10  261 333 345 387 444 531 590 594 809 860
14  20 92 189 247 300 324 421 430 482 487 608 657 885 955
11  51 230 457 514 573 627 646 780 879 905 970
9  59 128 171 472 559 576 591 836 986
19  111 120 195 214 347 374 396 424 502 628 629 706 754 767 785 807 823 931 952
10  53 68 145 425 465 473 782 814 849 882
6  10 357 677 736 834 890
11  35 101 145 254 276 326 674 695 804 860 976
9  34 179 203 508 622 658 685 700 733
15  97 220 288 297 386 530 601 672 707 803 876 878 922 931 941
16  5 26 86 124 133 315 351 356 631 695 723 739 909 914 921 995
13  61 87 140 296 306 361 460 526 725 775 804 843 867
10  66 195 271 322 500 590 680 890 900 996
10  62 136 330 359 692 745 794 846 875 921
10  55 128 253 401 490 606 645 767 794 832
9  104 275 282 431 661 763 807 884 980
7  166 408 475 584 716 828 920
14  153 168 169 251 362 381 389 397 420 642 707 818 934 948
4  123 155 846 880
9  126 184 255 281 554 595 697 846 953
7  546 677 678 710 716 737 813
6  54 321 484 825 835 845
11  54 158 285 357 360 374 701 764 858 870 977
17  43 92 316 334 342 405 441 455 460 549 552 569 589 725 736 745 977
8  178 464 664 679 749 796 800 932
8  41 143 300 415 463 652 777 958
7  123 256 322 357 411 973 974
6  129 234 288 538 744 900
8  83 211 247 379 422 497 801 998
9  151 230 242 365 506 623 696 966 997
6  7 50 59 309 838 844
10  237 375 612 632 656 713 723 874 988 996
8  44 141 277 337 539 596 774 930
6  202 209 229 472 565 680
14  39 144 176 220 258 312 436 490 547 742 778 867 886 910
6  152 238 348 652 745 954
8  66 217 232 244 498 564 753 863
8  24 72 114 236 706 772 792 982
5  104 303 497 515 640
9  292 391 496 506 601 609 610 618 937
7  102 337 405 539 839 845 946
14  44 130 149 330 342 467 515 602 656 726 774 781 855 914
7  8 57 605 636 651 676 939
15  34 199 247 307 310 346 417 422 434 510 674 898 919 934 947
6  45 205 351 372 868 961
8  12 188 413 452 606 882 963 982
7  226 255 441 571 593 922 980
5  311 412 745 897 979
9  36 406 449 507 725 746 794 822 895
