
***ForestFire:  GeoFire  Nodes:1000  StartNodes:1  Take2AmbProb:0
                FwdBurnP:0.35  BckBurnP:0.354  ProbDecay:1  Orphan:0
(1000, 5170)  burned: [1,3,2]  [0.01s]
1000
99  1 2 3 6 10 16 18 24 30 35 37 38 59 62 80 86 91 92 94 103 106 114 117 118 129 156 171 172 175 176 215 228 239 242 243 250 251 277 287 312 326 333 347 349 366 370 372 399 423 438 439 461 463 490 495 505 514 525 527 530 531 568 587 593 621 637 638 663 677 678 698 703 714 720 725 732 739 740 742 754 765 778 789 797 802 812 828 836 846 865 868 899 913 915 923 949 977 991 992
74  0 5 6 7 10 11 12 38 80 91 92 103 106 112 121 122 212 215 228 239 245 258 267 277 285 333 349 370 392 423 439 443 461 463 471 476 487 490 496 506 527 531 552 606 621 663 671 698 703 708 714 720 725 732 740 742 754 765 789 802 812 828 830 846 856 865 887 899 900 913 915 949 991 992
8  0 171 438 715 778 846 906 992
61  0 4 8 15 16 17 24 27 30 47 64 70 90 91 93 114 160 215 253 254 277 323 339 349 366 370 423 438 439 490 495 496 505 525 527 530 531 587 606 678 680 692 698 714 724 732 778 789 797 846 850 868 900 913 915 932 940 949 977 991 992
9  3 14 114 156 423 678 906 932 992
40  1 10 12 18 25 31 38 80 91 103 106 108 175 192 215 228 251 333 349 370 423 439 443 471 487 506 514 527 531 552 671 698 707 708 714 720 739 846 991 992
63  0 1 7 9 11 18 38 42 80 86 91 94 106 108 112 122 172 192 212 228 239 251 277 287 333 349 370 402 423 439 461 463 490 514 527 531 568 621 638 663 698 703 708 714 720 732 739 740 742 754 812 828 830 846 856 865 887 899 913 915 917 949 992
33  1 6 10 18 38 106 212 228 276 287 333 348 367 392 423 439 443 463 476 490 527 531 621 698 714 812 846 856 913 915 932 991 992
37  3 16 23 24 27 30 32 47 64 90 179 253 254 293 349 351 366 423 490 496 527 531 552 568 573 617 705 720 724 732 789 850 887 900 915 949 992
47  6 18 19 38 45 80 91 94 103 106 108 112 122 192 228 251 275 276 277 333 349 370 418 463 490 527 531 568 606 621 637 638 671 698 699 703 714 730 739 742 812 856 887 913 915 917 992
40  0 1 5 7 18 34 38 56 80 117 121 175 212 228 247 277 338 347 348 370 392 423 439 443 468 506 531 569 608 637 645 660 698 720 836 846 865 887 913 991
60  1 6 13 18 29 38 42 46 80 106 112 122 161 186 192 212 213 228 239 251 258 287 333 336 345 349 352 370 392 404 420 423 439 461 463 476 496 561 646 691 698 707 714 732 740 754 789 805 830 846 856 887 899 913 915 949 982 991 992 999
21  1 5 25 39 58 106 222 228 273 323 383 405 443 487 496 698 707 708 720 846 997
28  11 18 21 42 80 106 144 161 192 212 213 215 228 239 370 400 423 506 511 698 732 754 846 870 887 915 991 992
13  4 83 114 156 423 468 692 714 846 887 906 932 992
21  3 16 30 70 93 113 254 313 323 351 434 463 525 566 590 714 732 789 797 887 991
37  0 3 8 15 20 44 47 67 71 90 97 177 250 254 293 323 349 351 359 401 436 463 525 530 570 606 708 789 797 887 895 899 915 932 949 983 991
18  3 93 124 160 323 370 407 439 452 496 530 657 721 732 778 846 940 992
70  0 5 6 7 9 10 11 13 19 21 22 25 38 80 91 103 106 108 112 127 164 172 192 215 228 277 287 301 323 333 349 357 370 420 423 439 443 476 496 505 511 527 531 568 638 648 671 677 698 707 708 714 720 732 735 739 742 754 780 802 812 826 846 887 913 915 932 949 991 992
45  9 18 28 33 38 41 43 45 91 112 120 133 145 164 192 228 275 277 323 333 371 418 465 505 511 531 568 606 617 621 638 698 703 714 728 739 742 768 812 887 913 915 949 964 992
15  16 47 69 71 100 148 200 254 337 354 359 453 570 710 789
20  13 18 80 106 108 144 192 215 228 251 370 423 506 511 690 698 708 732 802 991
30  18 36 91 96 127 147 150 175 180 243 251 301 323 404 420 476 505 527 531 567 606 621 647 708 720 789 846 915 932 992
27  8 26 48 152 159 179 218 253 293 316 351 367 377 496 527 537 606 617 633 724 732 789 820 850 887 915 979
18  0 3 8 27 30 52 84 138 140 205 366 474 490 617 720 893 900 986
32  5 12 18 38 58 80 91 106 192 206 228 277 370 404 405 420 438 443 496 525 568 648 671 698 707 708 714 802 887 913 915 992
37  23 48 68 76 152 159 179 218 231 253 278 293 316 351 370 448 496 525 527 531 537 586 606 617 705 708 724 732 744 812 820 887 907 915 930 979 992
24  3 8 24 30 77 138 205 293 339 366 490 527 552 568 606 617 705 720 740 766 900 915 949 964
4  19 214 277 465
15  11 42 106 112 277 336 646 691 698 754 805 846 915 932 991
27  0 3 8 15 24 27 62 77 98 99 114 129 175 252 370 423 438 439 495 527 606 617 732 754 856 868 900
7  5 40 78 102 471 656 803
6  8 253 385 573 732 829
18  19 43 45 85 133 275 418 465 505 511 621 638 703 937 964 970 976 992
10  10 38 117 216 228 338 348 443 531 637
20  0 37 62 74 81 87 91 175 176 297 338 347 399 438 531 637 712 720 923 957
20  22 51 130 147 150 180 243 251 367 370 420 483 567 594 720 846 897 915 932 991
23  0 35 65 74 87 117 175 338 347 399 404 406 420 438 454 495 637 667 720 846 913 916 931
60  0 1 5 6 7 9 10 11 18 19 25 34 50 58 73 80 91 106 122 145 168 175 192 206 228 272 277 287 323 333 338 367 370 383 392 423 438 463 476 514 525 531 549 568 604 621 648 698 707 714 720 729 739 759 789 846 887 913 915 992
7  12 58 323 383 698 707 991
3  31 63 102
18  19 91 119 128 164 228 277 323 371 495 505 531 606 636 698 812 887 992
19  6 11 13 29 106 112 161 172 192 212 228 415 698 708 754 846 915 932 991
25  19 33 45 49 66 133 136 164 266 275 286 323 349 465 493 511 638 652 703 768 812 902 964 991 992
11  16 47 71 254 337 359 570 708 732 797 932
20  9 19 33 43 49 54 85 133 275 286 511 538 621 638 735 768 902 944 964 992
26  11 57 163 192 219 302 310 333 352 423 463 496 506 561 617 674 708 720 732 856 864 938 949 982 984 991
22  3 8 16 20 44 71 93 100 200 254 277 303 337 349 359 452 531 570 587 732 789 887
11  23 26 76 159 179 253 316 370 527 724 992
10  43 45 53 55 79 133 275 511 735 964
30  38 73 91 145 170 191 192 248 257 265 277 307 323 383 463 514 604 648 687 698 703 714 740 830 841 845 856 913 991 992
20  36 72 130 150 178 184 243 251 321 323 367 370 391 420 460 720 846 915 964 991
3  24 716 819
10  49 60 204 292 504 513 580 878 959 964
6  45 95 165 324 735 964
5  49 79 492 511 964
10  10 101 104 228 342 569 660 887 902 991
16  46 61 75 82 226 329 333 411 423 428 603 617 679 954 982 984
25  12 25 38 39 73 106 145 168 192 228 272 277 323 367 405 423 451 463 698 707 789 831 913 991 992
3  0 312 462
4  53 109 556 666
15  57 82 110 226 236 329 333 411 603 617 763 802 872 954 984
10  0 30 35 129 175 194 370 438 712 823
4  40 102 232 429
22  3 8 70 90 209 238 279 293 301 323 349 351 363 370 395 496 531 678 724 899 915 991
9  37 117 175 347 393 406 435 931 992
7  43 133 153 360 638 703 812
10  16 139 233 255 344 401 436 683 895 899
17  26 76 179 189 224 253 268 367 370 438 439 525 531 606 678 812 887
13  20 71 105 148 254 337 354 457 596 710 746 789 915
13  3 15 64 91 238 277 323 531 663 725 915 991 992
15  16 20 44 47 69 89 100 254 337 355 359 470 570 708 789
9  51 130 243 370 420 505 720 915 991
16  38 50 58 106 168 272 307 323 353 367 373 463 468 604 698 992
17  35 37 115 117 175 297 338 347 404 406 534 637 703 788 913 916 923
11  57 111 167 226 240 263 329 411 521 688 854
13  26 48 68 179 253 278 316 351 370 527 586 979 991
10  27 30 157 327 490 527 617 846 900 915
4  31 102 315 914
11  49 55 88 131 133 275 465 492 511 703 964
40  0 1 5 6 9 10 11 13 18 21 25 38 94 103 106 108 112 122 172 192 212 215 228 247 251 277 328 333 370 423 463 490 506 531 698 720 765 887 913 915
3  35 176 399
11  57 61 329 411 548 595 602 603 617 954 984
10  14 135 156 220 260 423 468 630 828 906
7  24 256 343 446 474 563 875
5  33 45 511 902 949
6  0 6 203 228 402 550
13  35 37 117 174 175 338 347 399 454 635 637 916 947
4  79 237 275 492
2  71 470
15  3 8 16 64 253 254 293 323 349 351 720 732 870 912 949
54  0 1 3 5 6 9 18 19 22 25 35 38 41 50 70 106 112 122 128 145 150 164 175 192 206 215 228 238 251 277 323 333 423 438 461 463 469 476 495 505 514 527 531 606 648 698 714 720 789 913 915 953 979 992
11  0 1 94 106 423 463 698 742 887 961 991
25  3 15 17 47 100 141 254 268 270 274 323 339 370 379 439 452 525 570 633 724 732 789 797 887 915
28  0 6 9 80 92 103 106 112 172 213 277 284 370 404 423 463 490 638 698 714 742 802 830 846 887 915 991 992
6  54 165 241 246 324 735
9  22 127 147 243 301 323 527 606 846
4  16 134 639 983
13  30 99 181 199 252 320 340 380 473 606 731 899 972
9  30 98 107 123 126 143 252 320 615
17  20 47 71 93 141 254 268 303 349 570 677 724 789 797 887 915 998
2  56 104
8  31 40 63 78 132 315 410 914
22  0 1 5 9 18 80 94 106 112 192 195 235 333 463 490 568 638 671 720 915 991 992
7  56 101 182 342 660 918 991
6  69 384 457 478 596 746
56  0 1 5 6 7 9 11 12 13 18 21 25 29 38 42 58 73 80 91 92 94 103 108 112 122 145 172 175 192 212 213 228 251 276 277 323 333 367 404 415 423 439 443 568 621 698 703 714 732 740 846 865 913 915 932 992
5  99 123 252 320 665
29  5 6 9 18 21 80 106 112 122 172 192 212 251 262 277 461 505 506 531 698 708 775 846 871 913 915 928 991 992
3  60 556 666
4  61 146 236 333
8  75 125 137 154 317 411 510 521
47  1 6 9 11 18 19 29 42 80 91 94 103 106 108 116 122 128 172 192 212 228 277 397 404 433 438 463 495 511 531 621 682 698 701 708 714 723 742 815 830 846 865 887 913 915 943 991
1  15
24  0 3 4 14 30 129 156 185 193 196 326 372 382 422 423 599 609 708 732 751 844 846 932 992
6  74 117 338 347 399 534
9  112 230 282 412 682 701 723 782 978
20  0 10 34 37 65 74 87 115 162 174 175 304 338 347 399 438 534 637 899 991
8  0 264 388 486 593 732 887 969
5  41 128 698 913 992
8  19 133 286 492 562 638 785 964
15  1 10 227 228 249 258 370 423 487 528 576 698 714 889 942
29  1 6 9 11 38 80 91 106 108 112 145 172 175 192 212 228 251 277 333 370 438 476 514 527 698 714 915 953 992
7  99 107 320 362 665 772 837
9  17 323 407 452 530 732 802 846 859
6  111 154 317 330 444 521
5  99 151 166 477 620
16  18 22 96 147 180 221 234 301 323 370 592 606 647 732 740 956
13  41 91 112 119 228 397 433 495 505 606 698 732 962
10  0 30 62 114 171 175 349 370 438 846
20  36 51 72 150 180 215 243 251 271 301 370 420 505 527 718 722 846 915 991 992
2  79 492
5  102 211 410 884 933
23  19 33 43 45 49 66 79 120 142 202 275 286 465 480 492 507 511 638 644 703 732 752 964
4  97 572 639 983
5  83 156 220 242 372
6  43 173 266 652 902 991
7  111 154 188 208 325 521 688
9  24 27 205 339 366 490 568 900 986
5  67 255 334 445 895
1  24
15  93 100 149 254 268 270 274 291 349 633 677 724 732 887 915
8  133 202 275 286 465 492 507 752
3  99 158 252
8  13 21 212 251 370 511 732 949
26  19 38 50 58 91 106 122 175 192 212 213 248 277 307 323 476 638 648 703 714 739 742 831 846 913 992
7  110 155 210 236 333 840 882
18  22 36 96 127 150 180 184 228 243 251 301 323 370 527 672 807 846 993
11  20 69 169 200 337 354 457 571 710 846 887
8  141 268 409 614 633 724 887 915
23  22 36 51 91 130 147 180 184 215 228 243 251 301 323 367 370 420 527 647 714 732 846 991
3  126 166 477
13  23 26 183 218 293 351 377 448 496 554 732 744 887
4  66 319 638 703
6  111 125 137 188 317 521
7  146 374 426 545 581 669 840
18  0 4 14 83 114 135 201 220 242 305 372 423 468 619 630 678 899 906
1  77
2  143 364
11  23 26 48 231 253 351 370 708 724 932 992
5  3 17 657 813 940
19  11 13 42 190 212 228 258 383 605 698 703 714 717 742 753 846 887 915 932
6  117 174 304 494 635 637
13  46 219 294 302 352 496 506 561 674 732 856 864 887
14  18 19 41 43 91 228 288 323 476 606 720 732 812 992
2  54 95
4  126 151 289 477
5  75 198 226 290 761
10  38 58 73 175 192 307 373 476 991 992
3  148 337 846
3  50 604 648
10  0 2 129 438 663 777 789 846 906 992
30  0 6 18 42 80 94 106 108 112 122 175 212 213 251 258 277 323 370 404 420 490 525 621 698 703 714 802 846 928 988
5  136 217 266 700 991
8  87 117 162 304 494 635 637 659
45  0 5 10 22 30 35 37 38 62 65 74 87 91 106 117 122 129 145 168 172 192 212 228 277 323 347 370 373 404 420 438 549 567 618 698 703 704 714 732 802 841 846 913 947 991
4  0 35 81 399
2  16 887
4  51 244 370 533
24  8 23 26 48 68 76 187 253 293 308 316 351 448 525 527 539 681 705 724 732 812 869 930 992
22  22 36 127 130 147 150 215 228 243 251 301 370 420 505 606 647 672 708 801 812 915 975
4  98 340 380 565
3  104 786 991
5  152 218 293 554 744
10  51 147 150 243 251 323 370 740 846 915
8  114 196 372 423 599 800 844 951
5  11 192 287 301 531
19  179 253 293 308 316 323 367 370 392 425 439 476 527 720 724 732 887 930 992
8  137 154 208 521 543 613 798 909
17  68 224 253 268 356 367 370 392 438 525 617 633 677 846 880 881 961
8  161 212 228 251 605 708 713 849
10  50 257 265 307 323 370 387 648 740 841
67  5 6 9 11 13 18 19 21 25 38 42 46 50 58 80 91 103 106 108 112 122 145 168 175 186 212 215 228 229 238 251 277 287 301 323 370 371 392 404 420 438 463 476 495 505 506 511 527 606 703 707 708 714 732 734 780 802 812 846 856 887 899 906 913 915 991 992
5  114 498 522 693 751
3  62 370 712
3  103 235 946
7  114 185 197 295 372 423 992
5  196 372 423 692 992
6  167 207 290 300 369 756
4  98 252 340 606
10  20 47 148 225 254 570 710 846 887 932
1  156
10  133 142 275 286 465 480 492 644 703 752
8  86 228 341 402 547 828 846 992
8  53 223 280 292 504 513 878 959
11  24 27 138 335 339 366 490 617 740 900 915
9  25 38 91 277 405 423 514 598 648
4  198 369 475 625
2  137 188
6  64 279 298 395 489 678
5  146 333 770 882 991
3  132 884 933
43  1 6 7 10 11 13 42 80 106 108 112 122 144 145 161 172 175 190 192 215 228 243 251 259 277 301 370 392 433 511 527 531 576 698 703 708 714 740 742 846 847 984 992
15  11 13 94 106 145 172 251 277 370 394 404 740 831 913 992
1  28
40  0 1 3 5 13 18 21 80 91 130 150 180 192 212 228 243 251 271 277 333 370 376 420 505 511 527 647 698 708 718 732 740 812 846 856 887 894 899 915 991
4  34 338 939 960
3  173 557 700
12  23 26 152 183 253 261 293 316 351 448 820 887
14  46 163 302 352 466 496 506 561 732 834 887 915 984 991
6  83 135 156 242 372 423
7  127 323 350 600 672 740 915
4  12 273 323 708
4  204 280 283 292
12  68 189 253 268 299 438 525 677 812 887 915 991
3  200 710 846
12  57 61 75 167 263 411 419 484 523 603 617 872
4  121 408 727 889
87  0 1 5 6 7 9 10 11 12 13 18 19 21 25 34 38 41 42 56 58 80 86 91 106 112 121 122 128 147 150 161 164 175 180 190 192 203 212 215 229 243 247 251 277 281 287 288 301 323 338 348 367 370 383 392 402 420 433 438 461 476 505 506 514 531 606 637 638 648 660 698 703 708 720 725 732 742 780 812 831 846 856 887 899 915 991 992
15  192 228 251 277 323 370 506 512 527 531 658 742 780 856 964
4  116 282 412 682
11  26 159 253 370 496 531 705 714 724 991 992
5  63 365 429 743 891
6  67 344 401 436 784 899
5  127 323 502 708 956
4  103 195 358 799
5  61 110 146 458 872
1  88
17  64 70 91 192 277 301 323 363 370 529 531 718 725 742 915 991 992
9  0 1 6 11 13 258 698 714 754
1  75
4  95 246 481 735
9  0 135 156 220 372 423 438 654 678
31  0 22 36 51 72 96 130 147 150 180 184 212 215 228 247 251 271 277 301 370 421 505 606 672 720 740 802 838 846 915 991
2  178 533
5  1 258 267 698 899
5  95 241 322 481 735
10  10 80 228 243 251 277 370 708 720 740
7  50 145 277 296 307 323 750
2  121 576
7  0 16 463 525 887 915 979
54  0 5 6 9 11 21 22 36 51 80 91 106 108 122 130 144 147 150 172 180 184 190 192 212 213 215 228 229 243 247 258 271 277 301 370 420 461 505 527 531 552 605 658 698 708 714 740 742 802 846 856 899 991 992
9  30 98 99 107 143 199 320 340 516
44  3 8 23 26 32 48 68 76 90 159 179 187 189 218 224 231 254 268 293 316 323 356 367 370 385 392 438 448 476 527 530 573 617 708 720 724 732 781 812 846 881 887 991 992
36  3 8 15 16 20 44 47 69 71 90 93 100 141 200 253 268 293 323 332 337 349 439 476 570 705 710 724 732 781 789 797 812 856 887 913 915
8  67 139 389 441 449 632 895 910
3  84 343 563
9  50 191 269 323 387 648 740 830 841
19  1 11 121 161 172 239 245 251 277 370 491 525 576 633 698 714 732 846 991
5  212 346 370 708 847
7  83 630 678 714 719 828 915
3  218 293 705
2  108 461
3  75 226 726
3  118 486 887
6  50 191 323 383 698 742
6  43 136 173 652 902 991
8  1 245 285 370 496 584 828 887
24  68 93 100 141 149 189 224 253 254 274 356 367 370 392 438 439 525 617 633 677 724 812 881 915
5  257 323 588 740 841
5  93 141 370 396 633
8  130 215 243 251 277 505 720 765
14  38 58 73 311 331 367 373 439 463 485 708 812 915 991
4  12 222 323 708
14  93 141 268 323 349 363 439 472 633 724 740 915 991 992
19  9 19 33 43 45 49 79 88 133 142 202 286 465 480 492 511 638 703 964
4  7 9 106 621
74  0 1 3 6 9 10 18 19 25 28 29 38 41 47 50 58 70 80 91 94 106 108 112 122 145 172 175 192 206 212 213 215 228 229 238 243 247 248 251 258 271 296 301 307 323 326 333 363 370 404 423 495 519 531 576 583 677 698 708 714 718 720 732 742 765 789 794 802 812 830 865 913 991 992
7  26 76 316 527 586 617 979
5  64 209 678 719 740
6  204 223 283 292 504 959
4  228 433 703 809
5  116 230 412 682 978
4  223 280 292 973
2  94 714
7  1 267 370 423 584 828 883
11  43 45 120 133 142 202 275 465 480 492 964
20  0 6 7 11 18 38 186 192 228 301 370 443 531 677 698 739 754 915 991 992
6  164 228 301 403 517 720
3  166 314 497
4  167 198 369 761
3  141 541 887
8  53 204 223 280 283 416 455 973
33  8 16 23 26 27 64 90 152 179 183 187 218 253 254 261 306 308 316 323 351 367 370 425 476 496 527 705 708 720 724 732 796 887
4  163 302 496 732
2  196 992
5  248 277 323 349 856
6  35 74 309 534 923 957
2  209 395
6  224 438 606 778 812 915
1  198
35  18 22 64 96 127 130 147 150 180 186 192 212 228 238 243 251 277 287 288 323 370 390 420 423 443 517 527 531 606 708 720 846 915 934 992
13  46 163 219 294 352 423 488 496 561 732 864 887 915
7  47 100 467 611 824 887 998
3  117 162 174
2  156 372
7  293 308 316 367 370 720 724
13  50 73 145 168 191 248 277 323 363 373 583 830 831
14  179 187 293 306 316 367 425 496 527 542 708 720 724 732
6  297 318 534 779 899 923
1  46
8  272 331 367 485 582 677 812 915
4  0 59 372 462
2  15 434
2  289 497
4  78 102 414 914
28  23 26 48 76 179 187 218 253 278 293 306 308 323 349 351 367 370 448 527 539 552 606 617 714 720 724 732 740
4  111 125 154 521
4  309 386 532 779
2  153 703
9  98 99 107 123 252 464 665 835 837
1  51
3  246 442 804
95  3 12 15 16 17 18 19 22 38 39 41 43 50 51 58 64 70 73 90 91 93 96 106 124 127 145 147 150 164 172 175 184 187 191 192 221 222 228 229 234 238 248 253 254 257 265 269 273 274 277 293 296 301 307 316 337 349 367 370 373 383 387 392 404 423 433 439 448 463 472 476 495 502 506 531 604 606 638 672 698 707 708 714 720 732 740 742 789 846 856 912 915 964 991 992
5  54 95 440 628 964
4  137 432 806 879
7  0 114 277 363 479 732 794
3  77 709 900
1  80
5  57 61 75 82 411
1  125
5  272 311 367 720 812
4  254 439 610 812
36  0 1 5 6 7 9 11 18 19 38 46 57 61 80 91 103 106 110 122 146 210 215 277 392 423 568 603 617 698 708 720 739 770 820 991 992
1  139
4  205 339 490 900
6  11 29 463 876 887 991
14  20 44 47 69 71 148 169 254 323 354 370 710 718 740
18  10 34 35 37 38 74 87 115 117 216 228 370 404 637 899 916 991 992
14  3 27 93 138 205 335 366 439 617 724 766 887 900 903
6  98 181 199 252 380 431
5  203 402 447 828 992
3  56 104 991
5  84 256 446 474 986
4  67 233 401 899
1  11
5  259 361 437 708 847
15  0 10 35 37 65 74 87 115 117 175 370 404 406 931 992
11  7 10 34 228 392 430 456 461 463 531 747
42  0 1 3 5 6 8 9 11 16 18 43 47 64 90 100 129 141 254 274 296 316 323 363 370 378 439 448 496 511 531 570 680 720 724 732 740 789 856 870 887 902 991
6  221 591 672 708 820 915
29  8 15 16 23 26 64 76 90 152 159 179 218 293 316 367 368 377 417 448 496 506 525 566 678 720 724 732 740 887
14  11 46 163 219 302 413 423 496 561 609 732 864 899 991
3  73 468 774
4  20 69 148 337
1  71
13  189 253 268 367 370 375 392 438 515 617 720 880 881
6  18 531 578 663 664 698
2  235 640
12  16 20 44 47 71 452 500 530 531 732 949 992
3  66 638 992
1  346
5  123 501 589 665 837
13  64 238 274 277 307 326 349 370 678 732 870 924 991
3  158 508 860
6  232 503 743 793 891 963
18  0 3 8 24 27 138 205 339 439 490 552 617 633 732 740 820 887 992
45  7 23 36 38 51 58 68 73 106 150 187 189 228 253 268 272 293 306 308 311 316 323 331 351 356 370 383 392 423 439 468 525 617 677 678 708 720 724 732 740 742 812 846 991 992
4  351 417 496 724
6  198 207 290 381 475 689
128  0 1 3 5 6 9 10 11 13 17 18 21 25 26 30 36 38 48 51 62 64 68 72 76 80 93 94 121 122 127 129 130 144 147 150 159 172 175 178 180 184 187 189 191 192 194 212 213 215 228 229 231 238 243 247 251 253 258 259 267 268 270 277 285 287 293 301 306 316 323 337 338 347 349 356 363 367 394 404 420 423 438 439 443 463 487 496 505 506 511 525 527 530 531 561 586 606 617 621 633 637 647 677 678 698 703 705 708 710 714 718 724 732 739 740 742 812 828 841 846 856 887 915 932 964 984 991 992
5  19 41 192 698 992
13  0 114 135 156 185 196 197 220 242 305 312 423 692
10  73 168 175 272 307 323 404 433 631 703
4  155 545 553 669
3  356 515 880
4  215 459 505 720
6  23 152 351 496 506 678
2  349 724
2  93 887
3  98 181 340
2  369 866
1  114
20  12 38 39 50 161 228 265 323 367 392 468 514 604 648 698 707 714 720 742 991
2  105 457
6  32 253 518 573 732 968
2  318 427
6  191 257 323 648 706 740
1  118
2  255 540
5  301 420 423 856 915
2  51 524
30  1 7 10 11 38 187 189 192 212 228 253 268 323 333 348 356 367 383 423 438 461 468 514 617 714 720 732 742 846 991
4  65 398 574 607
3  213 370 404
3  64 209 298
2  270 633
6  112 128 404 433 649 887
3  393 574 607
12  0 35 37 81 87 115 117 176 534 621 671 899
4  13 450 686 733
7  16 67 233 344 436 463 899
11  6 86 203 228 341 461 740 828 846 865 992
3  288 517 720
40  11 22 25 37 74 94 106 112 172 175 192 213 277 323 338 347 370 373 394 397 420 423 433 505 606 631 649 677 703 708 714 789 791 812 856 887 899 913 961 992
7  12 25 58 206 423 490 767
9  37 65 74 347 424 676 913 916 992
5  17 124 732 859 870
3  227 727 889
4  149 558 633 842
3  102 132 933
11  57 61 75 82 111 226 329 595 603 624 688
4  116 230 282 978
3  352 423 898
3  315 874 914
7  42 106 577 653 732 754 829
2  292 745
3  351 368 724
6  9 19 33 568 739 817
5  226 484 523 603 641
42  11 18 22 25 36 37 51 72 130 150 172 175 180 192 215 228 251 301 370 390 404 423 490 505 527 606 617 621 707 708 714 720 802 812 846 851 856 862 887 915 991 992
2  243 505
2  114 670
84  0 1 3 4 5 6 7 8 10 11 13 14 18 21 30 38 46 57 58 80 83 91 92 94 106 114 121 156 185 196 197 206 220 242 277 285 301 302 323 333 352 367 370 372 390 392 404 405 413 420 463 468 490 496 506 525 530 561 599 603 606 609 617 649 677 685 692 698 720 732 739 740 760 765 778 802 828 846 868 949 961 977 991 992
5  406 676 913 916 947
6  187 293 308 476 527 720
2  155 840
2  386 616
3  57 711 982
3  63 232 743
5  348 531 585 747 811
1  340
3  325 806 879
19  112 128 212 228 281 323 373 397 404 527 552 576 631 649 703 720 732 887 992
3  15 313 566
1  65
5  16 67 233 401 551
1  346
47  0 2 3 25 30 35 37 38 62 68 91 112 117 122 129 171 175 189 192 224 228 242 253 268 299 356 370 392 439 495 525 530 531 606 617 663 677 705 714 778 812 846 887 906 913 991 992
45  0 1 3 5 6 7 10 11 17 18 30 68 93 106 187 254 268 272 274 323 332 339 349 366 367 370 438 485 525 527 531 606 617 633 638 663 677 714 724 740 778 812 887 915 992
2  324 628
5  255 536 738 783 910
3  322 697 804
22  1 5 7 10 12 18 25 34 106 287 301 370 520 531 698 720 739 802 846 932 991 992
1  125
1  139
5  84 343 474 875 986
1  341
20  26 152 179 218 253 316 323 349 351 482 638 724 732 740 846 856 902 915 989 992
3  255 632 895
3  400 686 733
4  58 737 913 991
9  17 47 93 124 359 530 732 846 992
1  20
2  37 87
1  292
3  348 741 747
5  69 105 148 384 571
2  236 872
2  376 505
3  51 622 846
18  0 1 6 11 91 108 228 251 262 348 392 402 531 605 642 694 698 828
3  59 312 919
46  0 1 6 7 9 11 15 16 38 46 50 58 73 80 91 92 94 103 112 192 250 272 323 336 348 370 401 423 468 496 506 527 648 698 708 714 742 802 856 887 915 924 961 979 991 999
1  320
16  19 28 33 43 79 133 142 202 275 286 480 492 597 703 752 861
6  219 496 561 834 955 984
4  303 611 824 887
22  10 14 73 83 156 353 367 383 392 423 463 496 506 514 525 707 714 720 856 887 906 992
2  91 546
3  71 89 789
3  1 5 31
4  274 323 661 964
3  98 606 899
5  24 84 343 446 986
4  207 369 601 926
30  1 7 11 18 22 38 91 122 145 164 168 187 192 228 253 254 293 323 425 495 505 527 606 708 720 732 846 867 913 992
5  126 151 166 555 620
3  105 564 623
2  326 994
7  133 202 275 286 465 492 703
4  241 246 735 832
2  448 846
3  36 901 991
4  226 419 523 758
7  272 311 439 525 677 812 915
4  118 264 887 969
6  1 5 12 121 370 846
2  302 814
1  209
43  0 1 3 6 7 8 9 24 27 77 80 94 103 138 172 205 335 366 405 420 423 495 506 527 552 568 606 609 617 633 678 692 720 740 765 802 830 846 887 900 915 991 992
3  258 544 633
17  55 79 88 120 131 133 142 202 275 286 465 480 562 638 703 785 964
2  43 511
5  162 174 635 637 659
30  0 3 30 37 41 91 112 128 192 277 323 438 476 490 506 527 552 606 617 677 692 698 702 708 732 734 742 846 913 932
47  1 3 8 11 12 17 18 23 25 26 46 64 152 163 219 231 267 293 294 302 308 349 351 352 368 370 377 423 463 466 468 506 537 685 705 707 708 714 724 732 739 802 856 887 915 984 991
2  289 314
4  193 499 522 612
3  498 522 575
3  359 530 732
4  362 589 790 837
4  234 323 708 956
5  365 675 793 891 963
6  53 204 280 513 878 959
46  0 3 18 19 22 33 41 72 91 108 128 130 180 192 215 228 243 251 271 370 376 404 420 421 459 476 527 531 606 649 678 703 708 714 720 732 765 802 812 856 887 899 911 913 915 991
43  1 5 10 13 21 46 80 108 163 192 219 228 229 323 351 370 377 423 463 468 490 495 496 526 527 531 552 606 617 678 707 708 714 732 739 742 766 802 846 856 899 915 992
2  133 142
4  364 509 627 860
1  508
3  111 673 925
33  13 18 19 21 33 43 45 49 55 79 85 112 133 144 192 212 215 275 349 370 493 527 568 617 621 677 732 735 812 902 949 964 991
2  229 531
6  53 204 504 696 878 959
18  0 5 6 38 50 91 122 206 228 383 392 468 604 707 720 845 913 949
3  356 375 863
1  252
7  288 301 403 559 695 720 890
4  385 573 732 968
5  277 560 576 718 720
3  443 825 992
8  75 111 125 137 154 188 317 688
5  193 498 499 575 693
3  226 419 484
1  391
48  0 3 15 16 25 26 38 68 93 172 179 189 224 250 258 268 351 367 370 423 438 439 468 485 527 606 609 617 633 677 707 714 720 724 732 778 787 789 812 846 858 887 888 915 964 979 991 992
5  506 535 552 708 856
78  0 1 3 5 6 7 8 9 18 22 23 26 27 30 48 76 77 91 96 122 130 147 150 179 187 192 212 215 229 251 253 278 293 301 308 316 370 420 425 433 439 463 476 490 495 505 506 511 525 531 552 576 586 606 617 649 672 678 698 703 707 708 720 724 732 742 830 841 856 887 899 900 915 930 940 984 991 992
1  121
2  238 915
17  0 3 16 17 124 253 359 370 423 438 452 500 606 732 778 802 899
73  0 1 3 5 6 7 8 9 10 18 19 22 26 34 35 38 41 47 64 68 70 80 91 108 112 186 212 228 229 231 238 251 277 287 301 323 348 349 357 359 370 430 438 439 443 461 505 506 512 527 552 570 578 606 617 663 677 678 680 698 705 708 720 724 742 789 812 846 865 915 964 991 992
2  318 971
2  178 244
9  74 115 117 297 309 399 779 899 923
2  526 708
3  441 738 910
3  23 26 496
1  45
3  179 316 724
1  389
1  291
3  308 839 936
2  188 909
1  491
3  155 374 669
2  469 773
2  203 992
1  82
4  38 175 648 714
1  86
1  436
33  1 5 8 27 251 316 366 433 490 495 506 526 527 531 606 617 633 678 698 703 707 708 720 724 740 742 766 856 887 900 902 916 992
1  374
3  152 183 795
1  477
3  60 109 666
2  217 700
1  409
2  517 695
2  519 718
12  11 46 163 219 302 352 370 423 466 609 732 899
6  120 492 634 638 703 992
2  84 256
2  478 623
1  181
5  15 351 434 590 887
6  22 36 175 704 846 932
29  0 6 8 9 18 19 25 27 38 103 106 138 333 418 490 511 579 609 617 708 735 739 754 820 821 932 964 991 992
5  10 56 836 887 992
14  16 20 44 47 71 93 100 200 254 349 531 705 724 991
2  148 457
2  134 639
6  8 32 253 385 518 732
6  393 398 607 776 877 885
2  499 522
12  121 212 249 258 277 433 519 527 678 703 887 991
4  415 732 812 830
4  357 531 663 698
8  568 609 708 739 821 843 964 991
2  53 629
3  155 669 840
1  311
2  277 307
5  267 285 650 828 992
3  430 811 886
15  26 76 278 370 527 617 678 707 714 732 841 887 930 991 992
4  0 3 47 684
2  269 740
3  362 501 837
3  15 566 887
2  350 915
2  127 956
2  0 118
3  36 965 991
2  82 411
4  69 105 746 762
1  465
1  206
8  114 185 423 609 651 655 708 951
2  221 833
2  475 748
2  82 954
11  57 61 82 226 333 411 419 423 617 641 991
13  38 50 73 170 323 383 514 648 740 924 966 991 992
6  161 190 251 461 626 852
61  1 3 9 16 19 22 23 26 27 30 41 68 91 96 98 127 128 164 180 192 199 228 243 299 301 316 323 370 404 420 423 438 439 473 476 490 495 505 506 525 527 530 531 552 617 649 677 678 698 714 720 732 778 802 812 846 887 899 915 949 992
4  393 398 574 877
1  10
17  114 352 423 490 525 561 568 579 599 617 708 740 858 887 899 964 991
2  332 812
3  303 467 824
1  498
1  188
5  149 633 853 858 991
1  99
1  427
67  8 19 23 24 26 27 30 46 57 61 77 82 189 205 226 253 268 278 316 333 339 356 366 367 370 392 420 423 438 439 490 495 506 511 525 527 531 552 568 586 603 606 609 633 677 678 698 708 714 720 732 742 766 802 812 820 821 846 856 887 900 915 979 982 984 991 992
1  175
2  156 678
2  126 477
28  0 1 6 7 9 19 22 33 38 45 106 112 172 276 370 399 420 511 638 662 671 732 846 902 915 976 988 991
2  460 736
2  478 564
2  411 945
1  207
1  605
1  508
3  324 440 964
2  580 950
6  83 156 260 678 719 766
4  373 404 433 703
2  255 449
30  23 93 141 149 189 258 268 270 274 366 370 396 409 439 490 491 525 552 614 617 678 698 724 732 740 858 887 915 991 992
3  562 638 992
4  87 162 174 494
1  41
18  0 9 10 34 35 37 74 87 117 162 174 228 338 370 494 923 929 992
38  0 6 9 18 19 33 43 45 66 94 103 120 133 145 153 228 275 323 360 439 448 492 562 621 634 662 671 703 732 735 739 742 771 802 846 856 915 992
3  97 134 572
2  358 643
2  419 603
1  461
1  640
4  133 202 703 732
1  10
7  11 29 757 805 949 991 992
10  22 127 150 180 215 370 677 792 801 812
22  18 25 38 50 91 145 170 191 206 228 257 383 387 463 549 604 698 706 841 915 924 992
12  397 404 423 433 505 527 606 678 708 732 887 899
3  584 828 992
2  599 655
6  43 136 266 902 964 991
6  415 668 732 754 829 888
1  242
2  599 651
1  31
2  17 160
7  229 251 714 766 780 856 967
2  174 494
7  10 56 104 228 732 899 991
2  472 904
6  621 638 671 742 899 992
13  0 1 6 70 171 357 438 439 531 578 725 846 865
1  357
5  107 123 320 362 837
3  60 109 556
3  37 749 922
4  653 732 829 888
4  155 374 545 581
1  422
17  1 5 9 18 25 103 399 621 638 662 708 739 742 781 846 887 899
9  147 180 221 243 323 350 527 708 812
2  510 925
5  46 163 732 848 856
1  503
4  406 424 913 916
37  0 18 100 141 189 224 268 277 287 311 367 370 404 423 438 439 485 495 511 525 531 606 617 647 678 680 685 720 732 735 812 846 887 915 961 964 991
49  0 3 4 64 68 156 209 242 260 279 351 363 367 370 377 490 505 506 527 531 552 576 586 606 617 619 630 633 649 677 680 698 714 719 732 740 742 778 802 808 812 841 887 899 911 915 924 949 991
1  57
10  3 349 531 677 678 714 732 740 808 856
1  179
7  112 116 230 282 723 943 978
1  67
1  587
6  423 496 677 714 964 991
3  400 450 733
2  50 845
4  75 137 411 521
1  369
2  21 764
2  11 29
10  3 14 197 372 423 490 495 887 900 992
3  193 522 751
1  461
3  517 559 941
1  513
1  442
88  0 1 3 5 6 7 9 10 11 12 13 18 19 21 25 29 38 39 41 42 50 58 73 80 91 92 94 106 108 112 119 121 122 128 161 172 175 212 215 228 239 245 251 258 265 277 287 323 333 357 370 371 383 423 443 461 463 495 527 531 552 578 606 617 633 648 678 703 707 714 732 739 740 742 754 766 802 812 846 887 900 913 915 932 964 987 991 992
2  9 730
4  173 217 557 991
4  112 116 846 964
1  495
52  0 1 6 9 19 33 43 50 66 74 79 106 133 145 153 161 172 175 192 202 212 228 275 281 319 370 373 404 433 465 480 492 505 527 552 562 576 631 638 644 698 707 714 720 732 739 740 830 916 964 991 992
3  175 567 932
18  8 26 27 179 231 254 261 293 370 438 496 531 570 714 724 739 915 991
2  387 648
34  5 11 12 18 25 38 39 58 192 323 383 420 468 496 506 514 525 527 552 586 698 703 714 720 732 739 740 769 812 830 856 887 991 992
80  1 5 6 12 16 18 21 22 25 26 42 44 46 71 108 112 114 159 180 190 192 212 215 222 228 234 247 251 253 259 272 273 277 293 301 308 323 333 346 350 367 370 404 420 463 476 495 496 502 505 506 526 527 531 535 552 568 579 599 609 617 649 671 672 710 718 724 739 740 781 802 812 820 821 846 887 899 915 932 991
2  327 974
16  20 69 148 200 225 254 337 370 708 718 724 740 781 846 887 932
1  428
3  35 62 194
1  190
81  0 1 3 5 6 7 9 11 14 15 18 19 25 38 50 91 94 106 112 121 122 145 150 161 172 175 192 212 231 239 251 258 260 277 284 316 323 370 383 392 404 420 438 439 463 468 496 505 506 525 549 586 606 617 658 678 680 685 698 703 705 707 719 720 724 732 739 740 754 766 778 812 828 830 846 856 887 915 964 991 992
1  2
2  52 819
1  161
15  130 215 238 277 337 370 519 560 708 710 724 740 820 887 899
13  260 279 630 678 714 720 724 732 740 766 808 915 953
87  0 1 5 6 8 10 12 18 22 24 27 35 36 37 38 46 51 72 80 90 91 103 164 187 228 243 247 253 271 277 288 293 301 306 308 316 323 331 333 349 351 356 367 376 383 392 403 420 423 425 433 443 468 476 490 505 514 517 519 525 527 531 552 606 617 677 703 707 714 719 724 732 739 740 742 765 766 812 846 856 867 887 899 915 916 991 992
2  17 846
1  130
5  112 116 682 755 943
57  3 8 23 26 48 64 93 100 141 149 159 179 187 231 253 254 268 274 293 306 308 316 339 349 351 367 368 370 378 417 439 448 496 525 527 531 539 552 570 633 705 708 710 714 718 719 720 732 740 781 812 887 900 902 915 991 992
8  0 1 70 228 238 663 742 831
2  263 892
3  227 408 889
2  19 981
1  38
2  9 699
2  98 899
126  0 1 3 6 8 11 13 15 17 18 21 23 26 30 32 44 46 47 90 93 106 114 118 124 127 128 133 141 144 150 152 163 164 175 179 187 192 215 219 228 253 254 258 277 293 294 302 308 316 323 326 349 351 352 359 363 366 367 370 385 392 407 415 423 433 448 452 476 495 496 500 505 506 511 518 525 527 530 561 573 577 586 606 617 621 633 638 644 649 653 660 668 674 677 678 680 698 703 707 714 719 720 724 739 740 742 754 766 802 812 829 830 846 856 859 870 887 888 899 902 915 949 964 968 991 992
6  400 450 686 905 948 958
2  192 495
16  18 45 49 54 95 241 246 481 511 568 638 677 944 964 991 992
1  622
2  451 991
4  441 536 910 920
42  0 5 6 9 18 19 38 145 287 333 370 418 423 443 496 506 568 579 638 671 698 703 705 707 708 714 720 732 740 742 765 766 802 812 821 830 899 915 932 964 991 992
66  0 1 6 11 27 50 106 127 184 191 205 212 213 215 221 243 247 251 257 269 274 279 316 323 337 349 351 366 367 370 387 402 423 439 448 490 552 588 604 609 633 678 680 698 703 707 708 710 714 718 719 720 724 732 739 802 812 830 846 856 887 899 902 915 991 992
2  456 747
51  0 1 6 9 18 19 92 94 112 145 161 212 228 229 238 251 265 277 323 367 370 383 392 463 495 506 527 531 552 617 638 662 671 678 698 720 725 732 739 766 780 826 830 846 856 887 899 900 915 991 992
5  232 365 429 793 891
3  26 152 183
1  416
4  69 105 596 762
5  348 430 456 741 811
1  601
2  667 816
1  248
5  114 193 693 810 932
4  133 142 202 465
1  161
20  0 1 6 11 13 18 29 30 42 239 287 415 568 653 698 714 732 821 991 992
1  723
1  198
5  646 805 949 991 992
2  484 873
1  38
1  423
2  167 290
3  596 746 818
1  61
1  690
13  0 1 80 271 277 423 490 505 720 739 802 830 932
17  27 339 506 552 617 630 658 698 714 719 720 732 739 742 856 887 916
1  405
3  19 43 45
3  707 812 992
4  210 333 820 991
2  638 802
1  123
1  546
1  353
2  108 915
3  574 877 952
3  171 846 906
17  0 2 3 17 299 423 438 439 525 530 606 678 714 846 899 915 977
4  309 318 534 899
7  18 192 228 229 658 742 856
11  253 254 671 708 710 724 812 887 900 991 992
2  116 978
2  441 910
1  233
2  120 492
2  182 991
1  525
1  74
32  0 1 3 8 11 15 16 20 22 23 38 47 58 69 71 91 93 100 171 254 277 323 349 404 470 525 531 846 856 899 906 915
1  501
1  404
2  647 990
3  365 503 743
2  277 326
1  554
1  293
10  0 3 15 16 44 93 100 254 827 856
1  188
1  235
1  185
2  180 647
41  0 1 18 21 25 61 94 124 172 175 192 243 251 277 420 423 443 463 490 496 505 506 530 606 617 638 678 698 708 732 739 740 765 771 812 830 846 856 913 991 992
1  31
2  322 442
6  11 29 646 757 949 991
3  325 432 879
3  147 896 993
4  678 680 719 822
1  281
1  751
5  430 585 747 855 886
71  0 1 6 7 9 18 19 26 41 43 66 68 164 179 180 192 215 224 228 253 254 268 272 277 299 311 331 332 367 370 404 420 438 439 485 505 511 525 531 577 606 610 617 647 672 677 678 698 707 708 714 720 724 732 739 740 769 781 802 830 846 856 887 900 902 913 915 916 964 991 992
2  160 940
1  488
1  112
1  749
1  418
1  762
2  52 716
16  23 26 218 333 350 366 568 617 708 718 770 887 915 932 964 991
8  568 579 617 708 739 754 991 992
1  808
1  62
4  303 467 611 998
1  520
3  18 742 991
1  797
20  0 1 6 83 203 260 267 285 341 370 402 423 461 584 650 714 846 949 991 992
5  32 415 653 668 732
29  1 6 11 50 94 112 257 277 307 490 527 577 703 707 714 732 739 740 742 765 802 812 856 887 899 932 964 991 992
8  58 145 213 228 307 725 857 913
1  481
1  600
3  219 466 984
1  320
4  0 10 569 992
6  123 320 362 501 589 665
1  243
1  542
4  146 155 426 581
12  50 175 191 257 269 370 527 586 648 678 924 991
1  409
2  579 991
2  114 185
3  50 514 687
106  0 1 2 3 5 6 7 10 11 12 13 14 17 18 22 29 36 37 38 42 51 77 94 96 106 108 112 114 124 129 130 145 147 148 150 161 169 171 172 175 184 189 192 200 203 212 215 225 228 243 251 253 258 301 323 367 370 392 402 420 423 438 443 448 452 460 476 482 487 490 495 506 525 531 567 606 617 621 638 663 671 677 698 701 708 710 714 720 721 732 740 742 777 778 789 802 812 828 856 887 899 915 932 964 991 992
3  212 259 346
2  674 856
1  190
4  3 8 23 915
2  420 862
1  605
5  614 858 915 991 995
1  75
1  811
61  1 6 7 9 11 30 46 50 163 192 215 228 229 251 254 296 323 349 370 390 404 420 448 463 468 496 505 506 526 527 552 617 638 658 674 680 707 714 720 732 740 742 766 780 789 797 802 812 830 846 848 887 899 906 911 913 915 916 932 991 992
2  831 921
8  525 609 614 633 853 915 991 992
6  124 407 732 870 968 996
2  364 508
1  465
2  420 851
1  515
4  46 163 302 352
10  0 1 6 10 106 112 277 402 531 663
1  381
2  476 720
4  0 3 30 423
1  179
9  13 90 349 363 407 732 859 912 996
2  108 992
4  61 226 236 458
1  758
2  414 914
3  84 446 986
2  336 991
4  574 607 776 952
5  53 204 504 513 959
3  325 432 806
3  189 356 375
4  189 253 268 356
3  146 210 991
1  285
3  132 211 933
1  574
2  585 811
115  1 6 8 9 10 11 13 14 15 16 18 19 23 25 26 38 41 47 56 68 80 92 93 94 100 112 118 141 148 149 152 161 163 177 187 192 200 215 218 219 224 228 250 253 254 264 267 291 293 302 303 336 339 349 351 366 370 379 397 404 420 433 438 439 463 467 468 486 490 496 505 525 527 552 566 569 576 586 590 606 609 617 633 649 671 677 678 692 698 707 708 710 714 718 720 724 732 740 742 766 781 812 820 830 846 856 899 902 906 915 916 932 969 991 992
4  525 653 668 732
4  121 227 408 727
1  517
5  232 365 503 743 963
2  726 908
1  24
1  215
5  16 67 139 255 449
2  807 993
1  36
1  413
58  0 1 6 11 16 64 67 98 117 156 192 215 228 233 245 251 309 338 344 352 399 401 404 473 505 506 527 530 534 561 606 609 649 660 662 671 678 708 718 720 731 732 739 740 742 778 779 789 830 846 856 887 906 915 932 964 991 992
25  1 3 8 24 27 30 77 138 205 327 335 339 490 527 552 617 692 698 724 742 781 812 915 991 992
1  483
22  43 45 56 85 136 266 349 448 511 552 621 652 724 732 740 812 887 906 915 916 991 992
1  339
2  661 935
1  733
18  2 4 14 83 156 171 192 438 468 777 789 856 887 899 902 915 916 992
1  26
1  892
2  188 543
6  255 441 536 738 783 920
5  505 678 856 913 992
3  90 323 870
48  0 1 3 6 7 9 10 11 18 19 25 37 38 50 58 74 80 91 106 108 112 119 145 175 192 213 254 277 404 406 424 438 451 476 495 505 514 676 698 802 812 831 856 911 915 916 991 992
5  78 102 315 414 874
121  0 1 3 6 7 8 9 11 13 16 18 19 22 23 25 26 27 29 36 38 42 51 64 69 70 72 77 80 91 93 94 100 103 106 108 112 122 130 141 149 161 180 184 192 205 215 219 221 224 228 238 243 250 254 260 268 272 274 287 299 301 302 311 323 350 370 390 420 439 448 463 485 490 496 505 506 525 527 529 531 591 606 617 621 633 638 648 677 678 698 705 708 714 719 720 724 732 739 740 742 775 778 789 812 820 846 850 853 856 858 887 899 900 902 906 913 953 964 979 991 992
20  37 74 87 338 406 424 552 676 703 720 766 812 856 887 902 906 913 947 991 992
2  6 9
2  104 991
1  462
2  738 910
1  857
1  667
7  0 35 74 297 309 534 637
8  363 463 604 648 678 841 927 979
2  510 673
1  475
2  924 979
2  108 172
1  637
6  26 179 187 527 586 992
3  37 65 347
36  3 4 7 14 16 18 22 29 36 42 44 106 114 159 161 200 370 443 495 567 568 698 704 708 710 739 751 765 820 830 846 856 887 899 949 992
4  132 211 410 884
1  301
1  904
1  542
1  33
2  46 982
1  216
5  3 17 160 527 813
1  695
1  121
3  112 682 723
2  45 735
1  624
1  195
4  87 175 424 916
1  733
29  0 1 3 6 8 11 16 18 19 27 46 85 90 144 359 423 511 514 606 646 678 732 757 805 828 932 964 991 992
1  629
3  185 599 985
2  776 877
5  91 122 719 915 979
4  57 61 82 602
2  466 984
4  127 234 502 592
2  35 297
1  733
6  53 204 280 504 513 878
1  216
7  92 189 404 423 463 677 991
1  128
3  365 503 891
48  19 27 33 43 45 49 51 53 54 55 79 120 133 229 275 286 323 324 370 472 492 511 525 531 568 579 609 628 652 677 685 698 701 703 714 732 735 739 812 820 830 846 899 915 949 979 991 992
2  594 991
1  604
1  658
5  385 518 732 859 980
3  118 486 887
1  33
1  532
1  98
2  283 292
1  709
1  180
2  33 621
4  0 3 423 778
5  116 282 412 682 782
16  23 26 76 91 250 278 463 525 617 915 924 927 953 964 991 992
1  968
1  728
6  11 46 57 428 617 938
3  16 97 134
13  46 57 61 82 212 219 370 466 496 527 617 834 955
1  951
6  24 138 343 446 474 875
2  698 992
2  172 621
1  448
1  792
153  0 1 3 5 7 10 11 13 15 16 18 21 29 36 39 42 43 46 50 51 56 58 64 70 72 76 92 94 103 104 108 112 117 130 136 150 168 173 175 182 192 210 215 219 224 228 231 238 243 251 253 258 266 272 274 277 287 323 333 336 338 342 349 352 363 367 370 383 392 420 423 438 443 451 463 483 490 496 505 511 525 527 531 568 570 576 579 586 594 603 604 609 614 617 621 633 646 652 660 677 678 685 698 700 703 705 707 708 714 720 724 732 735 737 739 740 742 754 757 770 781 786 802 805 812 820 821 826 828 830 841 843 846 853 856 858 876 882 887 899 900 902 913 915 916 918 949 961 964 965 979 992 995
152  0 1 2 3 4 5 6 7 8 9 11 13 14 17 18 19 22 25 26 33 38 41 43 45 48 50 58 65 70 73 91 94 103 106 108 114 119 122 130 145 159 164 168 171 179 187 192 196 197 203 212 213 228 231 238 251 253 274 277 287 295 301 323 333 338 341 347 359 360 366 367 370 371 402 404 406 420 423 433 438 439 443 448 452 468 476 490 506 520 525 527 531 547 552 562 568 569 584 586 604 606 617 633 634 637 638 646 648 650 662 692 698 703 707 714 720 724 732 735 739 740 742 754 757 769 781 802 812 821 828 830 836 846 856 858 871 887 899 900 902 906 911 913 915 916 930 932 949 964 979 987 991
3  147 807 896
1  479
2  853 991
2  859 870
1  12
3  100 303 824
2  11 463
