1000
10  29 257 265 278 364 379 384 536 688 792
17  42 56 93 149 164 203 233 317 342 378 403 406 574 688 870 911 986
9  51 250 257 333 441 560 847 951 957
16  110 121 288 344 354 423 534 615 660 751 781 811 837 911 933 991
12  47 64 235 237 327 495 700 834 890 915 942 981
10  262 297 327 418 513 746 808 948 951 979
14  86 119 176 180 204 219 382 465 482 493 579 840 917 958
18  153 164 195 271 333 381 447 462 484 552 642 815 819 823 839 908 916 936
11  68 183 258 378 395 515 565 643 802 882 898
9  64 108 152 176 188 246 290 453 501
6  306 568 611 787 790 904
8  21 166 284 382 396 638 641 957
10  238 276 301 312 402 509 598 836 863 992
17  147 148 190 196 208 263 295 341 433 447 575 685 697 762 795 890 998
4  21 510 865 880
8  28 64 181 188 395 398 854 862
10  19 239 406 591 689 734 768 878 879 886
11  142 270 492 657 711 737 753 826 832 837 912
10  110 212 575 588 617 649 717 739 771 943
10  16 149 152 162 241 436 448 582 732 907
13  81 143 204 239 354 394 461 530 666 676 793 909 933
12  11 14 116 131 216 253 344 470 517 525 561 752
10  237 281 448 535 600 626 710 900 946 987
11  30 66 142 332 383 669 690 743 758 761 884
10  66 348 424 610 637 856 892 900 948 981
7  117 354 406 421 584 695 783
11  150 222 398 574 610 617 669 683 791 832 847
7  256 448 531 568 616 637 881
10  15 47 61 175 191 218 259 380 502 628
17  0 266 289 308 313 354 466 499 582 606 664 748 792 857 945 952 954
12  23 222 283 446 455 462 558 566 682 793 863 875
9  153 263 315 328 452 556 639 695 743
9  62 118 368 411 415 441 469 608 978
4  116 180 294 428
9  308 449 503 723 742 784 892 950 956
10  46 210 236 245 262 300 461 707 959 988
10  47 103 109 120 135 206 564 685 729 907
12  117 174 253 271 361 395 419 422 497 591 942 962
10  136 144 171 183 285 453 718 857 971 997
5  155 368 556 572 958
9  46 123 253 277 347 479 644 894 978
4  192 441 716 982
9  1 44 99 340 401 509 612 693 994
9  205 281 337 561 570 637 641 690 852
7  42 94 239 403 873 896 987
6  236 592 733 736 814 901
9  35 40 312 538 715 769 869 962 987
14  4 28 36 316 395 397 400 411 456 457 637 736 790 862
9  109 468 675 688 762 799 888 966 970
11  146 169 172 401 433 447 452 460 559 591 778
10  130 206 371 699 748 789 834 879 914 973
10  2 91 102 116 132 139 268 355 633 894
10  145 220 301 394 396 406 432 454 474 790
11  154 276 304 323 339 406 451 544 581 714 883
9  197 220 246 502 565 569 577 626 948
9  63 196 425 478 622 636 776 835 938
12  1 61 93 115 365 402 508 547 706 715 868 892
12  97 221 334 390 408 452 620 666 673 700 960 988
9  345 524 590 674 711 748 858 862 951
11  225 228 273 314 497 555 560 617 732 785 786
5  68 214 249 614 854
8  28 56 297 414 509 652 674 998
9  32 269 275 279 520 555 740 789 913
12  55 131 148 191 287 346 347 528 590 782 813 960
9  4 9 15 74 472 499 500 721 865
5  96 220 620 639 796
10  23 24 77 194 198 604 668 736 886 914
12  101 129 276 314 632 636 701 718 796 816 908 960
11  8 60 70 323 326 420 467 690 707 727 958
10  121 140 302 312 351 401 540 610 801 805
9  68 273 291 306 509 542 641 669 733
8  339 365 369 379 496 560 614 926
11  118 197 487 539 551 594 718 752 822 838 987
9  276 509 510 609 730 750 790 845 860
8  64 263 295 305 409 554 692 726
14  252 258 315 319 421 541 597 643 653 724 824 935 949 988
6  191 321 492 716 725 787
10  66 125 257 383 469 520 604 848 899 975
5  133 297 380 423 468
14  203 352 512 527 636 649 677 708 735 778 801 915 926 958
10  170 237 284 401 523 616 671 900 954 971
10  20 106 139 257 383 506 619 713 762 852
12  214 348 402 417 527 556 723 748 801 868 891 935
6  162 243 717 734 796 817
11  96 302 321 494 510 515 683 769 838 856 865
10  124 240 373 407 631 652 719 731 969 975
11  6 95 161 311 534 569 573 662 743 774 872
12  113 228 301 386 470 544 579 650 740 767 896 997
6  147 540 558 562 741 807
6  566 661 920 951 965 996
8  193 524 567 802 805 878 922 939
13  51 225 284 312 519 581 587 649 736 844 863 893 980
10  97 200 347 581 679 718 794 931 982 991
10  1 56 157 214 312 354 663 854 903 929
9  44 154 219 463 483 581 589 799 837
11  86 267 323 397 603 766 825 851 929 967 996
13  65 84 121 138 145 156 208 215 240 359 362 586 729
8  57 92 112 499 530 665 805 876
9  123 177 270 328 370 668 678 690 948
7  42 112 304 516 624 690 883
11  174 189 393 502 548 633 731 738 826 885 963
10  67 413 581 591 638 659 742 781 796 877
9  51 122 194 205 286 379 505 634 659
13  36 118 248 254 269 307 361 408 552 895 911 920 998
13  124 151 181 336 404 426 428 479 556 585 778 804 975
10  144 298 329 424 439 459 511 538 714 723
14  81 133 356 362 622 650 771 777 809 816 818 903 914 961
10  288 339 344 434 467 569 595 673 768 948
7  9 304 536 549 615 726 964
12  36 48 137 158 326 348 353 674 743 845 865 905
11  3 18 130 224 255 270 475 830 863 937 954
13  194 249 281 335 359 360 381 459 703 788 816 852 987
10  97 99 129 161 168 371 653 701 921 938
11  87 371 404 501 571 622 662 682 860 928 970
12  169 171 251 375 392 456 583 597 683 780 840 994
9  56 120 524 758 804 857 883 931 960
13  21 33 51 164 260 263 276 333 590 603 780 787 921
9  25 37 151 375 453 555 683 803 895
10  32 72 103 143 256 343 497 837 947 976
8  6 217 346 467 521 663 782 945
15  36 115 139 414 520 590 666 730 838 853 867 904 929 939 946
12  3 69 96 317 348 444 562 655 729 756 894 927
9  102 153 155 371 486 671 842 955 961
14  40 98 354 475 552 588 655 668 756 780 781 854 949 990
6  85 104 209 299 541 735
12  77 127 198 214 278 313 379 383 533 608 958 988
5  285 434 580 676 921
8  125 274 323 619 703 769 864 954
9  251 287 304 308 390 420 642 672 905
12  67 112 169 180 310 313 333 408 838 842 892 974
13  50 110 168 452 534 543 562 605 644 702 718 863 871
9  21 63 221 292 321 341 549 800 993
5  51 219 646 723 864
11  78 106 184 260 331 484 531 722 752 887 966
7  223 315 320 590 757 851 878
10  36 174 230 385 526 535 583 590 756 880
10  38 180 257 258 266 372 503 556 694 891
8  109 219 287 303 446 812 912 999
5  96 702 716 722 946
10  51 81 120 305 416 490 539 737 748 926
9  69 197 446 476 621 624 699 703 961
8  166 171 406 482 593 808 890 980
10  17 23 267 283 516 559 608 779 855 916
14  20 118 193 276 295 374 428 466 594 612 625 694 710 964
16  38 105 283 440 441 452 467 502 513 551 623 713 766 795 823 984
8  52 96 279 441 693 877 895 901
12  49 248 326 358 435 492 635 720 751 875 955 966
16  13 88 170 183 398 407 447 485 591 669 678 698 854 896 936 992
11  13 63 151 562 595 731 736 740 773 777 803
12  1 19 347 393 423 566 568 596 698 808 818 993
7  26 250 283 472 497 498 925
14  104 117 148 163 275 317 327 384 708 719 720 749 878 981
13  9 19 211 239 303 389 594 664 683 697 791 815 832
13  7 31 122 172 195 275 289 429 470 487 601 638 968
11  53 94 186 309 432 433 472 673 734 857 906
10  39 122 183 395 446 473 515 643 865 875
9  96 190 255 303 353 641 713 871 990
11  93 164 315 319 431 504 581 770 825 844 858
7  109 174 187 460 625 798 809
9  190 199 293 560 640 673 758 911 921
14  168 220 267 345 453 493 631 683 696 756 806 877 927 994
13  86 112 318 368 425 562 594 736 777 845 866 910 915
8  19 83 343 400 460 587 603 899
8  151 164 244 524 756 757 816 825
19  1 7 116 157 163 246 347 379 383 444 632 693 754 798 819 870 889 946 992
7  291 387 604 609 713 734 948
8  11 141 412 476 496 790 801 819
10  233 330 405 481 620 646 807 808 871 985
16  112 130 160 270 346 426 470 519 530 619 641 792 887 920 942 968
13  49 114 129 223 317 412 452 547 688 818 855 931 968
11  80 147 292 337 413 519 600 687 704 791 922
9  38 114 141 224 314 403 562 819 898
15  49 153 180 215 387 441 633 696 703 748 780 802 861 898 946
4  263 318 952 994
16  37 100 135 158 199 224 241 331 617 671 683 899 912 942 967 970
8  28 260 563 588 682 747 841 988
9  6 9 454 484 518 528 594 892 975
8  98 261 578 703 754 872 903 928
8  214 317 344 379 391 847 873 901
7  582 586 630 712 732 766 975
11  6 33 129 136 172 232 297 607 617 880 923
6  15 104 317 403 682 729
6  345 378 450 698 810 974
12  8 38 147 155 531 603 605 616 700 738 874 941
12  133 190 297 376 391 504 510 552 766 810 884 966
14  201 313 317 352 377 473 580 591 696 722 851 919 950 955
7  154 243 366 431 651 654 951
6  158 228 319 321 398 957
13  9 15 310 403 505 570 685 745 750 781 856 880 936
11  100 279 346 388 418 448 525 528 541 586 589
8  13 156 159 184 344 405 503 782
13  28 63 76 293 322 389 593 679 752 783 914 923 968
5  41 203 306 759 816
8  90 143 202 569 636 659 689 782
10  66 102 111 229 497 558 605 803 863 909
11  7 153 398 483 518 592 595 620 639 675 724
11  13 55 287 569 649 657 704 886 955 958 961
13  54 72 140 232 268 323 418 720 823 833 900 951 982
9  66 125 224 309 505 617 780 917 925
11  159 174 239 313 382 420 552 739 858 901 937
8  92 372 386 803 810 857 995 998
5  185 203 341 667 977
10  193 459 478 582 714 788 796 800 874 878
19  1 79 192 201 225 249 257 469 477 482 493 556 564 648 675 695 719 811 857
12  6 20 253 380 420 469 480 482 485 591 826 974
14  43 102 216 218 221 270 413 418 511 572 587 730 841 963
12  36 50 311 368 374 561 574 602 630 782 804 999
6  322 527 706 738 839 868
7  13 96 249 293 333 863 945
7  124 327 383 460 732 833 845
6  35 250 252 588 751 839
6  152 450 512 603 681 984
7  18 298 427 464 670 712 815
9  228 326 488 489 535 590 705 785 803
12  60 82 93 125 178 321 423 467 566 718 912 971
8  96 172 216 294 459 748 880 921
11  21 205 215 322 435 506 824 879 897 913 925
10  119 241 321 365 397 399 587 609 962 970
11  28 205 306 406 456 575 809 827 854 873 961
12  6 94 132 137 303 320 398 495 564 598 787 973
11  52 54 65 160 240 262 440 629 652 761 995
17  57 131 205 223 312 338 371 401 455 529 639 654 656 675 751 876 927
9  26 30 502 557 654 694 762 819 915
10  134 169 221 259 332 369 567 702 824 967
12  110 171 174 198 298 334 365 379 406 636 840 958
9  59 91 203 336 478 610 698 718 765
7  344 370 557 578 661 787 932
5  353 719 744 747 760
12  59 87 187 213 251 269 323 511 786 811 826 905
10  194 322 326 490 796 808 830 879 910 998
7  135 340 564 851 865 877 963
8  277 488 654 678 701 712 822 991
9  180 197 576 620 626 627 668 732 949
9  1 167 283 417 524 694 780 828 960
8  323 367 513 626 677 923 928 967
11  4 238 327 345 424 458 490 535 547 595 971
4  35 45 707 898
9  4 22 80 307 715 812 852 978 979
7  12 235 403 501 807 827 868
12  16 20 44 152 199 332 459 469 477 868 939 953
7  85 96 220 246 688 740 796
10  19 174 217 344 417 496 540 906 941 988
14  243 376 403 404 540 654 658 686 701 718 740 767 887 907
13  83 186 242 318 338 402 434 547 716 745 758 826 969
8  163 478 517 523 526 625 782 784
6  35 283 347 525 554 769
11  9 54 164 240 459 562 577 694 696 776 859
3  482 724 794
14  103 146 407 431 438 464 594 597 714 730 865 877 883 916
15  60 111 203 208 261 368 385 421 443 472 496 847 960 967 969
11  2 150 210 446 516 517 662 688 700 913 953
9  114 128 228 399 481 529 621 658 720
10  75 210 305 338 581 753 783 814 910 990
8  21 37 40 204 346 504 842 888
8  103 260 278 337 406 580 584 816
11  110 156 263 578 580 606 661 732 752 780 942
11  27 118 268 303 581 596 619 642 655 716 763
12  0 2 77 81 136 203 506 559 632 758 843 855
12  8 75 136 454 553 565 600 621 811 850 855 928
8  28 223 455 470 482 661 899 958
11  116 133 175 254 484 497 573 605 636 766 920
8  177 249 391 437 526 587 617 772
12  5 35 220 306 410 478 522 544 688 722 933 956
13  13 31 74 116 173 255 281 282 464 562 859 871 912
4  342 368 484 767
10  0 291 471 491 515 616 632 675 837 886
7  29 136 285 373 374 451 901
9  95 142 160 356 475 533 636 848 877
11  51 197 256 420 512 567 594 676 807 810 939
9  62 103 228 339 370 479 652 715 752
15  17 98 110 168 205 491 494 601 603 698 703 749 825 832 842
7  7 37 283 373 698 803 916
6  307 633 636 816 829 893
12  59 70 285 289 398 469 648 676 719 782 830 969
6  127 350 689 748 881 978
10  62 151 153 698 723 817 866 914 970 975
18  12 53 67 73 116 143 295 296 317 522 538 556 703 736 849 903 978 994
13  40 231 322 343 448 455 482 489 498 637 675 924 998
7  0 125 254 591 611 723 972
8  62 145 189 314 464 574 727 949
3  296 501 925
10  22 43 111 263 342 391 424 480 651 847
3  263 361 703
14  30 142 144 150 233 245 271 438 679 766 855 886 890 950
9  11 80 91 329 496 870 907 932 956
12  38 126 266 273 357 369 455 559 618 721 813 874
10  102 384 390 488 497 580 667 676 834 892
10  63 128 137 196 374 492 722 782 812 947
8  3 107 336 438 462 570 620 696
15  29 153 273 293 303 388 441 470 499 675 693 772 835 947 975
9  9 334 348 364 411 659 671 890 911
9  70 165 265 435 535 758 891 963 969
9  131 170 441 703 709 763 767 925 932
7  159 191 208 289 642 909 927
10  33 215 424 483 547 726 787 816 871 920
10  13 74 143 276 452 564 663 723 800 855
6  276 280 404 425 838 889
10  5 61 78 180 184 700 812 912 949 962
14  105 212 224 315 331 503 518 526 638 660 674 923 953 955
9  124 322 437 465 575 770 786 862 879
6  35 367 706 711 741 890
14  12 52 87 376 482 548 641 677 687 754 760 802 930 966
13  69 84 350 421 604 651 652 662 678 699 730 954 986
15  137 152 156 219 256 289 340 362 442 504 516 699 781 816 892
13  53 99 108 128 390 416 511 558 650 752 884 942 957
10  74 139 252 308 315 358 366 473 507 575
18  10 70 192 218 262 331 355 398 435 461 597 605 607 616 744 749 856 934
7  103 237 272 367 379 463 919
9  29 34 128 305 441 632 694 824 928
9  154 198 358 383 445 495 502 670 949
7  129 188 336 386 410 467 521
6  86 206 892 928 933 968
13  12 46 69 91 93 221 389 595 667 712 757 797 969
12  29 125 129 185 199 452 459 510 584 641 666 965
11  59 67 171 279 326 361 378 450 521 776 835
13  31 75 134 157 298 305 321 355 395 445 454 603 679
14  47 370 406 457 496 534 595 651 753 816 863 901 908 955
15  1 121 151 169 178 181 185 276 328 565 653 668 684 865 942
8  161 173 243 454 480 498 730 882
12  75 157 187 359 484 528 680 713 762 803 827 899
12  134 219 325 454 477 560 624 625 642 687 878 882
14  76 84 131 187 214 217 315 419 697 724 732 831 857 969
11  191 207 216 229 277 299 391 439 453 550 618
10  53 68 95 127 197 228 234 463 664 919
4  609 734 867 913
8  320 399 426 455 472 600 945 973
10  68 109 146 213 229 314 418 578 749 755
14  4 5 151 209 235 411 699 756 810 852 864 955 970 976
9  31 98 317 353 390 498 689 907 975
9  105 284 342 386 505 517 640 693 817
5  167 531 545 689 778
11  133 174 298 306 372 405 469 599 608 820 938
10  23 223 239 342 461 641 858 860 905 935
11  2 7 116 129 208 411 413 571 575 722 942
16  57 224 290 345 354 397 418 475 484 503 530 749 798 814 904 993
4  111 401 571 698
6  104 225 288 310 375 905
11  43 170 254 385 395 449 461 576 665 854 883
18  221 243 252 359 464 486 517 609 625 738 761 796 836 868 872 875 899 906
13  53 71 107 269 408 424 435 556 617 645 837 850 879
8  42 230 303 443 646 870 884 940
8  13 131 201 587 643 648 756 998
9  1 264 281 329 332 502 794 943 975
9  118 162 277 471 531 630 653 731 766
14  3 21 107 178 190 226 241 345 390 501 507 631 707 747
12  58 160 182 235 334 344 442 632 655 679 903 937
12  63 119 168 189 253 369 481 610 658 768 903 942
12  40 63 92 149 164 245 417 472 492 512 983 992
10  24 82 109 121 290 407 729 890 910 927
0 
12  274 302 356 386 399 567 626 733 814 819 899 956
3  69 495 861
6  79 185 557 802 850 979
9  109 156 227 328 369 565 614 644 732
14  3 20 25 29 93 123 334 587 601 613 848 859 904 920
11  51 306 315 357 384 416 686 752 818 948 985
14  106 267 350 517 542 631 655 673 763 832 889 890 936 986
9  285 355 500 560 733 759 800 937 985
9  146 305 309 359 512 523 640 689 935
10  96 111 319 338 358 534 539 578 721 727
5  111 449 502 519 673
8  37 103 282 314 374 560 592 882
7  96 106 303 464 492 665 668
6  495 639 659 669 705 966
5  0 290 832 863 871
13  56 71 217 224 368 438 464 465 535 718 905 920 924
8  186 305 395 537 586 785 901 902
6  234 300 307 400 602 748
11  32 39 161 206 249 264 365 412 558 797 869
15  71 223 285 346 353 426 428 536 644 677 715 724 750 810 966
7  98 226 269 316 456 587 934
10  50 112 113 122 221 385 544 673 692 935
13  136 200 331 510 521 598 624 631 769 780 830 841 950
8  85 266 271 475 557 600 855 997
10  143 206 266 287 361 564 593 663 762 835
11  114 117 336 457 490 510 688 801 824 828 922
9  184 242 301 383 641 869 890 954 963
8  185 448 547 590 614 643 918 938
14  1 8 182 314 421 439 485 529 557 724 800 844 904 957
12  0 71 102 125 164 178 224 307 542 547 687 881
7  28 78 204 734 796 912 915
6  7 111 392 452 513 795
10  6 11 199 414 520 627 650 739 868 990
13  23 77 81 125 164 209 309 376 479 673 910 946 957
8  0 151 286 355 613 836 937 970
13  135 249 337 371 395 402 416 553 593 686 713 816 981
12  87 200 310 329 350 396 605 692 709 801 849 940
7  165 172 527 613 855 923 969
7  189 289 530 696 801 869 910
8  152 191 312 553 645 837 874 994
20  57 128 286 304 328 344 555 570 613 650 697 700 703 712 740 834 892 897 975 983
10  178 184 261 281 322 562 661 770 838 954
5  114 381 615 744 991
7  100 149 545 825 914 917 972
7  20 52 461 473 515 551 554
15  8 15 37 47 155 315 337 366 385 483 501 529 575 734 931
4  11 52 386 894
13  47 95 217 334 408 409 579 582 606 659 748 962 999
17  15 26 147 187 195 219 273 306 401 723 742 809 814 831 842 936 984
10  217 251 325 350 455 522 646 717 828 994
7  47 162 367 628 701 716 879
13  42 49 69 80 221 335 398 483 576 587 873 887 986
10  12 56 82 243 385 519 724 864 902 997
11  1 44 171 181 188 238 242 414 607 665 698
12  104 113 242 296 524 578 597 635 639 694 849 966
9  167 190 331 466 497 499 732 875 901
16  1 16 25 52 53 141 218 224 254 316 520 626 745 842 979 990
9  85 147 248 348 437 445 531 787 855
11  57 103 129 339 397 542 543 554 607 641 740
4  74 397 802 813
8  262 310 412 478 595 694 817 928
12  32 47 290 327 333 443 517 555 629 725 858 929
9  166 169 368 410 567 641 679 789 886
10  101 170 205 333 423 444 599 680 726 748
6  61 120 382 403 595 803
5  32 541 576 675 942
13  139 304 355 385 563 613 634 683 807 865 886 908 974
15  82 233 241 347 460 521 556 606 779 830 846 853 904 954 991
10  5 189 197 205 326 334 491 537 636 682
6  37 321 491 748 918 953
9  68 128 199 204 268 448 450 489 753
12  25 75 249 302 378 471 575 627 679 707 905 923
8  37 427 675 875 927 949 984 991
9  3 78 149 214 413 431 461 526 804
12  24 105 235 281 294 339 524 572 584 633 780 832
5  55 161 296 492 687
11  104 168 325 369 462 487 530 721 815 840 876
8  212 422 535 604 653 693 896 933
9  33 104 143 369 430 583 797 896 968
4  153 570 836 862
6  428 441 516 594 954 958
9  157 186 248 423 449 615 633 669 915
7  52 154 472 574 734 854 878
8  13 49 154 506 742 913 950 952
9  107 126 243 474 690 731 821 885 959
10  146 216 291 306 339 493 647 781 787 882
6  19 438 550 875 978 986
8  261 299 407 490 729 795 858 985
9  248 283 288 365 436 545 734 748 879
13  105 322 378 497 508 636 651 698 725 776 799 933 955
8  144 220 487 541 721 722 870 940
19  2 32 41 144 145 172 289 292 308 430 585 625 692 696 700 748 762 963 964
8  303 345 465 499 518 682 704 985
8  249 340 411 576 776 843 885 944
12  121 164 413 597 614 691 707 846 858 884 921 985
6  309 315 407 507 889 898
9  30 137 140 155 250 578 648 793 849
9  7 13 49 147 486 646 722 770 806
15  19 22 27 189 277 377 420 505 535 714 725 781 952 981 983
6  34 337 360 431 749 826
11  182 211 314 420 480 492 656 697 722 771 972
6  53 266 455 698 808 877
14  31 49 57 130 144 169 295 313 381 492 557 875 955 978
9  9 38 117 160 322 648 840 922 960
10  52 176 258 315 318 320 489 535 546 742
12  30 221 259 277 285 325 399 451 572 866 878 952
11  47 114 218 370 574 611 617 673 781 880 991
7  47 316 375 563 908 934 954
3  235 704 915
9  105 111 202 215 239 246 313 466 518
14  49 158 162 209 417 491 501 704 729 761 764 773 877 981
11  20 35 306 332 337 394 423 508 793 848 953
11  7 30 288 426 499 505 538 766 816 837 967
13  94 307 323 539 633 748 756 878 948 953 954 967 970
11  212 248 263 279 338 362 365 660 665 688 955
8  6 299 365 442 507 553 874 909
10  29 143 405 459 591 801 834 944 976 993
13  68 107 119 144 214 310 554 701 738 772 803 813 907
7  48 78 505 695 712 806 912
17  32 77 203 204 239 273 331 572 610 652 750 784 863 865 899 933 934
9  21 87 153 168 259 289 909 916 923
8  265 343 421 477 512 623 788 797
12  64 150 154 249 325 347 432 599 660 743 756 875
15  155 185 305 394 483 574 589 635 836 852 868 893 924 965 973
6  52 434 572 601 727 787
13  110 123 267 334 373 543 634 755 803 820 938 949 978
8  140 166 544 609 711 810 946 967
13  203 239 320 471 482 486 587 606 612 726 734 864 986
13  55 202 225 244 262 410 543 665 675 844 870 903 981
9  40 104 269 383 780 815 828 847 872
12  204 281 318 450 516 523 586 610 721 900 960 970
5  167 251 346 645 758
15  6 141 203 204 247 259 277 301 477 614 660 714 899 942 998
10  94 195 294 395 401 473 504 515 790 938
13  7 133 176 260 264 319 334 597 689 795 822 867 939
8  147 204 378 535 587 610 764 944
12  122 338 447 477 507 690 707 819 850 855 924 949
9  72 153 426 440 558 676 777 832 891
11  213 231 286 510 521 529 537 635 695 882 934
8  213 277 420 454 529 530 560 678
12  139 229 235 375 437 518 540 603 609 791 801 998
5  265 270 418 419 460
16  17 76 146 287 347 362 425 450 452 531 623 644 690 706 827 973
12  6 160 203 435 501 644 683 812 841 867 945 996
8  84 270 544 558 588 686 746 832
10  4 219 309 351 363 506 515 550 831 881
11  71 166 241 249 284 316 589 593 752 904 974
13  37 59 118 150 194 260 286 405 439 534 555 804 815
13  150 277 318 328 592 607 726 771 783 836 850 865 950
12  29 64 97 289 405 442 462 653 699 722 913 940
8  64 357 631 635 636 852 921 938
9  9 113 238 280 344 395 460 493 749
14  28 54 100 144 222 309 342 360 545 650 704 722 911 960
11  34 136 190 298 334 568 713 736 803 815 948
7  157 184 253 303 483 592 708
8  102 188 198 329 448 462 468 621
9  81 216 257 433 495 704 870 949 997
6  305 344 445 465 486 993
7  56 439 461 626 677 759 878
11  12 42 61 70 73 617 636 731 818 895 977
14  14 73 84 184 313 372 375 488 619 691 821 869 940 957
10  105 205 228 304 518 523 570 572 851 868
9  79 211 268 347 358 471 550 738 781
6  5 144 234 381 641 912
4  521 545 810 813
10  8 84 155 265 394 483 495 700 756 935
13  99 142 250 303 430 480 533 545 630 654 751 786 838
12  21 244 250 329 338 356 411 556 590 622 681 712
11  176 195 298 442 459 490 511 636 741 860 928
6  91 168 170 360 402 690
7  62 77 120 382 406 792 821
12  119 310 314 372 417 488 514 533 550 566 634 871
4  262 276 399 781
7  80 244 358 480 511 722 841
9  58 90 115 163 233 404 424 556 666
10  21 189 245 565 609 630 640 780 883 923
8  135 244 261 298 423 612 738 779
14  79 82 207 387 651 663 707 709 744 778 821 841 963 969
13  63 176 189 319 592 620 641 749 760 795 871 925 940
11  221 251 378 395 488 489 546 620 789 857 898
10  20 97 168 334 388 426 489 613 653 856
10  27 133 183 330 343 407 492 876 878 914
5  539 599 746 899 921
10  125 267 516 521 790 816 853 933 941 990
12  3 86 130 316 359 497 564 571 630 684 775 829
14  22 135 213 235 291 365 427 448 454 485 832 901 924 998
9  0 108 369 642 673 681 698 709 934
9  366 418 488 787 831 841 856 926 998
11  46 105 276 462 548 617 729 752 807 811 899
9  72 139 359 463 532 645 674 800 863
8  69 88 241 242 490 718 769 909
7  75 124 189 415 440 768 879
5  70 356 379 408 596
9  130 408 475 478 560 634 827 896 994
9  53 87 262 371 476 494 635 979 995
11  330 393 438 502 514 516 604 669 757 895 905
10  454 529 548 613 708 791 832 917 951 986
10  56 169 235 243 294 377 379 573 727 749
9  100 301 538 546 566 617 724 933 974
7  108 131 594 727 847 899 938
6  322 436 495 512 521 557
7  72 144 394 571 637 685 943
9  7 103 123 184 199 599 814 875 876
11  258 385 389 465 575 576 617 620 873 892 912
13  74 245 394 408 467 566 580 581 693 713 765 892 993
10  59 62 117 390 411 497 656 749 828 935
14  31 39 82 104 136 203 276 339 417 517 524 786 800 996
11  222 226 352 373 378 452 550 811 946 957 988
14  30 88 194 304 368 487 494 600 711 754 790 824 859 922
10  49 142 257 285 601 717 788 806 852 933
13  2 59 71 159 320 357 361 489 543 598 891 923 964
6  21 43 206 674 807 848
11  88 121 130 148 161 171 246 263 391 610 638
4  175 416 457 816
10  36 203 219 230 295 374 534 823 899 903
10  8 54 258 317 353 525 569 856 952 995
12  30 89 149 214 521 548 554 602 680 820 885 964
9  90 223 268 350 412 592 633 817 945
12  10 27 149 503 650 745 774 816 836 859 944 959
14  54 86 107 193 196 565 587 625 634 723 735 737 817 868
12  43 188 288 390 429 511 641 738 817 859 869 968
8  113 333 335 534 551 638 661 997
11  39 205 424 455 469 474 511 740 770 820 989
11  86 260 547 612 623 752 791 828 838 868 938
11  1 26 206 279 432 456 473 612 842 846 880
12  13 18 218 299 305 333 395 421 553 623 858 960
13  232 337 401 415 443 553 605 606 613 629 884 952 990
5  54 246 869 911 998
13  177 226 255 326 359 404 446 582 672 715 762 763 772
8  6 87 397 624 625 743 770 908
8  126 185 254 255 286 554 744 977
15  53 91 92 94 101 157 252 256 554 634 649 666 715 836 862
8  19 29 179 202 397 578 763 793
7  114 135 428 705 741 864 889
9  25 254 313 424 625 704 821 889 942
9  104 441 609 680 811 855 923 942 991
10  96 179 189 366 480 605 619 773 900 903
19  91 162 205 217 261 341 354 370 401 477 485 569 712 734 787 851 887 888 979
10  18 123 175 210 494 593 600 793 951 978
10  94 189 473 496 591 600 650 654 695 837
12  58 63 116 120 134 135 213 377 517 670 794 954
12  16 37 49 101 147 185 204 278 466 589 639 857
11  45 195 361 498 504 528 567 698 709 864 889
11  141 191 374 385 496 588 696 734 756 914 973
13  72 143 152 161 176 248 268 430 549 722 773 850 949
10  107 148 195 235 312 316 410 414 835 843
6  149 256 542 632 643 937
13  75 114 248 306 404 444 484 613 669 701 792 850 910
6  12 219 372 560 888 977
6  331 413 472 532 552 986
12  22 170 258 325 373 558 588 589 687 750 792 969
12  153 270 354 474 559 625 639 649 821 885 967 978
9  206 367 566 641 755 827 837 838 884
12  95 116 162 183 211 270 315 490 693 859 904 996
8  66 77 165 302 427 545 990 991
11  130 183 194 260 306 386 576 586 618 640 827
11  29 255 397 417 477 576 612 742 835 937 939
8  180 306 403 408 498 626 641 835
7  32 125 142 331 868 878 892
11  73 165 217 324 338 476 490 525 585 770 981
11  24 26 69 225 346 469 480 485 562 780 949
6  10 278 456 736 957 971
12  42 143 477 526 573 574 606 732 756 759 917 981
14  354 384 387 390 416 530 546 576 597 644 692 731 794 925
11  60 71 353 377 444 482 657 698 832 913 985
10  3 108 392 431 638 701 746 854 865 943
8  27 80 183 265 306 758 832 909
16  18 26 59 174 180 198 261 339 456 509 538 548 553 663 669 856
6  285 322 605 672 937 983
7  81 127 168 256 510 586 760
11  57 65 167 195 232 288 528 529 553 702 893
8  140 251 258 505 729 799 942 978
5  55 106 113 517 685
6  144 471 492 573 575 845
10  99 140 320 372 579 688 751 829 854 964
14  143 158 244 320 338 441 569 579 584 601 788 894 899 998
11  22 54 232 234 350 406 508 607 627 955 957
7  232 382 421 626 690 700 950
8  28 400 645 655 687 698 783 803
5  220 411 576 745 821
8  179 206 343 516 525 534 696 959
9  85 160 344 356 372 500 677 917 971
8  67 164 257 265 308 345 596 867
10  51 100 172 272 424 431 463 567 659 718
11  102 416 475 521 543 569 581 783 825 931 964
9  146 404 473 488 500 544 790 818 893
16  55 67 79 193 224 260 267 272 418 439 500 509 518 741 838 869
12  24 27 43 47 277 551 756 761 817 851 857 972
11  11 101 153 298 562 571 615 704 744 817 933
15  31 65 195 221 363 404 591 601 694 704 727 752 763 775 998
7  159 329 358 525 605 814 835
17  11 43 70 156 168 301 313 332 376 408 412 513 528 570 602 607 956
9  7 128 256 293 320 536 738 900 951
11  8 75 155 341 377 596 710 719 783 812 992
12  40 130 353 369 492 493 613 694 707 714 789 949
6  339 389 481 539 628 709
5  132 167 340 399 447
7  435 656 672 750 800 923 951
8  203 273 341 446 453 689 839 859
10  18 79 91 196 581 601 717 787 931 934
13  87 106 304 382 390 502 568 589 703 717 868 887 917
7  186 281 302 316 439 527 847
10  61 85 220 269 302 469 792 864 897 907
10  75 112 317 343 427 499 530 661 682 704
10  186 221 222 231 242 516 589 736 887 962
7  121 123 256 345 356 628 728
6  221 450 555 647 712 947
8  17 196 614 836 886 902 913 935
7  242 251 346 666 779 792 819
10  101 102 193 290 363 397 633 730 867 985
10  3 298 464 472 482 677 688 795 849 909
10  89 226 255 259 391 571 653 901 908 922
10  86 113 250 302 694 771 901 911 928 961
9  93 119 295 374 527 617 726 807 955
5  29 152 323 747 850
7  97 337 362 403 464 478 979
11  20 57 120 313 524 581 658 693 824 827 961
3  201 286 312
7  66 98 123 232 317 362 832
14  23 26 70 147 363 431 545 597 617 730 858 914 974 984
3  212 309 590
6  80 122 174 290 697 842
10  128 578 618 647 795 826 864 916 968 990
13  57 107 154 159 356 360 371 383 456 536 830 851 966
8  58 61 109 298 539 561 894 968
13  48 195 203 221 265 277 289 415 422 478 752 836 898
7  20 126 268 273 286 487 835
10  79 234 301 369 508 631 660 712 724 879
10  98 147 231 302 489 683 882 981 987 990
8  92 191 283 315 345 412 421 858
6  319 413 566 585 958 977
10  211 517 536 830 844 856 875 889 939 985
10  30 113 175 181 418 442 653 694 704 952
15  26 84 114 117 152 160 174 416 493 678 717 734 848 928 936
4  317 534 726 804
5  13 36 188 551 622
8  242 355 385 494 864 889 927 987
9  170 301 320 379 425 600 628 806 839
16  0 1 48 169 240 250 262 375 464 624 660 710 781 890 967 994
10  16 193 274 328 330 358 484 648 712 915
14  23 43 68 98 99 434 486 492 519 627 778 803 889 945
6  444 510 762 868 950 959
8  74 371 386 441 613 767 869 960
12  42 145 164 289 329 427 554 603 666 765 966 981
15  136 143 222 233 246 308 404 410 639 644 662 682 829 862 955
6  25 31 203 468 488 589
10  160 172 185 246 288 388 441 593 630 703
12  13 152 321 390 450 671 756 764 847 895 962 968
19  147 149 182 225 270 271 275 335 403 439 451 536 592 614 628 755 797 897 923
10  50 140 302 303 327 499 721 827 917 998
12  4 57 183 250 297 390 441 515 627 848 930 955
11  67 112 231 242 400 467 597 615 710 874 875
6  130 138 223 620 878 909
15  111 127 140 172 177 270 276 282 292 390 650 696 789 829 900
13  170 196 442 458 460 502 506 584 638 639 653 682 929
5  213 363 583 740 769
4  56 207 300 492
12  35 68 236 344 421 444 486 527 644 755 961 987
5  79 151 504 546 850
8  292 386 527 536 592 645 911 957
6  22 143 643 688 701 956
6  17 58 300 476 558 901
15  179 212 231 312 390 468 517 587 656 677 689 823 847 928 989
8  81 144 156 165 319 385 503 554
10  53 105 202 248 448 482 644 851 877 972
11  46 56 237 269 369 578 581 764 896 899 990
6  41 76 138 243 256 400
12  18 83 399 559 649 650 683 729 872 879 916 931
12  38 67 72 92 130 214 225 242 365 540 633 925
8  85 151 203 227 273 643 789 974
8  146 151 197 251 790 881 888 932
11  64 285 359 426 440 480 699 740 836 851 892
16  133 138 185 262 287 333 440 447 450 499 502 523 594 885 889 990
12  34 82 105 132 275 278 295 398 569 729 758 908
14  75 195 247 321 369 378 402 548 677 754 770 771 915 976
7  76 411 439 448 803 845 924
10  74 108 294 413 477 498 663 684 753 862
9  68 279 359 474 547 549 639 790 863
4  655 743 943 944
14  36 96 121 181 348 437 460 538 621 717 723 748 875 935
12  73 120 205 248 302 318 659 669 738 892 959 973
10  85 100 148 343 434 509 613 791 914 999
14  19 59 179 209 232 255 321 353 405 612 871 878 968 989
11  45 70 350 357 747 802 817 889 943 955 980
17  16 83 154 165 324 380 395 432 438 477 587 593 683 735 765 785 997
5  79 124 569 734 947
12  45 47 66 91 148 161 276 503 611 654 747 951
6  17 139 569 750 877 946
13  100 183 207 338 467 512 526 570 642 730 792 914 935
5  18 199 382 770 890
13  62 87 148 240 242 390 408 572 705 721 863 906 986
5  88 300 518 583 636
9  34 101 398 433 454 606 808 904 998
9  23 31 86 109 472 579 728 778 996
8  227 306 392 527 580 638 929 976
7  188 243 406 568 629 926 975
6  5 494 532 615 875 995
7  175 227 344 664 733 736 846
20  29 50 58 82 139 172 215 274 367 397 413 419 438 441 463 729 839 932 985 991
15  151 270 306 326 334 449 501 528 547 555 784 822 887 930 973
8  73 188 369 469 600 647 737 915
6  3 146 210 221 516 624
18  21 72 133 191 255 269 304 355 496 538 573 639 675 789 863 950 964 976
7  17 252 316 420 726 950 954
8  164 177 301 558 724 801 845 904
8  326 475 602 698 707 801 908 978
18  121 123 135 160 163 327 341 463 472 515 593 612 637 697 770 781 874 988
8  134 163 312 545 806 888 917 952
15  23 115 159 243 257 291 481 616 723 800 811 854 907 913 960
7  192 357 508 612 766 844 923
8  227 301 528 619 779 793 904 964
7  23 220 338 460 637 768 996
13  13 48 81 222 319 374 441 578 691 787 870 880 997
11  256 292 356 578 582 639 782 800 819 858 913
5  460 485 697 715 790
5  225 554 693 734 917
16  95 144 179 184 260 283 343 462 759 803 860 900 910 946 975 989
6  87 242 264 292 692 989
7  16 107 346 541 761 776 811
11  46 84 127 245 372 540 705 833 890 924 955
11  157 299 391 447 572 579 609 724 739 756 779
8  18 106 450 498 662 724 844 977
4  261 289 467 578
6  148 460 586 594 837 904
4  86 568 931 987
9  534 639 777 817 841 842 879 931 969
10  55 246 314 439 443 768 833 869 940 952
6  106 148 161 487 775 979
9  49 79 104 330 527 690 743 802 838
7  142 417 526 658 760 770 791
13  114 116 123 172 198 233 255 372 424 479 525 610 904
14  3 101 123 188 303 435 448 456 512 522 688 756 808 966
13  63 119 190 193 206 244 273 287 763 789 836 844 977
8  25 191 252 498 628 634 643 797
6  34 244 469 749 891 962
6  59 213 366 734 786 798
8  59 228 299 516 556 785 880 942
15  10 76 116 219 226 294 407 435 474 537 587 649 762 900 986
9  111 202 471 559 625 841 932 944 973
10  50 62 412 529 644 703 719 752 782 996
15  10 47 52 73 166 483 533 558 635 720 727 764 805 848 850
14  26 152 170 490 546 573 731 779 801 831 893 912 960 982
11  0 29 168 520 597 600 652 658 738 878 968
8  20 30 446 461 582 588 760 943
5  92 247 342 590 613
10  13 144 381 437 484 528 660 672 944 988
13  65 67 83 101 202 229 240 338 380 881 911 950 955
9  312 368 428 471 698 783 819 966 995
6  158 164 334 785 892 963
6  48 94 439 621 953 960
10  131 202 295 357 378 539 556 647 758 763
13  69 79 82 166 375 386 388 466 490 754 755 791 975
11  8 90 172 301 352 409 733 778 816 828 870
17  117 148 194 200 213 271 319 414 467 475 503 628 690 725 766 874 987
10  104 115 206 423 497 684 820 827 870 956
7  69 90 97 790 865 917 984
9  160 447 468 559 687 757 924 930 989
10  88 167 238 268 416 538 561 663 809 987
9  5 141 149 167 229 451 742 781 932
9  106 158 218 398 807 831 868 882 887
8  182 184 200 268 327 369 476 514
11  3 203 228 258 538 557 585 758 768 935 992
9  137 237 287 297 493 643 913 941 975
11  63 285 409 467 514 878 885 893 894 922 968
8  45 252 334 350 398 552 640 940
9  7 152 212 426 479 497 503 929 947
18  67 106 111 163 192 254 272 294 303 316 385 462 533 563 568 802 867 928
12  83 275 329 410 567 569 570 637 638 733 775 910
8  106 149 169 355 509 635 897 910
11  7 164 166 171 222 350 486 658 763 797 851
7  331 475 566 572 804 932 973
10  434 510 520 527 584 601 629 852 873 992
6  72 231 484 749 829 862
7  7 144 197 564 712 929 991
9  75 216 223 308 375 558 666 854 914
7  95 157 163 270 393 634 896
9  17 100 204 228 243 449 672 876 935
11  218 238 319 492 543 602 605 666 699 804 975
8  233 375 399 479 555 573 802 886
10  272 534 624 694 703 822 885 895 911 990
11  110 229 273 372 417 673 681 869 951 968 986
8  321 398 495 537 791 809 952 983
16  17 26 152 270 356 364 424 487 494 535 546 614 616 668 846 952
5  197 209 769 776 873
6  4 50 286 390 466 851
11  55 289 314 374 595 606 607 640 676 844 962
14  12 338 384 429 473 498 568 581 657 675 721 782 913 942
11  3 17 94 118 265 339 389 462 589 602 773
11  72 84 120 129 296 391 516 573 602 636 778
11  7 207 210 648 687 748 880 947 955 979 984
8  6 114 224 426 453 847 848 969
11  175 205 372 493 523 527 537 775 788 966 978
10  122 129 253 270 398 406 574 671 775 978
4  257 443 595 854
9  91 157 378 478 681 759 771 782 835
10  73 109 161 209 623 725 754 888 960 997
6  417 444 574 747 832 926
13  2 26 178 249 281 479 549 651 697 712 840 859 979
10  77 267 354 461 561 683 700 790 840 968
5  276 386 404 446 660
11  258 339 352 486 498 594 597 664 708 790 888
13  95 134 185 230 511 587 637 673 714 721 819 834 938
12  43 81 111 237 327 473 500 559 821 860 926 937
4  120 417 533 934
14  15 60 93 123 147 218 337 432 615 624 758 824 843 983
11  142 169 257 258 283 295 373 387 407 486 585
10  24 84 188 306 530 537 565 617 681 913
11  29 38 115 154 200 203 321 529 591 637 873
15  58 157 199 332 411 437 444 575 669 679 763 872 897 898 959
10  246 263 354 558 568 570 603 648 847 975
9  73 113 332 518 766 852 870 884 982
4  172 351 905 954
12  15 47 58 299 429 581 694 726 822 879 956 961
15  12 30 91 110 130 194 208 316 364 469 539 727 740 752 915
11  127 132 327 402 477 583 592 652 672 686 976
14  14 64 84 109 155 230 248 317 416 469 498 615 805 874
6  161 275 455 922 941 988
7  120 324 484 493 632 659 816
16  56 82 207 238 239 338 382 473 511 569 573 608 650 691 809 953
12  46 368 376 388 510 570 577 636 692 776 830 872
12  1 164 284 340 440 478 506 762 802 804 860 925
11  130 156 167 263 294 364 521 528 732 914 965
9  86 177 338 479 717 858 869 874 982
9  44 178 218 401 553 821 833 857 884
12  183 202 285 389 465 701 756 803 865 872 944 949
14  30 146 155 338 405 422 436 452 472 552 681 701 729 746
8  97 221 426 531 552 826 880 923
10  101 145 160 230 248 267 451 460 714 737
18  16 90 134 151 202 320 432 455 463 508 531 608 702 732 792 813 887 903
13  16 50 216 229 299 339 400 438 541 677 717 775 862
12  14 135 180 188 215 456 574 762 786 839 876 927
8  27 274 379 495 720 796 946 975
8  8 318 320 361 435 488 678 809
7  53 99 115 248 337 525 933
11  23 184 304 340 444 576 602 860 873 972 990
10  100 434 443 566 601 722 813 829 899 983
11  16 66 196 265 283 412 416 657 828 907 930
11  133 168 242 401 587 650 654 749 809 878 993
9  48 253 587 598 720 757 845 850 922
15  164 296 356 445 583 584 592 681 686 690 722 733 905 949 973
12  4 13 141 283 290 300 348 356 376 688 739 769
7  82 136 291 487 560 784 967
18  24 34 56 129 176 286 303 311 390 553 554 608 721 730 798 913 942 990
9  91 272 473 620 635 791 813 951 982
8  40 51 121 396 625 674 813 994
11  103 117 145 509 545 697 829 904 940 976 993
9  44 87 147 427 428 543 715 825 963
8  216 390 652 698 818 858 926 995
9  8 171 172 236 445 529 675 858 924
16  77 162 174 259 319 338 350 469 482 532 538 549 564 625 715 885
11  22 24 80 197 480 586 642 703 766 787 984
15  45 145 178 199 266 316 366 405 535 661 662 711 959 989 995
3  366 402 657
10  93 106 177 276 345 346 478 564 586 878
14  10 120 334 354 378 417 496 603 742 754 760 773 780 895
10  109 128 228 332 336 365 421 545 861 889
4  154 241 338 740
10  19 36 242 284 328 467 652 758 886 959
9  7 67 316 416 457 579 661 723 755
9  20 194 293 465 470 540 616 660 702
12  161 229 252 348 383 388 597 766 817 818 913 947
11  1 3 103 159 290 502 577 662 709 796 829
12  17 137 174 214 263 297 380 468 513 553 791 916
15  62 216 250 324 433 499 614 657 758 763 812 836 856 892 910
13  50 66 106 191 275 393 531 593 669 731 738 824 871
12  4 79 161 222 380 431 458 689 724 750 863 988
9  7 142 248 271 470 672 717 912 985
12  6 198 393 546 612 631 650 699 757 765 805 938
3  377 419 953
3  185 307 323
7  89 103 168 260 294 354 365
9  112 116 126 159 215 444 500 532 947
9  90 170 375 453 558 661 813 866 888
16  180 191 234 298 387 421 470 525 560 585 647 698 759 876 924 995
11  277 365 473 486 535 725 769 806 898 923 982
10  150 198 216 280 292 528 613 718 870 936
8  71 79 139 537 745 846 852 897
10  121 160 221 293 348 422 686 880 941 984
12  113 177 234 258 308 311 410 518 662 683 712 816
8  93 95 120 411 704 744 815 823
6  301 700 749 806 886 943
9  92 115 169 395 634 649 717 774 775
8  226 284 292 720 748 788 808 820
12  3 20 262 311 427 439 469 533 548 559 638 883
10  306 370 457 469 488 536 649 853 950 968
13  75 82 332 358 371 515 555 657 729 738 811 826 943
9  7 147 188 356 398 683 925 967 994
9  110 199 345 357 384 596 606 618 852
12  55 112 331 377 475 483 500 549 573 851 917 966
8  90 120 239 268 484 606 681 984
10  340 386 440 499 510 528 776 814 895 968
8  183 241 533 812 866 927 972 998
18  4 37 168 174 255 304 317 333 346 415 482 584 585 621 786 836 892 976
9  18 342 551 615 728 733 793 930 935
9  443 466 485 568 728 788 795 874 988
7  29 119 208 325 493 567 690
11  22 120 138 164 172 383 476 557 737 766 881
9  118 287 289 656 735 815 839 910 921
10  5 24 54 98 107 165 355 463 503 959
15  75 123 232 279 297 309 422 475 486 506 594 610 644 874 889
13  34 185 283 372 433 498 627 691 752 753 796 934 962
13  2 5 58 89 186 197 546 588 642 647 736 830 893
13  29 173 433 448 455 565 576 682 757 776 831 832 960
9  239 250 298 419 461 463 799 868 918
15  29 80 110 127 302 376 391 417 430 457 463 590 753 861 995
18  122 146 185 196 298 316 327 439 452 464 626 663 694 700 733 769 796 839
8  34 262 284 350 641 710 804 862
12  2 11 187 304 378 383 510 557 611 626 709 998
10  6 39 68 79 125 196 224 259 430 680
12  35 434 568 630 691 730 858 901 907 948 965 986
17  57 63 67 115 233 249 453 480 502 575 692 758 791 799 845 952 989
9  106 122 140 196 218 662 666 707 862
10  37 46 217 297 397 654 697 784 835 950
9  100 205 230 291 376 441 527 798 896
11  108 143 441 560 566 624 634 752 760 983 992
5  89 313 473 871 959
14  48 133 146 184 301 363 369 404 673 693 781 797 841 938
12  95 174 223 234 249 462 463 476 601 688 891 936
17  153 168 169 191 311 428 570 672 674 697 732 792 813 830 848 934 940
12  85 243 249 273 291 312 321 387 527 600 775 840
9  48 113 174 217 275 327 384 463 480
6  38 80 214 235 611 631
7  278 393 450 637 714 884 941
11  50 219 325 473 492 593 730 749 788 820 889
9  129 182 204 416 496 548 669 719 987
17  77 85 104 176 179 275 289 328 342 390 745 766 801 812 827 859 881
9  118 327 466 724 744 752 864 895 942
7  201 509 580 598 680 771 782
14  32 40 237 274 276 436 452 475 588 601 621 755 841 842
10  5 237 352 406 544 587 665 777 839 847
3  91 141 733
11  4 24 151 385 448 460 478 609 612 678 693
9  41 92 197 791 860 872 893 924 985
8  347 390 448 618 831 854 885 964
10  144 211 398 422 669 805 839 900 927 939
12  167 355 357 437 442 444 614 659 681 748 916 982
12  1 302 356 401 436 477 546 599 740 787 830 959
12  22 44 46 72 111 678 686 707 774 803 807 974
12  35 57 75 125 175 241 557 756 795 866 915 944
8  572 712 732 766 767 806 901 960
15  123 156 252 382 406 533 576 604 672 678 715 722 829 884 892
11  3 92 231 392 417 422 456 585 604 748 823
8  12 147 164 347 643 811 821 964
8  131 149 334 466 507 554 887 895
11  42 114 160 173 276 389 399 543 688 894 936
10  200 220 544 565 746 797 897 901 923 954
8  89 95 493 556 603 743 761 789
9  38 87 373 402 506 571 734 762 845
18  13 61 103 200 229 277 341 482 490 535 537 577 625 639 699 742 941 957
4  137 206 397 731
