1000
9  106 206 244 444 624 683 906 907 947
5  42 61 448 566 735
7  62 114 424 520 558 750 933
16  19 44 198 200 231 447 452 483 594 626 685 711 756 802 881 890
14  125 248 288 350 403 422 453 503 530 531 615 715 728 752
7  82 205 469 546 773 809 972
6  176 645 695 717 779 990
15  109 149 229 284 316 341 372 513 728 732 767 874 952 960 982
9  77 141 482 521 596 661 728 807 937
13  19 112 251 270 319 386 410 430 622 666 735 843 908
8  23 185 387 570 710 899 974 986
10  47 84 119 319 609 610 645 651 899 960
9  22 57 285 428 683 854 903 935 977
12  77 158 248 341 363 380 415 497 601 781 867 996
11  227 339 374 530 674 681 765 832 871 921 981
9  21 84 302 304 358 635 690 791 909
10  50 163 219 500 589 663 677 737 761 774
11  59 234 316 351 384 441 446 757 958 975 991
16  23 75 83 163 243 320 375 503 559 566 580 691 799 825 843 870
20  3 9 61 74 76 160 271 364 411 526 660 694 721 741 751 802 805 819 846 979
4  231 453 613 640
11  15 322 495 529 556 585 656 774 828 860 897
14  12 74 103 130 263 355 361 398 561 584 640 698 712 972
12  10 18 42 83 142 204 408 474 559 620 909 990
8  211 245 331 363 584 659 725 762
10  32 120 196 277 561 601 708 712 872 909
8  43 77 276 286 335 590 833 968
3  114 379 821
13  95 182 183 315 327 353 564 610 635 703 933 946 962
10  225 239 270 488 494 647 712 823 934 991
12  57 100 218 260 306 365 369 611 645 648 829 995
6  123 320 449 481 739 817
8  25 178 232 268 375 447 772 953
15  92 136 141 163 288 323 335 442 572 634 829 905 940 960 982
8  185 224 264 366 409 434 531 640
15  131 255 298 350 366 418 475 525 568 569 582 663 772 832 876
10  98 135 319 341 401 490 499 779 781 862
11  99 122 158 314 334 532 719 731 742 769 841
10  107 110 196 231 326 410 417 527 624 888
9  53 163 342 407 430 505 682 726 812
8  58 222 280 666 699 703 852 865
14  48 84 163 176 188 203 246 252 290 451 524 587 616 782
9  1 23 109 110 114 180 697 731 761
10  26 50 103 121 224 255 409 445 829 932
11  3 240 252 256 308 356 429 433 600 856 927
6  261 279 413 629 818 989
9  52 85 159 490 658 659 749 755 829
8  11 118 446 601 659 739 821 916
15  41 111 393 540 580 595 662 754 821 842 866 912 931 972 993
8  57 144 350 376 434 593 768 991
13  16 43 302 332 367 477 572 660 730 739 816 881 938
12  163 200 302 347 393 523 597 665 700 840 913 963
8  46 381 418 586 618 740 934 955
12  39 196 452 579 588 645 701 725 813 825 927 964
10  62 255 257 298 420 486 518 579 702 932
9  56 198 234 259 423 460 471 617 824
18  55 57 68 71 173 341 378 402 415 506 533 564 571 578 590 718 753 833
15  12 30 49 56 63 81 196 438 439 478 600 633 761 779 794
5  40 413 496 569 978
6  17 182 198 228 742 986
13  70 88 251 316 363 453 593 632 661 831 869 948 974
11  1 19 76 131 364 528 720 769 831 842 969
10  2 54 93 161 406 601 674 690 802 870
10  57 82 312 391 497 728 933 935 945 971
12  184 257 272 289 291 382 711 784 852 860 882 904
8  153 244 447 654 749 826 837 909
11  150 181 341 462 502 512 565 817 857 945 962
8  312 387 603 621 739 939 948 966
8  56 221 289 327 454 700 826 985
6  270 451 492 519 643 838
13  60 114 188 216 263 328 364 438 507 666 679 912 915
11  56 84 122 177 251 565 669 711 759 955 998
10  131 209 220 328 346 419 481 676 873 955
9  83 229 235 370 518 536 618 745 892
15  19 22 75 189 246 260 288 426 479 832 880 893 905 957 964
13  18 74 183 338 398 573 598 646 648 707 776 901 972
6  19 61 186 299 492 522
16  8 13 26 99 134 154 425 427 431 472 544 575 585 744 790 984
15  158 190 289 392 399 400 545 567 622 721 770 794 862 895 994
6  210 215 529 902 951 989
10  420 432 481 557 658 724 739 930 940 988
9  57 277 503 589 610 783 806 840 981
11  5 63 318 324 341 378 410 630 652 653 720
11  18 23 73 91 409 447 580 601 774 802 936
12  11 15 41 71 212 426 517 604 649 744 877 958
11  46 177 246 279 308 384 728 765 787 977 979
11  222 248 261 328 421 570 620 700 819 853 887
12  228 377 459 469 537 629 639 698 706 745 917 987
14  60 214 228 241 318 351 356 357 363 557 743 757 786 883
9  143 236 358 377 424 484 544 672 952
5  197 275 493 695 796
18  83 109 240 291 310 323 333 376 391 701 706 709 740 779 827 835 847 995
12  33 340 466 549 699 723 765 797 825 834 837 916
9  62 104 394 395 432 510 606 725 994
8  139 158 349 385 445 533 769 888
6  28 168 392 471 783 903
9  123 149 420 520 681 700 791 880 882
9  107 115 223 300 432 452 631 760 865
19  36 123 225 229 241 273 327 391 471 477 531 542 591 731 740 805 832 857 948
11  37 77 216 284 290 334 355 396 655 685 742
13  30 131 160 198 266 277 383 644 668 745 761 796 809
9  356 437 533 640 786 808 882 908 909
9  175 293 420 522 548 552 592 811 859
13  22 43 159 217 290 340 398 629 731 788 833 934 959
11  93 169 236 324 335 344 411 490 500 607 755
6  366 426 525 560 701 752
10  0 225 419 481 676 702 740 780 878 900
10  38 97 127 279 365 489 524 883 939 953
10  215 279 331 334 403 409 413 568 635 993
13  7 42 91 174 187 203 441 476 497 613 671 737 825
10  38 42 152 165 213 744 867 888 897 922
13  48 246 248 312 439 448 789 816 907 970 986 990 995
12  9 120 313 390 432 529 555 643 711 713 778 842
14  187 191 207 243 305 428 439 471 504 664 665 740 761 820
13  2 27 42 70 245 265 633 634 669 696 775 797 839
12  97 179 369 391 451 466 480 591 673 702 749 920
10  171 233 571 752 801 881 895 941 969 997
7  290 332 432 647 790 792 957
7  47 158 329 370 378 629 978
13  11 140 146 198 224 379 401 457 486 599 679 817 995
14  25 112 331 510 608 646 650 692 785 873 917 944 963 987
12  43 126 160 210 248 519 583 655 789 872 940 973
12  37 71 306 428 439 622 656 756 900 966 972 996
11  31 96 98 142 323 342 351 371 631 739 990
13  130 162 381 426 428 437 628 752 801 838 888 979 994
12  4 237 328 335 597 630 659 662 696 699 953 971
7  121 175 189 270 543 625 805
8  107 154 302 357 716 796 824 926
15  173 229 274 281 353 403 446 477 488 541 603 733 738 816 926
9  184 208 251 350 496 676 795 822 987
7  22 124 131 248 255 467 765
8  35 61 72 100 130 321 342 564
6  146 169 270 426 458 891
4  273 399 762 780
7  77 156 239 609 727 820 909
8  36 351 354 384 421 433 816 965
8  33 173 272 381 458 806 889 997
10  255 326 573 592 614 692 696 710 787 880
12  211 220 242 321 351 479 736 788 850 871 936 973
11  94 246 253 275 386 453 524 608 723 836 908
6  119 305 337 668 826 873
17  8 33 195 254 339 380 464 543 561 581 617 798 839 850 948 961 999
10  23 123 212 221 321 413 765 772 900 931
12  89 147 185 195 219 220 310 371 572 708 720 765
8  49 247 396 533 705 713 856 988
6  159 297 431 471 678 797
9  119 132 529 579 618 666 832 867 869
9  143 155 164 225 540 555 558 812 914
6  205 322 537 554 559 633
10  7 96 300 413 464 545 608 660 673 997
7  66 522 538 542 581 942 957
12  205 218 447 449 657 678 808 838 846 847 915 961
12  110 256 292 314 404 563 676 709 818 936 960 995
14  65 188 306 325 393 405 504 536 559 624 642 659 795 994
12  77 127 233 313 401 422 472 523 534 578 765 800
11  147 263 358 375 672 715 853 872 875 915 919
12  134 207 426 460 504 539 568 780 790 799 818 839
8  403 423 618 676 741 828 855 922
14  13 37 78 94 118 171 185 199 217 282 526 544 574 957
8  46 103 145 187 510 703 844 850
11  19 100 121 197 216 240 284 300 471 623 647
11  62 225 326 687 714 788 828 856 913 932 950
7  124 273 400 575 633 657 884
10  16 18 33 39 41 51 273 535 855 991
6  147 193 256 387 563 613
13  110 307 410 449 466 468 474 645 646 755 792 803 873
10  176 228 242 251 257 340 452 502 599 728
5  424 481 605 703 929
10  95 180 243 313 403 406 661 831 904 981
11  104 132 231 292 448 859 905 922 968 971 989
10  187 282 348 450 566 579 680 804 810 851
9  116 158 207 359 394 504 601 725 872
8  300 323 511 513 714 782 849 997
9  56 128 136 407 428 511 566 593 884
9  109 183 228 369 518 543 616 645 697
12  102 126 196 277 325 377 406 588 763 854 881 999
13  6 41 166 233 236 322 399 419 473 642 733 833 950
8  71 85 237 358 403 590 649 669
10  32 277 344 404 665 724 851 924 970 987
12  115 225 330 372 378 379 504 573 672 901 936 957
10  42 168 246 250 259 293 340 354 540 951
12  66 187 372 375 420 439 528 633 666 728 818 905
13  28 59 300 349 388 760 805 822 826 866 887 905 996
10  28 75 174 311 447 772 855 857 873 965
14  64 129 213 395 407 489 513 568 570 596 688 724 852 922
12  10 34 143 158 217 383 410 565 573 636 801 949
7  76 281 306 384 685 777 894
12  109 113 159 170 181 375 450 468 659 683 749 917
17  41 70 153 221 248 393 409 449 471 510 696 708 729 778 844 889 942
6  74 126 241 481 830 980
12  78 267 319 427 456 502 574 614 647 692 762 843
8  113 287 593 598 642 654 663 898
7  330 349 383 494 687 861 882
8  164 244 344 372 436 556 624 666
7  346 375 516 561 610 677 739
6  141 143 330 347 505 839
18  25 38 53 57 175 257 278 306 354 357 605 662 668 801 848 869 885 967
12  90 160 361 372 492 495 514 566 623 670 697 706
10  3 55 59 100 119 439 465 508 550 575
14  158 225 291 477 492 572 686 722 724 777 799 909 931 942
9  3 51 235 416 530 577 672 840 847
13  245 301 434 529 660 696 705 797 814 816 883 892 922
6  270 301 311 464 488 771
8  41 109 519 555 561 711 726 792
12  23 384 599 623 657 794 805 810 835 944 954 978
14  5 148 151 414 430 515 559 592 603 607 669 721 792 986
11  0 211 295 336 441 511 542 583 593 762 823
13  113 156 171 344 356 392 397 514 527 632 651 727 842
11  129 222 272 404 474 615 701 710 803 992 997
7  72 219 231 490 547 582 768
18  79 121 284 314 322 368 380 450 502 671 736 748 790 837 867 874 909 994
8  24 138 206 236 278 315 453 921
4  84 142 571 775
5  110 184 719 794 992
7  88 375 477 670 835 898 949
11  79 108 317 396 408 512 588 721 786 912 941
7  70 99 160 234 320 516 584
12  103 158 185 282 301 309 360 593 646 694 786 864
12  30 151 339 342 360 377 512 707 820 833 917 949
11  16 143 209 334 354 474 677 688 763 858 933
11  72 138 143 236 311 542 607 633 645 911 975
16  68 142 188 317 340 493 509 542 617 636 651 668 729 779 823 988
9  40 86 208 266 294 345 554 575 719
12  97 237 301 338 347 382 457 602 619 658 946 965
6  34 43 119 501 566 911
10  29 98 106 147 161 179 199 436 665 881
4  485 493 854 990
10  14 252 318 370 634 654 691 695 818 963
9  59 87 88 166 174 420 621 692 951
10  7 73 98 128 280 559 811 859 868 942
9  329 460 530 601 625 711 813 971 972
8  3 20 38 169 209 575 655 757
5  32 364 385 468 997
8  116 154 176 288 429 499 592 596
10  17 55 216 326 443 554 593 729 811 937
17  73 200 268 370 414 423 440 590 688 705 731 808 857 889 973 986 993
12  89 104 176 211 220 288 558 564 643 883 892 949
11  125 177 223 296 371 646 712 779 782 795 902
12  241 263 314 355 392 406 558 740 755 829 865 904
5  29 134 308 653 884
9  44 91 160 300 335 378 730 898 937
7  88 98 189 238 292 641 774
8  138 166 522 648 679 724 838 870
12  18 113 168 259 309 344 532 778 910 965 967 971
12  0 65 193 285 397 403 624 667 733 827 856 891
12  24 114 201 269 313 455 563 580 598 677 814 904
13  41 74 85 111 139 180 265 404 756 793 848 954 970
5  144 389 676 793 898
19  4 13 86 111 121 130 188 311 321 402 425 446 492 593 704 778 824 864 989
6  434 461 559 630 768 878
8  180 293 300 309 744 852 960 967
13  9 60 71 129 166 366 375 433 529 572 662 710 878
14  41 44 227 343 379 480 600 624 760 781 784 789 860 901
10  139 298 377 399 582 587 627 635 681 925
8  141 260 299 386 402 614 732 739
12  35 43 54 130 137 305 383 483 636 650 794 895
12  44 152 164 486 570 606 648 760 772 836 840 938
9  54 64 166 196 380 415 457 470 901
10  314 316 380 604 611 725 732 811 815 998
11  55 180 243 383 408 462 533 558 610 811 940
10  30 74 254 347 396 440 445 538 680 719
11  45 86 402 473 552 612 710 842 844 876 893
6  357 425 558 600 830 966
10  22 70 155 238 362 495 579 740 749 799
8  34 420 466 688 867 913 951 968
9  114 246 314 614 666 688 751 812 896
12  100 222 417 419 420 484 522 578 861 869 912 919
7  190 352 489 523 561 874 916
12  32 235 282 328 497 512 547 565 577 624 834 957
9  245 339 427 642 857 866 928 967 980
14  9 29 69 126 132 202 387 435 452 508 516 558 639 855
8  19 336 499 627 751 757 961 981
13  64 136 208 322 416 511 519 572 610 637 806 849 938
10  98 133 162 163 313 392 436 513 537 553
5  128 345 693 767 932
8  90 139 326 502 598 768 781 982
13  26 310 337 404 436 524 596 617 625 739 812 958 979
12  25 81 100 175 178 287 357 433 437 596 729 873
7  196 211 369 717 787 901 909
12  45 85 107 108 356 506 543 700 715 841 858 892
9  40 229 545 571 639 702 815 915 919
7  128 186 537 614 696 784 808
7  158 170 217 268 413 725 955
10  308 315 367 593 615 616 688 752 935 936
15  7 99 160 210 329 335 411 532 562 695 704 786 855 864 990
7  12 244 424 530 633 762 903
10  26 319 326 331 394 509 590 677 891 987
8  191 277 319 488 498 582 936 966
13  4 33 74 233 236 307 409 525 581 914 915 922 981
10  64 68 78 345 428 452 477 773 911 959
11  41 99 103 117 360 372 483 715 792 810 934
9  64 91 199 307 401 432 613 721 912
13  152 169 241 383 568 631 680 709 805 915 920 944 985
9  102 180 250 481 531 650 669 733 981
14  222 373 388 440 490 517 634 688 771 783 841 852 921 984
5  206 405 634 771 985
6  237 409 462 481 495 681
10  145 301 307 331 361 374 531 555 794 889
16  35 54 253 309 373 376 430 499 583 619 646 714 807 814 836 847
5  76 254 331 559 580
18  97 149 160 172 182 240 250 301 358 404 493 543 570 608 836 859 985 995
15  201 202 217 223 297 300 423 536 664 681 691 785 902 930 998
12  15 50 51 127 333 367 390 406 473 617 752 996
9  355 481 516 529 669 692 706 897 991
6  15 311 329 670 771 851
11  113 140 255 355 507 573 747 791 803 865 968
10  30 122 153 186 196 461 482 866 872 907
8  165 288 291 297 482 519 612 843
14  44 85 239 283 330 373 411 425 515 525 636 638 655 828
11  217 243 250 298 421 549 551 662 689 739 845
8  91 143 276 425 518 625 672 892
12  183 202 220 248 304 353 557 673 685 749 835 963
11  63 67 111 328 357 440 441 493 506 572 943
11  112 154 168 245 273 360 373 377 491 655 924
7  37 152 210 238 258 265 834
10  28 211 283 365 422 496 602 612 614 980
12  7 17 60 258 328 495 518 579 582 758 891 952
8  215 221 389 441 715 751 933 974
9  82 88 227 390 549 550 552 711 767
17  9 11 36 190 286 287 335 380 402 463 660 698 720 793 948 963 990
9  18 31 216 335 346 565 618 707 954
8  131 138 142 248 334 415 704 804
9  21 148 176 210 272 348 732 774 789
12  33 91 123 172 379 432 437 539 554 843 854 881
7  82 104 358 684 790 810 828
13  153 175 605 629 652 685 796 827 829 838 928 929 963
11  38 137 161 234 275 286 457 711 829 831 929
8  28 68 98 694 772 848 912 997
13  70 72 86 125 268 312 316 363 406 625 672 956 987
9  118 230 284 304 411 536 559 739 935
16  179 192 195 308 350 408 415 431 471 535 790 830 832 837 959 962
12  24 108 120 286 297 299 578 608 611 739 757 974
8  50 117 379 640 659 675 691 808
12  91 302 383 432 503 516 525 572 608 637 666 990
16  37 99 108 219 321 347 394 398 419 466 512 538 561 710 755 878
14  26 33 104 125 240 284 319 320 430 593 622 683 976 986
6  206 271 381 612 915 926
5  140 276 499 731 829
5  75 223 422 616 876
9  14 141 218 269 431 657 794 863 986
11  92 103 166 180 221 500 547 559 564 661 950
8  7 13 36 56 66 82 415 573
10  39 123 131 218 361 626 723 858 922 969
13  252 397 496 502 505 514 515 530 553 698 743 775 963
10  104 178 193 207 243 361 388 552 553 952
12  222 274 289 438 555 584 592 619 753 779 914 972
9  72 194 320 527 592 603 606 628 679
11  51 195 223 260 334 551 626 670 699 761 955
10  170 322 350 419 426 551 739 784 817 933
9  94 182 192 559 610 671 717 751 803
8  4 35 49 129 330 348 598 731
12  17 88 123 135 138 443 447 475 539 589 781 913
7  267 358 428 692 746 851 974
9  28 128 311 389 592 618 648 722 732
9  135 180 196 219 361 553 728 762 821
12  22 99 238 303 305 380 482 598 677 750 888 954
16  44 88 101 207 279 409 592 615 717 848 867 878 889 941 955 998
13  88 127 196 262 277 312 407 585 628 719 854 926 964
11  15 89 155 177 300 324 352 577 667 816 867
8  171 420 468 681 753 777 815 877
7  217 218 290 313 442 541 572
15  22 197 297 342 344 354 481 520 538 727 744 799 827 852 983
5  263 415 528 657 743
10  13 24 60 88 328 441 618 669 688 838
9  19 61 70 232 383 564 672 714 921
8  30 107 315 499 621 836 838 870
10  34 35 105 251 536 636 687 714 781 954
7  50 283 302 476 589 593 907
6  210 459 549 559 665 745
9  30 115 174 278 450 512 604 748 917
12  73 118 227 235 493 518 662 693 879 887 934 985
7  123 143 237 397 466 480 756
10  7 179 181 193 197 290 640 674 702 717
10  294 298 308 313 396 485 590 644 691 873
8  14 297 395 529 562 616 630 869
16  18 32 155 181 187 194 214 251 467 500 505 770 809 828 887 951
7  49 91 298 603 798 921 954
11  87 89 175 218 253 313 462 486 558 773 838
10  56 82 118 179 240 522 693 788 897 940
13  27 119 179 252 323 332 397 454 493 532 738 825 987
10  13 141 210 257 258 319 355 691 700 919
8  52 124 136 336 465 634 714 772
9  64 223 571 599 660 674 755 858 978
16  100 185 192 255 259 292 333 364 564 659 770 811 816 865 962 994
11  17 85 135 186 204 523 551 680 695 744 891
6  94 232 450 467 583 934
10  9 139 254 429 557 649 780 868 886 905
10  10 67 164 270 456 474 488 507 858 945
6  182 294 344 438 674 863
11  247 317 353 525 569 700 719 840 851 956 977
12  112 302 318 427 457 659 758 794 838 852 859 900
9  63 91 98 115 535 607 683 694 732
17  78 95 207 238 273 717 771 777 791 802 808 866 883 912 913 925 942
8  48 51 153 188 442 489 952 973
13  93 171 286 334 408 462 501 520 532 544 590 667 810
5  93 184 374 611 945
10  99 144 215 260 373 424 553 840 866 967
11  207 244 343 371 379 737 803 806 852 873 920
13  22 75 103 334 424 495 650 799 846 867 877 904 911
13  78 133 176 253 401 425 479 545 618 623 729 874 876
5  78 162 420 598 625
15  36 119 154 291 399 402 409 410 415 516 570 649 771 794 858
8  56 248 254 261 319 401 471 747
14  4 108 128 157 168 177 244 471 538 552 640 775 898 949
9  152 178 208 246 276 300 564 781 905
6  153 295 851 852 853 971
14  62 168 175 238 302 328 496 529 622 625 775 946 966 976
9  39 173 184 357 492 521 570 647 911
12  23 215 259 330 394 507 510 525 531 565 826 941
12  34 43 83 108 188 288 296 356 401 478 504 856
11  9 38 82 165 185 401 443 471 639 952 983
9  19 104 284 308 329 433 673 688 691
5  418 429 479 771 920
14  45 58 108 142 149 282 444 533 718 743 746 825 934 962
11  205 235 432 484 491 494 600 609 661 715 935
15  13 56 257 321 330 341 362 401 497 635 649 712 790 878 916
5  200 272 639 674 713
6  38 266 521 651 818 932
9  35 52 412 474 499 519 717 773 795
13  72 106 176 266 334 348 426 479 637 754 767 886 896
14  54 80 96 102 181 228 264 266 359 400 640 764 790 924
6  86 135 309 703 737 892
12  4 154 315 338 482 496 793 881 915 923 991 997
9  55 157 235 301 490 604 620 718 947
8  2 89 167 285 396 398 695 744
9  77 248 262 308 310 399 475 602 758
16  74 84 105 124 132 156 348 419 428 447 453 570 619 633 661 768
7  77 190 269 390 658 686 763
15  12 113 122 124 173 289 352 426 513 570 597 656 737 775 811
9  44 233 386 412 668 679 684 801 844
11  9 39 205 298 335 526 546 584 619 818 875
7  77 145 330 339 496 927 959
13  80 93 97 112 117 291 323 333 414 508 609 894 999
9  44 135 251 277 411 558 559 582 845
9  34 49 201 249 547 663 858 887 990
5  270 556 589 901 911
8  193 225 273 276 682 768 874 937
7  101 124 277 323 642 659 939
9  57 70 345 388 608 745 748 786 935
15  57 111 113 122 181 198 452 577 623 643 645 670 788 826 860
8  235 260 294 312 532 603 730 815
9  17 109 206 312 317 363 505 581 990
9  33 360 393 509 762 802 810 956 988
9  234 351 410 459 527 689 768 810 923
9  0 413 451 507 523 547 678 691 802
10  43 94 260 495 519 668 694 719 976 983
12  17 47 128 248 531 534 669 675 749 880 965 996
12  3 32 65 83 151 183 351 426 485 561 616 935
10  1 111 169 467 616 661 754 772 774 831
9  31 151 165 188 474 618 699 744 852
10  170 187 210 369 385 528 543 718 801 964
9  41 69 115 444 485 518 704 852 952
13  3 53 97 166 270 289 439 492 537 620 767 894 963
10  4 20 60 139 211 426 494 586 609 848
8  68 379 559 577 635 752 870 871
4  245 708 913 955
8  190 387 497 510 729 757 860 914
10  119 223 257 326 390 473 755 768 904 919
16  132 136 508 511 536 551 585 589 606 666 773 799 921 934 981 996
8  87 368 443 484 532 671 732 991
7  55 156 230 664 692 769 935
6  249 306 479 633 694 999
8  66 259 296 377 394 527 760 861
4  319 540 579 937
9  141 149 202 476 631 639 664 720 786
6  198 381 472 706 882 933
12  92 115 165 264 334 371 495 561 562 678 875 962
7  130 375 385 448 555 896 901
12  165 187 232 359 539 636 662 710 713 759 957 993
9  5 87 564 742 767 821 833 854 895
5  257 647 677 708 925
16  55 95 98 113 145 160 188 330 402 403 410 585 686 875 884 972
9  77 154 465 720 721 752 883 916 996
7  176 261 302 457 474 517 556
14  23 165 208 219 387 418 449 473 479 626 687 824 873 979
5  35 351 425 749 926
6  109 367 464 756 971 992
12  50 98 128 199 214 289 575 583 676 679 819 957
5  57 409 663 783 857
11  74 138 399 412 419 461 474 599 691 893 964
8  115 252 371 502 640 645 803 964
14  31 72 80 106 167 189 293 296 303 361 522 550 629 670
10  8 306 307 355 422 494 582 584 602 848
9  3 255 290 492 550 669 742 763 939
9  89 266 414 459 585 797 874 910 926
9  226 373 447 451 534 611 646 677 938
14  54 119 256 377 504 572 653 673 686 739 755 833 853 967
4  585 633 726 984
9  29 128 202 287 387 517 566 602 929
10  107 184 267 393 529 676 703 761 922 923
11  36 46 104 209 294 423 653 748 823 889 912
13  313 414 550 562 610 629 655 702 724 753 763 767 958
12  69 76 197 199 248 407 452 483 538 878 933 990
16  90 221 226 300 312 370 379 574 601 685 755 827 868 897 942 950
11  29 192 414 453 482 542 557 558 863 917 998
11  21 197 263 296 316 398 445 466 519 691 929
13  58 129 315 343 406 422 431 526 529 613 684 791 913
8  13 63 109 268 415 456 764 806
7  287 503 510 584 838 930 936
12  36 233 271 298 337 365 418 546 644 690 693 927
6  16 104 340 375 541 868
6  224 394 696 851 908 953
9  66 166 190 210 275 343 480 747 785
6  4 18 81 333 498 567
20  113 153 156 171 179 409 486 559 583 607 654 676 780 784 838 865 916 922 940 943
9  39 195 343 375 441 559 620 700 915
6  56 279 312 552 932 956
10  70 305 387 408 444 666 703 778 891 963
9  198 270 432 458 668 711 736 923 981
8  221 286 442 781 801 920 924 974
13  93 120 159 188 408 456 498 543 635 636 720 724 913
16  172 173 206 272 458 529 532 540 602 604 614 621 658 763 790 919
12  66 215 218 268 334 369 520 534 565 709 862 977
8  7 172 184 273 428 650 871 942
7  197 207 343 623 743 959 999
6  205 308 343 615 718 942
10  194 216 270 303 333 401 523 589 595 880
8  84 294 473 488 591 779 811 929
16  54 73 174 310 316 370 451 547 556 668 776 784 791 875 940 982
10  69 121 203 272 307 418 445 495 779 966
11  2 96 361 394 512 622 732 823 935 983 995
5  8 407 417 769 942
8  76 102 150 242 266 378 481 954
8  51 154 267 384 444 516 585 667
12  41 107 139 276 542 555 606 619 792 829 855 937
10  35 105 288 308 333 389 408 820 915 984
10  19 158 430 496 531 599 622 823 835 947
10  38 207 346 443 462 564 661 791 890 972
8  61 181 362 450 636 703 797 965
16  21 79 112 146 201 251 303 374 406 489 496 511 554 857 890 922
15  4 14 200 230 285 343 538 664 679 714 746 785 823 869 870
10  4 34 98 293 297 408 446 526 709 975
12  37 243 284 379 394 440 459 511 535 710 796 846
11  56 94 101 144 259 413 620 654 663 879 934
9  154 446 485 512 560 627 875 926 986
7  163 330 391 532 565 680 727
10  73 153 301 329 366 458 543 610 728 984
8  87 148 273 281 452 589 607 616
15  150 260 334 361 403 492 530 559 598 635 694 761 816 859 983
11  156 323 351 468 660 673 726 738 816 998 999
6  48 147 180 463 511 992
5  128 360 500 686 856
10  98 150 206 220 221 494 524 654 766 988
13  126 141 174 279 300 450 510 536 566 628 634 886 964
7  77 89 158 394 589 639 944
8  78 149 280 399 681 927 946 989
6  5 430 499 598 797 859
7  209 268 340 434 444 518 846
3  102 638 687
8  92 309 318 368 644 680 962 963
10  198 318 481 483 491 554 566 694 780 922
12  309 347 348 384 458 718 754 804 827 828 839 986
12  102 261 318 344 403 506 557 658 742 774 992 994
6  273 343 344 354 396 955
8  148 222 234 323 529 550 736 874
12  112 147 203 297 345 467 524 638 672 689 707 735
8  21 193 435 473 518 822 826 977
8  80 88 311 386 494 552 666 882
18  2 147 236 238 259 262 270 377 433 494 660 715 764 793 844 928 966 981
19  18 23 148 153 205 229 249 299 329 340 349 368 433 454 504 505 538 573 749
7  105 534 622 659 883 928 962
13  22 25 141 194 203 267 334 447 466 720 858 866 925
7  284 374 466 491 799 819 974
7  152 164 245 683 713 726 736
14  28 56 131 236 340 364 383 404 469 527 657 708 899 956
11  66 71 185 268 320 408 512 535 576 680 984
17  1 18 170 173 197 224 488 543 550 591 593 637 662 773 840 903 995
10  78 503 746 767 772 776 800 853 895 963
10  35 108 156 184 292 660 739 782 929 997
7  35 58 389 611 858 877 966
14  10 86 184 256 300 401 407 426 428 590 597 922 946 983
10  56 116 212 280 382 671 705 766 834 922
15  33 50 143 199 251 272 312 333 360 486 684 722 726 775 789
12  75 137 179 185 305 341 559 682 698 715 791 975
10  158 190 493 578 600 606 724 755 910 914
8  77 162 198 222 231 477 789 986
6  565 646 773 835 914 917
8  200 268 358 439 454 782 813 910
12  56 154 266 331 574 587 622 750 752 794 818 897
10  53 54 146 170 263 316 463 962 976 978
8  18 48 83 245 299 777 971 992
10  141 150 288 441 650 653 670 797 909 925
12  35 209 253 287 316 433 482 895 935 947 954 991
8  121 206 298 385 477 504 777 861
12  22 24 216 345 430 482 498 762 834 871 913 984
13  21 77 357 458 471 484 487 523 590 625 664 805 946
7  52 453 607 706 794 879 881
9  41 253 578 644 650 789 814 864 896
6  53 175 215 670 797 862
12  16 81 351 367 435 458 516 537 544 905 924 947
16  26 56 177 235 286 373 394 570 585 616 630 704 767 842 971 980
5  98 115 517 566 688
13  102 137 205 233 345 346 353 356 604 681 773 838 901
15  49 60 173 191 206 217 234 248 283 335 367 566 722 938 969
7  3 678 784 828 834 929 998
3  48 516 727
8  8 184 233 276 277 867 945 949
8  51 125 428 570 643 781 910 949
16  75 191 245 275 350 355 400 538 546 637 733 817 823 832 860 982
9  119 166 204 382 479 526 778 877 887
11  44 57 252 262 414 574 620 682 715 763 872
13  13 25 47 62 83 171 230 493 771 814 889 937 942
12  223 315 425 482 488 511 606 634 718 921 985 995
8  67 128 205 346 376 440 712 955
9  84 258 369 423 511 592 883 928 979
7  167 196 325 611 734 854 908
7  93 256 346 458 524 574 602
12  104 205 220 391 504 537 586 666 676 801 818 948
12  120 139 149 300 331 333 438 682 705 735 755 862
8  11 134 414 432 453 730 884 897
15  11 28 81 194 259 272 349 491 536 863 920 923 928 931 956
7  30 258 331 395 485 569 605
8  261 307 315 336 850 891 956 975
8  20 109 164 291 496 638 862 883
13  137 190 254 265 281 315 511 636 707 827 841 891 925
11  4 208 283 356 515 729 742 893 955 961 979
14  41 174 283 338 374 447 448 537 590 700 723 740 754 986
12  55 141 221 276 302 630 682 782 824 884 932 969
14  52 73 146 157 320 353 363 399 449 684 723 769 889 914
10  223 298 345 426 430 524 651 815 862 937
12  23 86 423 452 505 533 600 690 764 831 912 949
6  67 228 365 511 646 736
12  9 78 122 335 406 520 526 560 578 896 929 958
8  160 197 204 399 439 514 708 819
12  0 38 153 193 244 252 268 792 934 948 983 997
13  126 230 276 310 328 400 406 585 699 732 813 901 939
9  3 342 347 474 660 806 856 881 991
7  253 271 534 758 856 884 997
7  124 346 357 543 734 763 913
13  45 87 103 118 325 481 491 738 811 877 896 906 926
9  82 125 249 374 590 617 744 749 919
4  97 123 292 464
4  60 207 823 893
14  57 114 148 162 181 220 285 426 461 487 743 827 835 901
10  33 114 227 294 295 381 543 602 761 922
13  15 28 108 253 415 454 510 538 763 806 886 914 945
14  185 221 255 308 366 468 510 528 614 689 763 886 913 924
8  272 333 419 566 598 648 703 815
6  308 548 555 613 759 782
10  87 270 280 410 416 464 544 756 964 984
12  20 22 34 101 332 372 403 420 480 786 903 992
6  241 644 669 828 876 881
8  153 176 191 269 437 835 928 993
12  69 112 236 439 597 771 785 831 832 871 879 964
10  100 373 499 549 587 641 685 864 931 955
13  6 11 30 53 165 174 220 439 480 673 719 757 961
11  75 120 165 217 237 298 485 576 621 768 873
10  29 117 160 190 407 470 771 797 981 990
10  30 75 242 256 353 637 877 937 952 971
8  84 177 386 401 415 658 846 978
11  120 255 293 398 513 581 587 805 837 961 962
12  11 207 221 417 619 699 758 810 820 856 902 986
4  82 325 700 892
8  82 239 486 490 581 888 958 992
10  65 191 227 504 533 542 681 748 784 990
9  99 121 231 308 313 491 807 815 868
5  21 122 428 773 928
10  151 162 204 339 362 564 718 844 953 984
12  46 80 223 427 511 552 649 663 716 727 802 974
16  24 46 47 125 153 187 332 383 390 437 560 719 745 857 890 996
13  19 50 149 201 319 382 539 558 568 626 676 696 878
10  8 60 168 340 414 426 448 527 791 885
10  48 125 196 251 309 370 468 566 753 891
10  16 35 191 434 478 533 658 835 897 909
9  113 301 460 464 530 585 722 724 800
6  51 113 178 225 368 965
15  9 40 70 146 181 193 265 333 458 507 557 607 676 811 972
6  244 358 394 523 934 997
14  100 140 196 221 429 445 508 518 683 823 868 887 942 991
10  71 114 177 205 293 303 363 446 483 641
13  197 214 304 347 439 481 581 588 699 728 757 975 991
9  109 210 349 459 571 690 852 863 891
11  89 155 179 200 310 328 364 555 786 838 922
11  115 149 311 411 486 539 645 677 763 939 963
8  14 62 372 382 388 416 817 973
4  332 446 683 925
13  72 106 129 152 157 247 477 489 504 607 660 666 679
12  16 194 219 245 286 355 470 485 673 772 785 887
9  145 151 444 466 594 715 761 856 955
11  70 119 242 346 429 477 530 676 763 842 855
7  170 260 292 384 535 549 565
13  14 96 253 296 301 359 545 592 654 722 765 919 996
11  39 436 573 600 608 617 703 793 816 820 833
12  0 12 187 335 391 563 668 675 739 781 790 899
8  324 429 496 572 618 719 928 995
8  3 99 186 311 325 493 644 716
9  199 427 471 486 541 791 888 914 968
6  161 192 366 474 548 860
11  184 219 235 264 265 283 294 363 411 591 946
8  309 443 555 636 729 794 875 984
8  15 62 499 620 671 950 951 997
14  18 227 301 332 373 380 411 444 479 495 731 839 945 970
10  120 137 190 228 303 352 460 783 952 975
7  274 370 378 499 856 866 951
11  19 217 327 391 445 461 538 550 859 865 876
12  6 90 227 284 384 424 725 734 778 785 932 966
13  114 125 137 188 201 281 501 660 725 814 853 993 994
7  42 174 197 750 764 889 919
6  22 87 319 343 573 986
10  40 92 125 347 449 625 651 670 721 905
18  51 68 86 96 279 380 389 505 616 652 723 732 765 841 865 868 939 969
9  53 91 105 208 702 735 813 840 913
9  54 106 115 280 372 491 701 733 835
16  28 40 159 167 421 489 507 528 637 682 817 820 848 913 927 930
9  248 284 321 451 590 710 766 900 919
6  144 201 235 571 608 747
7  87 91 197 303 465 586 717
9  75 218 320 555 614 873 892 976 996
10  25 143 188 455 470 564 623 843 937 978
8  91 152 292 512 531 816 873 947
9  10 137 208 251 261 334 468 532 704
10  3 64 71 112 203 230 318 326 508 928
8  22 25 29 237 415 603 899 942
6  112 144 416 468 563 946
10  161 172 298 364 366 381 530 779 866 893
16  4 155 279 290 317 414 558 573 600 678 798 826 861 933 952 988
5  127 658 685 882 982
10  6 278 349 356 372 392 418 706 771 777
10  56 413 423 450 515 551 602 657 756 850
11  37 213 222 260 357 389 445 645 659 684 862
14  61 82 143 319 464 472 510 561 759 778 821 874 954 993
11  19 78 205 215 291 472 699 812 910 921 961
8  199 353 572 593 664 681 908 952
10  92 139 342 616 618 700 827 898 948 956
11  80 178 184 199 242 491 510 574 664 908 972
11  24 53 93 171 258 282 695 696 841 844 850
10  39 203 487 539 563 572 804 860 875 885
10  134 207 361 535 595 658 757 788 829 906
14  4 7 8 63 85 166 181 354 536 670 748 800 830 910
12  188 221 234 277 399 456 615 689 824 825 951 994
6  50 240 440 609 956 996
12  37 42 98 103 235 337 350 691 780 786 823 846
14  7 254 258 322 353 391 459 520 625 700 764 884 905 984
10  128 176 244 293 598 702 813 913 932 983
4  605 628 695 988
6  1 9 555 608 701 820
7  138 210 508 554 563 621 985
7  16 109 397 421 428 874 969
8  128 379 539 629 794 831 844 885
17  31 47 50 67 80 123 194 254 276 309 329 331 348 486 568 683 788
13  52 91 98 106 113 238 263 616 774 837 845 878 914
5  19 157 781 858 974
10  37 59 99 469 483 552 615 828 917 961
7  88 343 362 413 514 633 814
11  77 84 110 250 361 384 424 449 630 819 931
9  73 87 100 368 438 659 762 803 960
7  352 413 530 567 773 841 929
6  305 402 502 705 791 871
10  210 369 438 490 654 728 764 900 937 997
14  46 65 115 187 263 311 446 475 559 630 839 843 877 897
5  2 355 578 697 810
8  19 265 271 317 349 866 882 996
11  4 105 116 124 283 302 454 472 578 795 906
5  56 345 359 491 662
7  48 419 448 551 616 832 989
13  46 104 165 238 334 382 457 486 493 574 608 762 839
9  3 122 246 371 476 639 718 761 798
13  17 88 231 271 331 456 645 670 727 758 828 864 929
9  316 390 425 627 651 757 939 991 992
4  71 468 638 720
6  97 182 252 256 462 985
12  16 42 57 100 113 347 489 538 634 678 756 807
10  24 133 190 206 285 354 442 584 745 755
14  175 219 427 483 491 511 600 628 635 636 673 679 887 915
11  420 497 558 620 697 732 748 870 871 887 919
13  14 85 92 130 142 143 154 681 700 806 842 872 932
6  542 571 704 800 826 913
15  7 274 318 419 452 469 491 567 590 787 819 837 884 938 954
12  49 209 249 275 426 436 443 457 646 813 885 909
10  37 61 94 460 521 618 812 822 891 929
6  78 375 383 772 795 856
12  202 294 295 304 392 401 412 601 643 647 717 893
13  32 35 142 183 256 327 381 448 567 677 770 976 983
12  5 289 377 418 458 566 576 592 656 746 918 957
10  16 21 83 241 322 448 552 740 987 990
9  114 212 343 403 406 428 572 816 849
5  75 518 567 910 958
10  186 199 359 392 580 583 717 908 936 950
10  112 188 243 248 507 599 695 720 878 944
12  6 36 57 91 221 237 345 517 519 714 789 921
9  106 133 156 386 504 550 731 836 900
15  13 36 252 275 351 366 404 509 597 683 741 791 831 904 948
8  41 172 237 568 577 617 638 788
5  81 95 294 478 692
11  64 252 281 348 504 518 594 654 792 817 974
10  120 301 502 530 643 677 695 809 869 920
11  88 101 215 217 284 438 464 640 672 731 926
6  85 137 278 767 936 945
10  103 138 161 378 439 727 739 782 961 979
12  111 121 252 322 572 575 587 779 887 912 954 978
13  77 117 156 210 324 330 415 420 511 683 791 815 883
16  15 96 305 392 496 518 527 573 661 686 747 781 790 797 833 930
10  117 165 203 205 290 524 624 784 918 928
9  246 247 319 422 558 682 844 887 925
14  57 78 204 213 255 297 339 390 401 578 586 689 738 898
9  129 153 237 418 752 770 837 871 984
7  90 100 127 325 532 806 956
15  92 114 145 201 484 528 546 581 588 647 791 814 817 880 936
6  141 376 715 756 822 993
10  18 156 199 263 361 398 458 562 917 922
6  154 567 664 728 766 861
10  116 124 185 196 429 450 509 607 837 857
13  3 19 62 83 392 442 444 658 809 839 882 929 972
10  165 208 305 349 397 480 745 852 956 976
6  170 321 551 726 844 867
11  19 98 126 182 204 292 585 650 847 915 951
10  81 136 272 397 497 626 635 765 796 852
10  8 298 655 761 865 889 940 952 964 982
7  101 151 235 281 332 392 847
6  5 100 375 785 802 863
10  170 204 290 324 394 442 443 651 750 827
12  102 229 234 258 259 383 428 517 629 666 926 951
6  39 147 265 276 721 769
12  53 230 577 625 701 733 768 827 833 900 905 973
11  201 245 298 587 601 696 743 797 815 829 971
13  258 280 359 440 619 637 655 790 814 826 883 902 941
14  50 111 128 135 201 358 383 538 539 682 709 775 854 880
11  31 66 119 348 598 674 703 784 797 908 911
10  45 152 156 181 227 417 430 578 607 823
9  19 86 477 562 623 744 767 878 907
9  113 134 218 525 651 682 703 735 942
9  27 47 48 354 469 720 882 900 905
6  129 182 556 769 798 865
15  29 206 221 490 520 526 530 598 632 668 731 818 847 920 944
8  55 127 248 474 617 729 957 989
9  18 53 92 109 379 413 729 938 939
10  65 68 140 182 408 439 556 715 766 815
13  91 244 325 361 493 551 614 633 723 810 813 910 978
12  21 157 161 308 324 375 551 594 641 742 757 971
11  30 33 43 46 238 325 326 337 524 727 814
6  189 262 330 728 913 969
10  60 61 168 326 448 620 643 738 781 864
9  14 35 74 98 146 330 598 643 754
12  26 56 103 176 218 469 486 682 791 813 937 949
6  92 268 314 571 584 594
12  91 204 214 311 526 576 633 642 663 702 845 987
7  139 256 298 300 365 780 981
11  65 92 210 330 650 740 767 795 801 893 902
18  69 124 151 242 325 363 365 377 390 498 504 592 672 864 929 950 957 998
10  114 141 156 195 551 691 749 755 802 978
9  51 81 200 256 389 396 566 701 901
10  37 279 294 614 700 725 746 842 898 924
12  48 61 112 207 261 590 679 765 841 861 883 987
7  9 18 190 307 323 708 749
10  159 188 261 429 558 657 725 738 793 804
6  309 433 740 835 919 932
9  19 151 398 532 547 649 731 847 948
8  91 151 200 298 805 808 823 846
9  196 246 327 356 453 482 703 859 942
6  172 272 775 884 903 928
9  138 141 159 612 718 725 933 980 997
10  170 178 304 352 389 405 501 865 881 986
16  40 64 184 250 294 361 390 397 405 449 451 671 803 806 880 903
9  86 155 405 486 567 696 949 961 974
9  12 175 226 323 357 469 605 816 868
9  157 163 183 270 284 524 679 926 977
14  44 144 161 244 409 541 626 627 651 678 693 770 935 989
11  66 98 183 235 269 478 529 659 801 939 969
13  219 279 342 382 387 401 434 561 569 741 913 927 986
11  102 169 229 300 390 538 546 694 848 942 997
10  21 64 252 439 456 598 687 726 870 905
9  192 266 462 583 715 800 842 875 939
9  36 78 512 588 608 613 619 719 993
7  339 388 494 610 671 809 911
9  217 248 284 587 644 757 831 838 986
12  40 97 238 305 383 504 694 700 807 822 851 997
11  48 182 269 306 392 396 561 693 714 751 880
10  13 110 146 210 264 356 358 398 596 804
8  229 386 493 500 655 668 700 854
9  60 146 196 266 374 530 785 879 926
9  18 62 242 365 454 530 764 860 984
9  14 138 454 513 584 643 747 764 795
11  25 121 155 171 306 600 765 875 954 967 988
13  72 120 140 165 183 277 373 397 474 646 707 709 996
11  7 210 267 399 436 484 554 720 737 893 927
12  155 430 466 471 518 534 689 726 861 872 893 895
8  35 261 338 399 641 694 914 948
9  84 359 398 569 599 629 648 749 896
12  106 249 251 334 356 415 492 660 740 778 819 959
6  370 533 586 643 869 954
9  74 96 137 446 516 797 816 852 866
12  3 50 116 175 225 323 422 586 626 641 851 942
11  64 96 101 192 465 557 716 751 802 821 963
12  88 107 201 236 392 472 560 604 613 790 815 842
12  162 173 239 471 609 617 627 732 767 849 899 900
5  196 661 726 738 768
6  386 419 543 635 636 901
14  86 182 370 375 434 599 668 677 763 764 789 793 983 987
7  38 94 110 124 355 653 686
13  136 188 235 297 356 490 601 618 697 807 913 932 967
4  3 527 529 659
13  132 244 286 316 384 507 612 614 662 671 769 975 976
8  73 201 236 279 310 421 652 707
12  74 261 479 615 632 714 771 837 874 875 934 976
4  186 432 452 956
7  78 116 255 469 567 582 875
7  265 419 467 587 622 629 877
9  21 110 303 378 493 578 609 663 749
9  191 214 240 247 403 723 794 841 940
7  10 11 564 683 712 884 917
10  106 122 142 390 704 748 780 813 821 884
14  75 179 252 257 278 435 467 592 625 633 840 886 939 961
7  79 237 301 651 815 837 957
7  12 95 285 566 640 849 852
9  64 168 238 245 398 457 781 969 979
14  33 74 169 181 182 386 404 589 699 732 813 821 860 935
5  0 629 727 752 940
8  0 111 306 367 819 918 956 960
10  9 101 139 501 605 722 724 777 817 970
14  15 23 25 65 101 134 199 210 278 581 663 768 964 998
12  243 484 574 577 597 721 728 776 827 939 953 974
8  220 224 289 398 407 435 817 863
10  48 70 215 266 291 327 392 490 620 789
20  51 161 264 351 392 455 496 510 584 628 636 701 703 733 766 830 858 889 952 993
14  147 288 345 456 574 576 618 635 686 740 876 920 995 998
13  70 151 155 280 288 292 336 422 505 525 763 805 916
9  47 92 267 415 472 504 915 923 957
10  87 120 187 218 369 494 576 742 799 899
3  773 792 907
12  155 266 280 380 457 511 630 681 697 704 764 845
10  115 292 397 412 509 610 785 823 914 973
10  14 211 294 364 376 458 602 721 779 963
17  110 157 169 184 201 288 342 489 504 529 550 570 571 634 672 799 989
8  422 443 489 508 610 916 949 998
7  178 313 420 509 589 636 841
9  253 392 470 561 581 614 675 793 944
13  127 128 336 357 475 484 534 629 786 811 855 869 945
8  44 53 431 499 545 703 858 874
12  269 325 558 560 604 610 642 656 684 711 792 849
16  167 325 326 488 495 517 568 594 622 746 757 769 802 838 934 987
6  80 301 498 703 791 960
6  48 142 199 610 644 744
12  43 54 161 274 417 506 617 695 733 765 845 889
10  2 28 63 219 317 348 465 492 715 850
13  29 52 103 290 370 385 413 458 533 624 667 893 929
13  12 63 283 329 414 438 447 460 520 582 856 905 979
10  83 138 152 179 283 287 498 777 787 797
12  8 234 240 436 463 524 601 619 648 708 748 833
8  50 256 272 485 593 767 825 941
13  67 107 437 483 625 673 700 758 825 857 861 901 910
10  33 80 121 259 378 504 518 807 898 906
7  116 215 356 408 815 938 976
16  150 188 199 229 392 493 513 515 521 601 668 712 820 848 859 881
3  312 504 959
10  120 204 292 544 778 823 925 971 986 999
9  63 66 387 395 596 635 691 787 926
8  28 223 406 545 570 585 688 713
8  0 423 526 582 589 709 976 994
12  60 67 98 141 319 607 624 723 781 846 876 977
11  185 214 218 236 403 596 597 620 833 853 923
9  161 176 340 493 690 777 838 962 963
10  79 180 228 264 375 690 693 729 805 811
14  7 89 316 344 393 410 451 648 692 715 722 807 913 991
6  32 107 125 501 657 910
13  204 246 320 355 366 376 522 582 720 767 789 872 879
13  52 71 72 282 347 356 455 553 603 615 644 678 971
13  328 389 442 506 564 610 612 723 730 796 803 894 907
13  74 117 150 158 179 268 468 477 773 824 838 902 916
8  17 84 276 491 622 653 776 962
8  103 289 330 431 514 878 943 999
8  7 11 33 152 250 745 907 930
12  141 151 271 615 645 650 721 742 788 853 901 988
12  28 66 330 383 413 466 549 560 579 650 950 958
16  51 120 227 311 319 325 343 452 507 549 567 673 882 921 950 983
11  53 74 357 450 479 480 543 639 643 807 909
7  135 183 223 243 446 528 665
9  67 122 262 287 406 519 558 569 695
8  196 243 250 269 396 486 872 889
5  26 169 264 305 686
10  61 116 342 593 617 700 737 830 857 904
5  111 178 246 691 908
14  63 125 169 230 243 405 476 580 590 648 814 828 944 955
12  5 22 48 75 122 230 345 471 527 666 724 802
7  121 138 235 393 674 813 920
12  10 60 317 331 352 509 562 658 741 784 853 910
8  17 220 531 573 612 670 692 891
11  335 406 445 579 707 772 803 891 893 941 947
8  12 85 389 512 556 855 948 987
10  58 118 204 382 579 649 708 789 827 839
10  19 85 124 276 474 604 615 788 904 935
5  189 269 315 590 850
11  14 81 168 271 288 293 458 508 558 647 836
8  7 33 275 518 598 716 807 985
11  361 410 445 520 538 570 624 733 772 887 963
13  77 294 487 525 536 565 584 639 657 689 732 795 870
9  68 292 295 300 370 602 736 760 982
17  10 59 111 205 235 335 339 534 551 575 616 651 698 851 858 864 944
13  87 120 129 178 286 328 379 774 835 842 887 929 977
9  80 144 221 442 542 715 734 872 961
9  45 79 169 248 545 754 824 856 922
14  6 23 111 123 226 284 319 333 434 441 492 647 654 774
13  17 29 49 163 303 422 459 582 626 668 670 758 952
9  208 213 476 540 552 580 640 653 758
10  48 108 235 468 642 696 720 798 862 913
10  78 93 124 153 210 383 552 696 729 947
11  30 91 111 119 152 300 520 566 602 684 914
13  13 122 182 302 446 458 472 659 681 707 730 751 873
17  116 136 149 172 208 232 327 422 568 624 627 667 690 748 850 859 865
11  71 258 301 356 494 539 594 838 909 914 923
8  141 175 432 461 514 539 944 959
