1000
15  128 235 251 255 444 513 613 671 697 719 767 835 960 967 993
13  46 84 138 184 215 262 286 411 684 723 751 854 903
18  35 82 160 236 254 272 346 422 529 545 637 673 719 730 748 793 815 868
5  323 538 560 775 845
13  69 91 202 308 386 392 401 675 715 775 922 963 972
9  55 59 243 413 444 684 861 950 957
9  38 83 264 415 464 532 646 732 803
8  510 629 713 842 886 925 940 995
6  39 87 167 679 715 972
5  100 379 423 768 942
7  17 142 209 366 411 769 930
11  269 315 513 704 708 790 845 910 924 981 984
16  44 66 94 134 406 464 532 619 632 698 743 811 839 883 946 952
7  193 238 558 775 831 915 949
7  242 326 411 679 851 904 952
8  227 365 373 597 668 869 969 983
11  136 182 464 671 710 754 765 850 907 920 998
9  10 31 288 372 512 552 559 601 622
5  137 150 216 919 934
3  653 755 983
6  22 69 142 189 408 662
6  337 610 675 781 866 926
13  20 38 149 170 173 196 275 313 350 643 791 827 994
4  137 406 925 946
12  69 174 253 373 419 423 595 627 632 829 847 867
12  43 138 190 337 368 479 487 498 627 681 799 997
13  85 125 147 159 184 445 577 720 821 903 938 944 995
13  87 155 192 244 276 303 323 536 823 866 874 951 991
7  102 161 303 429 801 920 963
4  35 265 499 720
9  90 298 378 421 473 557 645 677 963
8  17 153 191 226 653 680 928 944
11  163 322 467 534 589 735 786 802 828 854 870
12  159 178 180 556 572 617 627 651 668 679 846 975
5  287 507 598 654 762
12  2 29 41 123 158 396 529 612 613 614 733 982
6  328 470 577 652 688 910
9  336 390 411 460 493 689 754 814 993
10  6 22 78 144 156 254 370 482 872 912
14  8 43 91 162 316 345 386 397 524 684 875 887 928 955
6  52 119 329 349 531 886
12  35 96 150 208 256 262 366 496 627 699 702 881
8  44 54 563 573 586 671 746 873
12  25 39 49 92 181 196 197 347 508 548 606 829
11  12 42 158 165 392 400 684 714 798 814 868
4  254 350 646 765
16  1 88 134 146 186 303 330 494 546 547 577 672 766 816 933 972
7  237 287 334 505 506 701 902
22  195 215 216 229 238 249 302 313 407 442 446 585 613 624 626 636 680 689 729 739 752 869
9  43 111 131 192 374 579 823 850 947
8  184 416 598 672 725 766 868 975
11  308 322 485 582 615 652 777 832 859 862 918
9  40 101 158 205 450 465 838 847 873
15  70 143 194 255 297 326 373 393 438 506 654 759 839 949 982
10  42 171 240 276 301 539 666 767 838 883
8  5 248 481 483 701 888 913 959
9  308 406 521 785 804 825 850 966 985
9  177 199 228 455 512 728 813 939 942
8  200 229 320 373 423 517 784 787
12  5 66 89 273 285 312 351 425 445 451 545 970
9  287 297 353 374 634 663 711 716 830
5  129 240 469 880 970
5  109 110 603 616 655
4  205 278 706 761
8  130 150 292 367 608 630 648 674
10  113 349 384 393 459 468 651 756 830 899
6  12 59 219 360 798 855
10  78 110 135 161 216 257 508 593 824 875
8  221 274 278 347 376 525 693 748
12  4 20 24 87 94 323 460 528 719 727 762 765
7  53 109 368 506 596 639 911
7  161 194 258 826 871 909 929
8  85 147 174 287 303 663 729 750
12  78 262 359 454 492 562 569 627 754 846 857 924
14  347 361 424 475 490 574 626 723 726 939 957 976 980 982
13  94 174 212 226 384 396 499 508 512 637 678 687 837
14  170 178 236 290 315 424 434 442 452 577 659 712 763 789
11  136 255 258 273 353 524 805 911 912 953 974
9  38 67 73 149 179 183 514 808 906
14  147 262 313 416 437 470 711 761 787 818 859 861 944 994
12  117 291 347 349 408 419 556 579 642 692 851 865
25  100 101 191 193 194 201 224 287 319 334 371 420 449 481 487 522 530 678 717 765 778 845 937 938 987
10  2 84 219 278 390 421 478 671 831 898
10  6 356 543 575 642 686 713 813 867 962
10  1 82 92 257 487 497 512 569 804 891
11  26 72 207 217 240 393 532 552 713 774 775
10  113 132 333 392 433 602 638 811 814 873
9  8 27 69 201 338 380 480 867 870
5  46 266 301 556 591
10  59 117 152 188 543 588 666 743 784 908
12  30 142 153 208 401 632 675 679 726 834 848 947
14  4 39 190 248 253 593 601 623 635 718 733 763 882 900
13  43 84 247 251 338 499 648 687 723 746 923 933 957
8  123 158 401 433 586 913 982 995
13  12 69 75 100 137 337 564 681 697 706 822 922 925
7  384 594 598 735 752 809 961
9  41 154 293 501 622 865 964 985 999
4  182 331 673 838
6  183 191 217 743 768 801
8  204 237 256 317 404 406 674 875
8  9 81 94 206 417 520 736 957
9  52 81 133 259 387 507 662 763 948
8  28 383 423 840 865 896 967 981
12  123 225 260 267 276 286 329 536 688 724 826 917
8  135 183 410 588 599 679 698 949
6  171 521 603 703 981 993
13  122 242 262 406 449 494 632 710 849 863 948 958 999
8  479 700 715 792 887 907 971 985
6  514 693 721 816 875 972
7  62 70 168 394 447 485 669
10  62 67 254 386 450 480 672 878 925 956
7  49 289 350 555 568 674 737
14  141 157 168 267 277 282 283 366 412 499 595 689 722 811
16  65 86 129 166 193 261 318 320 368 412 453 534 625 728 772 948
12  146 260 279 298 600 645 732 779 784 895 896 986
10  197 354 372 436 593 654 719 764 801 916
6  117 194 316 774 820 913
14  80 89 116 331 437 547 662 796 802 813 871 927 937 970
13  123 162 196 239 312 377 653 675 771 810 838 864 962
9  40 250 317 323 413 634 802 898 908
10  218 250 296 389 499 537 697 900 926 959
10  200 334 411 476 486 490 697 823 858 869
11  106 151 181 220 275 351 539 577 698 726 997
19  35 93 103 118 189 217 220 434 504 548 578 584 598 639 663 739 763 928 950
13  138 141 174 215 335 476 523 525 584 806 821 857 997
11  26 174 202 211 312 335 661 679 820 826 885
7  177 195 298 444 454 580 868
9  159 230 524 575 597 756 846 955 979
13  0 203 228 242 256 298 347 375 600 758 763 844 999
14  61 113 286 308 369 438 499 521 526 562 684 708 791 885
12  64 400 403 447 467 496 635 673 758 846 911 980
9  49 202 206 349 362 478 873 932 953
4  86 249 410 675
10  101 160 186 278 346 438 689 897 948 985
11  12 46 234 720 753 775 780 808 845 937 989
5  67 104 177 357 661
7  16 77 169 181 781 828 877
17  18 23 94 181 224 270 396 397 418 452 462 536 563 650 687 731 788
8  1 25 124 253 418 673 680 681
11  230 265 309 413 490 531 616 671 674 736 752
7  334 362 485 812 834 854 989
13  112 124 147 152 191 379 422 441 453 539 542 716 804
13  10 20 90 200 201 213 249 332 464 640 734 749 851
6  53 208 309 466 760 863
11  38 170 418 431 450 454 621 713 799 881 888
5  189 308 330 516 892
8  46 114 305 398 499 749 831 987
13  26 72 79 141 404 706 747 754 859 905 911 949 984
6  530 574 634 700 752 873
11  22 78 345 456 585 698 723 755 777 831 975
14  18 41 64 269 360 481 488 509 527 602 758 785 817 833
6  122 299 370 433 736 775
12  89 141 302 419 491 502 588 649 658 788 961 991
12  31 90 289 389 510 614 644 744 790 861 871 950
7  96 193 194 556 559 714 887
9  27 358 368 533 747 754 765 785 800
8  38 211 222 284 285 558 625 870
8  112 314 729 815 855 896 908 997
10  35 44 52 93 214 324 412 450 765 924
11  26 33 127 279 324 463 483 552 823 852 935
9  2 133 249 422 428 444 802 884 886
15  28 67 71 218 232 256 266 295 508 513 616 851 886 890 986
6  39 118 505 619 870 981
10  32 291 446 507 624 630 650 668 738 927
11  181 184 199 269 400 693 695 732 775 837 968
7  44 372 501 574 795 990 997
7  113 199 210 344 728 748 895
11  8 363 447 485 506 522 560 658 761 778 825
15  109 112 194 241 361 413 425 501 625 698 819 823 824 825 875
8  136 335 533 652 718 794 879 941
15  22 76 144 180 222 230 232 557 595 633 735 766 854 862 931
13  54 105 299 354 374 436 455 540 561 808 831 915 934
3  251 406 922
6  22 189 191 427 513 537
16  24 72 75 124 125 236 251 255 314 372 407 467 718 733 880 900
11  242 296 337 392 397 677 718 744 831 860 911
6  414 564 609 653 851 880
9  57 126 135 287 605 640 697 812 840
6  33 76 186 325 738 833
12  78 230 235 241 326 327 487 665 672 706 994 996
9  33 170 208 449 513 516 618 868 932
21  43 122 136 137 164 195 215 252 305 341 395 527 577 580 587 668 703 736 807 840 896
8  16 97 193 220 243 576 874 897
11  78 98 104 346 389 581 646 654 656 681 946
13  1 26 50 164 320 573 625 677 760 771 802 885 909
9  203 287 342 384 433 483 702 716 837
6  46 133 178 300 366 524
9  375 387 424 609 675 813 839 965 982
6  89 331 502 576 651 683
11  20 123 145 173 245 381 513 749 768 773 810
10  25 91 227 528 564 566 794 803 853 889
18  31 81 98 141 173 206 266 355 372 485 544 584 591 705 838 845 919 997
9  27 49 341 578 763 778 937 960 985
13  13 81 113 154 182 209 304 389 427 605 773 893 994
17  53 71 81 116 154 168 259 327 432 449 583 663 765 781 861 863 969
12  48 126 181 215 267 271 419 561 722 794 796 983
13  22 43 118 211 383 392 406 408 489 514 583 687 793
13  43 115 249 268 376 406 539 672 688 723 787 816 858
10  201 539 553 555 614 653 665 803 973 992
7  57 164 166 236 240 346 796
12  58 121 142 236 253 315 324 435 540 547 643 714
14  81 87 142 198 226 328 424 633 723 734 743 846 962 977
12  4 125 131 326 403 713 724 725 808 811 895 903
9  128 185 555 629 659 810 869 909 954
12  99 384 492 601 629 689 727 787 868 913 919 945
12  52 63 240 255 258 389 497 576 590 797 831 891
6  100 131 191 227 319 955
8  85 343 344 363 430 535 967 973
14  41 90 143 180 424 431 441 517 565 640 656 918 923 998
15  10 193 213 297 312 336 487 503 542 679 810 894 962 968 988
9  166 243 315 336 349 467 563 664 710
8  125 156 196 280 380 592 746 813
4  75 263 317 576
14  142 209 316 405 423 424 442 481 494 514 720 752 766 798
7  158 365 423 565 614 677 689
13  1 48 124 181 195 363 369 521 565 593 868 876 891
15  18 48 67 269 306 340 359 376 381 438 600 602 629 806 946
9  85 98 123 377 419 429 459 743 806
9  120 161 521 566 844 872 873 927 990
12  66 82 231 259 375 426 568 708 722 811 960 977
12  122 123 182 278 302 344 374 732 738 779 787 920
9  68 425 494 523 705 713 742 800 853
12  156 170 246 308 440 511 576 595 774 877 917 984
7  240 300 379 442 474 853 981
10  81 137 292 343 384 397 438 545 619 665
6  103 389 434 738 800 824
14  31 75 201 254 262 287 339 401 529 665 693 802 888 992
9  15 190 206 281 608 667 784 815 988
11  57 128 450 461 462 662 713 821 941 963 982
7  48 58 251 321 455 540 751
15  127 139 170 179 306 319 478 524 551 657 673 699 742 789 991
8  219 293 334 433 621 701 716 816
7  161 170 414 488 710 779 898
6  353 358 811 859 887 915
12  134 383 391 532 566 577 580 669 757 823 832 975
6  0 179 834 873 883 955
16  2 76 174 199 200 302 409 509 545 641 657 709 728 767 782 989
7  47 99 246 450 465 482 580
9  13 48 315 492 582 589 715 867 978
9  118 285 289 348 418 903 940 968 992
22  54 61 85 199 205 223 309 319 338 342 412 421 443 491 493 542 584 612 706 796 805 963
12  168 179 290 485 543 583 595 600 633 697 790 939
12  14 106 128 175 266 327 365 373 636 715 815 890
6  5 182 210 639 794 846
7  27 294 378 603 822 849 896
7  189 368 472 570 790 829 977
11  222 237 352 441 478 512 589 691 696 710 807
10  92 368 392 408 463 666 765 887 894 995
10  55 91 270 394 401 436 472 668 834 905
15  48 132 142 160 197 296 345 427 430 557 734 779 812 935 938
12  119 120 337 400 451 552 595 657 701 927 942 943
13  0 92 172 174 229 272 506 528 645 706 730 818 906
7  181 349 415 507 788 881 902
15  24 91 138 200 267 274 289 366 408 445 478 700 741 763 910
11  2 38 45 110 226 434 540 594 699 854 942
11  0 53 77 174 205 366 368 377 416 671 887
12  41 99 128 161 314 325 583 645 722 759 827 934
8  67 84 295 448 470 519 754 844
13  71 77 205 312 424 489 580 633 756 798 820 956 986
18  101 194 219 279 379 449 488 502 515 604 643 673 694 759 797 884 892 969
11  103 114 458 530 534 560 626 681 741 804 812
7  113 349 610 634 714 741 800
10  1 41 73 79 106 226 537 809 919 987
4  212 525 725 775
6  6 407 528 603 900 944
8  29 139 390 534 565 735 866 949
12  88 161 191 242 322 367 370 412 484 522 920 978
12  103 112 195 253 374 455 595 607 608 610 621 946
6  197 276 427 568 808 827
8  11 150 164 216 463 488 633 750
11  137 248 352 406 548 589 688 855 882 903 995
15  195 317 343 369 381 389 399 472 559 677 678 693 766 855 964
10  2 251 306 315 447 600 643 759 804 944
8  59 77 338 350 370 468 536 922
9  68 253 315 380 497 557 726 864 906
7  22 122 280 448 523 911 995
9  27 54 103 268 471 546 568 588 907
4  112 426 866 919
12  63 68 82 133 220 315 400 418 463 733 744 758
11  114 159 259 322 428 456 465 679 716 778 995
7  211 275 363 491 778 861 918
5  227 325 585 634 931
7  112 303 364 427 660 675 682
5  112 344 354 391 502
9  156 336 582 797 849 884 970 993 995
7  59 156 239 442 638 729 810
9  1 103 129 568 600 701 784 913 999
13  34 47 60 72 81 177 185 226 625 680 707 715 915
4  17 392 707 792
12  111 153 239 253 494 599 679 681 720 733 816 840
5  76 241 412 447 672
13  80 163 305 353 370 405 556 687 743 835 880 940 969
7  64 224 387 664 703 747 800
11  96 231 509 516 597 620 690 821 842 849 914
8  244 338 484 534 646 718 876 974
14  161 257 340 402 405 463 482 590 636 734 752 846 897 930
9  120 175 249 304 417 591 598 662 776
8  53 60 209 312 445 651 737 944
12  30 114 126 128 385 407 518 589 666 801 821 905
13  151 171 306 363 393 461 506 512 637 732 802 863 925
10  186 223 367 380 746 752 764 821 913 971
8  54 88 462 486 593 818 825 972
8  48 152 220 236 545 756 758 971
11  27 28 46 72 282 396 753 780 817 839 918
8  193 296 604 607 622 672 832 972
8  146 181 291 620 702 784 877 940
10  216 230 272 299 474 630 723 743 826 889
6  323 473 668 722 800 807
15  4 51 56 129 145 222 429 524 543 624 711 835 870 936 942
6  139 143 240 313 402 940
3  374 531 622
9  432 534 573 589 612 758 773 789 812
16  59 118 125 209 258 297 315 368 385 391 543 604 727 738 773 781
12  22 48 79 309 550 579 590 619 662 687 917 993
5  157 174 256 337 704
16  11 76 200 210 238 272 274 278 312 339 382 475 662 723 789 807
10  39 116 213 440 470 478 558 897 918 986
8  99 119 212 271 642 713 719 881
6  113 435 507 536 750 978
13  81 206 230 240 341 353 379 441 591 632 690 850 888
9  58 113 184 363 395 464 492 734 855
8  229 381 635 666 740 754 852 900
11  32 51 266 279 451 489 635 734 792 812 995
12  3 27 69 119 307 328 366 432 491 553 879 935
10  158 159 200 461 678 810 826 837 873 974
10  178 256 281 327 501 520 620 754 904 913
9  14 53 179 202 411 508 671 690 708
8  179 194 242 325 597 637 831 840
9  36 201 323 467 529 565 599 612 677
8  40 103 361 633 692 843 848 898
16  46 145 391 427 438 442 512 515 592 664 676 700 726 872 973 997
6  97 117 188 628 733 922
10  142 359 424 482 556 599 612 638 738 774
9  86 431 452 460 475 633 834 910 986
12  47 81 121 140 231 406 467 505 556 566 605 971
12  124 125 169 395 403 419 454 478 525 649 867 955
9  37 209 210 284 371 677 777 796 926
12  21 25 94 175 250 314 397 474 494 674 908 998
11  87 92 240 273 294 546 602 726 770 776 843
13  226 315 399 492 519 628 674 735 881 884 920 962 983
12  216 295 360 433 502 513 587 640 668 712 749 925
8  181 192 319 505 530 676 806 924
5  185 240 476 680 890
11  207 224 271 671 697 775 813 861 888 977 992
13  166 207 220 283 354 362 530 571 683 721 790 821 868
12  39 149 249 353 425 503 735 748 762 801 912 971
10  2 133 183 199 396 526 618 669 773 862
16  43 68 74 80 128 353 369 493 517 567 606 659 724 769 949 993
5  239 827 865 870 901
15  40 65 80 131 210 252 261 356 378 562 605 777 848 862 963
8  22 45 111 273 397 424 530 993
6  59 122 516 720 937 967
6  246 270 412 481 557 615
15  60 77 233 291 319 345 347 368 377 504 517 591 684 788 944
9  115 171 283 344 422 720 751 788 847
2  191 849
15  83 349 441 465 549 561 658 680 707 738 823 835 836 880 882
7  135 434 642 717 748 945 979
8  155 233 487 496 509 602 653 963
4  73 216 332 977
10  66 150 340 430 540 596 631 743 754 854
12  74 168 329 425 528 543 577 717 724 792 828 832
11  131 140 344 456 513 622 655 707 740 778 903
12  167 207 215 280 299 320 676 741 849 912 975 995
3  282 372 745
12  15 214 242 429 439 481 670 705 853 855 859 985
12  10 41 112 186 253 255 323 462 846 878 901 975
12  64 266 300 531 657 678 696 721 782 824 903 991
14  25 70 113 155 245 247 255 312 353 381 632 645 805 883
7  129 215 271 347 803 829 869
12  38 151 266 273 291 389 427 436 459 621 676 757
7  81 336 390 607 683 740 750
14  17 115 165 174 191 364 435 488 549 561 655 674 730 786
11  15 24 53 58 242 407 558 617 633 743 907
14  49 60 171 220 267 310 440 446 594 742 755 802 864 962
6  128 187 219 752 759 764
10  68 197 216 408 444 445 459 479 769 821
9  118 217 255 353 749 794 822 844 981
14  30 244 349 381 469 517 747 750 872 904 915 930 990 997
12  9 141 223 259 319 422 449 514 571 588 733 964
8  87 211 274 300 451 831 899 990
13  189 216 271 321 368 378 447 565 620 741 855 975 982
8  315 424 471 606 686 779 863 930
9  102 196 234 443 596 648 682 710 827
15  65 75 95 185 204 224 416 666 739 750 759 794 877 944 995
9  298 312 482 506 513 574 759 765 793
8  4 39 110 454 506 511 866 969
8  101 187 292 633 653 789 915 939
6  476 483 636 768 836 943
16  120 153 183 193 205 225 271 370 448 528 541 610 629 779 897 915
12  37 82 265 371 399 449 509 642 695 878 944 992
20  234 283 312 330 492 493 553 602 617 658 687 697 723 787 791 856 864 867 895 904
16  4 44 86 175 196 247 288 421 456 583 632 659 675 766 860 925
17  53 65 85 299 402 431 448 459 497 578 619 699 752 885 913 954 966
10  109 248 541 588 710 715 813 847 887 998
9  181 320 335 482 507 776 841 855 934
10  35 75 137 303 346 589 646 746 925 937
11  39 137 175 224 337 350 548 571 718 820 933
7  146 405 416 495 618 860 908
10  271 339 390 458 480 520 636 720 724 745
10  44 130 164 250 278 626 643 760 870 889
15  4 90 93 226 248 436 495 516 522 611 678 704 868 896 933
9  295 309 393 528 532 693 721 762 869
10  130 202 335 554 618 634 829 906 917 996
7  99 147 555 687 704 808 818
11  213 291 295 398 529 600 700 808 855 898 929
12  12 23 56 99 106 172 196 197 270 334 690 989
11  48 174 264 298 373 474 511 548 692 805 995
10  20 80 196 247 253 376 496 558 570 828
8  236 433 491 561 735 772 781 893
9  104 132 422 479 602 607 716 898 929
18  1 10 14 37 121 326 472 525 642 702 744 783 826 851 903 922 963 993
11  112 113 158 240 266 290 352 570 598 808 818
5  5 119 139 168 977
9  176 232 492 522 725 797 808 846 887
11  6 252 544 611 696 742 800 855 871 877 883
10  50 79 255 384 398 564 606 663 917 981
6  100 296 691 783 947 992
9  137 138 144 239 278 522 643 861 987
9  24 80 152 195 217 335 544 892 939
11  81 508 520 638 662 715 825 826 844 850 853
9  30 82 240 392 441 491 557 595 972
9  2 141 160 354 379 410 708 855 894
14  9 24 58 102 213 214 442 469 473 810 855 872 904 917
16  74 76 187 201 208 213 258 332 350 382 538 589 599 735 805 916
15  59 168 221 345 361 433 436 442 600 626 707 940 953 985 990
8  219 277 448 474 646 690 749 799
11  173 193 249 268 282 330 370 603 766 784 932
7  160 279 503 576 818 856 977
8  28 217 308 365 613 648 907 963
12  207 249 360 439 506 530 668 719 723 732 753 944
11  144 208 333 393 484 595 661 804 833 851 887
6  194 311 323 603 835 845
10  86 93 151 185 231 340 409 425 463 661
11  76 123 225 254 357 564 641 649 695 854 927
5  200 318 372 440 613
11  115 171 248 370 401 425 568 725 770 878 967
6  79 117 707 746 874 971
9  53 129 133 216 224 330 561 961 982
8  365 430 477 565 673 832 901 948
8  222 316 374 435 517 713 715 798
8  141 208 246 319 356 421 633 838
11  48 76 213 223 285 330 423 425 575 690 831
6  240 383 516 543 777 933
9  0 5 126 160 376 694 709 730 796
9  26 59 253 297 376 451 628 718 817
8  48 163 374 577 592 749 871 979
13  109 130 167 272 290 381 536 580 708 849 870 881 887
12  257 275 389 393 426 488 558 739 833 847 861 989
12  81 106 180 194 259 379 390 515 537 551 808 831
16  52 110 144 158 228 237 522 560 582 658 772 854 881 886 957 987
11  59 250 322 380 445 698 750 754 807 902 915
10  76 137 333 460 495 543 549 649 752 811
5  113 141 739 899 959
18  73 126 144 335 386 468 517 530 535 546 551 600 652 657 684 741 802 812
8  57 171 229 267 526 585 798 856
6  149 279 362 392 576 730
7  498 722 745 835 897 915 981
8  260 399 524 669 711 732 787 870
9  65 217 370 376 393 650 674 781 812
18  37 69 333 452 476 478 480 489 496 520 578 580 637 705 824 825 844 873
6  228 299 324 481 597 955
12  137 228 301 366 503 532 533 597 602 612 749 889
13  159 247 269 278 295 433 516 622 637 692 720 766 814
8  6 12 16 142 320 645 778 911
11  52 237 279 356 551 562 846 862 889 951 965
4  143 621 790 896
13  32 130 174 210 328 334 538 550 719 768 787 856 985
7  65 273 454 572 685 786 820
9  61 378 423 533 548 689 751 844 914
10  36 79 257 316 497 525 689 731 744 848
8  276 382 528 612 664 720 776 981
15  245 248 271 411 494 507 515 527 640 653 707 738 870 883 920
10  30 307 423 693 695 724 726 766 826 884
11  223 306 337 407 426 535 609 668 796 870 981
5  74 315 333 667 732
17  121 124 342 388 460 488 490 498 516 652 705 734 742 744 860 879 910
5  439 531 660 858 902
12  82 131 230 246 253 316 335 460 623 640 786 922
10  25 107 376 410 555 558 606 639 738 850
12  87 110 399 460 529 546 703 767 769 784 856 923
13  55 81 150 213 352 365 461 505 599 604 683 939 974
12  38 237 295 332 385 395 688 768 861 899 910 922
7  55 159 185 388 693 775 935
7  266 294 431 671 705 868 969
11  51 109 140 167 191 241 526 651 889 901 946
4  121 301 525 733
10  25 81 84 179 209 358 783 812 866 972
12  150 232 259 269 372 448 476 514 571 619 695 813
12  196 258 322 460 590 596 609 618 739 842 844 954
11  74 121 139 476 506 508 513 628 642 892 904
10  152 240 280 323 409 421 602 634 674 724
12  73 204 238 320 339 391 414 611 666 816 930 941
9  37 240 347 391 527 598 945 964 981
14  46 106 213 221 289 337 472 495 502 513 640 729 851 931
7  398 401 452 494 577 621 877
11  41 130 358 408 460 543 618 684 804 904 947
11  84 205 274 393 470 589 662 755 880 886 901
6  25 457 476 500 604 937
10  29 75 92 112 120 129 146 854 916 986
12  498 506 526 602 604 665 681 778 834 890 969 997
10  96 165 168 325 587 781 807 837 847 917
9  152 188 259 283 340 494 599 613 975
11  209 345 428 462 594 616 677 724 761 873 951
8  123 353 532 553 576 642 713 920
8  47 162 334 341 481 725 773 824
17  47 53 70 167 251 299 385 386 430 490 500 526 760 768 827 851 882
11  34 101 163 252 318 395 472 657 759 925 931
9  43 67 75 161 326 420 490 639 653
12  150 236 293 358 390 570 587 618 725 749 897 997
8  7 153 653 796 812 872 876 896
9  222 386 407 539 582 599 761 865 908
9  17 57 75 84 246 299 330 582 842
14  0 11 161 173 180 189 340 362 385 490 494 575 699 795
9  78 108 196 213 379 488 559 832 860
7  259 330 449 472 579 685 823
14  145 180 293 351 401 443 463 476 541 671 700 772 966 994
13  58 208 347 353 378 440 454 527 561 601 629 780 863
6  298 538 588 825 933 996
4  257 339 525 871
9  100 325 399 420 460 613 814 859 919
8  56 105 129 215 218 542 568 685
11  81 167 266 401 414 418 450 821 899 909 927
5  124 221 275 543 620
12  39 77 127 186 230 308 458 535 656 671 857 967
16  68 124 263 335 411 470 486 519 526 574 620 659 825 919 945 994
9  129 346 455 485 500 506 525 756 976
9  150 181 472 493 517 549 638 812 830
11  69 190 251 264 361 389 402 471 762 807 858
13  2 35 226 328 405 480 587 596 665 697 759 821 889
14  81 148 260 341 344 350 430 454 562 758 806 836 845 930
10  40 139 310 367 477 545 671 688 729 978
15  6 12 85 234 402 462 504 597 625 650 687 696 722 785 842
8  155 169 462 469 717 797 844 982
16  32 113 260 265 294 311 601 681 699 712 769 803 884 899 909 992
8  207 454 474 524 810 855 975 982
10  27 103 137 273 318 447 698 899 908 948
8  120 173 262 449 734 782 861 909
10  3 424 467 518 562 571 594 661 790 837
10  54 122 141 197 198 511 566 784 870 874
8  171 200 229 254 360 555 704 837
6  389 394 516 558 884 919
14  141 209 240 521 555 610 736 788 883 919 932 957 968 972
15  83 89 241 308 312 361 443 452 496 523 581 674 685 786 857
9  191 415 419 610 752 791 803 909 946
13  2 59 224 236 302 531 700 815 823 835 877 921 925
8  46 276 338 454 480 616 669 954
6  46 117 200 770 774 986
10  43 123 270 397 407 469 746 792 806 919
7  356 372 452 527 713 797 855
5  313 467 731 882 910
6  230 449 454 465 774 816
11  17 85 159 250 564 567 768 841 922 928 947
10  198 323 391 504 593 661 663 918 919 944
6  403 647 708 739 768 893
13  111 198 203 404 479 540 542 581 657 806 833 918 947
11  33 80 88 154 291 332 334 627 751 786 921
9  30 170 249 274 352 421 803 898 985
15  13 156 316 373 408 448 479 541 590 709 731 759 826 841 947
9  17 154 271 514 588 629 848 983 990
12  3 167 260 450 602 698 705 712 745 832 881 978
12  171 195 356 372 409 438 517 566 640 672 933 945
12  73 129 349 465 530 538 691 694 707 799 829 942
10  42 137 210 596 611 805 844 871 961 980
12  94 176 190 416 434 552 587 679 764 777 866 882
13  208 214 215 265 328 381 439 582 643 694 702 761 870
12  190 218 234 334 539 561 601 668 714 765 890 959
5  347 552 634 866 885
7  111 219 268 276 286 436 521
6  73 84 581 583 904 990
7  245 408 412 509 583 599 942
12  344 379 397 488 538 746 788 794 798 809 902 998
9  33 468 593 658 746 800 899 926 979
6  42 184 311 768 820 909
14  74 148 165 385 525 590 596 686 694 758 831 958 976 998
11  83 127 442 513 626 698 802 814 874 901 989
15  182 188 205 212 222 428 456 504 628 699 708 750 838 920 968
15  26 36 46 76 122 181 234 361 446 495 794 845 951 959 990
8  123 192 393 460 759 853 869 944
5  49 80 313 515 753
8  126 181 234 237 258 447 460 758
8  183 543 555 569 740 798 994 999
10  51 238 284 450 511 512 565 691 737 929
12  194 196 241 256 392 569 570 652 837 897 898 987
11  123 124 191 240 639 672 681 736 754 834 878
10  48 149 281 455 597 751 799 825 968 975
7  42 93 812 836 858 930 938
6  181 340 501 509 529 564
11  89 104 152 276 379 394 518 559 595 698 961
13  32 238 246 270 298 311 396 424 497 747 780 926 977
9  205 295 313 489 558 574 697 960 993
8  88 191 296 319 353 654 786 980
3  211 330 446
14  67 91 115 215 301 553 572 637 653 700 781 853 864 894
8  95 254 374 503 538 625 777 878
13  24 112 170 222 241 250 267 421 431 588 769 934 950
11  70 360 383 489 529 563 574 601 689 794 927
14  15 127 293 327 461 462 532 585 622 655 726 814 829 839
13  34 50 95 123 296 412 493 775 785 793 824 864 934
14  104 289 328 332 424 481 502 511 570 607 609 792 831 866
13  114 128 216 241 272 286 405 425 454 603 698 773 848
11  17 91 204 517 534 566 596 679 795 815 908
15  86 150 216 338 358 391 410 462 491 500 560 622 727 786 959
9  62 105 244 264 427 432 600 686 709
7  259 304 312 481 498 500 892
8  177 193 334 349 735 745 843 860
6  43 347 382 416 479 947
10  267 304 371 410 599 625 874 941 948 984
8  64 227 267 623 643 793 851 917
7  176 187 474 489 599 636 675
12  21 261 267 389 542 544 621 790 831 874 881 974
7  401 415 492 563 789 851 988
11  35 240 311 328 332 462 471 656 669 817 843
10  0 35 48 429 435 502 520 658 687 768
9  35 153 198 214 651 737 892 917 994
3  51 352 675
8  62 139 161 503 546 729 890 964
4  33 373 391 925
11  180 346 398 403 489 496 509 785 864 887 910
10  12 162 224 313 393 488 694 701 776 855
7  293 305 325 381 523 525 849
10  144 231 267 370 466 495 610 824 916 926
11  17 96 304 310 362 463 597 602 672 870 949
4  91 478 608 691
7  48 163 308 646 657 883 953
14  113 156 168 184 287 532 594 607 637 659 674 682 907 912
12  48 74 260 400 425 575 631 772 805 914 922 966
7  24 25 33 41 73 556 635
8  331 339 445 490 576 725 864 910
9  7 203 204 216 389 517 559 686 947
8  64 163 306 717 722 809 821 937
4  360 626 675 702
7  12 24 90 106 319 368 392
11  170 201 241 258 269 329 333 373 387 441 726
13  60 119 148 261 281 403 491 567 653 775 820 893 954
11  91 130 321 322 627 637 681 721 879 917 922
9  48 242 295 388 399 609 689 727 845
10  2 75 299 327 460 463 593 625 635 730
6  86 285 332 420 527 757
9  70 123 243 479 508 584 688 928 964
12  142 177 208 340 472 478 494 561 827 885 959 973
7  236 434 704 721 730 800 999
11  80 83 317 357 390 411 490 504 663 710 718
10  22 200 259 272 400 418 565 608 669 968
4  153 773 791 919
9  30 114 251 256 368 464 715 951 966
10  6 45 183 294 396 426 624 681 690 703
6  554 699 705 741 809 907
5  64 92 383 429 708
8  152 335 434 452 821 889 931 963
10  137 163 459 532 705 714 852 913 920 966
10  33 65 188 297 485 614 701 724 728 992
11  36 51 169 454 476 583 705 738 761 837 922
15  19 31 118 176 198 358 387 472 508 510 593 634 680 716 842
6  34 53 115 183 591 950
9  62 362 372 597 669 738 741 768 968
6  183 208 524 612 868 876
13  230 236 250 367 454 507 555 624 780 867 895 913 963
9  152 167 356 391 450 572 613 665 705
12  76 203 347 392 525 625 718 815 853 866 979 994
3  282 477 884
16  125 135 431 433 538 553 680 697 718 726 829 857 874 891 963 988
9  20 101 117 228 296 313 315 420 497
10  60 72 123 194 416 553 642 684 794 861
5  210 292 330 471 960
13  179 198 224 226 500 529 658 769 832 864 872 916 966
11  54 89 247 298 321 384 492 671 843 886 917
5  227 475 721 827 946
15  15 33 163 181 248 307 340 430 474 566 699 821 960 968 972
12  109 234 346 458 546 612 643 655 709 754 761 960
8  365 710 791 810 902 910 911 976
18  0 16 42 82 139 255 326 343 484 516 524 531 666 727 774 906 909 938
13  46 50 110 179 197 290 304 561 584 622 816 875 954
8  2 97 130 138 230 259 439 911
12  64 99 111 139 337 339 372 459 491 543 625 770
12  4 21 90 118 132 187 282 392 609 615 631 946
8  330 341 363 370 731 750 762 770
10  30 175 184 214 271 328 336 503 726 921
8  75 81 271 324 367 401 687 875
13  8 14 33 90 104 125 209 279 289 564 601 685 941
10  31 48 138 287 342 356 653 661 737 881
11  25 94 138 183 260 289 500 534 584 635 646
8  282 383 625 782 811 843 877 880
6  188 344 371 481 689 885
12  1 5 39 44 129 353 454 496 663 806 880 894
9  468 515 521 543 679 716 735 747 975
6  83 382 574 603 629 785
12  75 92 137 196 291 313 391 404 532 613 678 953
9  36 103 197 270 482 531 639 864 912
17  37 48 112 133 204 214 469 470 596 636 683 727 765 855 868 911 968
11  293 319 326 406 426 442 646 910 912 914 986
6  246 417 562 582 623 764
7  80 329 407 463 701 735 760
11  68 108 164 226 271 402 473 483 801 807 846
7  259 444 562 565 574 619 779
12  164 390 434 473 488 698 748 770 773 774 792 943
9  246 367 415 532 733 752 780 864 988
15  0 94 120 121 177 241 343 391 529 590 661 704 856 859 965
15  12 104 122 149 168 451 536 560 575 588 600 695 739 832 910
12  41 230 254 393 513 534 576 647 668 783 860 977
10  107 148 253 330 405 516 545 593 766 817
13  47 55 231 250 286 619 651 692 726 789 876 935 970
9  41 185 305 411 565 631 760 810 982
9  105 181 292 480 646 712 713 738 776
10  11 314 401 404 540 641 697 710 898 937
13  191 221 365 460 476 484 560 647 650 652 658 848 979
8  63 94 147 179 240 251 851 998
15  287 288 356 362 425 437 472 562 710 740 758 802 859 929 960
13  11 129 219 326 422 447 554 576 648 725 836 931 995
7  236 444 558 603 669 857 910
18  16 106 210 232 246 383 394 642 670 704 707 724 779 833 835 890 968 971
5  60 79 308 458 972
6  76 340 534 560 703 863
12  7 83 85 144 202 221 228 317 440 504 549 703
7  44 154 200 261 566 650 743
11  4 8 107 238 242 287 394 420 440 645 874
12  60 141 185 231 279 410 653 685 741 872 938 970
8  81 357 361 533 630 816 901 987
13  91 169 174 175 294 397 445 642 659 661 801 804 840
8  0 2 69 115 317 430 467 900
16  26 29 134 213 289 351 354 399 463 471 765 822 850 884 970 972
10  108 344 367 402 635 641 667 790 816 993
9  112 195 219 256 307 457 532 630 740
12  1 74 92 149 197 201 306 315 391 430 732 856
11  103 202 347 361 399 473 491 503 651 710 826
13  50 202 263 414 436 505 509 628 708 822 869 924 969
12  74 90 122 274 330 338 473 597 633 661 677 701
8  69 204 312 602 636 671 689 811
8  57 113 166 236 651 869 873 883
9  48 72 157 285 494 531 616 740 939
13  2 251 372 444 456 637 641 833 844 878 891 917 924
8  137 470 550 558 676 747 819 932
13  6 114 164 220 299 430 458 475 723 805 926 950 953
11  35 91 174 278 289 331 379 486 696 825 948
8  142 201 249 295 320 322 476 537
17  32 95 170 265 339 345 409 424 605 685 692 783 802 816 981 983 996
6  100 139 151 181 542 584
7  111 297 582 614 680 754 935
15  163 178 220 225 312 332 356 472 479 652 655 703 768 814 964
10  48 123 384 448 453 489 554 698 933 962
9  321 362 371 581 707 722 729 761 775
11  253 260 261 363 381 454 647 655 716 771 953
11  221 230 374 415 476 896 900 910 923 948 997
11  12 89 98 201 217 291 306 360 373 714 807
8  153 175 278 411 470 476 766 976
9  364 399 457 560 605 780 870 898 958
11  42 92 211 300 396 437 548 571 572 750 854
11  147 155 292 378 589 685 731 814 837 933 971
6  2 68 166 345 357 695
9  142 146 189 340 377 426 446 462 509
13  72 269 318 371 378 384 451 576 676 746 911 942 990
8  1 229 354 469 556 585 816 938
16  48 95 139 148 213 295 300 375 393 452 544 696 759 895 944 993
9  134 303 430 579 779 822 913 941 976
16  16 37 73 147 155 257 321 325 360 451 584 669 737 796 803 841
6  19 149 374 497 922 991
8  65 127 258 302 526 905 949 956
4  234 370 638 812
14  128 130 150 278 302 311 530 574 580 707 833 847 884 954
15  53 256 259 272 375 384 385 507 529 558 578 752 775 831 862
8  143 184 400 506 692 702 853 889
10  63 79 167 503 511 565 652 669 740 766
8  34 69 345 402 528 676 952 989
14  76 91 101 123 128 192 253 793 819 904 938 943 947 953
9  115 300 375 564 691 770 929 975 998
12  16 45 69 81 155 158 194 247 385 566 689 720
12  46 50 170 213 271 392 427 463 473 700 744 761
6  0 54 236 480 778 925
17  9 98 189 388 467 482 506 552 554 573 613 655 738 781 860 885 970
11  10 347 376 480 534 595 665 775 781 874 892
10  338 436 547 674 676 695 764 826 844 925
3  118 184 741
9  113 409 450 516 626 838 913 968 973
11  189 193 311 312 346 505 600 644 695 817 837
10  85 116 222 332 547 551 671 695 817 819
15  3 4 13 85 134 151 164 263 343 483 598 634 740 759 769
7  296 338 395 471 619 703 779
9  51 149 336 349 443 564 594 912 958
11  81 167 192 279 280 362 464 500 767 848 979
12  114 220 232 249 382 389 694 710 753 776 841 929
9  134 303 517 589 657 696 745 912 946
12  21 136 194 312 409 459 501 593 768 769 826 945
6  236 367 537 682 793 851
8  411 417 487 699 735 873 898 984
10  58 89 114 227 286 305 427 480 539 900
11  56 150 155 532 598 618 686 793 829 831 975
12  32 372 468 478 543 556 591 602 859 869 873 932
8  58 79 197 204 220 391 458 467
8  137 152 252 353 354 542 571 862
11  76 230 311 315 387 611 701 802 855 924 996
12  11 153 241 245 344 466 538 610 721 803 820 884
10  22 129 391 544 644 670 792 797 982 999
10  107 288 322 361 548 599 695 791 887 926
10  2 196 385 598 608 763 782 785 889 961
14  169 190 195 243 377 384 571 577 596 663 797 824 875 985
4  165 513 601 973
11  117 195 199 240 336 444 474 510 754 825 929
10  205 259 284 414 533 549 791 794 827 914
9  44 66 213 258 440 455 571 581 898
8  25 144 426 562 585 916 982 985
12  155 221 225 261 292 307 415 572 641 828 872 971
9  28 98 115 298 345 693 718 869 932
14  32 117 119 160 184 226 299 374 454 575 707 735 789 858
11  6 190 198 369 534 544 557 754 790 858 989
11  56 84 141 260 272 431 496 718 821 879 910
10  77 240 368 407 424 563 626 732 815 844
11  124 216 217 341 530 548 555 684 877 921 957
10  181 246 307 315 451 501 528 693 743 888
13  78 134 171 202 268 404 405 412 414 449 858 872 988
10  95 262 571 630 647 813 846 865 916 957
11  118 189 203 209 285 324 423 535 670 702 811
13  12 86 112 202 219 233 452 682 727 810 832 966 981
17  140 177 249 260 311 322 454 459 487 510 527 586 757 831 923 982 999
13  57 83 117 187 211 343 394 488 809 814 815 817 867
11  37 44 86 463 520 575 597 738 747 813 847
10  2 157 227 242 545 601 659 805 813 890
13  46 108 197 231 289 492 551 672 717 721 735 751 925
8  150 303 445 612 700 773 774 813
6  79 251 301 404 412 428
9  168 731 763 774 850 860 930 956 993
10  116 125 258 397 468 573 634 790 852 960
15  26 124 228 293 298 300 344 376 522 529 630 649 668 804 944
7  94 244 377 720 725 753 866
15  27 49 121 159 168 234 356 515 545 846 865 868 882 909 987
11  67 168 225 367 460 505 598 621 794 921 997
13  56 167 168 301 420 460 518 525 585 733 796 923 965
13  71 103 125 306 324 411 420 473 558 724 770 781 901
9  22 256 268 348 383 506 640 667 797
6  32 136 361 408 800 961
10  24 43 245 369 403 562 597 661 785 844
6  60 65 527 908 922 981
17  13 82 146 149 171 175 205 327 380 442 449 574 599 610 759 785 812
11  51 234 304 361 439 514 560 665 698 811 992
12  150 178 431 448 555 710 730 758 882 884 970 991
8  90 140 235 248 333 500 584 885
10  0 291 308 356 432 457 545 710 852 903
7  356 388 530 586 708 889 937
13  75 164 185 324 501 538 540 583 652 747 773 906 978
12  52 54 97 118 191 441 576 772 859 900 907 962
6  12 53 187 303 597 876
8  102 177 181 289 327 718 842 844
5  395 552 558 754 779
7  7 293 489 512 532 653 840
9  329 338 605 612 666 682 850 910 924
16  128 218 257 377 420 460 469 489 533 563 730 770 805 829 840 991
10  3 11 81 134 191 432 530 577 636 943
14  33 73 127 130 201 243 295 366 414 465 693 809 823 987
10  24 52 354 394 448 501 758 814 919 937
9  90 329 349 470 559 600 705 778 954
12  106 244 284 293 355 363 447 620 906 919 979 995
10  16 49 56 319 420 479 720 819 843 976
14  14 80 142 161 176 411 431 494 506 608 611 706 782 977
5  159 321 650 820 835
11  190 221 223 365 420 578 593 659 760 921 960
10  1 32 140 170 254 360 434 450 499 746
20  66 157 270 271 320 365 381 395 405 415 422 423 535 549 619 689 789 878 915 930
9  391 428 455 467 480 697 723 873 973
6  73 124 524 543 661 709
10  121 197 477 528 586 802 803 808 901 998
11  51 79 147 233 365 520 697 707 786 838 903
11  175 392 398 476 514 605 699 768 819 942 965
13  5 79 153 194 280 343 418 448 482 537 663 880 919
8  51 170 346 349 465 759 788 949
9  106 143 194 299 382 517 712 934 986
15  118 274 374 391 593 598 618 628 665 688 696 878 892 981 986
9  80 96 102 348 511 809 823 962 994
12  21 27 265 277 386 487 564 567 599 659 822 892
9  24 83 87 238 335 391 657 813 870
14  2 44 50 126 180 204 215 344 401 484 656 689 823 966
12  15 48 121 203 369 402 578 725 728 786 801 961
18  32 87 156 162 308 348 400 447 458 472 474 539 565 622 745 867 957 960
9  71 117 153 415 446 519 563 903 950
13  38 218 330 378 423 510 665 716 800 808 929 932 968
14  42 52 86 131 148 218 235 324 460 503 728 783 786 856
12  27 182 437 539 575 607 610 661 715 769 948 976
9  39 67 99 108 168 672 678 794 919
9  215 294 510 656 701 839 890 952 994
10  136 222 305 384 415 495 545 682 806 879
10  110 366 390 436 584 594 730 855 864 944
7  169 323 476 635 804 877 916
10  61 174 176 291 356 497 682 684 861 955
10  41 144 252 317 339 447 450 560 610 680
10  91 270 356 506 550 564 823 833 891 972
9  12 54 235 368 415 472 542 624 728
12  160 259 284 339 473 534 541 660 720 758 790 833
10  125 129 184 393 567 640 683 768 834 908
9  7 40 160 161 450 497 666 967 996
13  39 107 154 233 247 255 394 414 431 447 618 792 970
8  55 144 226 319 343 807 891 987
12  190 306 400 462 465 485 529 649 760 793 836 921
10  161 242 342 500 566 616 710 815 876 891
8  84 205 215 661 730 882 888 890
10  145 259 419 490 604 614 769 864 866 998
4  193 409 554 634
6  209 247 422 593 684 994
8  114 166 202 391 657 752 973 991
11  102 114 157 181 244 401 466 510 742 911 965
9  133 182 295 316 389 457 509 583 998
12  82 119 232 329 405 410 557 583 704 745 783 798
9  65 380 453 482 522 534 536 572 917
9  91 120 174 264 321 719 742 784 838
9  348 366 439 485 497 575 717 826 858
6  47 252 451 477 571 670
12  1 26 202 239 270 362 367 411 835 859 871 970
9  14 325 378 391 423 490 496 569 763
5  147 248 298 756 921
7  78 251 274 403 671 837 849
8  16 107 276 373 429 625 647 838
12  89 119 157 337 398 511 536 601 830 885 958 988
11  71 184 203 522 534 537 544 573 671 823 921
17  11 36 253 333 476 482 550 618 628 670 690 698 709 742 804 843 940
14  70 77 130 147 175 275 464 670 673 689 750 896 960 988
10  38 77 345 363 625 688 690 777 780 927
12  55 93 116 204 286 300 325 393 650 657 753 772
5  293 469 626 690 797
11  13 171 233 287 378 387 389 451 457 855 960
9  115 424 499 621 665 799 809 879 985
13  103 222 313 403 416 423 501 608 614 635 666 730 899
7  51 208 280 303 316 553 555
17  18 191 204 262 277 520 525 541 542 548 553 644 847 849 861 875 944
9  16 28 220 266 339 472 504 576 650
12  545 556 677 806 824 853 889 905 909 944 945 997
15  4 94 172 273 331 411 478 482 552 626 635 652 755 830 962
7  92 208 480 742 812 825 969
8  11 73 158 341 725 730 789 843
16  7 23 94 110 299 340 392 396 507 545 617 767 770 816 970 993
9  21 120 336 572 589 621 732 792 987
9  117 163 218 250 434 522 596 912 962
5  31 39 123 552 639
10  71 405 410 582 707 764 779 796 872 983
10  10 295 378 382 492 530 586 819 855 954
7  170 281 494 507 649 708 932
9  131 180 427 542 731 786 801 872 931
10  46 92 397 401 443 518 561 739 747 961
7  18 171 256 395 595 598 863
6  159 249 323 483 701 737
3  308 948 968
11  81 117 134 192 351 396 498 630 704 836 847
9  26 81 249 586 671 716 751 763 977
7  57 74 241 387 419 481 729
8  7 239 291 305 309 425 910 979
7  169 228 492 607 679 753 954
10  9 57 250 254 308 562 570 750 860 995
5  250 388 695 763 845
17  26 31 79 264 272 297 353 384 390 430 553 578 752 821 878 919 921
8  204 357 493 525 561 781 921 948
10  12 23 183 216 267 485 544 667 675 780
10  49 90 417 496 552 555 558 606 629 763
12  101 106 113 133 439 536 607 733 742 874 936 945
9  13 53 104 147 265 347 622 756 862
7  5 123 153 595 654 732 871
5  27 465 503 577 645
4  12 14 762 876
10  77 131 425 624 687 732 741 763 974 995
11  203 393 489 546 634 672 758 848 930 941 978
7  39 127 206 235 335 461 880
4  110 258 756 819
11  5 74 92 100 450 542 806 809 870 969 988
5  106 574 745 777 908
8  55 120 453 566 577 602 640 967
13  0 192 219 590 664 668 669 707 820 853 870 911 915
11  95 152 438 563 588 793 828 869 933 979 994
12  83 118 201 209 339 374 739 838 865 922 927 991
13  4 28 30 228 240 349 358 411 429 649 657 661 988
8  96 271 379 493 616 639 738 994
7  187 465 697 825 860 896 999
9  56 393 516 626 645 650 665 811 868
8  0 102 207 351 436 524 886 959
15  164 209 239 542 576 585 643 655 668 689 710 772 872 936 974
10  15 194 259 291 386 484 500 725 923 957
12  59 61 117 284 701 716 720 768 833 887 903 925
9  107 300 302 334 345 437 710 747 800
14  4 8 46 108 301 304 421 487 542 668 711 720 882 986
9  198 207 330 640 772 795 856 895 987
7  77 294 324 481 610 953 968
13  33 50 149 234 363 366 381 502 535 585 685 764 785
8  74 526 574 670 744 753 850 874
11  201 219 245 343 359 413 428 589 699 851 938
7  238 266 318 531 560 837 954
11  127 357 446 572 659 705 778 849 940 961 998
5  74 130 563 591 982
15  11 102 105 162 223 377 416 457 471 474 493 735 811 830 864
15  35 53 74 93 187 228 381 438 533 535 702 791 799 812 980
7  15 19 195 339 559 735 929
5  11 147 222 607 783
12  56 96 107 133 192 365 425 467 557 794 799 916
11  114 161 258 316 333 499 547 690 863 864 972
12  81 146 262 418 450 583 717 823 846 888 926 973
10  209 227 611 661 696 808 908 911 957 963
8  134 140 236 406 448 575 762 803
9  165 218 378 380 425 559 569 577 750
9  27 152 230 367 755 833 844 895 962
9  198 226 239 343 390 417 534 651 832
13  0 37 105 284 313 347 350 411 590 721 752 819 925
14  22 79 179 193 516 525 581 614 659 865 876 894 961 964
16  7 26 93 247 270 275 279 284 322 363 384 407 708 849 942 953
6  179 403 518 735 789 886
13  25 122 124 157 165 191 330 378 500 509 742 824 921
12  16 208 337 394 571 574 706 764 858 892 897 979
9  96 106 128 286 581 641 791 812 965
