1000
11  84 118 254 381 494 672 720 731 756 951 980
10  43 195 223 393 509 590 733 814 836 949
8  26 33 95 181 605 758 785 888
7  33 67 235 249 315 405 597
5  36 282 707 810 941
8  125 327 335 398 476 489 993 998
7  312 423 596 616 793 966 999
9  179 215 295 586 784 813 835 909 924
9  124 243 341 380 429 581 668 718 858
7  80 226 634 687 734 757 823
4  116 402 515 565
9  179 183 502 706 707 783 864 984 996
11  41 93 201 276 358 436 462 506 644 797 870
15  110 132 180 255 317 323 427 460 481 581 656 709 759 803 872
11  267 344 360 459 566 728 747 762 867 928 977
9  45 158 161 252 392 594 675 729 883
8  57 177 316 393 791 895 925 942
5  104 505 542 566 722
8  55 191 657 674 686 750 831 974
11  45 253 310 388 695 746 769 790 824 876 882
12  37 56 82 92 105 239 443 560 821 865 892 949
13  48 81 129 137 154 364 445 681 700 702 817 890 965
5  98 440 496 656 860
13  93 124 194 261 264 298 303 466 736 755 867 903 924
14  93 138 151 175 205 289 371 637 670 750 774 865 880 940
8  171 229 299 508 639 707 710 956
10  2 57 237 441 666 686 708 942 950 969
7  55 129 309 325 520 630 952
6  81 267 394 486 718 790
8  93 224 439 560 624 699 828 923
6  163 439 498 579 939 975
7  54 334 359 467 547 709 743
7  321 471 547 578 626 804 892
12  2 3 80 178 251 268 468 493 611 660 732 998
15  85 140 150 239 252 364 402 520 578 591 662 689 906 927 997
11  90 211 282 346 361 430 558 754 866 904 958
9  4 299 306 402 510 522 530 609 678
13  20 62 94 138 144 354 414 559 651 707 708 714 716
9  53 73 218 246 325 383 595 671 777
16  45 48 81 203 281 325 330 364 378 680 687 742 802 826 976 977
8  161 326 487 647 735 926 974 998
15  12 58 64 142 148 216 268 385 523 545 592 700 835 940 941
8  186 202 218 386 392 661 744 799
13  1 110 195 220 244 277 316 383 433 435 822 883 913
7  149 198 370 759 763 890 985
11  15 19 39 120 147 167 241 349 387 537 823
6  148 167 233 276 470 761
9  178 248 279 539 671 725 767 800 922
8  21 39 84 178 579 770 806 903
7  210 438 454 536 622 697 938
16  82 87 164 175 181 417 517 661 666 731 771 777 841 868 886 956
8  151 473 552 698 792 837 843 895
9  63 105 484 493 570 580 838 869 955
5  38 182 250 733 801
12  31 95 160 189 230 250 290 300 424 573 604 740
8  18 27 217 334 371 395 512 750
18  20 112 175 182 200 423 523 533 640 651 660 663 813 820 824 871 934 936
10  16 26 207 295 317 450 709 719 872 900
11  41 104 136 219 394 464 558 780 807 907 977
9  81 204 349 391 463 584 593 727 747
18  114 141 150 244 342 431 561 563 670 693 779 797 867 916 924 941 944 999
7  99 117 198 248 299 451 520
17  37 99 166 253 258 290 676 683 776 783 787 821 845 852 877 927 955
8  52 199 316 398 710 798 885 898
6  41 163 470 841 899 943
9  91 263 392 499 634 838 930 976 992
12  157 260 281 439 539 646 777 783 785 794 818 919
17  3 83 240 290 295 324 413 428 456 519 534 541 604 635 739 890 904
5  102 408 486 766 968
15  202 210 215 216 241 255 286 375 440 604 736 781 859 872 879
15  152 198 326 408 485 510 527 543 667 694 754 806 836 875 898
7  104 351 560 562 575 728 801
10  101 197 232 259 285 610 705 739 756 993
14  38 103 106 142 175 374 436 490 496 500 729 755 905 996
9  205 264 405 490 727 802 821 944 982
8  122 231 242 294 528 591 720 944
11  160 201 463 498 536 571 611 773 807 916 951
7  337 365 395 630 813 831 981
7  380 411 430 459 739 787 877
9  234 526 647 762 772 777 838 913 967
8  9 33 133 232 297 306 414 547
13  21 28 39 59 218 287 338 366 480 612 619 675 995
11  20 50 263 279 407 615 681 791 882 948 956
12  67 108 194 419 572 595 686 707 708 815 956 984
10  0 48 287 321 437 480 763 767 776 887
12  34 127 464 485 614 678 740 768 862 873 880 942
13  129 203 240 404 435 462 487 542 580 586 773 782 937
12  50 163 170 191 286 316 503 562 582 810 812 840
10  106 239 356 426 430 449 583 714 833 929
10  179 241 279 434 463 526 641 706 755 882
7  35 224 504 520 606 769 795
14  65 241 318 326 379 453 463 478 533 575 702 772 776 897
21  20 107 164 209 235 241 335 336 351 375 402 489 560 565 585 590 620 737 898 909 930
18  12 23 24 29 206 362 425 453 467 500 539 556 568 681 833 884 908 933
11  37 133 226 345 436 496 667 755 760 801 911
9  2 54 97 121 238 296 533 664 770
7  109 293 304 443 565 609 698
10  95 427 501 566 834 842 847 855 938 959
22  22 104 109 114 135 143 230 272 287 314 345 358 384 531 654 666 753 797 874 906 952 977
13  61 62 136 439 490 586 594 703 823 893 894 901 985
9  195 215 260 263 306 438 460 548 896
9  72 234 331 416 586 689 734 936 998
18  68 135 343 394 414 457 552 600 609 647 661 708 775 786 842 890 951 957
14  73 301 351 353 393 416 469 584 600 616 638 681 773 850
11  17 58 71 98 248 364 545 580 607 923 978
11  20 52 241 279 292 542 750 840 870 879 902
7  73 88 128 361 622 680 896
9  92 342 367 494 666 812 853 961 962
7  83 112 176 254 316 567 662
12  96 98 257 454 466 467 495 509 764 774 831 872
12  13 43 375 391 538 730 738 758 786 850 859 920
12  205 360 370 470 506 539 616 624 757 810 918 938
6  56 108 158 460 479 835
4  321 629 949 959
9  60 98 252 268 322 345 583 805 939
9  145 269 313 324 458 481 671 831 883
8  10 220 261 400 424 479 851 983
10  61 258 353 375 509 777 840 859 873 883
11  0 139 158 195 220 601 637 720 799 914 979
5  377 477 748 902 963
6  45 236 838 922 944 973
12  95 365 440 577 653 667 684 820 839 937 941 984
6  75 645 720 777 805 983
6  346 528 713 794 908 970
12  8 23 446 448 452 553 700 840 867 886 902 990
4  5 384 744 941
8  179 446 497 560 617 640 713 799
6  85 170 283 289 633 818
5  106 367 501 541 944
14  21 27 86 155 265 310 366 498 528 594 780 788 815 817
8  276 309 490 491 526 644 974 994
8  412 492 588 761 772 796 860 897
9  13 145 350 375 422 708 710 795 877
12  80 94 205 258 282 296 323 469 722 780 891 987
10  187 225 320 557 612 712 780 803 889 953
15  98 102 143 197 216 258 418 542 577 685 716 810 817 871 886
16  58 99 230 254 294 295 322 531 554 660 762 809 830 920 926 967
14  21 305 369 400 428 511 532 622 644 717 791 795 872 935
10  24 37 264 290 350 559 689 801 813 967
9  118 157 249 416 546 600 663 667 994
8  34 155 205 222 345 356 429 828
13  60 175 301 348 407 452 453 660 701 758 799 835 926
10  41 73 629 729 757 796 810 819 954 982
10  98 135 302 400 457 839 847 889 921 931
6  37 180 313 699 967 979
11  115 132 255 337 363 397 398 553 758 958 989
8  256 283 382 414 689 697 749 931
9  45 278 410 475 610 666 932 960 991
15  41 46 296 309 324 342 422 496 511 518 573 601 624 864 958
10  44 294 324 446 475 647 758 812 957 967
11  34 60 437 586 617 634 659 751 766 819 885
4  24 51 666 901
9  70 361 412 556 692 815 823 851 993
6  352 689 731 791 917 940
12  21 241 278 391 426 442 472 585 689 916 922 979
9  129 140 245 364 395 490 728 845 889
9  215 257 269 274 326 435 540 714 820
10  66 139 227 316 400 427 751 830 874 910
13  15 112 118 256 421 500 570 587 684 733 774 841 844
13  179 253 285 328 340 396 431 467 496 505 725 734 772
10  54 76 231 245 256 383 422 448 583 642
8  15 40 347 468 486 745 820 846
11  198 278 293 301 587 689 733 754 771 799 878
13  30 64 87 415 429 462 473 596 654 655 842 863 965
16  50 92 190 220 244 282 358 441 508 559 744 793 817 833 874 881
8  330 358 509 574 601 602 872 967
11  62 173 316 524 625 711 742 801 808 857 873
10  45 46 175 202 447 526 535 756 809 898
10  196 352 419 484 512 576 845 904 918 924
6  176 325 395 600 805 893
15  87 127 193 225 235 284 308 346 394 417 426 489 521 953 983
8  25 331 509 576 582 645 693 908
4  330 401 762 929
11  166 374 419 546 655 745 780 827 944 952 969
5  183 224 590 725 918
19  24 50 56 73 141 167 191 216 267 294 297 444 529 540 699 766 884 972 983
6  108 169 465 923 961 967
12  16 218 301 330 333 591 693 731 747 824 935 988
11  33 47 48 229 305 596 703 763 777 784 880
12  7 11 89 126 159 433 501 691 702 800 826 986
9  13 144 411 435 614 650 741 829 872
11  2 50 193 300 417 439 650 727 762 896 929
15  53 56 274 309 322 325 456 506 532 635 706 715 742 899 958
17  11 174 216 323 360 490 567 603 753 814 857 858 880 895 896 931 935
9  379 414 624 652 843 880 906 926 939
11  514 527 539 611 713 844 905 908 909 942 980
6  42 511 678 705 715 878
11  134 226 245 391 454 597 650 738 784 795 998
6  255 483 810 863 897 924
8  54 350 351 564 577 627 645 647
8  164 455 462 675 769 801 881 963
10  18 87 175 256 267 327 456 572 758 889
5  253 295 485 672 726
14  170 181 206 275 361 455 492 501 522 560 656 691 920 923
9  23 83 236 334 429 488 690 725 860
16  1 43 100 118 201 280 293 299 386 420 586 589 696 698 715 821
10  168 238 252 351 396 423 681 901 912 965
7  72 135 397 541 643 701 760
11  44 61 70 162 284 377 601 650 794 806 942
6  63 449 749 774 842 973
5  56 273 553 742 752
13  12 76 195 236 386 449 464 466 645 663 859 863 917
10  42 69 167 229 252 272 414 936 979 980
8  39 86 338 343 394 615 687 773
13  59 245 248 255 276 364 669 684 778 789 854 927 941
9  24 74 111 133 140 367 813 896 940
9  93 193 224 377 541 554 745 786 788
8  57 292 354 441 485 507 750 879
9  239 289 527 531 543 556 848 894 990
5  92 253 651 772 877
8  49 69 212 298 452 493 775 921
12  35 287 316 396 445 463 477 572 600 766 812 935
4  210 484 512 829
12  236 321 330 362 387 417 449 675 720 780 828 930
8  552 716 761 795 800 819 830 921
16  7 69 100 156 250 257 322 354 462 482 596 645 708 738 751 890
14  41 69 135 175 183 229 259 340 446 600 640 829 922 969
7  55 306 317 439 703 916 999
18  38 42 81 177 285 289 413 430 496 498 521 538 722 818 833 947 950 958
8  58 285 423 433 550 699 718 909
14  43 116 118 164 233 349 609 671 719 784 788 862 912 940
8  308 363 427 523 551 869 907 928
12  140 242 267 350 357 471 481 578 624 638 768 953
6  1 486 663 687 711 714
13  29 90 174 206 287 316 427 445 475 502 543 741 764
8  134 170 240 294 469 470 574 928
13  9 94 187 230 537 553 691 756 823 904 940 958 996
7  157 349 366 410 430 518 964
5  268 585 728 785 835
12  25 178 202 216 401 515 578 603 830 895 934 954
13  54 98 136 226 249 345 483 502 534 569 645 763 878
10  75 160 556 685 729 816 840 875 961 965
9  72 80 243 530 546 613 673 919 983
3  46 220 542
11  79 101 282 297 306 384 399 490 805 853 956
7  3 92 170 273 435 524 927
10  120 194 201 213 368 570 686 829 845 922
8  26 417 496 566 706 818 860 872
10  95 196 327 334 578 680 727 875 937 983
7  20 34 88 208 281 358 890
9  67 86 225 441 596 597 904 918 937
15  45 69 89 91 92 105 154 242 318 451 463 531 687 836 968
17  75 222 241 277 298 366 387 398 417 483 607 612 625 693 816 882 921
6  8 232 844 871 948 958
11  43 60 164 398 420 525 591 727 767 961 974
11  155 160 187 204 480 528 595 758 884 889 997
11  38 329 534 565 605 611 614 774 785 898 966
7  483 548 566 569 590 800 845
8  47 61 104 204 690 781 804 875
6  3 139 230 426 724 812
14  53 54 215 298 412 414 428 605 625 693 829 861 864 907
8  33 284 345 351 378 440 610 710
14  15 34 114 196 202 281 301 329 464 516 711 866 983 985
9  19 62 159 192 209 373 386 573 695
9  0 108 136 351 435 547 698 805 882
15  13 69 145 188 204 347 351 427 464 487 577 613 754 804 990
11  146 158 160 191 308 551 616 678 701 865 969
8  109 156 215 445 639 691 818 901
9  62 117 133 135 538 554 624 692 880
10  72 216 268 374 387 505 648 732 733 960
4  66 100 449 639
8  23 116 668 730 859 883 885 949
5  405 645 686 855 914
7  65 82 100 270 310 814 865
10  23 74 138 322 357 590 685 691 887 912
13  129 289 316 322 463 533 565 608 610 644 647 760 892
6  437 647 684 811 820 982
14  14 28 175 191 222 325 417 447 614 690 752 812 822 977
10  33 41 114 228 259 277 332 407 487 916
14  115 156 418 580 583 613 635 792 799 855 923 931 932 978
9  263 271 278 281 365 377 664 821 895
10  270 286 365 378 380 506 604 686 689 857
10  98 202 407 618 648 689 783 821 852 910
9  200 235 377 403 426 493 548 748 795
10  156 182 275 306 330 378 435 517 560 913
11  193 274 286 394 450 484 563 664 871 873 984
7  12 46 130 204 384 514 913
7  43 242 268 334 509 582 763
15  147 154 162 270 288 371 390 396 467 613 629 653 693 752 888
11  47 82 89 105 298 304 334 452 850 896 909
4  195 287 438 599
10  39 66 239 252 270 300 412 837 856 858
11  4 35 133 164 234 421 454 509 554 745 920
6  127 146 521 624 824 993
11  170 198 251 360 438 494 596 643 760 769 806
7  72 159 218 219 374 438 450
14  69 87 271 275 374 379 385 392 398 476 580 617 773 912
16  81 84 98 211 224 280 309 379 452 464 666 723 745 800 963 984
14  278 310 376 389 405 424 537 609 655 721 819 848 910 971
8  24 127 208 218 265 306 565 747
8  54 62 67 138 422 614 799 890
12  417 473 686 733 789 817 870 950 952 965 972 983
12  105 207 413 451 454 627 628 632 773 791 855 991
3  96 162 195
13  75 136 149 175 225 342 599 645 663 696 867 962 977
16  7 57 67 136 192 318 333 370 561 582 599 699 785 878 969 989
10  95 133 148 312 411 469 642 822 832 978
9  80 175 234 336 396 701 706 770 839
14  23 210 242 250 279 349 532 535 583 684 848 888 930 936
11  25 36 61 195 333 402 491 754 779 892 963
12  54 181 281 444 445 644 661 779 784 938 973 984
13  103 141 162 177 252 361 414 557 589 620 675 722 902
9  143 372 445 535 555 685 812 836 925
8  23 395 422 442 633 691 814 949
9  96 279 406 412 469 695 733 852 884
10  137 178 428 579 596 774 805 856 916 920
12  36 80 100 217 234 274 289 333 402 480 607 903
6  357 426 505 580 659 766
8  170 221 256 554 598 929 947 986
16  27 130 148 182 287 348 435 474 507 614 686 706 713 777 793 951
13  19 129 263 288 428 443 706 747 764 865 879 950 981
9  362 400 415 473 478 481 539 640 761
8  6 296 358 437 483 560 676 741
12  115 144 327 337 399 420 437 459 499 733 747 912
10  98 504 519 640 672 674 774 795 917 960
7  3 358 421 488 518 903 944
18  16 43 63 87 108 157 166 211 224 265 355 387 397 569 609 612 846 972
6  13 57 217 745 830 870
7  91 241 295 406 480 820 876
7  560 587 635 651 691 809 983
7  134 433 562 596 788 849 983
18  32 84 113 213 431 528 538 548 609 630 659 691 694 769 791 848 948 959
14  114 136 182 215 264 265 333 355 383 655 829 835 883 990
9  13 133 183 343 370 638 756 916 961
8  67 115 148 149 540 930 977 997
14  27 38 39 169 182 267 366 479 667 694 723 965 983 995
12  40 70 91 156 473 478 523 770 842 918 967 976
13  5 191 238 313 396 458 552 574 617 638 674 688 807
9  159 428 497 547 550 616 629 672 814
7  246 252 412 489 797 798 903
12  39 165 172 177 213 274 498 600 652 693 831 976
7  101 171 511 548 788 900 999
11  268 362 440 552 578 766 793 876 883 911 928
17  177 295 299 306 322 383 418 439 490 559 579 746 821 843 856 943 990
17  31 55 194 238 277 279 356 609 652 723 747 760 871 920 952 970 990
11  5 92 342 414 443 467 483 571 642 664 876
7  92 297 387 471 556 594 897
12  77 145 313 388 490 671 743 808 847 917 948 997
8  81 203 352 651 682 698 721 844
6  368 421 748 867 876 891
10  159 216 440 496 533 812 826 953 968 975
4  8 388 682 808
12  60 107 148 294 335 486 605 611 836 888 942 945
10  102 203 323 453 489 689 745 897 969 988
6  14 354 654 806 962 996
17  94 98 114 140 230 251 346 403 421 424 457 477 579 881 899 988 994
10  35 123 170 345 489 514 628 733 865 903
4  161 255 772 801
7  141 309 555 637 791 860 887
13  45 59 220 227 298 447 615 617 668 726 886 894 975
14  132 138 189 222 392 507 515 567 639 848 922 960 965 980
12  71 92 103 189 196 251 254 255 473 497 535 797
10  153 168 338 508 540 553 709 744 764 866
11  103 117 514 553 620 637 671 684 700 766 969
9  37 207 215 344 373 412 771 937 942
9  316 322 587 590 705 736 751 753 822
12  88 140 334 375 454 471 488 516 639 754 938 957
14  222 264 307 390 483 562 574 594 654 657 739 754 776 871
14  12 98 164 165 239 312 315 386 494 568 605 630 675 919
8  31 395 528 565 571 632 766 822
11  14 111 183 284 479 487 495 686 761 772 944
9  35 106 152 193 301 362 750 775 815
12  93 213 311 332 361 401 431 705 725 835 872 888
10  145 221 389 427 532 539 623 705 873 926
18  21 34 39 104 155 204 400 477 615 653 727 778 795 844 885 890 991 999
8  77 121 270 271 403 550 695 871
11  81 129 227 242 325 410 648 803 829 850 942
6  107 128 205 783 820 958
6  236 339 416 661 749 827
8  137 379 405 459 672 746 763 882
7  44 111 295 323 508 691 890
10  24 55 278 583 637 640 726 777 799 937
7  302 374 597 605 611 677 924
8  253 354 504 687 756 875 902 925
15  73 173 259 285 286 372 521 560 568 692 758 817 955 968 989
10  69 92 110 117 132 356 732 853 908 937
4  288 626 631 674
14  119 198 206 270 273 420 446 490 576 636 739 805 866 884
9  39 251 271 274 412 462 490 852 939
13  91 184 286 287 369 642 749 872 876 910 976 988 998
5  8 78 271 784 966
9  0 411 472 542 621 735 749 909 972
9  146 397 414 440 460 559 568 618 913
8  38 43 160 322 333 464 644 889
11  98 125 234 276 398 428 431 474 512 558 872
5  41 286 536 751 820
8  42 195 201 253 358 508 674 755
8  45 213 242 259 316 336 400 406
10  19 337 341 472 678 773 791 792 879 904
8  288 363 494 640 784 826 833 951
6  278 357 440 834 858 947
8  59 110 154 187 476 477 484 586
17  15 42 65 286 350 482 550 568 576 605 667 751 786 874 898 900 992
11  1 16 103 421 424 517 575 666 696 724 896
16  28 58 102 170 203 275 517 571 690 739 786 908 957 963 986 987
14  55 77 155 169 303 359 396 438 529 533 617 653 845 865
15  159 196 211 278 297 327 395 410 424 436 526 730 840 862 982
10  145 197 316 382 428 534 625 696 781 886
11  5 63 145 242 244 286 384 467 507 618 868
8  234 313 522 570 661 665 761 940
14  116 137 143 157 311 364 387 409 600 674 802 964 976 998
10  172 229 362 630 660 716 740 741 847 873
11  10 34 36 92 299 306 518 674 702 860 923
12  273 345 365 417 545 594 598 628 685 725 784 853
8  86 483 544 622 711 831 832 852
14  3 74 262 288 369 524 587 590 651 763 816 840 936 986
11  304 318 387 407 461 576 629 714 787 905 949
11  82 141 268 272 406 556 617 641 761 793 933
8  68 70 553 725 770 819 880 898
6  400 426 434 548 832 982
16  147 227 366 396 433 492 506 517 666 682 694 695 816 903 960 989
11  78 180 296 381 559 610 650 892 924 929 943
16  131 152 250 281 304 329 354 378 543 609 656 669 728 785 886 995
5  67 218 292 447 930
17  37 80 102 146 184 202 250 301 335 382 570 628 639 726 797 809 848
4  163 311 740 842
10  101 103 139 368 493 574 624 672 674 898
14  50 170 181 213 237 242 267 291 403 439 526 533 550 856
8  135 269 333 433 616 627 715 919
7  83 168 173 539 728 775 888
10  195 244 313 377 456 663 801 946 952 977
13  158 282 315 339 345 393 454 493 564 737 779 846 962
8  132 148 160 290 303 445 550 694
11  6 56 196 219 572 647 666 848 926 933 939
14  54 116 288 345 393 396 510 556 601 603 604 642 671 894
4  93 804 911 967
12  88 154 170 249 273 307 409 494 550 717 745 863
10  13 97 157 221 224 255 363 491 771 971
13  67 137 250 305 310 328 384 397 509 543 613 707 823
15  8 140 163 194 456 464 490 549 554 589 626 702 826 838 974
15  35 78 88 218 227 434 487 538 551 594 613 634 764 836 884
11  60 159 321 362 384 558 772 812 837 979 991
8  487 638 717 745 804 828 840 961
13  43 179 219 320 410 418 452 510 585 599 813 879 983
10  89 409 430 449 463 652 691 729 917 955
15  43 86 156 180 235 254 274 309 447 626 681 831 884 887 998
7  12 73 94 396 538 565 995
10  84 150 266 312 313 445 683 875 908 999
8  49 100 280 284 285 395 689 815
15  29 30 66 99 181 217 333 417 537 555 579 661 771 800 964
14  22 69 121 251 332 340 382 390 468 580 688 821 966 972
10  26 164 207 240 520 636 668 798 932 977
7  154 303 713 803 829 881 967
7  20 96 310 335 513 603 871
5  175 300 698 735 738
17  21 211 224 257 300 302 422 437 487 491 494 547 711 810 831 928 961
8  124 126 149 216 377 480 916 932
11  167 267 349 413 435 463 601 693 694 872 965
5  124 160 557 651 774
11  88 199 201 213 260 434 623 691 739 761 932
12  57 275 285 561 671 813 869 893 909 969 975 986
11  61 241 292 509 595 600 708 735 846 967 974
11  124 141 210 279 287 433 494 584 608 667 910
7  91 93 141 343 467 506 950
12  49 109 187 282 292 356 421 575 579 669 891 959
8  190 193 478 580 585 667 863 898
10  67 182 191 420 429 457 458 620 665 688
9  102 143 345 456 484 543 550 682 688
7  115 327 456 604 749 782 928
5  14 78 313 369 855
9  13 100 112 382 498 599 729 748 819
8  406 497 660 684 788 794 845 961
8  12 86 163 190 215 378 473 732
12  59 76 89 91 211 241 265 434 447 658 732 822
12  58 85 201 252 255 287 383 429 472 585 737 781
7  176 507 512 547 779 804 838
5  23 109 201 601 757
14  31 93 109 159 278 335 398 453 469 472 477 722 726 864
6  33 161 440 583 663 704
15  103 133 225 296 304 467 493 599 737 796 816 876 927 937 985
8  46 64 111 225 516 658 727 899
12  32 222 336 356 575 585 699 731 735 786 904 906
9  154 381 388 464 467 765 872 894 957
13  51 163 291 311 326 351 462 499 568 599 635 806 892
4  309 384 680 701
9  147 149 224 614 711 768 799 903 947
7  5 286 391 733 800 903 987
12  119 211 345 364 391 467 479 602 658 659 780 955
9  91 311 326 455 513 552 709 764 778
9  112 116 325 360 477 603 698 787 903
13  81 84 245 306 318 446 558 567 629 634 688 732 953
10  13 115 222 311 530 558 560 588 612 906
4  215 392 756 850
13  188 230 242 247 312 335 357 404 587 648 704 825 958
11  52 168 212 275 391 457 817 850 876 935 994
12  70 85 192 207 532 662 683 761 767 826 849 974
8  28 68 161 223 342 492 516 753
15  40 86 255 268 360 430 432 445 643 704 736 744 797 798 970
6  194 315 356 507 689 853
12  5 92 170 329 343 346 552 669 693 772 825 880
18  73 74 99 130 155 183 234 333 337 377 378 429 741 751 754 788 913 932
11  130 299 427 445 504 519 597 646 682 822 879
10  131 193 410 486 509 731 739 830 875 984
12  33 52 210 273 416 421 469 789 840 881 903 955
13  0 107 284 358 389 426 445 452 671 827 835 923 958
4  109 360 864 937
12  22 73 94 148 159 218 237 340 564 720 745 876
9  126 328 351 461 579 668 716 737 877
12  30 76 129 218 330 460 501 571 586 678 791 802
6  65 313 473 646 699 927
10  73 93 158 633 820 822 836 841 889 896
12  97 128 179 193 498 750 786 862 873 928 950 981
9  11 224 230 508 511 544 576 625 686
4  87 569 931 970
12  90 314 373 491 535 582 628 680 850 884 912 986
7  17 159 259 307 607 628 783
8  12 111 182 271 410 453 811 848
10  207 309 350 398 465 488 554 562 602 817
12  25 164 352 370 386 502 537 540 653 844 862 996
13  1 109 117 165 171 277 282 428 451 492 635 655 657
6  36 70 424 433 591 707
12  137 148 186 331 502 739 763 785 816 853 869 874
12  55 168 212 384 465 549 586 700 768 806 894 956
6  443 478 597 637 958 963
7  185 276 346 353 521 884 930
4  10 229 350 620
9  252 356 470 486 520 637 746 955 969
12  50 274 393 394 410 571 619 710 848 851 860 992
8  148 227 315 402 582 593 822 964
4  67 314 491 661
12  27 34 61 90 441 516 526 620 624 665 755 856
11  170 218 283 374 514 540 625 668 718 863 989
6  36 193 399 656 796 809
9  41 56 221 326 553 616 869 878 913
7  166 235 405 550 704 758 875
7  244 619 625 649 680 723 782
13  79 89 130 167 396 417 520 527 540 542 655 720 749
6  70 185 208 526 794 938
9  75 123 129 245 321 359 554 555 876
6  175 395 609 654 689 988
10  36 232 481 558 596 646 675 749 884 970
10  98 136 208 241 564 616 712 817 829 997
8  137 182 298 363 485 549 678 939
15  56 91 95 265 340 395 417 555 598 687 742 818 822 833 948
8  67 230 246 397 671 742 816 857
10  167 298 302 351 504 634 667 677 742 974
8  49 76 385 674 820 870 964 992
9  45 226 288 439 508 632 714 813 937
11  110 218 258 321 430 436 541 588 625 714 780
14  47 66 93 111 185 311 363 419 661 665 724 897 921 975
12  156 175 324 352 508 521 526 549 639 827 890 989
10  67 128 197 206 538 676 763 887 918 970
12  17 86 105 135 233 381 526 639 838 892 915 978
9  70 208 224 412 428 457 729 831 992
6  404 502 645 756 856 982
6  41 104 403 708 909 955
6  139 173 232 590 688 899
14  31 32 80 254 328 445 465 655 709 716 739 832 847 877
12  100 247 273 321 331 409 554 566 645 772 900 924
9  429 512 532 540 630 677 687 812 887
18  219 328 365 392 417 422 426 457 524 601 606 649 690 714 741 757 886 988
10  221 256 430 586 656 713 721 795 849 970
11  51 102 214 327 332 478 489 866 867 975 996
11  124 145 200 226 352 353 408 523 625 628 981
13  136 206 258 282 308 429 507 528 548 569 594 783 964
14  302 348 439 528 533 556 587 621 633 683 739 791 792 905
12  93 152 208 231 336 407 424 555 606 861 911 940
9  134 301 448 558 637 752 761 779 875
11  35 58 384 431 480 481 530 557 609 831 953
11  37 138 164 333 382 411 572 643 736 805 958
18  20 29 71 92 126 193 274 312 319 374 481 720 721 724 737 760 817 923
5  60 295 450 630 636
12  71 87 320 357 507 600 620 764 781 784 815 817
10  60 275 627 692 736 774 790 804 809 884
7  189 421 496 531 647 769 994
16  10 92 96 246 265 289 359 436 572 620 671 798 891 910 914 985
12  14 17 97 237 247 548 712 769 831 863 884 896
12  108 183 350 480 612 639 785 793 926 930 983 984
8  93 358 374 382 392 473 595 979
11  230 247 316 503 554 600 659 687 716 815 855
9  52 158 236 399 414 601 619 868 941
9  76 335 359 394 498 517 630 705 875
9  83 191 211 423 559 565 825 890 901
9  54 148 253 602 725 769 776 888 999
11  165 225 327 357 416 640 648 704 736 903 975
7  71 91 393 454 471 909 977
6  168 171 377 392 406 502
11  121 135 189 255 604 609 650 703 718 813 882
6  32 34 222 229 238 332
14  30 48 305 333 345 439 454 497 587 617 625 684 779 844
11  52 86 104 269 286 307 440 455 689 722 906
7  8 13 679 711 849 880 972
8  87 171 277 295 504 518 758 967
12  88 114 160 269 298 371 468 619 643 655 719 777
12  59 103 452 610 615 616 687 795 858 864 947 991
12  92 154 228 433 455 464 471 613 705 751 840 937
13  7 86 99 101 150 195 391 498 512 551 624 901 959
12  158 162 319 355 405 483 555 579 624 732 759 792
7  131 481 538 625 631 658 809
10  195 301 429 601 657 777 794 801 824 993
14  1 92 174 247 264 355 405 546 670 716 809 828 869 905
6  34 75 177 244 510 718
3  41 871 890
6  59 518 594 705 709 901
15  15 99 129 336 357 403 430 554 593 605 661 836 884 886 939
12  38 83 245 451 568 624 630 654 683 685 918 930
13  6 163 178 215 240 284 305 320 530 733 856 933 975
9  3 187 240 372 491 513 779 788 789
7  308 403 533 654 758 865 906
8  280 294 295 433 460 469 473 788
13  102 103 139 169 211 216 330 400 451 562 569 945 963
11  118 148 165 198 424 447 466 550 570 589 909
6  165 477 507 573 824 877
9  183 229 424 443 479 752 768 836 908
9  54 67 69 271 424 458 577 713 817
10  2 246 250 342 358 372 392 594 825 899
6  90 550 556 619 781 852
9  104 242 306 505 647 784 826 916 968
9  265 452 618 819 834 861 938 985 994
14  36 96 102 220 288 316 321 334 412 529 558 577 623 994
10  72 147 251 265 411 584 657 851 919 991
10  33 76 185 246 342 372 698 704 719 978
12  81 134 242 316 481 567 634 756 786 853 976 988
10  232 255 269 278 428 430 585 713 733 787
11  85 180 246 267 290 309 475 642 658 726 901
16  82 203 349 364 584 657 682 690 696 727 779 804 805 897 950 958
11  6 103 111 256 328 418 523 531 584 666 932
11  126 150 286 327 349 395 407 579 713 909 941
9  272 382 398 608 678 794 823 876 969
10  81 517 525 570 583 606 676 786 881 958
12  92 301 353 456 515 520 562 565 655 913 933 941
9  381 555 623 628 688 780 799 840 913
8  49 106 137 404 671 680 735 746
7  363 449 609 621 873 909 948
15  29 111 148 184 222 258 283 416 520 586 587 595 794 810 935
16  166 242 250 397 502 521 525 538 553 579 588 633 662 770 807 829
11  32 376 429 435 632 640 641 804 868 884 985
10  189 292 418 563 632 730 768 781 904 912
10  292 346 403 414 504 505 553 621 805 848
10  113 142 278 328 406 480 666 734 962 982
14  27 77 321 358 401 549 561 571 595 724 773 873 915 919
6  376 588 707 799 809 812
8  292 359 537 626 627 697 705 806
11  127 303 500 555 625 696 721 778 805 944 972
12  9 65 150 430 480 535 612 838 882 910 954 970
9  67 182 269 319 473 509 678 743 878
9  377 441 561 650 651 756 804 821 910
13  24 118 348 353 371 513 516 557 644 703 718 738 810
7  103 222 323 327 432 726 971
10  25 257 260 350 356 414 540 542 567 819
12  56 126 216 311 314 371 389 574 626 690 717 940
6  89 407 626 660 796 906
7  160 296 335 379 424 614 706
9  197 284 487 559 583 673 696 803 912
11  12 130 137 265 300 383 637 756 870 941 943
10  122 171 189 201 215 230 262 294 544 548
6  66 491 499 530 814 832
13  40 79 102 149 189 265 266 423 564 607 886 965 979
8  259 272 366 483 574 753 825 857
4  525 550 701 717
9  180 181 187 198 411 577 636 823 863
10  37 56 209 319 338 405 448 636 683 902
6  184 330 334 434 933 949
8  121 278 364 395 508 715 787 880
11  98 163 344 357 529 595 598 728 817 851 965
15  163 173 288 322 509 526 547 583 620 657 692 712 795 965 998
13  13 22 193 412 522 551 658 691 737 903 967 969 989
9  18 357 509 589 610 615 655 773 881
9  463 470 477 588 614 656 772 777 876
7  150 307 321 477 569 692 841
8  33 56 136 141 401 461 641 676
14  42 50 102 300 368 399 439 519 539 594 694 710 826 843
10  34 108 485 625 694 729 769 771 841 897
9  56 139 201 223 294 420 468 870 897
7  95 270 275 335 737 793 825
7  399 456 520 539 742 962 993
19  26 50 98 107 147 151 287 393 410 423 616 629 690 756 797 820 926 937 989
11  70 94 121 139 325 392 452 455 535 718 775
9  8 261 349 441 497 521 761 812 830
8  204 412 454 489 758 815 878 957
4  24 60 590 766
14  38 47 115 220 337 353 424 450 494 534 565 622 722 854
9  0 192 314 328 369 416 691 698 803
5  232 643 710 815 925
9  18 314 327 376 386 400 402 416 536
11  15 81 190 213 301 358 530 714 773 808 859
8  62 312 541 619 660 690 776 990
6  372 535 549 786 832 947
12  36 85 186 256 388 498 532 618 635 716 864 967
3  581 721 949
11  39 106 238 474 504 525 622 704 783 784 881
7  21 82 93 103 196 435 787
11  338 341 410 457 491 615 733 749 751 799 876
9  62 437 485 555 595 651 746 770 929
11  121 158 204 266 298 353 461 579 808 869 936
9  135 231 264 302 403 595 719 729 840
14  18 26 83 236 262 271 291 309 360 502 696 734 849 989
12  9 39 203 223 241 373 533 549 569 584 738 816
9  327 440 456 457 480 546 621 844 927
18  34 101 138 146 153 154 162 271 272 343 438 488 529 580 699 731 978 992
12  194 248 267 394 550 615 640 666 676 699 789 874
17  179 193 226 257 264 303 319 321 370 434 449 656 672 732 959 975 978
9  152 258 374 563 655 659 760 960 985
13  60 171 177 242 250 278 330 447 489 710 765 819 908
12  70 321 325 410 422 447 661 662 846 920 946 958
10  19 253 304 365 410 741 753 832 842 892
10  195 294 393 397 615 633 643 686 751 975
7  49 146 632 746 809 867 971
16  51 96 195 254 338 444 479 611 672 746 757 805 840 855 899 927
9  29 144 175 219 295 471 499 689 690
10  21 41 124 353 512 841 857 860 878 950
8  141 197 256 297 474 649 705 927
10  21 91 179 402 429 710 828 869 885 904
9  99 178 217 577 637 707 736 893 989
9  468 483 487 524 574 611 680 785 806
11  72 186 355 362 363 571 585 593 632 701 802
8  11 89 182 237 297 309 310 642
11  4 11 25 37 83 428 510 631 703 810 948
10  26 37 83 102 132 215 451 545 984 987
13  13 31 57 352 478 547 593 758 772 833 880 904 906
10  25 63 132 251 517 661 673 693 702 923
12  166 223 252 404 445 475 581 809 827 906 909 957
4  134 531 566 655
11  123 126 185 309 442 551 604 613 617 795 820
10  37 88 156 223 406 537 538 550 675 991
7  182 186 195 418 653 819 885
10  37 135 214 401 497 547 569 590 678 719
12  137 426 432 640 649 880 911 940 961 986 987 989
9  8 28 219 521 577 591 637 667 936
8  57 220 583 611 685 716 753 779
9  0 75 118 122 213 496 526 560 999
8  288 338 551 560 633 679 738 973
8  17 133 218 301 467 580 671 998
8  287 325 334 525 734 773 863 877
10  249 393 539 560 630 767 787 790 859 916
11  47 159 174 194 362 403 408 573 796 866 882
11  192 349 371 414 467 614 638 844 857 887 960
10  59 74 181 238 244 364 470 615 759 973
9  14 71 155 228 412 419 654 758 912
13  15 73 142 231 434 460 543 662 685 733 743 816 899
5  110 261 396 627 826
9  0 50 153 177 471 492 689 736 778
11  33 259 375 462 463 480 587 691 777 902 935
15  1 53 158 162 259 291 304 313 346 476 596 613 682 729 919
10  9 101 159 629 686 723 757 910 969 990
8  40 381 444 451 471 622 760 975
13  23 69 355 487 559 563 574 703 731 822 865 961 964
8  92 421 464 469 497 560 656 664
9  110 187 215 444 637 687 721 749 817
13  67 72 78 357 377 394 449 492 511 547 555 762 912
8  54 85 401 415 903 908 947 985
9  180 224 312 401 490 550 695 789 975
10  39 166 182 200 533 534 535 665 826 839
4  31 337 635 729
6  42 125 164 352 487 912
13  161 173 206 282 287 317 343 426 432 496 823 862 889
9  19 333 369 516 622 683 697 698 968
14  14 59 177 289 310 313 334 778 781 803 806 838 840 955
8  119 273 339 460 861 866 922 966
11  146 199 368 379 381 458 526 530 682 738 924
7  18 24 55 105 207 361 501
11  150 157 215 355 385 392 490 585 682 696 849
8  200 267 278 557 603 778 881 938
10  98 183 355 486 648 695 719 794 917 964
8  35 70 162 255 299 356 357 490
9  23 73 89 94 386 520 861 884 889
12  0 72 167 226 323 373 482 544 612 636 644 666
10  9 111 142 466 550 698 734 774 871 938
19  2 110 141 145 149 191 245 374 524 582 598 669 709 728 803 805 883 972 986
11  13 44 587 727 782 832 837 871 933 943 946
12  94 197 265 284 334 560 692 735 773 851 871 906
12  46 131 214 311 360 399 407 449 485 557 668 804
6  14 79 136 172 181 739
14  44 84 178 230 277 369 405 511 541 842 872 889 942 974
7  109 224 310 352 430 478 562
4  472 693 865 914
11  68 150 175 211 307 332 353 359 670 782 853
6  47 84 244 485 724 958
8  85 222 475 512 603 627 843 944
13  19 90 190 284 321 564 566 573 662 830 908 952 965
8  48 95 297 326 408 625 683 893
7  50 162 354 427 439 662 856
12  79 91 131 159 209 347 360 431 489 548 658 709
16  76 86 103 203 286 292 388 630 657 675 723 760 780 787 885 999
13  24 109 158 199 246 305 314 448 563 757 813 854 987
7  102 210 361 419 667 848 967
8  62 84 91 357 573 676 939 946
15  38 50 66 79 117 122 178 309 371 583 589 658 732 922 954
7  204 364 478 633 731 747 752
13  60 299 300 421 465 557 579 597 615 719 817 828 830
11  58 129 133 134 173 213 477 538 621 773 984
8  69 248 397 464 562 606 627 747
9  86 458 525 759 766 835 856 927 936
13  11 62 66 272 367 505 554 680 800 804 817 954 966
13  7 178 187 220 300 380 389 403 562 607 680 970 984
11  2 66 228 246 295 412 511 567 704 841 906
12  102 110 206 392 394 471 501 612 619 677 806 883
12  62 78 406 479 613 653 681 724 773 791 881 889
13  129 206 220 320 331 461 490 597 599 814 901 916 926
7  204 291 493 597 690 741 803
6  19 28 563 724 846 915
12  16 82 137 153 292 321 348 388 498 555 787 859
8  51 269 388 555 587 828 943 979
10  6 164 309 332 407 567 664 808 880 933
10  66 123 198 461 527 589 618 624 753 971
14  90 132 137 187 214 273 314 364 551 584 655 713 828 834
9  131 142 469 522 641 725 819 860 915
9  12 60 98 329 351 414 487 666 914
8  63 329 441 487 565 888 961 975
15  42 118 126 141 162 269 290 371 475 621 631 682 876 911 922
10  47 179 214 247 287 439 476 783 803 896
10  53 71 94 138 166 190 347 420 589 981
7  39 74 400 498 705 827 973
10  13 134 366 442 643 672 747 758 789 800
12  32 248 255 425 432 465 563 615 626 636 761 783
13  114 122 169 234 254 305 377 559 615 628 633 698 758
12  48 70 198 284 344 473 512 632 704 747 786 979
5  58 76 327 625 850
11  166 337 341 675 684 793 822 892 954 974 975
12  136 167 319 414 522 563 588 590 631 697 711 977
13  4 87 111 135 142 188 445 624 637 707 833 909 935
4  266 506 958 959
16  87 107 149 211 249 267 302 340 431 549 631 668 827 828 868 939
10  7 56 77 138 205 433 450 537 577 774
8  1 183 263 303 328 646 788 895
11  83 129 152 361 438 562 569 669 673 838 982
12  231 242 405 410 469 511 534 687 729 879 897 922
18  21 129 135 164 291 374 484 507 531 560 562 604 654 738 779 783 835 974
7  66 127 218 237 257 533 929
11  142 150 214 288 408 460 608 639 693 715 796
14  56 121 156 161 266 318 367 385 500 536 666 713 821 877
13  20 62 74 195 270 272 333 440 636 820 839 890 910
17  43 267 296 355 359 463 491 500 518 533 736 808 853 948 954 967 986
10  9 45 99 152 226 428 618 650 745 926
8  19 56 177 283 589 602 869 889
6  483 489 572 605 648 664
14  39 179 340 389 429 485 607 661 730 742 854 887 895 946
7  173 368 494 540 711 802 812
11  29 140 213 432 590 702 779 792 795 812 894
10  180 212 216 236 250 322 366 442 531 625
10  136 157 214 229 317 492 668 769 779 965
12  18 77 109 115 330 404 435 445 543 558 566 835
9  296 404 409 547 646 677 695 759 879
10  88 93 164 218 389 533 709 810 965 990
6  97 390 608 795 845 901
16  7 41 112 141 228 322 362 494 782 817 831 843 880 916 950 951
9  1 70 241 302 342 430 500 594 603
7  51 281 431 759 844 920 958
11  52 65 79 120 429 465 542 634 747 815 924
7  121 143 297 742 821 852 996
15  87 105 117 124 231 396 405 432 493 585 621 685 698 747 913
10  50 64 158 500 659 662 700 785 942 951
11  97 102 163 199 326 415 695 763 874 961 965
6  51 184 333 661 768 835
10  158 185 243 338 364 508 579 688 726 837
11  62 155 168 236 247 395 461 834 853 929 985
6  161 316 421 451 694 790
8  97 143 337 401 547 901 935 955
11  208 288 298 321 350 414 423 506 517 628 775
6  320 485 551 581 686 751
10  103 110 279 366 482 484 504 807 894 905
11  116 152 517 610 654 760 852 890 932 965 988
9  62 272 304 378 404 606 839 851 936
14  107 234 375 403 488 511 612 766 822 845 904 915 931 998
7  204 671 774 826 956 961 965
9  97 262 269 292 459 569 698 871 920
10  281 305 333 417 520 544 596 771 782 864
13  166 183 271 534 648 700 726 878 891 896 986 989 997
6  8 183 281 390 584 943
8  69 110 117 201 261 675 724 791
10  22 131 194 237 348 402 517 700 796 986
7  250 556 608 748 755 917 957
8  85 220 396 501 508 745 876 920
11  163 188 201 426 455 521 566 650 723 884 981
8  11 148 250 467 495 584 678 856
10  20 24 256 263 310 346 395 598 736 765
7  35 252 352 377 552 725 748
9  14 23 60 124 294 339 552 697 908
6  50 398 570 626 812 955
10  52 221 450 511 523 590 684 702 824 976
9  12 105 291 317 536 644 663 878 936
14  56 135 243 275 334 357 365 443 592 757 759 760 855 963
16  13 57 69 109 137 165 180 237 362 379 384 447 472 763 879 985
10  85 117 166 275 363 401 501 623 630 878
7  98 157 164 392 511 690 842
12  70 231 238 248 373 437 492 524 557 571 969 974
15  19 318 332 335 339 379 469 484 496 528 618 658 682 799 862
10  62 78 132 209 497 547 602 723 820 960
11  162 186 230 295 523 635 669 700 857 870 873
10  69 105 207 310 388 433 491 816 832 872
14  24 85 178 183 184 258 408 489 581 653 709 717 793 835
11  164 190 345 442 493 619 657 680 752 787 960
11  19 82 89 242 254 369 577 634 725 905 918
10  15 43 115 117 261 322 332 758 786 983
16  93 175 245 304 377 430 435 504 514 530 563 566 594 626 755 863
7  63 150 261 364 702 715 773
9  50 124 135 349 397 412 550 594 647
10  84 264 348 435 541 549 726 826 926 932
9  2 278 298 342 362 419 573 798 939
12  134 143 155 191 245 383 500 745 755 763 787 824
14  21 44 67 102 215 239 290 364 370 540 572 592 821 851
5  133 339 454 565 857
10  20 32 265 299 411 473 542 695 808 928
6  99 169 450 703 770 951
8  99 208 349 424 472 512 828 850
10  16 51 183 229 270 814 826 909 959 989
11  100 106 181 183 205 279 393 500 566 800 857
10  91 131 188 336 343 539 615 662 663 816
9  63 70 92 167 246 392 408 416 455
9  64 182 345 470 546 605 698 729 955
6  57 331 392 548 916 964
12  99 151 196 257 572 586 593 614 788 834 847 952
8  105 119 124 301 373 651 732 964
15  23 48 306 315 329 346 410 475 476 479 493 574 656 740 910
15  35 67 168 226 240 388 471 627 702 709 853 948 963 967 989
11  73 185 406 555 590 850 882 953 988 992 993
12  34 98 184 471 481 580 598 641 709 711 760 785
4  58 221 250 927
12  93 123 171 185 375 394 437 603 693 740 769 867
17  7 92 185 219 279 381 450 545 575 601 617 623 711 810 895 943 965
13  157 272 288 379 452 565 634 636 734 821 903 935 959
8  94 332 425 556 717 799 952 975
13  196 220 264 286 313 504 627 643 728 739 744 923 984
12  43 79 274 276 382 490 523 620 621 840 947 984
5  118 262 565 765 797
5  542 630 790 796 853
14  60 76 154 217 268 305 323 446 607 724 788 835 900 953
8  153 201 314 337 434 753 861 940
11  111 168 174 240 326 541 595 882 927 942 977
8  66 232 358 418 610 630 733 955
11  110 136 193 282 305 334 694 837 855 862 921
6  143 210 214 242 539 920
10  47 120 154 216 236 350 748 777 799 816
10  29 104 176 193 269 402 494 560 710 912
10  7 23 60 168 188 372 411 548 749 838
5  16 302 373 673 932
11  40 136 141 184 363 423 567 666 788 823 887
12  34 62 204 235 469 499 688 698 701 782 907 918
11  14 221 225 332 445 458 501 892 942 944 960
8  88 172 181 308 411 683 818 845
9  65 92 213 298 324 413 514 567 595
6  143 146 183 269 503 853
10  147 269 441 446 449 490 616 851 887 925
9  93 407 423 596 620 652 759 793 987
4  56 229 968 999
10  137 177 183 211 484 624 732 810 847 910
11  56 101 202 298 405 684 718 782 852 870 945
12  86 121 238 240 354 371 375 469 495 537 585 666
10  49 97 111 300 356 527 608 752 757 964
11  30 114 184 378 423 532 594 776 812 888 979
11  24 41 153 205 220 226 399 556 640 717 917
10  4 41 60 121 125 204 570 617 620 644
12  16 26 85 185 198 342 354 366 763 841 918 928
9  64 333 411 644 759 792 858 909 989
11  60 74 75 120 128 173 315 360 633 768 928
4  342 600 936 949
5  420 694 759 776 826
8  218 308 390 475 584 677 740 913
10  82 243 321 337 533 623 707 822 904 972
9  1 20 113 261 303 406 652 679 945
9  26 218 291 310 453 501 615 700 835
8  0 76 102 309 389 835 841 893
9  27 98 173 291 334 420 769 901 911
8  134 170 222 340 480 558 905 916
7  142 229 634 777 783 808 822
14  52 62 374 434 477 493 516 545 747 847 868 899 919 989
7  25 50 82 83 234 512 854
9  102 149 356 394 472 669 711 861 964
18  35 145 148 182 218 226 243 367 483 494 513 559 615 619 694 767 811 837
9  97 113 321 454 586 691 811 895 910
11  147 259 314 350 410 692 726 877 881 928 963
13  107 176 231 244 323 432 445 461 717 736 798 842 854
7  107 294 344 421 629 665 991
10  119 190 287 299 394 513 600 871 904 960
13  227 400 439 518 536 554 736 753 900 902 938 957 976
19  21 163 196 231 291 325 350 447 647 654 655 769 830 833 842 851 854 909 972
7  6 246 380 440 748 783 976
18  79 136 138 144 149 165 176 326 425 442 451 582 656 678 775 822 904 995
7  68 241 340 374 607 746 934
14  26 173 216 256 295 343 353 450 516 618 656 734 875 984
9  123 334 487 503 530 541 551 634 784
5  288 427 638 697 794
10  175 291 316 381 440 581 633 758 948 965
6  120 199 300 721 727 802
12  18 40 130 244 429 451 485 535 763 808 817 875
15  30 340 349 450 539 552 574 596 691 696 735 741 798 808 911
11  39 65 326 330 379 400 612 869 964 966 995
12  14 39 58 98 267 294 324 420 441 575 809 918
7  104 269 296 542 611 689 691
12  118 144 154 202 431 568 647 792 806 939 982 992
5  0 185 202 350 992
6  77 310 501 553 801 863
9  74 142 266 396 409 544 629 815 979
15  116 122 170 175 232 238 252 291 319 320 325 433 567 883 999
14  11 83 121 275 287 300 492 567 708 780 784 912 913 969
11  44 99 252 469 565 608 626 692 740 845 872
11  179 308 394 405 450 504 717 758 822 857 860
7  133 394 476 708 717 774 933
9  177 343 345 379 529 550 612 851 905
16  145 295 374 410 521 540 656 666 686 703 717 857 895 904 943 955
9  124 208 255 322 333 334 676 734 833
8  147 292 364 431 584 610 714 962
9  65 392 517 536 543 689 905 979 980
7  5 72 152 283 589 665 905
7  130 139 345 484 564 608 609
6  81 325 412 436 967 976
7  11 73 226 344 508 552 839
6  34 245 324 337 531 857
11  5 33 40 101 187 379 400 435 655 722 853
11  6 60 217 331 364 437 573 720 773 934 983
