1000
13  34 254 262 276 362 379 382 533 569 683 685 784 984
7  55 92 164 341 405 865 905
6  44 202 231 316 377 403
5  148 247 254 948 956
12  51 331 344 354 423 440 530 556 613 838 906 928
12  109 121 232 285 496 660 745 772 803 826 830 990
9  48 62 234 326 698 885 912 937 980
12  259 294 326 381 418 512 740 801 914 945 948 980
10  119 178 204 218 465 483 493 574 833 957
8  85 181 380 446 574 806 812 816
12  153 195 269 331 461 485 546 644 832 903 912 931
9  164 255 378 394 514 559 645 793 893
10  63 66 151 177 183 242 287 451 502 877
12  108 166 188 281 303 381 395 563 609 778 782 899
6  25 234 401 639 643 956
13  148 261 274 292 298 309 508 595 694 787 829 856 992
5  196 340 446 682 998
7  145 190 207 433 571 756 885
10  25 33 63 182 188 394 397 510 858 874
12  22 235 406 588 686 730 761 847 855 872 873 880
7  140 266 493 705 748 830 907
13  109 208 570 585 616 650 657 710 732 734 763 818 825
8  19 148 163 236 435 579 728 940
13  79 141 151 203 235 354 393 447 460 675 785 902 927
6  250 522 527 556 666 903
9  14 18 116 131 214 342 471 516 746
13  141 233 279 447 531 597 626 704 755 879 895 943 986
8  34 64 329 382 669 687 738 752
7  65 350 609 637 849 887 981
12  117 354 407 421 424 569 581 692 775 783 895 945
6  149 398 609 615 824 838
7  221 253 447 563 669 681 876
11  47 60 175 191 217 256 379 527 614 627 637
13  18 262 285 466 500 503 578 604 664 850 942 949 953
12  0 27 222 280 306 311 354 454 560 741 785 870
15  152 261 313 326 440 445 451 460 551 553 640 680 692 737 855
11  60 116 118 290 365 412 414 428 469 606 978
12  180 306 447 504 717 737 775 888 948 956 959 987
10  46 102 208 232 241 258 298 460 558 702
10  47 108 120 134 175 206 498 682 722 902
11  117 183 250 268 360 395 419 421 588 937 963
8  134 142 173 282 451 711 850 996
11  47 124 155 365 480 551 567 646 956 972 979
12  97 192 249 275 339 349 439 690 710 889 981 994
9  2 45 205 335 400 509 556 610 638
11  44 93 235 279 403 565 642 687 845 867 890
11  38 233 309 589 729 732 762 806 896 986 987
11  32 39 42 396 412 456 534 637 709 863 963
13  6 315 395 399 454 468 674 732 756 782 791 855 883
8  108 171 173 458 554 683 965 970
13  130 145 206 401 432 446 451 588 697 769 826 874 911
11  4 89 100 115 131 137 370 632 742 780 973
12  144 218 264 299 354 394 396 407 432 452 476 889
11  154 274 302 323 337 449 539 578 708 782 878
17  55 62 197 218 242 407 480 503 559 564 573 625 637 767 827 934 945
19  1 54 59 92 114 362 391 401 426 450 508 542 620 667 702 709 860 888 987
11  96 219 332 344 408 521 619 672 698 741 960
6  587 673 705 852 854 949
9  225 270 312 498 555 616 729 776 777
10  55 66 210 227 245 294 414 549 612 846
9  32 36 272 509 550 653 674 735 998
10  147 191 265 278 284 519 587 774 781 910
10  6 54 131 346 347 348 499 525 805 961
10  12 18 72 94 473 501 640 713 789 857
10  27 75 194 198 218 602 618 667 880 911
13  28 100 128 274 311 631 637 699 711 732 808 903 960
11  12 59 68 323 325 420 687 702 721 789 957
8  139 300 309 400 466 536 608 798
9  66 121 304 351 508 538 643 669 792
19  117 270 288 338 362 366 378 497 535 545 555 612 711 729 747 816 831 921 986
8  197 273 488 509 592 607 725 781
10  260 292 302 409 509 549 721 745 838 853
10  63 255 312 318 594 645 654 689 817 987
6  248 421 537 719 930 946
7  190 320 492 710 720 778 841
7  64 254 468 519 601 894 975
11  125 133 294 351 379 382 423 468 523 649 675
10  201 512 636 703 731 770 793 912 921 957
8  233 282 400 521 614 895 953 971
13  23 106 138 172 254 382 416 507 618 670 707 756 845
11  211 349 401 523 551 718 741 793 862 886 930
4  240 711 730 788
5  162 494 510 514 810
10  94 125 301 320 407 681 762 830 849 858
6  235 372 653 712 969 975
17  9 93 161 227 308 531 565 568 576 630 662 726 738 761 766 866 891
16  112 146 299 386 470 536 539 553 557 651 662 735 736 800 915 997
7  521 560 798 872 949 965 995
9  192 282 562 732 794 836 856 917 935
10  51 225 309 518 577 583 649 677 888 980
8  96 200 348 578 786 926 981 990
9  156 212 308 354 664 712 847 898 924
7  1 55 153 217 484 791 830
10  45 85 263 462 578 586 601 760 818 995
11  63 83 155 212 235 323 396 722 844 925 967
6  121 137 144 207 358 360
10  56 90 111 500 527 582 665 687 797 870
13  43 111 123 178 267 326 369 622 668 677 687 877 945
3  302 515 542
13  174 189 393 502 632 727 733 736 788 819 871 880 964
11  51 65 194 282 413 505 577 588 638 659 772
8  117 122 205 250 305 378 634 659
12  38 182 243 265 360 408 546 551 890 905 915 998
9  125 149 333 404 427 429 480 581 976
9  141 294 327 424 458 708 717 769 797
11  132 356 438 510 535 764 769 801 808 898 911
12  79 285 343 361 434 467 565 593 620 651 812 961
9  302 338 533 613 673 720 761 945 964
13  13 39 49 136 158 325 350 353 543 737 836 857 901
11  5 21 224 251 266 477 673 823 855 933 952
9  130 245 279 333 359 380 457 780 808
10  96 97 168 194 654 699 845 916 934 987
13  86 130 161 369 370 403 566 620 662 679 699 853 970
7  247 374 501 579 771 833 924
14  55 120 170 172 392 454 521 594 681 754 797 850 926 994
9  51 164 260 274 331 778 878 916 960
9  25 36 256 373 451 587 601 682 771
10  29 40 69 101 141 149 497 549 795 890
7  36 253 341 346 829 945 977
9  8 215 466 520 587 663 724 774 942
11  39 114 137 414 519 667 830 860 899 924 935
15  5 68 95 152 316 349 444 557 656 722 750 846 889 922 943
10  101 155 370 488 586 670 834 947 954 962
4  97 476 751 990
7  42 354 545 656 668 772 847
11  76 83 103 127 207 296 382 537 731 771 957
15  198 211 276 282 311 323 379 434 529 577 607 675 857 915 987
8  125 248 272 306 618 700 762 953
10  65 180 284 302 309 390 420 644 671 900
8  170 308 331 408 831 834 887 974
9  50 110 112 168 539 557 603 646 855
16  25 51 62 217 220 289 320 339 451 530 543 699 712 792 865 993
10  105 185 527 647 715 718 747 857 882 965
11  76 222 256 313 319 329 485 587 751 844 873
14  39 41 175 228 253 263 385 523 531 580 588 691 749 874
10  180 255 301 370 445 503 550 804 886 907
6  108 217 283 699 709 999
7  51 95 120 416 716 741 943
6  79 302 491 535 732 922
15  67 166 172 197 445 478 482 590 620 622 696 699 885 961 980
9  20 263 281 406 555 606 770 801 848
20  23 26 104 117 193 273 292 373 428 465 515 592 610 623 692 704 759 817 913 964
12  41 281 439 440 449 466 502 513 544 621 707 788
5  277 440 871 897 983
10  52 95 243 435 492 635 690 713 890 954
14  17 50 325 358 397 407 669 676 745 846 869 932 965 991
8  86 171 183 446 486 588 695 890
8  61 151 558 593 732 736 766 795
15  3 15 22 347 393 424 560 563 594 696 727 769 800 811 992
12  30 103 117 246 280 326 472 498 499 712 873 921
7  163 272 315 384 713 743 980
15  12 23 147 208 235 301 389 592 664 681 694 703 784 806 825
8  35 121 174 195 272 286 429 968
11  10 92 187 433 471 473 488 599 638 730 851
9  53 183 307 394 432 514 673 869 901
8  42 94 122 446 474 645 858 865
11  91 190 251 301 352 504 578 643 707 763 989
8  164 314 317 431 790 818 836 851
6  108 175 187 458 624 801
12  190 199 290 451 555 641 673 751 753 906 916 922
10  219 263 344 494 630 680 693 798 871 993
12  85 112 169 316 366 592 732 768 837 859 905 912
7  82 341 399 426 557 583 895
11  22 150 240 459 521 601 690 750 751 808 818
17  1 11 115 157 242 348 379 382 443 630 748 791 813 864 883 943 991
5  386 602 608 707 945
9  13 139 288 413 478 730 781 793 813
13  230 328 345 405 482 496 617 619 648 800 801 865 984
8  111 130 427 518 526 643 785 969
8  161 266 450 470 685 882 915 938
7  114 129 222 412 812 927 969
9  49 146 289 315 335 414 542 700 848
13  79 114 139 223 311 403 518 557 597 683 783 812 917
14  41 49 181 387 440 633 693 699 742 771 794 854 893 943
13  99 152 199 213 237 259 316 908 939 950 967 971 994
11  32 39 134 158 223 256 329 616 670 681 894
5  585 680 740 834 988
8  12 452 485 524 558 592 887 976
3  8 97 517
17  212 257 315 343 378 392 574 582 700 727 748 839 867 868 897 899 924
11  37 128 135 230 293 579 628 706 760 875 976
6  9 173 316 605 616 917
10  18 102 377 402 448 679 695 724 802 974
12  12 40 146 154 345 527 601 603 615 698 733 869
11  190 293 375 392 504 546 758 802 879 937 965
10  132 200 310 316 376 509 693 843 915 948
9  351 431 475 577 588 652 715 948 954
10  153 158 227 239 317 320 364 398 655 956
12  13 18 307 402 505 566 682 744 772 850 875 932
12  99 278 346 387 418 447 522 525 537 582 586 739
11  17 74 156 159 184 344 388 405 504 746 773
8  32 61 321 677 775 910 918 968
8  43 88 202 290 304 590 754 807
9  141 201 554 563 603 637 659 686 774
9  64 100 111 228 498 590 796 856 904
9  10 152 398 484 517 593 619 639 719
10  16 563 650 657 674 701 881 955 958 962
12  54 70 139 264 283 418 713 817 825 895 949 981
11  64 126 224 230 307 323 505 615 771 913 920
15  159 174 235 309 381 420 547 734 795 802 850 852 896 932 998
12  90 185 202 340 371 386 479 667 780 792 977 995
9  77 193 253 457 579 708 789 869 872
12  2 192 200 244 483 494 558 674 692 712 803 850
7  23 224 469 479 486 551 649
9  8 249 379 413 420 482 588 819 974
14  44 101 214 216 219 268 419 511 566 584 724 834 964 999
17  39 50 308 322 366 373 523 557 569 600 628 702 733 773 797 832 862
16  17 95 125 245 247 289 326 331 382 459 727 825 833 837 856 942
15  21 38 151 249 295 448 463 511 512 585 601 679 706 745 983
7  325 428 489 490 670 701 807
9  59 227 321 531 587 776 795 907 971
4  80 126 423 466
7  91 94 179 214 561 712 875
7  174 291 457 742 891 909 916
12  25 205 212 320 322 362 435 506 818 873 921 971
10  119 237 396 399 407 584 607 801 847 962
7  205 304 455 570 819 867 962
11  32 92 131 136 301 319 398 495 558 596 778
8  8 52 54 64 236 628 974 995
10  56 160 205 259 370 438 653 654 755 870
5  131 222 335 745 923
11  31 308 400 454 502 526 552 639 655 656 674
12  34 133 170 220 255 368 562 691 699 756 812 912
9  172 175 295 330 333 407 636 818 967
9  109 198 203 333 362 378 695 833 957
14  58 89 343 369 479 552 573 609 662 712 754 758 779 927
7  265 322 352 712 738 740 777
13  59 85 187 210 248 325 491 511 801 803 819 900 904
12  134 194 321 338 789 823 844 858 871 873 963 998
13  276 489 558 618 625 655 668 677 699 707 816 947 990
10  167 180 198 417 572 626 691 727 771 960
14  2 280 323 365 456 512 521 542 626 676 821 918 924 967
12  5 38 234 325 345 425 491 532 593 703 893 971
8  26 46 78 709 804 845 979 980
12  6 14 232 305 403 457 501 800 820 861 862 935
11  19 23 45 84 94 151 199 330 468 479 951
9  22 218 242 536 684 735 788 901 937
14  174 215 342 403 416 497 655 658 699 712 735 760 902 988
6  239 375 404 536 682 882
11  187 238 317 335 401 434 542 710 739 754 819
9  81 163 480 516 520 523 625 774 969
12  38 281 348 457 522 548 557 691 693 762 767 775
9  12 54 164 236 482 572 718 787 853
11  102 144 407 431 463 594 708 726 858 878 913
11  202 258 366 384 437 473 592 838 871 961 969
8  59 110 207 421 441 497 662 966
5  149 444 514 516 698
9  3 113 207 526 620 684 713 909 951
9  73 127 227 398 482 578 658 806 989
11  43 204 208 303 336 504 748 774 834 883 905
11  24 40 101 257 276 334 346 407 576 581 809
9  109 156 260 573 576 662 746 771 939
8  264 301 604 617 644 656 710 728
9  31 118 134 201 507 578 594 631 757
11  0 3 75 79 452 554 753 803 835 848 923
13  11 72 135 222 454 471 483 548 559 597 620 842 848
9  32 116 133 175 603 636 661 894 957
9  179 250 258 486 498 568 759 764 915
14  38 244 257 305 392 410 437 522 523 540 584 615 684 716
8  7 174 219 278 479 520 928 956
6  71 115 251 280 464 853
9  15 35 340 366 485 557 760 865 908
12  0 33 282 287 472 491 514 615 631 674 829 881
11  93 134 140 160 371 373 449 635 839 871 896
12  52 197 252 355 420 476 511 529 562 592 802 935
7  61 102 226 481 675 745 800
11  20 109 169 337 369 601 653 700 708 825 835
5  97 491 599 694 818
7  40 205 280 371 495 696 743
11  10 305 469 632 636 675 795 808 822 888 913
10  58 69 282 286 398 648 712 774 823 969
5  351 685 742 875 979
11  60 127 150 152 695 717 810 859 911 970 975
7  70 141 293 551 700 841 899
13  15 53 65 115 292 316 520 535 674 732 841 979 993
10  43 321 342 447 454 483 490 499 920 999
9  0 126 229 250 588 609 638 717 972
4  143 464 609 945
11  61 189 259 292 311 392 502 569 652 721 920
8  26 45 110 340 424 481 700 839
10  34 149 231 260 268 359 437 677 759 885
11  13 140 142 241 847 864 880 902 927 948 955
19  41 78 88 100 126 262 270 327 356 367 382 453 496 554 617 715 805 868 887
10  136 197 391 489 497 577 667 675 773 826
9  61 128 372 437 460 492 715 804 945
13  5 33 106 290 301 333 500 566 618 690 693 764 826
12  152 270 362 387 439 471 659 670 674 885 944 975
7  12 262 333 350 412 886 906
11  69 166 434 533 704 753 761 921 927 964 969
6  131 171 207 440 700 757
11  36 159 192 285 425 542 644 778 808 903 923
6  213 484 720 848 866 915
10  15 71 141 274 278 450 558 663 718 792
8  180 184 273 404 425 831 884 963
10  7 59 76 104 503 673 698 804 908 945
12  208 223 313 329 464 517 523 638 661 918 951 954
3  125 436 777
6  321 571 763 855 873 885
11  15 38 364 375 542 643 676 702 705 736 794
9  52 86 483 653 683 748 754 925 965
10  67 351 421 602 652 662 677 697 724 985
18  83 135 151 156 217 252 285 338 361 441 504 515 651 697 772 808 887 952
16  53 71 98 107 128 138 391 415 475 511 553 746 879 880 938 956
8  13 249 306 313 358 364 507 570
11  68 192 216 329 355 398 434 602 605 614 849
11  101 234 258 269 378 459 595 739 744 915 929
13  34 37 127 303 364 439 461 495 631 690 817 923 946
10  154 188 198 357 382 409 444 502 520 670
13  85 91 129 206 221 334 386 467 790 887 924 928 968
14  15 46 67 89 128 199 389 509 594 644 667 706 751 969
6  185 449 457 581 666 965
11  34 65 126 172 278 325 377 448 520 768 826
6  58 72 359 394 451 677
6  35 133 295 303 444 452
14  157 320 355 369 406 497 593 601 652 747 809 896 902 955
9  48 150 171 179 456 530 668 856 858
17  2 121 161 174 181 185 274 327 452 481 499 559 653 682 725 877 940
8  157 187 239 485 707 756 796 820
5  72 359 524 678 893
11  133 217 324 452 479 556 623 644 683 873 877
11  74 83 131 187 214 314 419 694 824 850 970
7  191 210 228 275 297 719 728
9  206 214 226 392 438 451 544 616 915
11  53 66 94 126 198 231 462 664 731 859 915
10  319 399 427 453 473 597 607 910 942 973
11  66 108 145 209 227 232 311 419 573 744 749
17  6 7 35 97 149 207 390 412 686 697 802 846 857 902 953 970 977
12  104 282 316 340 352 498 505 516 642 689 810 977
7  167 386 527 540 596 685 769
13  27 133 175 295 304 370 405 469 607 644 814 853 934
6  223 235 340 460 852 901
13  4 10 115 129 207 396 411 413 566 570 715 929 939
9  56 345 477 485 503 526 743 806 899
13  103 110 223 224 285 287 354 400 418 566 695 791 993
7  250 308 374 394 665 847 901
13  44 171 220 239 385 448 460 517 572 755 829 866 878
9  249 358 487 607 734 788 862 870 901
9  53 266 463 550 615 624 830 874 894
10  69 107 228 301 408 425 435 647 843 865
9  43 131 442 583 645 647 879 936 998
12  16 200 261 279 327 330 502 648 750 786 941 976
9  1 118 162 472 527 628 654 727 759
4  25 237 275 389
9  106 179 225 344 501 507 630 703 741
7  4 56 160 190 343 677 933
8  167 183 232 332 441 632 656 898
7  62 118 189 250 482 609 938
8  62 148 367 417 472 658 761 899
7  62 90 164 241 493 511 982
9  43 80 121 407 722 885 905 923 992
8  28 108 287 355 561 729 806 955
15  68 76 186 271 300 386 399 495 552 626 794 812 842 854 894
8  156 226 327 367 559 612 646 980
5  108 727 840 853 915
18  4 23 29 34 52 91 124 333 383 416 585 598 611 682 746 811 899 945
8  264 304 314 350 356 630 824 984
12  105 282 355 516 538 656 672 757 884 885 932 985
12  307 358 500 512 520 555 642 729 754 791 932 984
12  95 145 303 336 357 530 535 574 685 714 722 930
11  110 280 312 318 373 447 503 518 589 672 877
5  40 95 102 463 556
12  106 301 492 496 641 659 665 667 669 701 825 965
13  0 55 69 214 224 286 365 463 711 855 865 901 919
9  395 437 464 531 534 582 776 897 915
7  187 298 303 306 399 601 898
6  36 42 231 362 412 742
8  69 161 206 244 261 553 789 863
11  282 347 352 428 533 647 675 709 718 744 802
4  222 369 427 965
10  97 112 225 266 314 368 456 583 672 929
17  51 112 122 135 219 329 385 509 510 540 595 621 689 761 834 930 948
9  200 263 268 519 552 629 772 823 848
7  84 284 476 590 597 663 996
10  116 141 206 263 359 558 685 756 826 917
8  113 334 456 490 509 793 817 821
7  184 238 298 382 642 953 964
9  185 447 542 587 613 863 885 915 933
12  2 182 311 438 486 525 552 645 792 836 899 956
9  11 69 101 179 224 305 421 538 719
13  0 32 76 126 164 204 542 683 730 788 875 908 911
8  9 110 392 449 513 627 734 787
8  7 13 199 414 519 650 862 989
15  0 27 76 79 125 164 207 282 307 375 480 673 904 944 956
5  354 611 827 933 971
6  150 244 416 682 707 981
6  134 335 370 394 401 548
15  86 165 200 308 328 351 395 591 603 689 704 793 809 841 935
12  173 189 286 523 526 611 693 793 848 904 918 969
7  190 548 647 830 863 868 994
5  151 309 342 650 735
12  128 326 566 611 693 698 699 706 825 891 975 982
5  55 283 302 550 887
14  114 179 184 258 278 322 380 557 661 739 763 831 953 991
10  23 99 148 514 540 613 818 911 913 972
16  11 18 52 154 312 334 385 460 476 484 526 544 549 571 730 926
7  13 40 48 363 386 502 889
13  47 52 94 215 331 408 409 575 578 604 659 741 963
7  18 145 736 801 806 835 999
14  30 187 195 217 248 270 304 401 648 717 821 824 931 983
13  48 162 215 324 351 364 454 520 627 699 710 874 994
9  44 67 78 221 333 484 572 583 881
13  14 50 55 80 239 385 398 518 857 868 898 985 996
6  182 188 414 604 696 719
9  2 45 112 172 234 237 665 691 841
12  103 238 293 498 521 574 595 634 639 869 896 965
7  1 167 190 329 465 499 727
8  19 140 314 519 739 834 980 990
14  29 52 54 83 145 215 223 243 250 349 444 527 625 848
11  56 102 129 338 396 437 537 538 643 736 778
8  71 307 396 548 605 691 794 805
6  258 413 479 593 811 924
4  331 442 720 852
15  36 47 170 287 326 365 516 550 562 627 643 677 781 881 924
10  100 166 204 331 410 424 443 677 721 742
10  36 59 120 171 381 402 593 596 674 795
8  302 537 558 571 681 858 902 939
13  79 137 237 354 384 611 634 800 823 846 881 953 974
11  230 347 459 520 533 551 604 770 838 899 991
6  7 189 197 333 491 680
9  40 205 320 325 491 636 742 914 951
10  66 128 199 204 264 447 449 490 677 748
15  29 40 73 245 300 378 471 571 626 702 870 900 917 922 983
6  428 431 460 674 947 991
4  4 76 211 523
8  29 104 148 279 413 521 771 797
8  232 290 293 338 567 580 632 825
5  55 162 493 683 714
11  103 168 324 368 461 488 526 602 807 833 870
11  36 141 209 367 422 532 654 689 891 927 968
9  103 152 430 565 580 789 828 855 890
5  429 514 591 953 957
9  157 186 243 422 439 448 632 669 911
9  50 52 154 473 570 613 730 847 872
9  17 153 506 726 737 815 908 947 950
10  106 126 239 288 304 476 688 773 880 958
13  22 144 214 338 437 494 544 648 777 869 877 979 985
5  296 491 724 787 852
13  244 258 280 284 363 408 435 541 731 741 873 955 984
13  105 219 322 377 498 507 636 652 695 719 768 791 928
14  43 142 286 306 431 488 536 581 693 714 715 756 865 936
11  4 35 142 143 173 289 624 689 698 741 964
11  245 301 345 465 500 518 680 700 768 964 983
6  339 411 572 835 880 942
11  164 413 594 612 688 703 838 852 879 915 984
8  121 246 307 313 407 507 884 893
7  35 135 139 573 648 786 841
8  9 16 50 146 155 716 763 798
19  23 26 31 37 189 275 359 376 420 487 506 532 647 708 720 772 950 981 982
14  182 208 311 335 431 481 492 656 694 716 744 764 818 973
12  53 142 263 310 380 420 454 696 801 870 871 954
6  55 169 292 492 552 979
13  12 35 41 50 116 131 159 312 322 649 833 917 960
8  52 177 254 313 316 319 541 737
6  282 324 490 531 567 873
12  34 48 114 221 255 275 399 449 615 772 859 950
5  216 569 672 875 991
10  47 231 315 369 374 558 609 902 929 953
10  110 201 213 234 241 310 465 517 700 912
5  49 104 158 491 980
11  163 207 305 417 502 700 723 755 758 765 872
14  23 35 38 284 330 335 394 422 505 508 785 840 952 967
9  10 306 427 500 534 741 759 809 829
11  93 323 535 632 750 872 945 951 953 967 971
8  208 243 337 360 362 661 685 953
8  260 277 295 363 507 665 868 904
8  8 141 405 441 457 548 793 826
12  33 67 119 142 211 588 699 795 805 942 977 992
6  106 308 549 734 764 902
11  48 75 76 235 505 692 705 744 799 907 929
9  36 203 269 329 567 653 775 855 858
5  86 169 609 893 928
11  25 153 255 286 421 479 511 790 903 912 918
7  149 262 341 347 596 621 779
9  63 153 244 324 432 660 738 750 869
7  155 485 586 635 829 965 973
6  186 302 569 845 888 919
12  52 123 264 372 394 434 567 599 721 777 861 947
12  109 332 539 634 705 749 796 802 813 933 966 979
9  139 166 483 487 583 608 610 856 943
16  200 203 225 235 259 319 410 471 538 604 674 720 731 864 899 984
10  42 54 103 240 382 665 806 836 867 980
14  265 279 316 448 514 521 582 609 771 821 839 895 960 971
10  139 167 204 242 248 346 647 714 752 997
12  8 202 255 275 299 478 504 612 660 708 893 938
8  92 195 291 394 400 514 783 934
11  10 133 177 261 317 332 474 685 787 816 859
11  146 203 257 377 531 584 595 609 757 935 942
7  336 447 478 687 812 919 946
13  70 122 153 427 439 507 553 703 769 812 843 849 885
14  209 229 283 510 519 525 526 534 634 675 692 825 877 929
12  209 275 374 420 453 525 536 556 601 607 676 997
12  138 227 232 262 267 418 419 436 458 517 783 792
9  74 144 284 361 448 450 702 820 973
13  8 20 348 426 501 528 621 646 681 688 834 859 995
12  82 160 202 435 539 553 586 646 740 804 825 942
8  217 268 306 351 506 514 683 876
10  5 167 282 361 544 591 747 824 899 974
8  69 117 237 245 283 314 549 586
11  39 58 149 194 257 327 404 438 530 796 807
14  62 149 275 316 405 589 605 720 764 775 828 843 858 947
13  33 96 285 357 441 461 630 635 654 697 715 910 935
10  63 113 234 343 493 637 744 845 916 934
13  12 99 142 221 278 307 340 395 459 650 701 906 960
11  33 54 135 294 332 359 540 707 716 807 945
11  37 156 184 190 249 301 483 562 703 732 795
7  100 188 198 327 460 468 589
7  214 433 447 495 620 700 864
14  79 253 303 343 438 444 464 488 625 676 872 947 993 996
7  15 55 68 460 635 754 890
14  44 60 70 71 185 309 370 374 616 726 811 815 863 978
12  18 82 105 370 489 518 567 617 688 844 936 956
13  205 208 227 264 302 348 471 521 544 565 733 772 861
7  7 77 208 231 357 643 908
7  142 380 520 540 802 805 931
12  11 82 154 246 262 393 430 481 484 495 697 750
9  98 141 301 529 541 655 745 777 830
10  25 240 246 327 356 412 587 628 679 707
10  178 195 295 335 457 491 551 620 736 854
9  89 168 172 359 401 441 510 637 924
11  61 75 120 371 381 406 489 687 785 814 865
17  119 240 259 274 307 311 357 399 417 513 529 544 561 633 716 772 834
14  56 78 87 114 163 231 404 424 481 511 551 642 667 918
10  24 189 241 258 559 607 628 733 771 878
18  76 80 134 206 240 258 295 387 423 610 652 663 702 704 738 770 814 969
9  177 318 590 743 754 834 865 936 964
12  62 189 377 489 490 541 618 619 642 787 850 921
11  168 221 247 332 387 394 427 489 654 780 893
12  24 32 96 132 183 328 341 407 611 850 870 910
7  493 535 596 739 872 894 915
9  126 264 515 520 782 807 846 928 989
11  4 131 315 358 498 559 566 628 682 822 936
8  26 85 134 210 363 453 486 766
7  232 428 447 825 897 919 997
12  0 107 288 367 417 644 672 679 695 704 834 928
11  47 363 461 489 777 800 824 849 895 921 997
17  69 105 138 274 358 462 528 542 616 647 674 723 746 792 803 856 903
8  67 86 236 238 439 490 712 762
7  73 125 189 408 415 761 873
9  68 356 378 408 479 594 634 820 890
9  53 86 130 477 494 556 979 993 994
11  258 328 370 393 503 513 602 635 669 890 901
14  437 452 515 525 543 568 611 703 751 784 825 913 949 985
13  55 98 171 231 239 290 298 376 379 535 718 721 743
12  108 131 541 561 591 616 722 838 893 928 934 974
11  142 322 394 435 496 511 520 552 566 637 682
5  69 124 596 871 940
5  10 102 184 806 870
5  199 572 616 868 887
11  241 255 385 388 409 465 570 618 707 887 907
12  59 71 117 394 467 497 561 576 578 690 758 992
9  60 135 337 391 412 657 742 821 931
14  35 42 80 102 203 273 417 517 521 777 792 956 987 995
9  221 225 351 371 377 450 544 803 943
10  35 86 302 366 488 494 705 748 783 917
13  49 193 254 282 596 600 710 779 799 818 845 853 928
9  58 69 140 159 357 596 886 919 964
10  4 24 44 319 360 490 539 674 800 840
10  86 121 130 162 172 206 241 261 392 609
14  38 147 177 202 217 229 292 373 415 456 638 808 817 895
10  11 54 255 316 352 522 530 850 898 950
7  34 87 148 565 600 678 995
9  212 350 520 543 549 813 880 943 964
10  88 222 264 412 504 589 632 809 810 827
12  13 31 148 193 196 651 731 739 766 853 942 958
6  54 583 625 633 717 811
10  45 85 106 429 511 560 732 733 811 861
16  112 188 205 285 331 333 390 530 544 639 642 662 852 863 968 996
10  42 425 453 469 476 510 735 763 814 989
10  85 257 541 621 747 784 821 831 861 933
10  0 29 206 278 455 475 610 834 838 875
10  21 216 303 331 432 548 610 621 851 960
8  17 297 394 415 421 603 627 879
12  230 242 335 400 442 547 604 611 906 950 989 998
11  54 225 251 325 445 579 671 709 756 757 864
7  8 9 179 358 404 763 764
2  396 622
9  85 250 251 549 624 737 738 902 977
10  89 100 126 186 283 649 667 709 828 977
11  33 53 90 93 156 248 253 396 549 634 855
8  22 113 180 201 573 757 785 884
6  134 425 429 701 736 857
13  29 103 250 310 439 607 625 700 814 848 884 919 938
13  96 179 189 363 481 603 617 678 764 803 895 899 991
10  89 162 339 369 400 478 564 730 883 980
8  205 215 258 486 706 778 843 882
8  21 176 208 354 591 597 786 949
9  93 122 189 474 494 497 597 830 979
15  57 61 116 119 133 210 376 516 589 651 655 669 692 786 953
11  19 40 50 100 134 146 186 204 276 466 640
11  46 359 499 505 562 587 695 704 851 857 885
8  139 192 194 372 524 693 750 910
8  386 430 496 543 585 730 945 973
11  70 141 151 161 177 244 264 716 765 827 843
8  106 147 195 232 314 410 414 835
13  72 114 148 243 253 309 443 538 630 645 698 905 932
10  15 305 370 404 486 611 668 785 842 883
10  217 328 414 472 528 545 554 555 978 985
11  26 172 255 324 372 585 586 683 745 784 970
2  354 967
7  153 267 476 623 649 815 979
9  206 554 560 640 643 820 830 879 880
17  75 93 116 163 183 208 266 314 364 490 689 749 831 852 899 990 996
7  64 165 300 304 427 540 990
10  130 183 193 256 386 571 582 616 642 820
12  33 252 396 402 417 479 572 610 737 827 933 934
4  181 304 409 499
7  36 140 626 643 826 862 887
12  70 126 215 324 329 336 490 522 581 763 872 980
4  67 165 478 947
16  13 28 30 225 276 277 346 456 470 481 486 557 732 771 956 972
9  44 141 478 523 569 570 604 728 980
17  354 383 387 390 416 527 541 572 595 646 688 726 750 754 787 914 921
10  59 69 352 443 483 657 695 825 909 984
10  4 107 376 393 432 639 698 847 858 941
5  32 78 304 740 825
11  30 183 198 258 262 337 454 664 752 849 904
12  21 58 175 181 322 509 535 543 547 603 669 672
7  167 252 282 510 582 932 982
9  64 79 127 229 285 525 548 754 888
6  56 167 195 525 699 723
12  55 106 112 139 247 255 506 517 682 791 938 978
7  142 370 472 493 568 570 837
6  97 139 575 821 847 964
6  141 319 599 684 745 779
7  158 337 440 576 889 893 999
8  54 229 240 407 507 564 581 956
10  26 230 231 351 421 606 687 698 948 954
12  32 380 399 412 571 647 656 683 695 739 775 795
9  180 206 218 341 516 522 530 814 959
5  371 676 693 913 971
8  85 160 164 343 355 500 594 859
4  65 253 262 306
10  51 99 269 345 425 431 462 562 659 711
6  173 520 564 775 818 965
9  101 404 416 477 489 538 578 888 926
10  144 263 474 500 508 540 736 783 811 863
7  77 223 256 269 419 438 830
12  28 32 47 54 65 193 501 518 544 809 844 973
12  44 100 153 276 295 558 701 738 749 755 810 851
8  14 195 221 404 566 613 757 927
8  35 63 588 600 690 722 747 766
5  159 361 700 806 998
9  45 327 357 375 521 525 566 603 827
11  14 68 156 168 298 408 412 512 600 606 955
11  10 128 252 290 309 319 329 533 734 895 949
12  11 72 155 339 377 594 704 708 712 775 804 992
8  42 130 352 493 494 611 692 780
12  132 338 339 367 388 447 482 535 627 702 704 947
14  167 270 340 398 435 445 656 671 744 791 832 852 918 949
9  76 89 203 451 577 599 686 710 926
8  21 196 381 389 502 778 881 929
9  86 106 301 563 587 699 710 861 914
7  186 278 300 314 438 523 838
11  60 84 219 266 299 316 469 785 857 892 902
11  72 111 219 341 428 500 526 662 680 701 732
8  187 221 229 237 515 587 882 963
12  121 124 221 252 345 356 448 627 648 706 722 944
9  21 196 550 612 828 881 898 910 930
7  237 248 347 665 770 784 812
11  100 101 193 286 361 396 632 725 841 860 984
4  5 473 483 903
9  256 295 392 463 675 684 788 896 917
13  85 86 112 225 245 251 300 566 654 692 764 903 906
9  119 292 372 523 800 897 923 953 962
8  33 91 151 323 615 720 740 842
8  96 334 361 403 464 480 658 979
6  24 310 690 818 820 962
9  55 64 120 200 283 309 361 521 577
7  97 124 229 315 595 824 910
13  27 31 68 145 361 431 540 587 616 726 852 974 983
9  79 122 175 209 286 307 694 835 913
8  128 573 648 787 819 857 968 989
9  56 356 359 369 455 533 616 823 844
10  57 107 109 154 159 294 382 889 965 967
17  48 60 196 202 221 262 274 286 414 422 479 535 556 745 827 828 892
10  23 76 126 265 269 283 367 489 661 719
10  145 231 298 490 507 629 705 874 987 990
15  89 97 191 229 280 300 312 344 412 413 420 681 852 877 981
10  318 560 582 823 836 884 935 957 978 984
8  112 182 208 516 533 849 869 950
8  35 160 176 418 441 654 691 701
13  31 83 114 151 175 415 493 677 710 731 840 924 931
17  16 39 116 188 238 316 354 384 530 544 620 721 796 857 884 923 986
13  0 49 172 299 319 379 426 495 597 627 705 799 832
9  236 247 258 623 661 772 885 967 993
8  0 169 271 328 358 373 463 485
6  19 193 326 649 706 912
11  27 45 66 96 97 487 519 626 795 885 942
11  434 443 493 510 611 755 769 860 947 948 958
11  72 327 370 386 428 440 601 760 864 960 966
10  43 144 163 285 306 549 640 666 758 980
10  134 222 230 241 403 409 680 822 855 954
9  29 35 141 202 468 489 587 646 662
11  160 173 185 241 285 387 390 439 590 629 700
12  15 151 267 320 448 670 750 757 838 890 963 968
10  146 182 224 272 333 438 533 589 612 627
11  139 148 268 402 449 748 789 891 913 918 998
9  50 300 301 326 500 514 713 714 820
14  6 56 183 246 294 390 440 594 613 626 704 839 925 955
20  65 111 112 131 136 139 173 222 229 237 390 399 466 619 651 869 870 872 895 903
17  127 171 179 266 273 279 289 441 457 459 506 581 641 693 781 822 925
10  196 209 361 502 580 638 654 680 735 762
10  38 55 66 206 298 421 492 523 647 987
11  77 151 232 343 443 488 504 541 749 843 962
12  26 141 288 386 523 533 589 645 647 698 906 956
11  20 57 298 468 477 553 676 683 817 897 955
10  180 208 309 390 584 656 686 839 924 988
11  79 142 156 165 229 317 384 503 516 548 973
10  53 104 201 243 266 447 483 645 844 871
11  47 55 136 233 367 573 577 757 891 894 989
14  21 43 74 239 252 399 554 649 651 681 722 874 912 926
8  41 65 69 81 362 632 867 920
14  84 91 131 149 202 212 225 226 237 270 536 645 780 974
11  63 144 150 197 247 697 736 782 876 883 927
7  358 426 439 482 697 828 887
10  132 186 282 284 331 439 500 844 880 883
8  137 258 446 448 503 520 592 990
9  37 104 272 276 398 564 724 752 903
10  80 132 242 292 367 542 748 763 912 977
9  73 195 321 378 402 438 675 764 838
12  74 107 291 411 447 479 499 664 747 796 855 919
9  66 71 278 413 476 542 682 781 855
12  39 94 121 349 358 543 640 656 710 737 869 941
5  459 535 619 742 931
8  119 182 205 300 436 717 960 973
5  70 316 659 733 888
6  85 243 433 509 611 669
12  99 148 179 207 230 341 353 405 783 872 910 999
7  22 252 321 610 866 969 988
12  46 58 69 350 357 740 794 810 885 941 955 980
11  19 81 153 166 379 394 432 583 591 731 776
13  77 125 323 437 479 563 681 730 740 758 945 949 997
16  21 46 48 65 88 138 147 161 274 504 565 609 654 745 871 943
8  99 183 206 511 522 565 725 930
9  21 199 336 380 467 644 784 885 910
10  60 86 236 237 389 567 701 763 856 902
11  86 99 147 298 397 408 517 580 635 713 985
12  35 37 108 433 452 576 604 722 769 800 900 997
9  27 85 226 473 523 576 638 977 995
12  189 239 305 392 406 528 563 627 921 924 975 995
10  7 176 226 494 614 664 729 731 838 869
13  34 56 80 137 343 396 437 440 461 832 927 984 990
9  51 173 213 271 365 413 419 550 723
10  150 268 332 524 542 776 816 882 925 973
9  188 305 325 367 448 468 501 648 911
12  5 71 145 208 220 265 515 597 623 674 732 948
8  25 190 251 302 354 535 780 856
10  69 132 314 496 568 640 720 948 965 977
13  20 164 179 249 299 420 553 696 718 793 837 899 953
10  134 325 477 601 638 703 763 793 902 979
11  121 163 340 462 473 514 590 611 694 772 868
9  123 133 159 163 309 541 798 913 987
7  27 482 615 717 883 909 950
5  159 254 288 792 960
20  114 192 225 239 299 357 508 524 611 618 760 770 786 803 836 847 900 902 918 964
8  26 219 335 459 638 688 761 996
15  17 48 79 222 317 373 439 573 778 813 864 874 909 996 997
13  253 289 356 486 573 579 639 694 709 773 782 792 851
8  184 225 459 549 690 731 914 943
9  141 257 280 341 461 796 853 975 988
9  93 180 237 261 689 754 896 904 988
11  19 85 107 288 347 370 537 755 768 803 919
9  46 83 127 241 536 701 825 885 954
13  21 156 297 392 446 567 574 607 718 735 749 770 771
12  105 257 285 448 467 499 574 582 662 719 836 977
4  459 592 829 900
7  85 147 531 563 640 926 986
10  54 241 769 810 833 835 864 874 936 969
7  161 311 438 441 761 825 950
11  50 104 105 148 328 488 688 737 767 830 980
9  77 140 417 523 658 754 763 783 794
13  113 116 125 173 198 230 251 424 481 522 609 763 899
14  5 100 124 188 301 371 447 454 511 520 684 750 801 966
6  190 206 283 434 757 978
9  61 119 193 240 249 270 781 827 836
12  29 37 191 241 469 499 627 633 645 790 886 963
8  58 210 363 730 743 790 875 937
8  58 226 296 435 476 515 534 551
11  13 74 115 217 290 408 584 650 756 895 985
8  225 472 554 623 834 927 942 974
8  51 110 200 526 646 712 746 995
7  61 70 166 412 700 721 774
8  13 48 53 529 713 757 797 840
14  29 172 484 491 553 635 727 770 792 824 843 888 908 961
9  0 151 541 568 597 658 734 968 982
10  23 34 168 460 519 579 595 653 873 940
6  90 340 445 585 587 754
10  15 242 380 436 485 525 611 671 941 988
9  81 99 142 236 336 379 661 876 905
9  63 66 201 228 366 429 696 948 953
9  157 308 471 775 776 812 888 966 995
11  48 92 164 333 357 438 620 648 951 961 963
12  68 131 200 292 377 491 535 551 753 757 783 975
10  11 77 80 166 374 386 387 465 748 749
9  88 173 298 351 409 729 770 821 864
11  117 147 199 210 269 414 466 504 627 687 809
10  194 317 477 498 682 720 759 864 869 987
9  96 104 114 206 424 782 814 819 956
9  67 87 160 446 751 858 914 983 988
4  468 554 683 919
13  86 148 167 234 265 416 534 556 663 737 801 925 987
16  7 105 140 158 167 215 227 397 449 772 800 824 862 877 881 927
8  182 184 199 264 326 367 477 513
11  5 202 227 254 535 552 582 754 761 931 992
12  135 233 284 294 494 645 880 889 909 917 936 975
8  62 282 409 466 513 872 888 969
11  9 46 151 248 332 350 397 480 546 641 936
8  192 209 427 498 503 529 925 944
9  65 105 110 163 269 290 301 558 859
8  250 314 386 461 562 637 795 923
8  82 272 327 562 638 729 767 904
9  148 354 410 509 564 565 635 891 905
10  9 106 170 172 222 351 487 488 658 790
7  164 166 477 561 756 844 973
8  329 519 523 567 581 628 797 927
5  433 509 599 845 992
8  9 69 229 485 743 822 855 867
9  72 141 197 306 374 558 705 925 991
16  21 93 157 163 214 223 267 393 448 554 633 666 847 890 910 931
9  99 204 216 227 239 671 797 870 976
8  234 317 492 538 600 603 666 697
10  231 374 398 481 550 568 622 794 880 881
9  269 530 691 700 816 862 890 906 989
10  109 228 270 371 416 672 678 949 967 985
12  30 320 355 398 496 534 668 783 801 949 950 982
18  21 151 197 207 266 361 390 425 489 494 532 541 612 614 762 768 838 867
9  5 50 283 285 311 373 465 606 844
10  54 383 562 592 604 642 674 774 835 963
8  429 499 577 657 674 714 908 938
7  15 118 262 335 461 474 765
12  5 20 83 92 120 337 388 515 586 600 636 769
7  69 129 293 392 568 601 980
9  10 206 648 683 741 875 945 953 983
11  8 113 207 224 427 451 767 839 840 966 970
15  122 129 176 205 249 370 406 493 520 524 533 569 779 978 979
9  254 266 397 442 593 670 767 827 847
9  88 108 157 377 480 678 754 764 774
7  161 207 621 748 883 961 996
15  4 30 71 244 417 443 543 569 652 694 719 740 825 922 979
8  179 263 279 481 698 706 833 853
7  353 460 556 681 782 833 969
7  74 273 274 386 403 445 659
4  255 351 595 664
9  185 338 488 499 584 592 703 783 883
11  94 133 228 510 637 672 708 715 813 826 934
11  45 79 111 233 475 501 554 815 853 921 932
7  59 121 145 326 416 529 929
13  19 91 124 215 281 334 432 613 622 754 818 835 982
9  140 171 254 255 291 371 387 407 581
8  28 83 304 488 534 615 679 909
11  33 41 114 188 199 202 320 525 527 559 867
8  153 157 570 589 638 757 866 959
14  57 199 330 411 436 443 566 601 648 669 677 891 892 977
14  71 112 242 260 329 353 554 563 759 839 845 864 879 981
8  57 173 351 517 874 901 953 956
15  19 35 48 109 130 297 362 429 469 578 691 720 721 816 962
11  15 88 194 207 315 478 535 735 746 911 977
11  63 108 126 132 326 401 580 589 653 671 682
12  18 83 155 228 243 315 415 469 499 613 798 869
11  161 272 323 454 485 493 630 808 916 937 987
4  55 120 659 688
6  234 476 511 565 568 651
9  80 206 234 336 381 606 801 822 951
8  47 366 376 388 509 566 635 866
11  164 281 479 506 573 689 756 767 794 796 853
13  1 131 155 167 261 338 362 439 519 524 910 920 965
9  85 291 335 728 851 863 869 981 982
9  45 179 216 480 711 816 825 850 880
9  179 282 388 401 464 547 750 941 945
14  145 154 183 201 404 435 473 679 699 722 740 796 858 866
12  34 96 219 336 421 427 449 527 546 699 819 871
13  99 143 160 228 244 263 449 545 708 732 870 874 918
12  19 87 201 432 459 462 507 528 607 699 727 805
13  19 133 149 214 228 297 319 437 453 537 785 882 899
12  18 50 134 337 399 676 710 756 767 854 871 923
9  180 188 212 271 379 455 569 776 832
5  31 495 713 788 943
11  12 97 316 319 359 435 489 677 801 928 975
6  53 115 243 335 522 990
9  26 184 302 339 443 571 600 853 973
16  19 64 99 281 302 434 442 561 600 715 804 821 867 893 925 982
10  196 262 400 412 416 650 657 801 821 902
8  132 169 238 584 655 743 873 992
11  48 164 249 583 595 713 715 752 837 843 916
10  293 356 444 579 581 678 682 900 946 973
16  6 17 139 280 286 297 349 356 376 488 589 684 687 729 734 762
6  80 135 287 555 775 966
14  28 129 177 282 301 308 391 547 548 606 714 910 938 990
13  37 55 89 269 475 618 634 725 783 790 805 948 982
7  43 52 121 395 624 673 804
17  45 102 117 144 146 429 508 538 540 694 818 822 900 935 977 993 994
11  85 213 390 428 696 709 811 852 921 964 995
3  653 674 852
12  11 173 232 318 444 470 483 526 543 624 880 920
7  75 175 256 337 351 528 709
12  26 29 78 162 197 481 534 558 582 644 699 778
9  46 199 263 314 404 661 760 983 994
8  143 179 363 532 663 705 959 988
7  91 105 345 364 401 559 657
16  13 120 179 273 332 347 354 377 417 479 496 582 601 748 771 873
8  128 227 421 737 754 765 884 890
9  108 154 236 330 334 336 362 540 854
16  23 39 237 281 314 326 415 456 467 576 653 735 749 754 881 958
10  10 24 65 290 471 535 660 662 699 717
9  194 227 382 387 464 615 760 810 945
9  1 102 161 249 349 594 788 811 909
8  4 159 287 502 572 662 704 822
5  20 135 210 468 548
9  174 261 294 379 433 512 783 828 913
8  213 247 612 752 756 804 849 905
13  61 191 324 500 527 590 657 668 727 734 818 865 887
9  50 64 105 272 379 393 431 744 856
12  6 10 77 161 222 457 471 686 710 718 984 988
11  141 198 243 269 393 541 629 670 696 751 908
8  7 419 611 651 758 798 934 951
16  86 102 126 169 185 257 291 305 322 323 353 363 376 443 528 945
7  111 115 159 213 501 859 883
9  88 172 181 373 421 451 553 661 804
11  191 231 295 387 471 521 648 696 754 871 919
12  362 475 487 532 555 581 720 761 799 918 981 995
6  198 275 278 711 865 893
12  69 77 149 214 288 525 534 611 739 845 891 932
7  121 138 159 421 838 936 983
9  220 254 290 306 349 663 682 809 874
12  91 113 120 179 231 308 410 412 518 681 706 739
10  94 299 698 700 743 800 807 817 880 941
7  90 114 394 634 649 710 766
12  23 170 225 281 288 428 639 713 741 779 801 814
10  4 259 308 438 470 529 533 543 554 877
10  305 331 369 456 468 489 650 846 947 967
7  73 80 358 370 657 733 940
9  10 398 513 550 681 723 803 818 994
10  145 188 199 356 357 594 617 845 921 967
8  109 344 376 383 477 568 604 965
10  54 111 329 484 501 543 604 844 914 983
10  88 120 234 264 386 486 500 678 890 968
11  339 439 510 524 530 767 804 806 922 972 997
7  6 40 184 236 776 859 977
8  169 302 346 483 581 620 828 887
4  174 251 331 415
5  22 316 545 785 930
7  340 613 722 729 787 868 925
12  33 119 207 324 442 466 486 494 563 687 779 987
11  26 121 137 164 173 478 552 561 732 758 876
4  286 382 656 807
20  7 29 54 97 107 118 165 277 284 294 354 462 503 591 731 832 868 904 915 959
4  73 306 487 884
12  122 229 422 433 476 499 507 608 647 688 929 962
13  3 7 37 185 186 281 370 626 688 745 747 789 888
11  33 57 87 197 541 585 644 648 731 823 824
11  174 433 447 454 559 572 679 752 768 824 960
8  235 247 295 419 462 791 862 914
3  109 301 460
18  33 78 127 326 375 392 416 430 456 462 463 587 663 748 789 832 854 995
8  122 144 186 295 449 626 691 762
9  196 281 314 350 437 643 698 705 729
17  3 14 37 42 187 259 302 377 382 510 551 609 625 704 797 854 998
8  8 66 77 125 224 256 430 678
5  196 434 563 688 902
7  37 628 851 897 945 965 985
13  56 65 115 230 451 481 502 570 689 724 753 950 988
7  62 106 139 244 783 791 837
9  122 196 215 216 663 666 703 855 947
10  40 47 228 293 396 655 694 775 791 827
16  99 107 141 205 288 375 440 441 524 555 561 622 754 891 982 992
17  49 87 132 145 184 299 310 361 368 404 474 633 673 747 865 933 959
7  245 477 689 772 790 833 886
12  94 174 223 231 460 462 598 673 684 823 929 932
9  152 191 308 428 566 671 694 784 935
14  84 168 170 240 244 270 288 309 387 523 728 767 805 840
7  49 112 272 320 326 597 833
9  78 174 210 214 232 383 462 481 629
5  42 276 393 609 936
13  51 324 448 474 492 591 637 707 724 743 813 879 884
11  129 182 204 218 416 496 543 669 712 779 986
10  75 84 272 286 390 739 759 792 804 877
5  103 177 180 340 819
15  118 200 326 327 466 576 577 718 738 747 764 852 856 890 937
7  36 509 596 620 678 773 834
14  42 233 271 274 435 450 477 539 586 599 665 749 834 838
17  6 7 89 139 150 233 352 406 458 480 583 607 610 690 729 769 831
10  28 43 90 197 384 447 677 853 866 919
12  348 390 447 617 784 824 847 866 880 888 964 984
11  143 208 398 421 441 669 798 832 896 922 934
13  0 167 355 357 437 443 479 612 659 678 741 912 982
10  300 356 401 435 541 596 736 778 823 959
6  26 46 69 682 766 974
14  37 46 55 72 111 126 551 676 702 751 796 800 859 942
11  176 237 706 728 759 760 787 798 897 912 960
9  156 248 381 529 567 572 671 709 822
12  5 90 123 229 406 601 602 676 716 741 878 887
8  145 164 392 417 422 455 582 817
10  15 148 349 466 549 645 803 815 882 964
8  131 160 274 333 507 539 684 890
9  43 114 174 388 399 539 890 896 931
14  87 93 200 218 493 551 560 738 739 780 790 891 919 953
9  41 372 401 507 566 601 755 756 837
9  86 482 490 532 534 731 737 756 936
10  16 60 102 199 228 339 572 641 696 956
6  136 205 275 397 624 727
