1000
7  101 388 409 621 633 662 781
12  44 227 460 519 527 589 604 722 733 794 890 930
9  101 232 257 346 637 705 761 852 897
11  67 114 181 203 251 333 334 342 402 419 699
11  102 186 291 374 410 636 673 884 945 954 998
14  14 32 240 345 412 487 509 586 740 803 908 927 936 997
11  210 276 458 460 536 569 908 922 940 960 990
6  184 277 427 597 753 867
9  17 27 343 383 404 636 742 780 875
10  19 75 465 466 531 638 663 697 976 979
8  16 211 387 396 523 618 926 987
13  117 135 240 331 439 652 795 797 820 849 861 867 945
18  93 106 123 128 142 322 419 423 485 596 639 694 700 705 752 811 816 999
11  68 77 102 142 171 345 458 622 767 855 914
9  5 95 169 216 241 328 397 426 688
8  216 260 341 485 581 654 897 904
12  10 54 87 426 495 552 571 746 889 917 930 973
9  8 288 314 389 493 765 790 825 826
6  26 198 344 352 515 769
13  9 215 225 229 373 375 520 530 770 779 800 932 938
15  74 102 271 324 325 341 351 356 514 612 735 765 768 834 993
4  164 443 871 882
8  359 426 484 656 914 953 979 981
9  94 136 306 417 418 463 607 815 953
6  127 368 416 716 827 893
10  57 92 145 151 200 343 538 730 757 815
10  18 313 362 379 433 452 613 651 745 828
7  8 209 293 300 670 933 971
8  49 308 420 435 456 499 649 946
6  193 306 463 759 811 940
19  43 79 82 105 154 171 221 232 264 312 504 527 735 743 822 834 835 873 886
12  51 216 494 543 566 569 663 759 811 816 934 951
6  5 101 140 347 385 513
5  163 174 469 522 692
10  73 124 229 250 532 596 670 826 894 953
8  61 74 118 260 466 574 818 863
5  42 170 283 438 541
6  101 308 636 660 703 846
8  42 523 531 550 638 810 908 980
9  77 243 369 387 504 605 764 837 911
8  211 361 659 682 694 706 962 980
13  123 126 166 333 417 481 488 651 785 796 823 865 930
8  36 38 240 429 459 648 709 990
7  30 257 326 524 684 803 886
9  1 202 511 604 718 765 794 853 891
13  65 69 164 204 262 286 569 587 672 902 916 963 968
11  140 194 234 300 447 551 560 593 689 722 974
3  178 432 604
13  208 321 332 372 417 486 558 629 682 736 789 837 878
6  28 242 257 583 594 751
12  53 107 213 229 501 711 807 862 955 991 994 999
14  31 78 107 205 211 252 311 565 599 619 720 764 826 845
8  253 369 536 588 604 844 890 902
7  50 78 244 500 645 651 715
12  16 222 321 351 360 554 563 609 709 836 860 953
12  139 157 158 200 261 445 530 588 664 818 894 898
11  158 192 274 293 580 786 795 800 911 945 997
7  25 304 384 593 601 764 778
11  132 236 422 477 618 695 719 733 753 799 826
7  302 333 579 618 759 771 793
5  370 500 674 876 883
10  35 75 85 291 489 648 800 874 935 944
6  159 189 223 257 609 872
9  104 254 341 505 626 667 722 806 937
12  109 497 555 576 676 696 704 761 762 780 825 922
15  45 74 140 175 294 297 381 418 431 630 702 734 859 905 929
13  159 344 382 391 445 584 646 689 711 750 813 834 845
12  3 82 134 166 168 336 543 604 608 661 953 997
10  13 73 184 239 243 308 479 529 637 833
14  45 135 220 450 454 465 626 818 838 859 871 915 958 994
12  140 306 333 338 410 441 472 546 560 640 683 869
9  143 162 348 421 425 515 599 730 838
18  95 147 211 226 237 328 529 554 580 614 657 663 768 793 920 932 955 960
13  34 68 74 107 135 294 365 531 555 594 654 835 921
13  20 35 65 73 83 216 243 474 483 497 592 612 937
12  9 61 300 492 502 651 697 780 781 826 926 962
15  98 143 201 335 396 429 446 566 574 679 733 740 761 770 827
15  13 39 275 281 324 337 346 448 469 648 667 764 892 924 984
7  51 53 235 307 316 506 723
12  30 199 286 290 303 407 520 768 862 940 987 993
12  123 172 305 418 471 609 751 790 794 822 831 983
7  214 445 495 626 843 883 926
10  30 67 288 366 451 465 599 621 673 880
14  74 154 173 190 336 350 384 507 559 627 843 899 948 967
5  168 247 405 617 863
12  61 141 229 244 437 504 511 738 837 931 950 960
11  162 169 213 251 463 504 617 630 690 878 973
12  16 214 246 404 418 449 460 568 576 596 676 940
10  128 252 276 555 753 829 884 957 975 995
7  108 151 204 475 537 645 761
8  142 144 335 421 532 756 871 942
7  111 188 292 643 705 827 863
13  25 202 377 526 557 604 622 639 742 764 772 962 994
7  12 122 296 360 767 891 969
10  23 318 349 384 496 553 625 826 900 916
12  14 72 202 234 421 511 617 722 772 779 895 906
9  349 367 428 577 764 767 817 844 973
9  150 157 159 278 460 562 563 719 833
15  76 182 345 360 378 413 427 479 543 550 554 576 644 719 883
9  162 179 243 284 369 496 699 704 962
8  190 247 272 748 803 851 966 995
10  0 2 32 37 203 219 407 454 476 769
12  4 13 20 181 185 382 383 402 749 799 881 921
12  113 224 248 286 290 328 380 419 616 685 911 984
11  63 201 270 382 627 809 812 854 918 942 987
10  30 206 267 461 602 607 749 782 947 964
9  12 279 611 639 676 688 710 742 791
13  50 51 73 152 222 388 600 617 649 704 739 902 965
6  89 109 140 204 377 880
10  64 108 210 290 296 398 598 647 693 987
7  346 407 731 881 949 952 968
10  91 135 478 584 601 827 832 892 893 985
8  139 163 266 395 559 778 811 928
7  103 188 281 812 873 919 958
10  3 194 300 411 509 575 618 632 822 966
9  441 454 490 576 614 705 779 792 910
12  213 290 355 390 424 446 538 622 662 718 719 733
11  11 274 278 332 334 339 406 615 632 688 842
11  35 128 162 192 273 325 394 496 515 626 804
17  140 150 262 355 367 418 433 509 517 550 587 680 689 714 740 765 882
8  147 376 474 510 634 675 785 867
6  263 423 527 552 600 617
10  93 198 349 357 588 659 700 799 835 908
12  12 41 80 138 168 182 256 257 396 593 927 959
4  34 414 563 825
8  311 404 434 450 499 779 852 878
11  41 141 171 208 538 747 800 810 975 976 977
9  24 135 512 661 685 780 860 864 903
12  12 88 118 137 223 437 581 591 635 701 865 953
11  134 308 337 412 463 530 592 664 709 716 830
8  165 332 424 491 550 773 881 892
5  152 318 432 612 785
8  58 161 241 277 401 453 830 941
4  355 399 568 740
14  67 129 162 202 203 241 356 380 532 659 706 787 926 929
17  11 69 73 111 127 302 330 391 636 696 714 720 724 761 834 914 968
7  23 173 397 713 719 911 928
8  128 277 283 395 498 624 636 946
9  123 210 473 574 646 721 759 981 982
10  55 112 388 512 513 581 598 796 883 921
14  32 46 65 70 108 119 158 280 304 638 665 710 933 935
7  85 126 432 440 947 975 988
9  12 13 90 147 480 564 627 814 876
8  71 76 547 692 693 797 809 855
13  90 181 204 218 278 394 558 788 797 903 913 961 990
12  25 173 379 461 567 680 700 751 768 863 895 921
7  295 329 518 580 622 627 895
10  72 120 142 221 280 408 558 608 635 848
6  182 227 348 750 908 961
10  157 160 218 302 475 507 644 713 969 979
16  97 119 160 171 283 400 482 530 569 597 644 667 696 715 818 984
15  25 89 182 252 259 302 377 501 541 742 822 832 893 903 948
16  107 131 207 227 342 385 484 491 521 562 607 787 797 833 911 970
10  168 308 313 412 530 628 633 673 789 830
11  30 83 244 247 361 483 523 581 645 847 877
9  259 286 377 522 683 706 826 866 949
6  420 634 821 846 940 947
10  55 97 149 176 299 326 658 743 834 835
11  55 56 140 169 426 519 574 747 794 901 940
12  62 66 97 194 205 300 309 454 491 594 822 980
9  149 150 438 537 672 684 838 893 909
10  132 167 174 330 485 493 648 728 759 918
18  71 86 99 118 134 167 210 305 376 380 474 686 837 853 888 911 956 976
16  33 112 235 238 251 261 266 281 360 445 570 616 706 725 858 992
13  21 45 298 311 507 575 591 645 648 698 786 808 938
6  130 187 318 529 596 699
9  41 67 210 340 465 474 663 701 742
6  161 162 432 494 510 695
13  67 84 123 153 435 555 648 659 679 733 793 799 968
15  14 86 158 174 240 263 376 644 681 703 707 768 874 954 968
18  36 248 289 309 437 447 456 593 598 654 809 814 826 841 865 873 928 978
13  13 30 126 150 377 499 571 672 803 812 822 864 938
11  80 392 603 626 636 687 771 774 793 939 944
13  83 136 145 263 277 350 454 641 642 752 838 943 944
10  33 161 169 306 517 617 671 800 937 952
7  65 399 527 535 622 730 853
3  157 214 569
10  275 345 377 466 521 658 770 775 921 977
5  47 273 310 717 846
13  99 233 246 353 383 469 470 488 489 617 730 780 983
11  300 335 347 422 527 777 808 835 868 869 974
11  3 102 144 224 398 459 521 618 819 868 887
7  98 123 148 151 348 757 835
8  187 213 319 328 509 746 873 892
11  7 68 257 512 515 523 600 716 777 865 902
11  102 221 226 346 607 619 695 752 789 851 856
11  4 215 313 327 429 432 558 622 775 780 842
9  165 183 246 247 399 512 590 600 645
13  91 113 201 205 281 327 342 452 503 639 683 894 913
5  62 336 498 754 960
9  83 100 238 448 593 614 655 673 892
11  209 279 312 319 320 398 515 602 706 717 970
6  56 118 339 370 634 917
8  29 345 381 601 843 868 911 916
14  46 114 159 196 271 326 373 395 409 533 632 846 933 975
5  200 403 523 857 941
5  194 378 693 861 933
12  259 266 397 427 566 611 646 753 868 907 945 984
10  18 122 345 406 424 440 454 547 625 832
20  79 270 313 373 377 379 420 442 465 484 506 533 581 626 665 744 774 842 863 925
8  25 55 195 270 350 360 498 798
10  76 104 188 334 382 586 597 756 828 933
8  44 92 95 134 262 836 867 959
13  3 101 134 317 333 413 572 579 657 740 786 826 936
10  45 89 108 144 208 300 435 492 836 917
6  51 159 188 321 715 870
17  105 237 256 315 317 405 437 584 597 743 746 759 808 811 816 843 931
14  152 248 369 382 500 513 550 579 718 741 765 843 871 948
13  48 126 204 353 388 392 564 608 621 684 727 881 999
14  27 191 248 257 331 332 493 578 681 736 807 843 871 872
10  6 109 138 162 166 282 290 320 540 658
12  10 40 51 72 261 414 420 622 632 776 811 839
9  215 335 435 554 687 740 750 770 943
13  50 86 116 183 231 255 291 296 337 366 439 729 939
12  81 87 176 255 396 430 580 595 671 746 775 847
12  19 186 212 321 397 405 478 625 709 797 844 915
9  14 15 31 74 299 451 779 859 916
5  311 449 583 717 785
9  144 149 320 456 465 492 716 932 963
10  101 230 309 317 583 620 821 880 883 961
3  69 234 937
13  30 147 185 422 456 465 473 498 567 715 802 893 910
15  54 107 261 282 335 344 494 567 586 788 795 866 886 937 960
15  62 128 250 261 419 531 578 661 734 757 776 831 916 918 960
12  103 181 275 361 555 658 748 778 816 857 918 939
5  19 486 502 651 965
12  72 185 309 344 346 412 426 484 773 786 846 985
13  1 148 152 289 380 438 472 595 688 724 890 940 995
4  258 496 697 756
18  19 34 50 85 236 284 393 394 510 530 621 670 710 740 787 860 881 957
8  219 257 446 600 665 864 876 986
8  213 283 387 639 654 736 814 884
11  2 30 431 432 508 615 695 715 761 805 881
14  179 369 373 414 486 488 534 564 595 724 747 868 922 982
11  46 95 220 245 264 452 572 746 797 878 940
10  78 163 255 326 678 684 874 880 915 923
11  58 229 269 320 681 684 746 768 814 868 996
8  72 206 464 582 679 761 802 811
13  163 190 247 358 388 402 486 620 661 727 758 826 849
8  68 536 629 646 651 688 739 977
6  5 11 42 169 293 855
8  14 132 134 422 488 683 729 858
5  49 381 642 960 968
12  39 68 74 99 308 563 589 684 783 794 853 916
13  53 85 154 405 440 471 498 518 651 751 911 918 919
7  234 291 301 358 427 626 926
11  87 179 187 306 414 744 767 768 844 863 867
17  84 100 154 187 238 284 488 518 549 604 607 658 703 713 760 784 947
13  103 170 207 209 303 304 340 354 385 472 556 724 918
11  267 433 464 503 594 619 808 815 853 914 945
8  34 223 563 576 631 755 933 961
10  3 86 163 367 509 587 652 690 902 933
11  51 88 151 321 532 594 601 607 622 659 883
4  52 759 768 937
7  63 270 355 409 422 552 819
10  213 214 235 280 510 641 659 669 673 934
11  123 206 299 340 345 349 514 536 648 701 927
12  2 43 49 62 123 184 209 230 469 482 508 824
5  228 295 651 733 889
11  151 155 197 412 441 554 658 710 754 871 995
12  15 35 318 373 435 565 655 716 717 792 927 982
14  55 163 211 222 223 336 477 506 534 621 718 736 860 871
10  45 119 202 338 411 461 520 558 708 822
14  121 169 173 338 432 640 650 665 670 692 704 854 923 980
7  30 234 502 646 725 984 988
10  270 308 319 332 336 536 634 697 769 860
14  112 163 197 267 337 458 543 760 786 816 863 889 905 928
7  105 249 266 442 865 892 948
6  270 443 446 531 796 958
8  236 553 600 679 780 856 936 996
11  104 199 200 254 265 268 844 852 899 981 983
10  20 194 297 306 450 479 540 653 717 785
9  100 305 665 763 780 879 915 958 993
9  118 178 307 408 511 603 617 650 923
10  56 117 431 448 614 729 768 805 817 860
12  77 177 224 392 461 495 526 648 695 911 964 965
7  6 88 360 535 587 633 820
12  7 132 137 173 301 334 377 541 644 661 697 800
11  97 117 144 316 400 437 441 457 514 564 816
10  106 191 336 346 457 515 587 717 863 968
9  140 147 255 287 378 545 626 660 803
10  77 113 163 188 357 451 824 887 892 990
11  210 222 296 424 435 612 738 769 807 839 842
12  36 137 150 231 511 590 649 651 741 790 869 993
13  99 229 247 332 375 426 582 596 602 634 691 778 890
4  362 499 577 823
7  45 79 103 155 426 805 808
10  280 339 344 398 463 559 588 698 788 803
11  17 82 303 375 424 610 674 848 864 891 898
12  170 227 418 479 570 599 666 693 707 861 901 937
10  79 103 109 116 210 421 737 851 917 962
12  4 61 213 245 343 475 498 548 797 867 949 996
6  91 384 460 620 885 942
10  27 56 240 331 402 432 444 534 575 956
9  65 73 382 398 515 520 555 807 982
7  146 258 525 548 556 782 811
10  93 109 213 282 354 385 501 555 885 913
5  65 271 499 628 933
9  164 302 308 454 605 675 729 821 878
8  157 216 256 358 545 803 817 911
15  27 46 75 114 159 180 204 303 320 487 515 561 659 699 789
6  245 277 459 729 828 902
12  59 135 149 151 298 318 355 357 484 570 625 988
16  79 248 288 300 341 446 470 517 602 684 737 748 776 793 809 902
8  57 140 248 372 576 586 652 727
7  80 162 272 385 459 522 954
11  23 29 70 174 246 271 488 598 675 676 856
12  78 273 386 521 530 589 621 630 721 767 957 983
12  28 37 68 129 153 243 265 298 480 570 593 708
10  159 170 219 226 397 446 700 737 759 896
11  178 451 558 612 645 700 744 754 781 898 901
12  51 125 164 217 323 433 434 458 470 501 565 931
10  30 191 497 510 537 540 665 840 867 910
9  26 153 186 199 473 552 641 704 861
2  17 565
9  206 367 486 497 593 720 727 847 881
12  78 278 332 471 586 700 786 804 891 959 960 986
10  203 206 219 419 612 726 733 751 797 948
13  94 131 165 260 302 507 548 607 636 651 749 793 928
11  183 191 265 322 354 598 657 683 803 817 921
10  191 210 218 236 300 387 467 502 680 910
18  48 54 205 215 252 327 382 435 437 529 569 654 745 787 802 896 958 991
8  12 319 351 620 651 732 825 976
9  311 333 495 652 702 707 778 873 970
10  20 77 425 489 512 680 829 874 934 949
9  20 118 381 403 470 526 718 760 841
13  43 157 194 235 406 496 633 672 692 731 893 917 980
9  186 188 321 417 447 548 629 699 881
7  14 72 103 183 479 915 987
3  146 493 886
9  135 161 339 553 659 705 877 968 971
11  11 209 293 338 666 787 799 813 847 874 981
16  48 117 130 209 265 284 316 359 419 424 442 596 743 857 861 880
12  3 41 59 70 203 323 419 517 588 654 802 962
11  3 117 201 277 340 454 489 693 706 822 944
15  76 90 180 212 222 455 485 653 660 726 755 793 864 880 956
19  67 83 189 261 265 279 353 430 447 482 520 607 699 752 769 790 806 818 883
8  77 129 213 266 428 603 649 949
9  70 262 263 331 370 447 559 628 662
8  117 192 287 330 373 413 610 965
9  166 248 256 334 363 395 453 520 830
10  15 20 63 303 436 604 620 736 877 901
9  3 152 188 354 734 791 869 945 946
9  8 25 291 398 488 584 626 818 963
9  18 66 222 226 287 545 749 814 920
13  5 13 98 177 193 198 256 351 466 569 577 892 930
14  2 77 110 185 226 279 355 405 540 622 842 852 924 997
9  32 180 477 522 585 595 754 851 896
10  71 148 182 358 475 649 758 882 910 919
11  94 96 122 256 358 669 719 816 854 933 970
15  83 173 200 354 358 371 389 513 541 630 655 732 740 886 992
6  20 54 322 345 508 723
4  18 644 695 920
11  179 208 336 404 435 715 723 782 785 866 999
9  248 296 319 342 350 564 798 963 970
20  116 119 133 254 302 346 419 422 453 509 578 579 601 623 683 712 763 835 884 892
10  20 134 437 482 511 579 791 940 945 998
9  122 281 302 474 694 729 875 927 954
10  238 245 299 348 349 350 369 398 721 970
11  22 332 375 570 597 623 640 652 827 832 911
15  54 93 98 163 200 276 467 468 517 529 600 712 735 862 975
7  40 154 224 393 434 625 911
7  26 285 512 518 703 902 982
3  340 413 596
5  528 576 674 760 964
5  73 415 710 718 791
11  82 213 449 583 658 711 771 772 788 916 956
8  96 119 251 315 412 497 514 763
2  24 544
10  39 52 99 207 233 358 447 624 705 802
11  60 192 338 522 571 611 680 715 795 910 922
8  350 484 495 556 629 682 700 879
5  48 304 555 617 842
12  19 194 199 233 260 339 422 610 650 734 840 898
6  4 394 396 551 671 709
5  19 284 288 359 598
10  120 162 169 492 528 537 577 673 824 986
18  92 108 151 155 171 177 199 277 428 457 463 477 483 526 630 720 964 975
12  98 196 280 427 434 448 623 637 658 793 872 953
11  26 145 199 470 523 613 658 727 789 798 953
8  103 134 162 227 627 651 670 884
13  65 193 242 325 386 405 414 613 704 812 824 845 928
9  66 102 104 201 207 294 321 539 631
7  8 102 179 420 648 758 970
15  57 83 94 292 408 592 595 615 682 791 832 849 858 945 972
10  32 152 248 296 305 387 401 442 491 717
6  307 381 609 670 830 982
7  10 39 231 320 385 893 978
16  0 107 139 208 238 614 631 667 684 697 721 723 748 761 860 926
8  17 350 390 600 612 789 811 867
6  116 389 532 700 703 970
6  66 135 421 487 694 702
8  172 208 275 414 450 595 730 783
8  229 361 435 632 638 645 734 770
14  118 144 229 374 436 480 481 542 630 633 684 769 906 989
8  112 137 194 340 485 610 918 940
10  10 76 123 214 374 538 581 664 812 874
10  14 136 197 215 309 503 732 862 922 947
11  109 181 191 287 294 343 358 571 575 610 919
9  133 175 187 427 630 654 658 852 950
11  150 278 407 529 554 559 852 857 871 903 937
10  132 385 437 486 489 610 625 841 946 977
10  3 102 238 293 467 616 738 914 916 962
11  195 325 442 523 578 615 670 728 776 889 938
7  8 87 125 353 495 860 985
13  84 206 215 244 346 381 566 727 747 797 816 931 947
10  117 198 326 469 542 655 671 765 829 898
13  79 101 110 400 438 561 615 741 791 942 971 977 989
7  147 273 384 527 634 762 840
11  0 194 254 508 573 584 630 716 728 866 963
7  4 70 515 519 574 769 876
9  114 262 548 603 694 735 793 850 899
13  5 129 153 226 259 367 525 598 646 736 755 760 765
8  98 203 339 363 518 830 900 968
15  124 211 233 246 381 392 513 635 711 749 834 869 874 978 988
10  365 463 564 565 643 796 855 876 878 919
3  24 757 915
10  23 41 48 327 445 535 541 639 739 848
13  23 65 80 87 119 289 541 547 586 637 674 818 880
17  3 12 103 223 317 332 333 355 438 498 521 534 660 694 716 944 969
14  28 156 199 211 383 496 515 556 708 742 835 850 932 986
12  71 90 95 290 391 454 475 494 570 664 754 899
11  58 180 221 241 254 355 373 535 572 820 889
7  12 121 593 750 783 919 960
12  116 130 198 282 288 332 429 487 696 710 780 988
8  71 324 482 509 528 552 558 806
12  14 16 22 158 226 284 286 437 509 556 673 992
10  7 98 197 245 378 399 488 527 661 824
11  96 337 377 460 476 517 661 708 841 933 937
7  42 76 186 424 445 772 902
10  214 336 461 462 477 665 710 753 824 948
15  65 232 274 498 499 634 638 647 745 747 832 839 844 866 901
15  47 131 141 167 186 232 263 293 750 751 904 919 958 968 978
7  26 119 249 311 437 757 895
11  125 311 361 378 437 464 618 619 683 716 992
16  28 168 204 212 260 282 321 353 393 457 495 544 630 829 837 908
9  341 394 494 556 611 660 802 856 969
20  85 128 170 206 278 321 356 401 426 433 434 469 514 638 651 658 722 764 856 960
12  36 160 227 407 419 533 768 791 800 858 868 918
9  11 213 446 462 484 534 544 664 868
7  141 198 244 458 696 885 902
10  70 115 259 278 542 555 634 832 902 965
7  199 267 332 385 403 774 863
5  21 268 586 721 842
3  293 883 940
9  55 66 81 163 417 429 547 548 797
13  76 116 230 268 303 309 439 451 625 665 721 725 921
14  46 170 327 336 338 369 459 562 626 720 770 794 851 865
10  77 190 274 378 459 547 574 687 966 990
9  87 217 366 649 665 822 927 966 978
12  69 125 271 392 451 489 662 678 795 877 931 996
10  82 216 281 310 446 450 486 843 891 942
9  26 188 234 577 634 749 777 830 939
6  132 340 355 594 846 935
15  69 101 115 159 173 198 298 334 421 607 609 799 875 908 922
8  335 513 524 599 610 658 710 757
9  28 170 218 221 552 749 751 814 917
6  278 279 377 435 512 928
9  6 13 266 311 440 623 656 774 831
10  42 181 301 305 447 448 687 708 845 933
11  1 6 87 97 292 428 608 642 672 794 896
10  105 145 262 275 430 462 625 695 731 981
5  430 439 461 465 545
15  23 29 86 129 287 377 415 652 743 795 801 854 866 888 969
8  237 249 434 563 666 736 752 967
14  9 69 82 166 199 218 221 462 547 675 854 866 905 927
9  9 35 177 345 521 647 683 776 821
7  320 360 402 628 651 666 677
5  360 513 574 658 880
9  33 77 179 257 406 437 616 799 957
11  179 303 311 325 379 531 637 708 748 916 954
6  80 244 316 531 666 750
7  70 227 248 551 608 739 852
7  138 221 313 484 512 604 928
10  74 120 162 166 357 650 816 843 865 884
8  89 149 291 348 421 602 665 906
10  101 428 622 671 681 738 749 907 911 966
12  58 261 347 377 430 577 728 791 840 910 928 985
7  111 215 556 572 605 732 769
11  68 98 271 289 328 483 484 613 830 918 943
10  142 308 394 520 528 573 740 763 779 906
13  41 394 547 554 606 620 688 764 847 862 912 917 935
9  150 257 336 356 425 578 866 878 973
9  74 154 377 479 529 672 742 834 977
17  22 152 199 226 302 371 439 473 479 545 557 629 708 761 821 948 993
9  12 15 161 335 395 523 569 673 789
13  48 225 233 238 315 401 451 576 611 736 770 842 863
11  5 300 391 424 536 674 784 804 935 955 982
14  41 179 233 241 247 306 343 427 520 638 651 765 845 930
10  61 179 324 334 401 450 683 736 933 980
8  115 554 703 752 808 882 900 917
10  130 152 159 385 540 597 660 683 719 937
11  75 204 218 376 510 618 635 648 762 818 826
9  17 161 209 329 667 861 879 902 922
14  31 167 222 421 436 529 671 730 748 782 815 971 991 996
16  16 81 275 323 371 404 435 496 521 577 583 659 778 780 791 866
12  94 99 118 228 326 420 495 508 523 550 650 817
8  64 74 312 315 367 529 747 777
12  137 189 200 221 244 291 419 431 828 846 861 916
12  28 125 171 285 297 431 551 580 583 793 825 873
7  53 60 207 556 604 871 973
7  50 151 296 311 654 742 839
11  75 225 264 320 533 624 832 865 892 895 910
7  188 249 397 516 583 803 921
8  30 39 85 86 755 796 849 892
4  63 561 776 812
9  78 199 261 573 617 668 749 778 902
7  83 149 164 318 514 715 762
8  232 257 351 409 496 692 847 925
12  5 114 119 183 251 355 425 426 679 702 729 779
12  120 167 229 255 312 492 565 603 659 777 920 996
12  44 85 95 273 283 356 512 563 666 725 736 940
15  127 139 184 187 324 362 457 473 511 649 774 785 886 969 993
7  32 139 207 350 414 455 468
13  20 256 278 367 437 507 604 705 711 731 818 823 959
13  18 71 118 184 191 279 294 300 410 420 591 605 672
8  503 534 555 567 623 790 819 880
10  119 174 303 333 360 428 665 667 744 945
9  146 244 247 362 413 601 628 651 691
9  1 158 410 574 710 817 823 859 947
12  19 79 262 294 336 340 480 488 578 590 675 720
10  152 177 181 307 419 466 495 538 861 902
7  33 155 305 347 370 713 899
19  10 38 154 184 195 379 403 485 496 539 624 708 756 770 781 782 826 878 979
6  43 455 738 834 936 943
3  295 412 725
8  92 275 325 377 635 822 838 943
14  1 30 121 175 180 408 427 539 587 691 759 769 968 975
11  364 376 425 480 664 669 681 835 842 901 904
19  68 72 165 321 360 400 483 494 497 564 567 579 638 886 904 914 950 967 997
11  19 55 129 150 153 229 307 616 712 723 785
9  9 38 73 223 268 470 471 805 951
9  34 90 134 252 390 570 621 843 848
9  194 199 438 502 549 613 658 717 926
9  233 261 293 419 439 516 674 766 787
11  175 276 417 422 611 762 862 905 911 923 946
9  6 52 239 256 265 487 686 721 775
13  89 160 312 376 594 609 667 718 750 775 821 867 981
10  25 116 126 396 521 619 735 762 808 997
7  382 523 527 557 599 602 830
7  210 271 312 346 491 655 783
10  36 151 277 350 417 418 644 719 747 994
9  394 406 441 678 778 805 858 878 879
11  31 67 98 266 602 612 636 715 776 778 877
7  368 435 439 551 719 761 808
9  280 299 344 462 484 553 577 658 773
8  70 643 673 724 829 873 966 967
11  143 198 418 445 448 465 481 786 788 815 872
13  291 295 318 327 411 445 568 697 726 740 773 873 893
9  247 533 560 632 699 772 800 974 996
12  38 98 119 130 207 496 625 638 641 799 831 994
12  46 374 472 499 544 605 757 772 781 831 878 923
12  16 121 254 313 425 456 741 839 872 896 913 931
9  94 269 330 545 634 654 771 822 973
11  54 72 98 212 259 400 481 490 632 681 910
13  64 73 88 168 224 294 296 372 441 516 800 849 939
14  248 295 371 420 426 436 478 500 561 659 713 720 843 950
9  92 484 539 570 584 594 696 893 908
13  48 144 147 186 262 310 425 656 752 780 800 833 897
8  83 112 287 338 400 601 722 944
8  46 70 549 687 715 789 868 890
11  300 407 505 556 582 677 719 934 936 955 985
6  97 152 447 805 860 974
8  54 97 124 243 250 464 511 857
12  142 208 233 278 354 415 529 675 728 833 881 960
11  51 260 311 314 415 510 642 762 900 952 990
8  31 76 197 405 629 730 762 855
9  145 221 222 516 529 587 611 919 920
11  87 133 548 604 615 621 628 765 827 856 940
13  6 31 45 150 176 321 345 485 798 870 888 896 907
13  163 289 302 308 359 421 532 557 631 736 779 813 961
9  16 171 370 398 671 691 888 939 982
6  203 234 422 478 653 797
6  409 480 506 668 689 884
12  35 76 138 158 410 448 468 519 806 827 887 928
4  114 164 293 398
10  64 87 98 115 250 304 364 486 594 596
10  96 285 345 376 452 477 495 545 637 774
11  209 223 355 403 482 520 679 900 950 983 997
10  59 203 207 355 356 529 608 694 894 971
7  56 72 146 214 499 691 852
10  15 128 139 154 199 396 608 755 761 821
7  237 284 561 597 604 788 913
11  49 217 219 366 495 499 503 643 657 806 966
12  66 111 206 343 409 557 639 660 673 724 740 901
7  347 613 661 850 913 949 957
8  5 201 222 304 316 418 443 709
11  45 119 251 276 279 527 567 619 622 774 896
8  52 55 122 287 333 620 666 733
6  1 243 307 732 919 994
7  187 283 520 750 840 846 848
5  128 164 515 647 861
8  74 129 384 626 692 775 906 948
12  46 57 123 170 190 308 315 423 733 793 794 979
13  49 73 159 249 252 453 537 557 576 714 722 769 825
11  214 227 233 347 384 392 650 783 903 935 967
10  12 34 87 165 284 332 363 576 615 836
13  7 150 201 206 359 491 582 708 736 769 839 881 999
9  109 139 170 306 319 375 412 905 968
10  51 71 82 289 455 539 704 706 741 959
14  107 121 184 187 230 269 360 389 672 676 749 858 896 991
10  57 111 193 252 355 518 559 675 853 908
10  105 191 284 303 475 539 543 713 758 898
8  172 273 337 411 510 743 875 914
15  1 44 47 52 67 92 247 341 473 500 514 568 582 865 968
11  39 298 478 515 551 611 630 655 787 887 982
7  481 677 684 718 735 863 892
15  23 105 152 185 247 252 318 336 454 608 629 665 675 828 948
16  67 147 208 460 472 579 581 607 685 710 762 775 833 860 974 997
13  54 62 80 386 454 537 748 769 785 800 877 933 947
9  288 339 373 395 398 401 455 692 726
12  106 197 370 436 486 535 567 605 670 785 789 836
13  20 74 131 282 310 317 389 543 626 635 808 813 864
9  26 379 381 479 533 585 681 754 805
8  72 115 190 274 388 733 760 986
11  117 232 384 403 407 568 596 680 702 751 830
10  103 163 402 469 530 662 735 799 930 973
19  84 86 95 107 121 174 179 273 372 506 624 674 676 709 716 789 877 985 993
9  10 58 59 114 181 434 492 782 885
8  51 185 249 434 538 587 633 741
13  219 238 292 322 341 481 588 683 700 814 870 908 979
9  0 82 208 229 261 307 532 568 864
12  13 92 116 146 175 186 211 252 346 476 587 943
9  355 359 378 458 516 692 719 843 988
10  137 369 502 523 617 698 789 851 951 970
10  94 198 215 302 361 401 446 461 550 965
20  63 69 81 118 172 199 245 280 343 447 592 612 764 804 818 839 856 864 951 958
6  83 104 142 146 380 801
8  153 297 338 467 518 568 687 821
10  48 239 327 371 484 566 607 707 846 849
15  65 86 307 350 377 394 399 409 435 605 661 802 891 948 951
11  250 382 388 570 666 792 848 850 964 984 999
11  114 117 194 211 393 549 554 767 802 814 834
7  0 153 276 326 394 619 729
13  120 156 192 265 284 408 431 441 452 553 654 800 898
11  128 147 414 492 526 612 757 764 865 879 886
10  4 8 37 135 137 172 318 543 846 967
7  2 68 378 418 470 577 943
11  9 38 140 393 431 437 488 529 550 665 872
11  12 92 106 188 231 417 584 721 895 983 996
8  70 263 359 710 730 762 784 970
5  173 255 313 550 681
6  173 242 460 565 677 693
5  91 415 546 583 819
7  98 149 150 169 277 352 541
11  53 89 154 164 187 310 393 651 754 797 991
10  66 138 197 239 264 412 709 836 891 992
9  109 431 466 591 764 844 863 867 963
16  42 61 77 161 164 168 256 275 383 492 696 760 761 771 816 837
10  28 107 283 337 348 449 512 684 725 785
11  263 273 373 474 496 595 706 721 877 941 972
19  26 41 53 75 225 239 244 258 283 318 322 380 437 467 488 518 645 866 917
8  11 251 304 323 359 463 801 890
7  271 335 572 682 843 942 997
13  15 73 170 231 321 333 399 501 553 634 699 787 843
10  190 260 350 406 540 605 775 924 959 966
5  22 458 558 818 983
10  72 203 319 583 682 697 830 894 923 994
21  157 177 210 224 247 259 366 378 379 399 437 455 468 533 545 806 815 898 920 964 981
15  40 122 134 168 252 255 300 330 495 510 556 689 778 962 965
8  37 280 335 419 436 491 584 685
15  67 127 223 238 277 427 428 585 630 713 735 762 802 896 995
8  0 116 338 450 616 782 783 949
5  9 31 72 166 929
12  55 129 396 421 439 528 681 685 739 750 855 989
16  140 199 230 263 272 312 430 446 449 475 517 607 638 795 842 919
12  289 331 464 467 471 511 588 631 687 697 758 815
11  63 77 150 388 493 517 537 695 770 848 926
5  506 573 687 747 813
5  255 349 528 691 879
11  27 34 229 263 380 386 403 611 719 739 936
11  174 214 374 406 476 494 571 702 727 879 908
9  45 160 171 326 460 483 515 600 804
12  4 82 153 190 255 376 426 485 546 584 849 939
14  60 288 364 418 487 534 617 747 761 809 823 851 933 938
13  120 298 306 465 520 564 601 607 730 760 846 917 998
8  64 87 106 306 600 617 697 857
5  467 561 606 642 889
6  235 450 542 823 923 931
9  76 168 237 269 509 578 683 847 912
8  119 145 320 324 370 615 772 856
13  169 209 236 476 528 554 613 641 664 727 840 939 998
13  40 48 371 384 653 657 818 820 885 888 907 960 964
16  70 155 188 241 319 355 434 466 489 491 620 679 694 715 734 840
15  43 160 208 235 236 243 303 388 394 606 649 805 894 908 915
6  103 127 608 660 664 926
4  162 536 871 998
10  172 212 448 459 560 628 666 668 873 901
8  14 106 117 227 239 481 827 849
9  46 66 119 573 659 690 705 791 954
10  86 251 689 806 835 846 913 941 995 998
12  284 518 527 571 580 669 710 715 760 874 890 969
11  33 143 263 326 508 592 610 623 700 878 894
8  109 143 196 289 334 642 827 898
11  12 40 357 391 411 419 579 683 706 768 850
11  58 167 185 232 275 352 461 667 822 825 854
9  64 135 150 424 440 557 648 751 859
16  9 75 228 265 277 388 548 657 666 676 801 819 884 906 910 954
4  164 287 624 852
9  3 99 165 300 327 336 549 654 867
14  12 122 145 309 310 316 371 390 620 692 842 855 889 958
6  128 166 256 751 783 875
6  65 323 391 509 615 671
11  37 169 247 362 390 490 735 753 770 824 890
10  64 99 107 263 313 381 599 718 822 986
11  2 12 91 115 330 369 514 689 711 828 922
11  40 134 155 163 191 334 599 650 694 735 907
6  169 289 323 629 753 868
14  262 308 420 428 459 470 484 523 597 752 763 776 914 960
12  42 54 129 215 374 586 617 646 729 797 888 947
17  106 140 229 259 365 424 430 455 519 608 640 691 783 815 919 920 943
10  50 66 366 414 514 705 721 820 905 947
4  355 360 530 794
11  136 149 247 522 556 602 661 738 740 751 956
7  119 135 594 751 888 911 923
13  53 150 205 221 232 353 370 507 543 560 683 691 794
10  24 129 184 218 260 409 419 434 617 893
12  178 191 217 260 271 279 385 533 830 965 972 989
10  44 116 207 261 325 365 537 606 704 796
14  58 97 98 116 136 349 491 541 544 561 623 670 787 830
12  51 135 315 377 447 520 556 741 776 787 902 924
12  138 307 358 388 443 446 536 639 650 711 816 862
9  1 46 63 95 437 559 594 753 939
9  78 351 353 388 530 756 771 854 962
7  135 227 233 248 546 584 781
9  163 264 446 511 525 649 751 887 969
6  317 335 548 610 910 941
11  208 238 304 315 379 405 671 681 831 887 920
11  161 403 409 477 564 790 799 808 884 891 995
10  213 241 274 298 301 357 509 633 709 853
9  25 71 175 179 392 494 566 640 675
7  110 326 461 514 760 922 945
7  322 350 397 478 589 792 966
13  1 58 76 116 168 258 317 588 593 614 734 907 945
8  65 223 342 373 393 683 733 817
12  20 30 360 411 538 606 616 661 703 706 860 893
15  48 209 231 261 341 412 464 486 489 511 570 597 862 871 995
8  290 303 309 739 766 782 838 932
9  85 282 402 476 524 713 822 881 970
9  107 239 417 472 664 670 737 854 872
13  5 76 119 133 203 212 229 350 480 548 584 713 769
10  207 283 407 552 599 619 720 765 795 861
10  8 92 106 151 166 420 483 501 751 935
9  30 157 206 332 463 603 784 921 985
6  199 246 310 517 973 991
4  26 321 431 929
8  16 183 206 214 234 236 929 952
11  126 158 233 405 431 497 541 668 674 868 904
11  100 224 303 388 470 494 609 804 829 835 875
13  102 105 318 344 414 452 456 476 506 600 782 784 908
10  66 148 212 423 432 471 537 590 664 777
16  49 80 145 244 317 432 456 615 696 701 713 714 725 742 834 978
11  12 173 185 336 464 490 558 708 825 934 966
11  7 58 88 197 430 703 707 722 911 955 988
7  189 259 310 347 421 613 645
8  250 335 412 504 581 931 943 967
8  90 201 228 523 723 832 863 927
13  25 182 223 416 433 455 551 635 777 824 887 974 986
7  238 348 383 602 666 845 938
11  29 31 59 138 161 206 253 309 527 818 913
12  247 266 325 364 412 614 648 675 691 731 889 901
19  2 64 76 89 135 232 237 388 484 544 581 648 674 771 823 923 955 991 993
13  64 408 492 507 535 538 565 566 608 640 661 922 987
7  272 355 367 480 708 823 985
13  39 51 57 77 92 96 437 481 626 635 647 827 960
10  17 20 44 119 207 406 412 488 568 741
3  534 737 935
9  13 93 96 246 307 632 847 869 895
12  20 72 79 145 169 236 246 253 274 438 694 827
14  18 101 265 282 336 394 410 478 527 594 597 609 740 961
12  19 76 177 212 393 447 486 523 667 703 778 883
9  59 172 366 553 648 723 761 957 968
9  92 95 366 429 549 551 680 792 987
6  130 226 545 548 879 953
7  172 199 442 458 512 577 587
9  177 186 214 536 537 592 608 655 794
10  211 223 303 403 466 505 543 708 720 999
10  180 184 452 497 510 750 757 864 924 975
14  57 112 224 284 323 495 506 542 543 659 770 797 956 993
11  19 95 115 125 216 480 509 570 811 813 904
14  8 64 75 127 179 186 269 272 424 495 558 802 878 987
9  0 75 310 523 551 724 919 956 983
10  105 295 353 494 523 618 662 737 749 918
14  243 392 423 540 595 662 701 710 817 825 847 861 892 917
6  247 487 640 743 749 887
13  41 120 131 217 271 353 512 530 609 611 649 790 997
10  56 164 203 226 266 316 547 790 855 861
12  134 152 229 321 331 534 605 654 719 720 819 837
10  144 222 287 366 547 582 806 843 862 890
13  48 153 185 300 379 389 485 560 611 617 624 931 953
10  17 80 283 336 516 728 785 786 968 981
12  106 342 356 365 384 407 438 477 495 689 793 925
7  115 260 631 732 772 858 954
15  59 72 168 172 303 318 335 378 411 499 593 791 866 885 952
15  1 44 80 158 243 447 460 593 712 715 775 867 910 941 956
11  11 56 222 370 450 463 665 741 818 851 872
6  41 139 268 415 504 718
17  11 143 144 152 215 234 291 317 405 445 572 645 709 778 863 881 935
5  200 354 379 569 950
11  58 102 122 168 331 454 469 550 616 728 811
14  19 56 61 126 174 277 438 549 555 558 609 634 868 972
6  463 627 652 697 984 999
12  221 237 321 333 369 436 630 632 661 780 908 924
10  5 43 100 171 280 287 299 319 503 907
7  118 316 487 626 672 748 937
9  232 274 286 531 542 562 613 684 959
9  63 336 425 574 583 658 690 788 948
6  50 209 282 294 817 985
11  164 180 206 249 286 490 538 544 612 728 999
9  104 143 170 303 674 818 869 957 992
2  38 126
12  12 29 31 112 206 211 237 295 389 779 799 969
10  104 113 171 381 396 505 875 942 953 956
6  66 331 570 612 668 779
11  142 170 231 236 344 456 620 632 883 905 967
9  23 25 249 494 547 658 666 710 962
14  12 31 206 224 266 278 349 405 474 648 721 850 958 964
9  96 274 299 319 496 519 734 783 807
15  35 55 69 150 336 343 418 492 514 626 656 682 759 795 809
9  181 254 516 643 697 787 884 887 913
6  11 276 422 682 711 956
10  156 219 298 466 484 537 581 628 894 943
15  30 80 114 151 159 171 262 334 449 526 553 695 704 738 950
9  41 285 514 519 674 678 761 763 940
9  257 281 376 381 427 430 703 757 855
11  17 64 124 322 499 594 695 752 783 917 958
12  17 34 51 58 75 94 155 170 203 238 492 523
11  24 76 91 111 359 568 574 688 693 764 768
8  26 201 301 498 607 705 923 942
7  88 324 406 435 546 748 927
15  129 132 153 340 386 413 452 479 539 615 657 717 719 842 971
8  80 223 458 550 551 727 922 933
11  111 151 198 359 384 431 441 502 756 917 945
8  68 97 152 558 564 608 891 964
13  20 30 66 135 157 414 483 524 632 751 851 929 999
12  30 73 122 157 180 182 355 420 528 690 748 854
9  54 202 204 596 611 646 946 979 980
10  39 48 85 162 435 648 787 879 921 931
7  69 71 160 173 526 737 857
9  211 282 431 501 552 597 626 895 898
12  312 373 408 477 590 681 683 902 908 920 942 965
4  170 325 401 428
14  117 186 199 282 346 372 443 486 528 665 700 830 879 900
16  81 83 193 206 207 209 451 474 532 556 623 653 654 788 850 866
9  52 96 215 246 270 431 647 858 974
9  51 66 381 459 488 758 939 974 980
15  37 156 178 194 226 453 498 590 629 636 675 690 891 902 926
11  154 214 315 331 481 508 679 767 783 853 887
9  147 288 417 532 590 631 667 898 942
10  11 238 384 504 555 629 673 688 899 985
7  411 420 585 631 694 816 843
9  100 185 290 347 447 624 674 795 834
11  2 125 270 346 399 400 472 580 698 855 915
9  44 162 175 243 249 601 729 847 938
12  104 263 349 463 465 695 723 739 835 876 968 998
12  13 143 240 415 566 664 700 786 824 852 881 979
10  185 269 306 436 437 568 626 680 857 986
10  195 224 332 400 563 676 838 856 863 876
10  163 241 384 438 542 600 792 844 942 983
5  65 69 216 519 696
14  54 127 229 261 265 274 388 404 562 608 735 874 879 885
13  11 196 289 313 332 493 498 521 591 741 783 786 896
9  50 79 360 397 481 535 721 736 788
16  35 84 91 145 199 246 266 279 442 486 606 647 756 797 857 877
10  127 171 230 288 335 612 621 626 777 900
12  41 128 170 184 267 447 474 502 604 635 866 905
16  155 222 353 409 431 463 465 482 495 651 793 843 865 936 975 992
12  7 11 120 202 246 291 312 389 537 647 699 794
13  180 181 193 197 233 236 438 439 560 707 747 800 951
10  70 180 283 342 414 767 809 906 931 944
4  205 569 620 977
13  21 69 90 207 209 259 261 400 500 686 736 952 995
8  62 209 378 547 552 638 739 795
12  30 113 170 183 323 499 546 548 687 919 946 948
12  61 169 235 324 331 396 414 691 860 917 944 989
8  8 357 454 603 701 748 812 917
9  60 142 230 410 415 854 857 970 978
12  154 330 341 450 543 609 617 650 863 937 941 951
12  48 86 125 234 298 415 482 523 542 551 692 780
11  272 371 493 542 635 669 671 773 837 842 860
10  82 108 219 235 332 335 418 468 516 929
14  102 110 130 208 229 232 315 327 564 597 738 797 855 957
6  21 119 348 490 904 932
12  60 81 98 139 219 252 336 444 770 814 895 957
10  4 88 231 355 380 474 573 697 728 819
11  292 296 440 618 682 793 860 908 942 969 993
9  30 43 222 329 350 512 529 635 921
11  181 281 574 605 725 727 757 784 819 847 932
10  162 463 569 571 682 709 714 938 951 972
11  16 258 266 403 422 677 700 760 949 977 987
11  1 52 227 284 560 652 691 703 788 948 973
10  44 93 288 316 451 630 646 728 833 846
15  77 111 130 183 190 267 281 345 355 502 504 606 783 947 971
12  24 111 151 160 221 326 387 548 557 716 735 958
10  34 55 188 579 657 684 692 821 900 957
10  95 145 146 433 502 639 767 839 883 916
12  309 321 347 460 552 569 587 600 661 861 901 964
3  2 15 558
11  55 288 310 373 406 602 634 658 693 839 848
6  83 270 411 421 522 849
10  94 413 490 565 578 842 864 894 916 988
10  158 289 310 341 431 528 584 687 760 896
19  45 52 107 184 251 301 303 362 429 440 441 493 506 521 720 840 846 936 985
6  127 144 151 400 595 998
8  15 432 528 529 747 779 882 970
8  65 266 465 535 598 711 814 865
7  95 394 475 480 592 697 869
9  197 476 569 682 706 733 803 926 998
18  5 6 38 122 148 435 454 557 601 620 671 684 749 802 840 885 921 993
3  160 945 978
13  115 221 312 320 348 370 477 502 554 697 726 794 995
18  39 56 103 136 152 162 193 244 275 299 359 361 476 535 714 753 974 992
2  481 679
9  144 188 296 552 582 585 690 759 819
9  13 22 135 249 402 529 603 708 969
10  69 215 235 272 328 416 684 852 933 965
14  45 94 193 216 223 243 366 402 470 498 895 900 926 942
15  16 192 204 290 326 456 481 490 651 675 783 825 832 874 875
10  104 161 223 224 244 248 395 438 479 782
14  113 244 348 398 415 423 432 567 589 665 710 781 873 992
9  72 344 352 510 567 658 710 727 840
14  73 102 139 145 177 319 446 503 743 837 886 908 951 960
12  6 64 233 370 397 454 493 705 731 762 831 937
13  235 263 273 535 551 657 678 714 761 828 972 979 983
8  77 346 655 720 777 802 959 996
4  199 508 791 996
12  10 75 81 134 245 388 533 667 685 846 907 916
11  5 123 256 260 357 449 465 756 829 951 981
10  112 136 170 266 318 381 457 473 477 574
9  65 134 663 745 746 834 880 994 996
6  1 16 41 345 488 616
11  85 206 311 405 450 552 678 755 789 837 869
8  19 72 218 420 737 882 887 949
17  27 140 194 196 201 250 251 297 349 428 459 489 609 674 831 915 990
5  31 255 324 561 752
9  61 140 453 481 487 595 742 766 797
11  5 203 269 524 561 670 866 902 984 987 994
14  63 74 174 220 222 253 289 400 428 491 804 877 922 960
10  19 164 171 403 674 758 853 888 949 959
10  172 213 224 452 555 571 673 681 722 845
14  6 29 79 87 156 158 227 234 356 395 444 511 568 823
7  132 195 650 690 726 794 877
16  90 104 292 407 451 653 812 828 840 848 858 885 916 947 948 999
13  173 212 479 524 526 622 637 710 755 821 952 970 977
8  61 172 173 334 419 559 869 874
13  4 11 56 197 249 342 356 384 517 731 733 832 909
8  28 137 342 401 535 836 873 974
12  105 141 156 247 397 405 519 609 709 711 892 942
16  83 151 207 267 317 430 484 592 607 630 806 873 890 942 956 977
11  110 155 291 324 337 585 662 889 932 938 963
7  85 399 529 556 578 798 822
11  31 531 624 626 630 868 877 888 921 927 987
8  110 174 565 746 793 871 943 979
11  22 23 34 54 67 128 378 379 773 789 812
8  4 169 305 357 470 689 697 792
6  50 72 487 561 753 761
11  162 293 335 366 713 778 781 794 812 820 948
10  88 229 307 469 585 771 809 881 883 894
12  69 113 268 272 321 432 626 700 816 825 893 977
10  123 202 316 514 599 655 805 924 938 976
16  6 72 85 189 222 223 242 316 423 437 564 682 708 764 921 937
6  144 148 219 250 570 769
10  40 75 92 99 290 333 402 659 723 815
7  45 218 343 354 409 647 949
10  105 275 364 377 631 658 682 816 833 896
10  107 225 275 339 441 625 659 717 840 915
10  100 114 448 449 476 546 583 655 732 752
9  83 464 529 546 595 636 755 814 973
16  45 110 135 168 169 242 279 330 413 432 527 598 604 771 790 854
12  93 149 419 436 463 512 691 725 811 885 914 994
14  152 191 323 349 354 358 383 390 624 640 738 876 904 943
7  27 330 407 494 579 830 892
6  384 650 717 800 888 923
10  16 86 96 482 500 553 616 744 890 967
10  46 180 549 562 608 757 844 845 911 946
9  88 126 141 194 360 377 527 777 866
6  9 126 162 322 959 978
12  126 177 239 401 407 483 870 889 943 948 958 989
9  170 387 414 432 449 751 876 909 976
10  9 22 149 523 593 620 836 855 923 952
8  38 40 159 263 326 489 836 845
10  22 138 270 331 461 537 658 790 927 989
11  138 233 260 294 362 386 487 571 605 996 999
10  80 179 270 307 578 639 656 781 858 923
8  77 103 150 197 264 631 801 936
11  111 226 404 477 561 617 743 763 807 849 902
9  230 316 376 420 614 704 757 856 999
11  10 79 104 109 328 762 772 780 889 936 951
8  141 264 302 414 424 623 753 900
7  394 407 664 717 874 977 981
8  6 42 144 281 448 565 933 997
7  50 321 494 600 645 744 761
9  163 350 426 434 646 809 866 911 919
11  20 79 272 283 484 512 617 761 778 885 908
10  50 69 92 541 550 589 657 929 936 969
10  88 100 227 259 661 690 728 736 871 910
12  236 269 291 450 494 510 549 639 924 925 929 982
12  5 56 67 346 529 538 578 608 653 785 990 998
10  4 356 675 681 686 690 854 903 907 997
13  12 50 208 353 597 631 776 801 808 834 942 982 986
