1000
15  105 141 169 259 331 391 426 464 583 643 723 781 884 925 985
7  116 126 214 332 519 583 677
11  99 408 423 494 545 596 649 710 736 755 997
11  121 301 308 456 538 718 761 799 838 964 975
7  77 429 694 871 937 940 998
15  118 155 168 389 471 561 600 623 720 819 869 892 929 989 993
9  48 246 335 434 534 646 743 789 847
15  103 159 223 294 324 361 398 433 443 445 500 560 687 779 797
12  97 106 296 331 388 410 475 806 842 861 912 964
11  22 173 182 246 406 467 474 758 815 908 945
10  192 379 382 485 528 548 593 623 684 985
12  155 265 340 392 521 535 556 557 633 792 841 891
4  265 478 511 818
8  359 383 425 480 776 831 887 888
8  46 262 412 424 606 624 741 819
6  74 165 326 645 741 786
6  32 528 605 626 877 988
10  53 251 265 400 532 563 646 658 665 900
9  185 225 525 579 590 934 938 974 983
9  88 172 397 412 458 549 659 688 966
4  47 55 199 723
6  203 363 477 568 780 786
4  9 181 597 800
13  166 243 261 262 371 426 436 484 522 734 736 812 834
8  174 369 616 653 710 749 796 894
5  260 351 477 715 966
7  45 154 287 492 494 915 988
13  82 168 211 248 316 387 432 651 682 829 843 847 920
14  56 129 276 278 320 411 513 552 826 854 889 944 953 982
5  199 243 632 657 962
8  57 122 231 254 752 851 884 950
12  186 207 278 302 399 447 497 528 571 640 853 937
10  16 98 99 295 567 669 706 768 937 973
8  137 154 237 249 265 285 488 678
5  223 487 503 540 670
5  210 271 409 897 975
14  68 136 206 356 397 418 423 446 571 634 760 782 790 952
14  64 71 115 193 199 299 354 405 469 473 770 863 887 913
7  61 64 397 491 497 856 900
7  259 282 399 592 601 704 855
9  43 193 338 497 617 750 863 893 955
8  127 154 408 503 533 700 875 890
11  45 170 183 261 374 422 609 701 724 840 981
8  40 74 79 263 326 569 902 971
14  118 129 373 400 445 504 528 597 611 622 707 723 792 868
12  26 42 186 393 519 716 719 804 833 841 985 992
12  14 247 253 416 442 467 586 730 776 852 903 944
9  20 72 140 367 377 403 439 908 947
12  6 151 292 374 403 520 575 602 672 710 730 866
6  184 345 732 767 879 960
5  236 490 559 589 892
11  159 182 207 250 471 490 565 602 776 925 957
10  206 313 337 350 464 493 513 641 643 957
14  17 168 261 315 432 495 509 523 525 552 613 773 799 959
10  82 194 489 591 605 609 641 658 702 832
12  20 99 181 262 263 377 592 856 859 909 918 957
7  28 105 227 313 449 492 953
8  30 191 200 248 467 629 799 998
7  65 606 659 735 776 910 997
7  129 162 190 543 639 791 849
7  203 292 298 623 659 810 941
11  38 99 183 196 390 405 412 550 691 773 783
12  216 233 263 311 376 380 420 488 589 726 756 837
8  120 135 222 352 539 579 615 790
10  37 38 125 184 583 634 844 911 980 989
16  58 102 170 231 246 259 304 363 569 606 616 675 696 724 828 913
4  110 318 656 811
7  188 195 328 378 614 935 960
9  36 233 236 281 349 385 671 893 986
10  182 204 301 345 378 383 505 565 727 738
7  186 321 370 409 440 539 549
9  37 120 218 334 405 567 581 740 775
10  47 193 331 389 512 551 602 774 873 966
15  141 186 191 338 351 424 520 581 672 740 744 748 767 895 910
10  15 43 139 201 514 637 889 896 952 965
8  82 110 426 583 653 828 963 989
10  339 420 428 505 540 652 681 750 888 991
8  4 233 242 247 397 493 666 756
7  118 288 490 525 608 715 814
11  43 91 116 148 163 192 438 523 629 713 932
15  83 148 207 233 329 375 393 425 442 499 636 739 840 846 921
12  117 207 335 377 442 511 545 607 684 685 924 931
14  27 54 75 164 221 327 360 361 460 507 624 830 948 973
12  80 147 224 253 340 395 442 559 665 697 789 964
10  290 351 368 433 494 574 640 729 796 881
12  93 147 154 222 241 321 434 529 663 708 727 734
8  371 463 573 579 658 676 708 997
6  254 258 500 563 671 931
5  19 173 734 779 785
8  226 368 375 450 576 609 708 767
7  92 154 544 580 595 615 938
11  79 139 200 233 304 385 528 547 650 863 909
10  90 187 214 404 480 594 661 689 752 942
7  85 438 542 577 654 844 968
16  109 114 141 152 203 318 322 362 432 471 544 725 727 900 956 990
10  117 269 452 559 586 591 794 881 929 938
8  280 282 334 685 726 729 893 916
10  8 134 262 498 534 631 648 952 957 967
14  32 150 248 394 417 525 682 733 754 758 770 829 939 966
12  2 32 55 61 206 289 389 403 453 473 588 986
10  128 187 282 358 444 451 458 567 637 639
11  214 456 482 487 553 564 567 628 637 808 842
16  65 160 178 260 340 364 365 405 498 511 602 634 761 837 959 964
7  7 204 222 732 817 925 942
9  136 244 347 568 622 775 809 939 987
15  0 56 187 295 380 381 411 440 461 465 642 718 782 791 889
11  8 140 150 157 292 331 342 462 745 779 953
8  441 500 507 673 725 845 853 928
7  166 427 627 678 776 827 968
13  94 115 304 320 395 520 566 730 782 797 843 881 973
9  66 75 136 159 195 236 535 652 911
9  135 246 258 391 482 568 630 656 930
8  203 228 533 565 569 710 779 864
12  216 314 460 481 577 607 723 764 772 781 814 989
14  94 134 178 198 221 249 254 319 389 436 581 606 864 986
13  37 109 149 212 333 392 480 567 657 707 767 942 950
13  1 79 167 436 462 467 593 647 657 683 755 757 876
7  81 95 153 257 502 934 992
11  5 44 78 154 172 338 555 664 731 945 988
14  158 273 307 330 401 522 572 577 633 651 748 799 856 997
10  63 71 301 499 537 588 687 774 924 960
9  3 217 223 273 419 622 664 745 816
5  30 144 840 889 892
9  174 366 387 540 582 589 749 850 919
15  205 291 295 334 347 426 548 601 610 648 666 683 710 760 794
13  64 141 187 268 363 440 496 731 794 945 947 973 997
14  1 316 326 338 386 402 431 463 512 606 822 832 842 964
13  41 219 313 360 379 395 464 512 573 609 647 649 802
14  100 153 209 248 278 281 299 339 423 549 721 775 785 902
10  28 44 59 375 475 587 611 648 781 955
11  149 204 206 227 266 361 464 556 626 960 998
7  221 519 751 756 769 982 990
5  279 384 622 693 803
7  158 194 355 362 406 861 901
15  97 114 339 392 466 491 522 644 771 786 804 823 841 931 971
15  63 111 152 274 447 477 553 567 670 714 731 753 777 824 911
15  36 104 110 151 225 261 277 355 364 374 472 692 715 771 777
9  33 146 212 301 420 628 690 704 862
16  202 219 311 436 529 572 597 650 830 838 851 858 867 923 951 964
11  74 91 238 344 479 488 506 575 657 872 907
11  47 106 277 565 647 723 849 925 946 950 966
12  0 73 94 125 262 332 415 438 641 776 858 900
6  215 229 664 832 922 998
10  372 374 410 422 541 544 824 881 919 957
10  122 173 376 630 649 818 873 950 961 964
8  259 302 365 371 435 659 679 740
7  137 244 299 602 759 937 978
9  83 85 511 649 650 693 867 907 982
12  79 80 150 172 214 398 471 662 805 859 885 997
12  115 130 160 196 321 431 467 663 760 836 906 962
13  98 106 148 184 271 455 698 762 785 791 874 906 922
9  48 136 245 252 259 486 754 838 960
18  94 135 240 415 420 475 523 539 570 578 594 634 719 730 782 805 831 975
12  117 128 368 404 408 527 565 742 765 786 887 893
10  26 33 41 85 90 118 704 747 920 969
8  5 11 361 394 396 483 773 982
12  194 286 456 462 533 548 610 640 727 805 974 988
8  106 177 180 377 542 715 948 988
10  119 133 308 309 388 484 544 687 811 853
11  7 51 110 314 337 342 456 642 951 967 969
11  102 149 175 323 362 393 416 480 504 611 802
9  217 361 372 393 449 599 665 893 992
11  59 222 245 263 374 412 577 673 741 850 911
8  79 291 481 488 557 571 749 768
6  82 300 360 395 456 623
14  15 173 258 307 312 350 395 521 582 677 736 754 868 881
9  23 108 170 351 428 445 449 572 878
10  116 353 476 495 517 520 634 742 820 983
12  5 27 53 194 202 230 436 532 559 607 762 961
6  0 237 467 661 947 997
12  42 65 166 232 312 356 562 670 825 827 860 917
6  300 310 458 803 817 879
13  19 118 148 457 498 514 515 525 629 675 775 839 905
17  9 88 144 165 174 247 275 402 410 518 563 600 687 797 830 922 953
9  24 123 173 191 382 479 760 934 956
19  160 186 212 258 416 431 458 467 474 506 512 527 554 656 690 691 717 755 914
10  197 289 313 437 448 469 509 511 601 753
14  157 220 252 290 317 335 451 484 520 573 655 733 785 891
12  102 114 222 295 303 329 374 544 603 636 694 712
4  538 705 804 808
14  157 200 213 345 408 465 518 559 607 653 688 743 744 820
9  22 55 274 443 463 474 529 705 923
15  9 51 69 209 247 280 382 451 561 620 624 674 704 768 884
11  42 61 190 287 342 539 579 686 848 873 902
8  49 64 150 225 475 496 687 755
9  18 241 249 257 358 460 562 620 670
17  31 45 70 73 175 192 195 213 214 300 350 646 669 680 759 849 861
13  92 100 105 125 251 351 367 387 540 551 661 948 961
11  67 201 267 284 400 465 645 767 776 825 937
12  283 375 383 487 490 536 570 712 872 911 914 996
12  59 183 270 301 334 366 438 488 650 767 886 898
13  57 73 174 220 249 341 361 465 609 610 804 811 914
10  10 79 186 281 373 415 425 573 757 878
9  37 40 72 224 232 498 523 709 885
13  54 133 156 168 208 277 317 334 473 618 706 842 977
8  67 110 186 356 372 456 685 937
9  61 149 243 354 475 538 581 895 925
13  176 211 294 394 408 412 510 536 771 799 901 905 961
15  114 250 272 279 307 398 477 526 590 655 672 827 861 915 976
12  20 29 37 380 465 487 502 519 638 695 834 991
14  57 91 180 209 239 388 633 651 706 707 719 794 852 904
11  74 188 405 407 789 872 880 884 934 939 969
7  138 168 337 524 558 636 936
13  21 60 94 112 205 207 513 568 580 620 707 896 974
11  69 103 130 253 277 285 302 397 660 726 961
8  124 203 340 488 718 742 766 959
8  36 52 99 130 326 446 855 998
12  31 51 80 81 203 271 430 433 483 678 759 914
6  194 298 486 657 707 893
14  128 182 200 255 408 443 535 614 724 816 882 928 972 984
6  35 380 616 639 859 952
7  27 197 270 284 560 688 747
12  115 137 175 261 661 702 725 768 830 943 945 985
7  180 186 317 330 528 927 962
13  1 92 101 148 186 299 383 453 454 541 586 822 940
11  142 395 407 415 608 698 730 777 795 882 893
6  62 113 251 508 690 916
7  121 161 489 522 604 655 923
8  71 234 241 313 360 535 797 802
7  127 138 234 586 861 881 967
8  177 191 228 249 261 776 892 997
6  82 114 131 554 844 877
9  63 85 103 162 178 281 630 881 970
9  7 34 121 370 394 836 869 982 997
7  83 193 421 594 651 809 990
11  18 136 184 363 484 617 741 823 903 928 936
8  89 308 375 409 633 697 909 920
11  56 130 336 382 549 616 694 730 807 867 945
10  112 220 297 586 634 766 810 886 936 975
9  142 392 403 414 727 752 787 916 967
11  168 273 313 369 439 622 701 773 852 878 899
14  30 65 234 355 392 451 622 645 690 752 755 808 912 948
7  170 193 290 304 556 704 911
17  62 68 77 80 91 296 319 333 428 475 500 516 751 829 857 927 975
12  218 219 231 246 264 536 639 711 844 845 898 997
8  259 555 607 659 692 716 753 890
10  50 68 110 328 412 422 424 471 578 846
12  33 169 292 294 357 398 434 523 581 757 838 971
7  139 408 431 762 814 913 916
4  200 476 832 918
9  152 439 442 452 592 794 824 860 934
7  85 185 218 399 528 708 937
7  77 243 383 401 432 791 872
14  23 29 196 242 295 301 354 491 540 675 684 858 930 948
8  104 146 450 479 547 630 715 970
9  151 162 322 334 374 406 668 715 887
12  6 9 65 111 234 405 469 489 533 618 665 968
12  46 77 173 182 347 369 525 553 561 630 905 908
17  27 57 98 128 325 375 535 587 628 667 707 748 753 825 877 898 906
10  33 114 185 191 220 410 412 491 866 965
5  51 198 563 804 875
10  17 187 216 460 500 505 572 774 805 838
11  151 177 254 406 451 519 561 761 826 853 958
13  46 83 204 265 299 329 564 603 631 664 907 909 975
9  30 87 114 252 446 459 908 927 977
7  209 328 365 372 532 628 938
6  389 502 539 555 808 922
13  117 185 293 386 431 462 499 502 571 713 879 889 939
15  87 111 165 175 311 326 499 571 608 716 739 785 842 872 963
14  0 39 65 145 151 235 308 447 526 625 720 779 894 899
8  25 102 377 460 480 772 987 988
13  23 42 53 136 212 220 268 446 555 594 654 965 991
16  14 23 55 97 141 277 297 370 438 559 738 754 862 866 927 988
17  43 55 62 162 443 461 550 553 575 580 662 702 782 798 874 939 988
4  234 866 942 958
15  11 12 17 33 253 447 493 528 590 690 755 872 874 880 917
7  130 492 547 720 917 936 940
4  188 299 416 783
10  125 261 435 471 635 796 879 903 961 993
8  95 302 439 458 680 743 895 999
5  190 211 764 880 958
12  35 150 207 327 343 377 428 490 629 649 667 852
5  198 303 577 666 846
9  119 121 230 406 639 707 714 853 993
9  135 181 333 430 502 580 691 735 801
9  173 353 689 696 715 724 835 863 890
11  28 301 361 365 401 494 500 523 584 735 799
9  136 140 194 204 262 333 704 730 963
11  28 31 128 279 389 422 532 618 762 773 844
10  132 198 278 294 471 505 582 741 795 818
6  96 182 281 611 744 969
11  68 128 192 222 280 564 635 792 831 889 971
11  39 96 100 311 357 372 571 578 611 706 734
10  189 339 389 456 608 616 617 669 772 922
9  188 211 326 450 676 686 810 911 942
9  33 204 413 493 584 587 715 909 945
5  156 308 563 573 598
8  26 183 316 467 616 649 945 984
6  78 419 554 617 694 776
8  99 176 426 488 502 630 809 844
7  84 177 232 551 591 736 805
5  124 163 622 781 797
14  48 60 106 237 304 361 411 419 496 625 649 705 994 999
8  257 423 599 682 737 758 902 907
17  7 197 237 279 358 410 420 563 599 654 659 664 685 771 784 817 837
13  32 105 124 178 243 304 349 423 553 724 741 785 808
7  8 233 413 482 489 640 740
6  228 262 307 573 680 760
8  60 208 427 565 600 686 878 911
13  37 128 146 214 253 267 367 465 509 654 683 800 857
12  164 171 186 515 557 574 609 623 644 786 857 979
14  3 69 120 137 190 243 276 354 424 458 493 655 948 984
10  31 145 204 269 348 548 561 595 627 940
6  178 272 624 746 852 857
10  65 91 109 232 292 295 323 369 885 969
5  313 435 550 578 966
8  369 734 783 808 899 916 930 977
10  119 165 198 297 448 545 703 795 884 983
10  3 158 226 259 286 434 573 653 665 993
11  158 396 412 444 497 605 734 764 841 871 906
6  171 411 470 730 809 968
8  62 138 258 282 463 794 930 991
10  165 170 398 494 611 649 671 763 817 857
10  52 56 127 176 218 230 305 428 526 908
10  113 159 409 429 452 466 533 542 793 856
11  53 387 432 482 687 736 776 812 829 864 881
10  27 126 287 393 448 643 696 757 768 918
11  177 194 213 479 559 604 611 796 871 887 912
10  66 94 386 409 446 455 476 625 637 851
9  114 233 439 586 622 763 786 832 880
6  28 109 424 428 523 868
6  70 85 149 393 539 953
8  94 245 324 556 630 664 883 956
9  160 304 433 588 741 844 904 948 972
11  7 322 387 388 506 541 641 724 739 764 818
6  248 340 417 752 801 889
10  15 43 126 206 258 284 350 369 635 781
11  82 271 489 614 669 685 698 744 805 950 965
7  67 236 255 381 623 887 954
8  80 178 253 549 644 896 911 955
7  119 213 397 404 633 668 730
6  0 8 72 106 405 421
10  1 141 472 473 491 787 841 911 957 994
12  115 233 274 277 594 616 672 712 785 834 925 995
12  71 96 124 190 194 245 481 489 562 712 785 786
9  6 81 177 349 407 537 669 767 902
10  227 346 423 487 745 806 808 830 912 998
9  52 159 202 427 644 701 705 792 884
9  40 73 118 126 584 673 870 925 979
15  76 128 134 283 342 379 556 608 710 772 827 860 862 894 945
10  11 83 102 205 325 569 595 677 773 915
8  191 591 607 756 781 787 870 937
12  106 159 183 339 365 388 492 576 753 957 967 972
7  271 484 605 720 785 789 944
8  139 405 417 784 819 851 921 952
17  49 69 180 497 601 664 736 782 803 811 826 856 882 912 949 972 973
13  336 385 418 515 520 527 560 583 627 668 669 707 745
11  104 124 247 354 387 423 435 466 616 701 920
6  302 653 748 904 924 941
12  68 295 335 372 443 462 515 590 765 886 965 978
12  52 165 186 326 385 484 563 591 609 666 819 912
10  25 73 84 166 187 634 647 710 848 884
8  63 370 485 744 762 843 870 906
15  167 275 373 399 438 549 553 585 618 670 740 843 865 898 977
13  37 196 243 301 347 412 414 418 471 640 697 761 958
10  133 136 231 431 475 480 504 613 646 978
10  36 170 195 458 504 538 572 625 626 761
11  237 282 453 524 610 706 766 790 791 857 948
9  100 185 294 419 441 664 743 776 992
6  13 503 526 542 690 998
9  82 127 164 218 380 613 615 874 993
13  7 82 130 155 161 191 276 292 449 543 613 659 765
11  94 133 160 386 427 557 588 611 692 734 929
9  21 65 125 225 401 561 830 892 983
13  102 136 377 380 434 591 619 649 777 841 889 950 983
12  102 145 255 276 342 394 530 545 570 649 716 855
10  123 190 384 412 453 627 677 695 887 914
6  47 187 299 501 509 767
11  84 89 153 453 551 649 675 677 798 799 940
12  24 230 247 304 306 326 432 460 576 608 755 984
13  70 223 262 352 403 519 576 868 877 893 900 950 988
8  23 86 145 401 519 520 700 855
18  143 161 195 255 282 349 380 459 489 578 630 747 748 755 869 895 896 912
11  44 192 353 427 436 453 502 512 537 674 889
14  42 48 136 143 162 178 245 387 392 590 836 873 931 962
10  80 89 129 189 226 248 581 661 828 937
9  62 144 522 579 590 747 769 815 951
14  47 55 81 157 260 271 364 419 434 561 594 639 760 910
10  67 69 481 543 654 674 710 883 937 945
9  10 127 339 609 610 612 624 747 821
12  62 105 199 210 360 364 372 473 477 537 816 938
6  105 328 593 698 765 862
13  10 174 182 227 386 485 612 745 833 853 939 952 974
13  13 69 189 214 242 397 421 471 503 610 668 953 994
8  132 366 396 433 520 680 800 922
16  68 91 346 350 461 467 533 561 712 734 791 793 794 823 858 984
12  126 257 318 362 382 548 641 684 761 805 833 911
17  27 123 187 315 324 347 374 403 432 520 591 624 737 822 878 881 921
8  8 158 200 324 342 609 761 943
17  5 72 99 114 256 278 283 420 432 494 552 645 789 871 936 956 995
5  61 480 687 866 912
6  0 111 437 679 684 758
10  11 115 134 229 231 374 492 863 954 955
13  45 80 160 161 316 321 468 628 737 741 760 870 904
12  98 155 197 223 365 464 485 670 696 738 809 943
12  83 109 127 164 165 215 580 663 806 901 933 985
8  155 309 384 431 440 551 553 953
13  19 36 38 77 204 330 383 472 577 768 821 925 929
12  7 148 198 237 312 402 818 827 841 853 923 950
6  31 39 241 353 709 832
10  17 44 188 455 459 485 669 846 956 966
11  119 242 276 363 371 539 636 655 692 935 951
7  126 173 398 409 596 619 798
12  47 48 99 229 370 387 440 488 623 688 730 877
8  92 153 330 499 633 671 770 850
16  37 61 71 102 201 246 331 344 438 456 462 732 741 763 806 947
8  9 133 245 252 273 565 611 620
9  201 215 335 614 682 684 696 813 976
13  2 41 153 180 197 209 238 517 525 923 932 979 997
14  35 70 226 314 318 402 513 573 618 752 773 828 969 994
8  8 143 173 249 294 624 706 880
6  28 105 292 310 713 735
15  14 19 61 162 197 236 249 309 354 366 417 634 728 878 995
9  285 296 453 514 630 667 713 904 985
11  229 354 497 527 682 714 791 816 824 888 906
8  141 152 192 215 614 680 824 876
8  46 160 175 267 618 706 716 892
7  98 325 344 412 489 587 750
9  36 346 354 430 487 590 674 773 832
12  121 288 292 358 377 591 643 682 701 783 791 921
16  62 76 137 152 294 389 447 489 494 550 663 703 746 766 831 914
8  224 331 383 619 633 659 811 874
10  42 143 236 278 512 584 638 728 742 888
11  2 36 128 293 295 336 347 445 716 776 995
9  14 73 236 301 320 645 663 786 845
12  13 80 192 468 580 583 640 738 756 762 787 827
10  0 23 75 124 289 561 595 651 684 845
9  108 298 337 362 373 582 590 597 669
9  76 166 233 271 313 320 510 692 811
6  4 314 512 523 576 715
7  207 274 418 453 543 610 780
11  126 149 175 238 257 355 396 482 763 783 835
18  27 53 94 242 315 369 387 389 596 618 667 720 739 740 855 857 920 991
8  7 84 207 323 384 625 940 979
10  6 85 237 308 364 377 646 783 812 875
6  145 268 305 347 756 938
9  23 114 116 138 168 373 761 791 916
7  176 391 452 513 578 673 863
14  79 93 141 190 262 353 405 505 556 574 687 713 785 982
9  47 230 240 269 319 478 561 745 916
10  70 105 125 396 403 467 589 663 733 883
7  107 358 512 784 794 809 922
12  46 80 81 83 240 452 578 625 766 863 949 968
9  7 181 209 263 349 832 918 953 960
6  100 309 585 586 735 842
11  7 44 166 423 482 801 842 900 912 971 984
14  36 206 254 261 318 471 641 646 652 660 713 824 970 998
9  31 135 259 265 420 564 696 734 955
5  176 307 316 540 995
12  56 161 166 361 528 722 743 802 844 918 935 979
6  89 244 284 650 673 869
9  100 177 182 231 252 720 901 920 945
10  95 240 314 437 442 474 762 851 886 997
14  99 214 357 366 368 373 413 430 471 650 741 765 797 825
13  214 477 523 526 587 631 754 814 837 913 919 967 982
4  150 318 400 815
11  3 101 156 159 164 195 283 405 658 873 991
6  172 557 705 715 768 781
12  19 100 171 175 269 301 356 525 578 605 617 874
5  254 372 400 671 880
13  82 113 185 251 260 369 577 607 633 644 666 812 880
7  105 263 385 578 637 845 917
13  106 116 156 257 349 405 472 662 701 716 730 766 806
8  86 126 181 311 663 817 818 852
10  0 52 127 130 394 515 788 829 834 844
9  105 180 188 191 199 299 615 660 977
10  134 314 347 569 574 600 614 834 890 942
12  9 46 57 116 149 169 175 287 385 440 515 674
5  393 425 690 741 755
11  37 176 246 473 485 618 642 652 678 844 935
5  310 736 751 947 971
18  5 51 94 148 236 268 279 354 383 446 453 480 495 652 772 801 837 850
9  136 332 397 462 514 623 915 932 937
13  37 99 194 332 380 469 653 733 746 747 859 897 956
11  9 175 181 452 738 792 834 837 852 866 944
16  8 129 152 184 196 233 355 591 640 663 805 806 823 930 945 998
6  167 239 318 634 727 856
13  21 25 135 198 380 454 526 648 793 805 819 820 893
6  12 439 483 503 523 601
9  139 174 244 317 495 559 731 817 883
16  13 92 115 160 260 355 390 471 527 553 598 737 739 778 819 949
9  113 163 334 378 505 519 613 755 786
10  101 111 296 315 431 445 603 656 670 750
8  155 207 478 582 593 607 640 849
11  23 158 177 225 343 350 710 729 831 851 990
12  10 352 382 394 400 469 549 597 614 676 849 927
5  151 208 559 612 799
18  34 101 189 199 336 418 530 554 595 678 753 754 768 792 802 861 879 901
16  33 62 139 163 190 205 289 403 520 708 742 816 833 912 932 946
11  54 217 246 296 327 334 372 417 420 621 757
14  50 51 78 189 271 509 559 571 646 756 786 845 903 929
10  38 134 243 249 332 640 713 762 941 968
8  26 56 266 342 392 592 721 913
12  52 77 265 285 301 553 599 718 782 831 937 973
13  2 26 84 276 312 389 420 502 516 603 659 937 991
10  53 167 471 479 499 566 604 618 654 775
8  125 184 292 610 714 938 943 951
9  31 38 40 309 345 414 602 728 887
7  97 102 172 193 732 781 984
16  80 120 257 258 404 495 577 630 632 670 729 847 874 904 921 947
7  7 87 107 233 251 276 842
6  367 602 613 657 794 850
11  117 199 256 257 274 289 373 494 603 647 936
15  34 41 359 383 478 516 538 579 593 641 664 744 871 920 931
6  44 160 355 356 681 885
8  69 76 251 279 438 481 622 646
6  139 175 324 606 765 943
9  82 107 508 579 649 714 823 936 961
6  216 507 742 920 924 996
12  53 176 299 367 490 618 666 755 767 792 813 921
4  197 428 583 604
16  12 81 102 147 176 548 564 587 687 718 750 778 789 791 900 968
11  72 126 127 175 373 422 429 441 640 671 846
10  28 52 203 409 437 735 784 863 946 989
9  74 172 413 472 681 745 799 811 980
12  172 300 346 349 464 467 569 650 705 852 909 933
8  233 494 503 528 662 678 834 887
9  167 408 584 674 677 777 797 858 946
9  173 180 778 818 887 899 910 919 975
15  1 45 131 199 252 370 371 481 570 585 659 727 768 958 980
13  48 73 109 167 177 346 371 384 387 488 671 733 921
6  11 165 589 707 728 817
12  23 119 134 217 376 587 695 760 849 902 945 958
11  53 79 152 193 237 276 320 429 454 478 618
6  202 357 595 690 722 895
14  18 53 78 98 172 247 408 458 558 592 764 826 883 978
15  198 259 313 359 454 477 595 671 745 752 826 855 867 915 975
8  153 175 346 414 480 595 726 871
11  10 16 31 44 91 213 241 265 449 516 806
7  85 138 181 541 698 782 922
8  365 487 574 696 783 807 840 867
0 
6  17 168 255 278 862 947
10  41 112 156 246 314 385 612 780 845 867
11  6 97 557 595 635 698 714 753 837 863 997
9  11 110 209 218 248 550 593 871 983
8  189 197 234 671 792 822 863 988
8  120 335 373 380 558 605 636 965
13  3 179 196 356 503 571 672 744 790 794 834 870 977
12  63 70 152 183 256 321 401 861 869 957 968 973
8  34 76 123 187 243 448 657 941
9  143 214 324 529 678 844 915 976 998
9  93 157 314 359 621 636 662 750 765
13  59 361 378 430 586 589 608 764 801 809 847 857 863
8  90 94 143 158 178 653 735 884
7  2 81 307 365 628 875 942
1  901
6  91 244 266 583 724 850
11  10 124 156 302 386 511 628 681 707 791 982
15  19 70 128 227 329 353 485 596 627 753 777 834 909 954 998
10  61 263 305 420 535 576 610 791 967 968
9  72 187 290 368 396 610 824 876 909
9  28 53 389 560 667 801 843 924 960
16  101 135 247 263 295 353 396 480 493 565 608 646 664 814 935 943
7  175 221 288 487 769 926 933
7  118 235 256 261 659 684 701
13  11 130 232 322 339 438 635 703 706 716 782 834 953
9  11 163 300 362 457 534 702 752 890
6  202 525 537 690 918 939
12  50 83 95 168 180 262 317 479 486 490 626 784
5  7 211 346 552 844
15  5 182 247 252 302 363 377 385 426 439 626 657 717 765 879
8  170 185 334 565 771 790 931 964
13  17 87 173 250 286 294 350 579 658 709 720 761 893
8  101 253 281 447 511 590 690 787
15  51 69 112 140 153 298 406 553 562 631 811 879 923 943 975
5  109 495 778 833 992
12  32 71 100 101 115 135 763 878 887 923 941 972
8  21 104 111 203 576 718 834 838
8  43 65 112 340 466 515 826 918
8  152 189 365 519 659 780 819 924
12  31 36 163 257 258 282 490 538 574 762 772 965
11  119 138 166 251 356 575 759 776 823 837 938
12  86 127 177 192 286 297 308 409 691 816 843 879
10  84 300 438 466 530 571 588 592 722 859
11  48 139 263 572 626 635 723 774 904 905 963
10  89 342 369 370 429 550 568 581 838 985
13  93 113 119 162 272 397 460 499 642 781 812 847 926
16  152 236 282 305 372 437 442 458 461 638 735 790 824 894 923 936
14  18 63 86 183 376 503 507 563 730 749 849 851 881 914
10  90 203 263 274 395 425 639 685 751 789
10  71 73 114 196 237 375 576 692 714 946
9  123 165 279 427 483 745 843 938 979
13  0 1 64 75 346 425 510 547 849 858 910 935 951
6  276 285 338 422 517 726
8  353 444 519 694 776 812 842 946
14  46 95 214 219 228 319 444 543 608 713 774 829 926 934
11  129 248 285 417 454 511 522 685 723 827 926
8  99 120 323 362 574 677 742 797
6  50 62 123 440 521 543
10  18 198 265 349 374 376 418 427 564 661
13  54 95 290 341 350 364 387 419 475 605 621 738 960
9  39 55 240 492 525 574 636 749 775
11  10 116 381 483 503 535 666 689 794 885 987
9  92 152 224 261 333 377 657 841 882
15  90 302 340 426 487 524 526 527 534 607 610 829 850 898 979
9  2 402 432 549 688 904 911 971 993
10  22 44 138 427 485 629 740 840 874 981
7  286 480 604 762 804 880 911
9  161 293 294 493 780 793 806 861 959
9  5 173 298 466 619 625 803 867 980
8  39 124 176 345 478 616 905 932
11  48 51 72 102 146 497 501 795 796 952 983
8  178 253 482 494 502 658 829 891
6  217 317 495 510 598 864
10  16 54 309 343 458 537 591 674 821 857
8  14 58 65 114 126 506 714 944
15  81 113 168 180 235 341 460 483 595 675 683 747 788 847 884
11  78 215 258 283 339 369 543 553 586 865 916
10  42 54 89 127 191 300 350 379 388 706
15  124 156 191 357 379 383 430 496 550 551 595 773 812 918 989
10  44 129 160 280 282 312 317 362 406 806
7  379 382 486 533 871 965 979
9  53 355 360 361 481 501 679 956 962
11  67 209 327 407 415 466 485 644 677 782 882
8  63 90 360 465 643 699 859 872
11  24 65 210 227 283 287 333 347 601 688 721
9  40 225 283 288 458 699 710 775 814
17  194 246 278 353 409 416 432 469 495 509 523 649 665 842 882 923 957
5  364 402 421 600 656
10  182 185 203 406 632 671 703 709 759 997
5  489 542 591 624 962
13  44 104 121 132 230 231 291 319 505 709 747 826 992
12  5 10 60 164 300 328 403 472 836 850 892 934
12  14 82 182 303 379 387 410 621 628 684 777 939
9  259 292 318 356 433 442 600 808 907
9  16 130 356 559 561 575 627 946 976
8  108 302 346 366 549 626 664 784
11  101 137 248 255 393 545 548 624 854 938 964
5  57 79 172 271 597
13  111 144 222 244 247 289 322 372 413 499 669 869 985
7  97 253 454 565 830 971 980
5  29 499 620 636 653
11  11 119 200 226 330 404 421 460 756 777 973
12  36 64 102 152 167 228 351 412 476 667 711 973
9  268 281 326 534 556 575 835 849 983
13  80 178 202 401 537 542 592 632 819 831 855 973 987
12  74 100 101 318 461 650 669 740 860 867 889 922
6  199 422 578 650 737 947
12  59 100 210 234 273 377 580 657 738 745 781 859
13  31 84 156 296 354 425 475 483 491 512 695 864 991
11  52 54 141 324 386 446 503 642 883 926 987
6  105 159 469 577 641 824
7  0 52 316 419 615 886 897
9  134 300 329 337 460 614 856 879 949
11  15 188 231 389 424 690 735 794 860 908 974
13  6 17 186 355 434 446 490 505 553 655 753 802 885
7  116 127 140 351 502 706 978
7  97 124 129 477 677 776 907
16  2 127 144 147 271 287 292 312 364 365 368 507 618 852 905 945
14  91 138 147 190 450 453 515 637 638 720 728 753 846 976
10  27 119 200 224 426 743 751 800 901 965
8  76 110 446 469 471 653 772 977
14  24 75 180 308 348 473 544 632 652 682 825 910 919 961
10  93 261 294 299 378 495 765 767 819 853
8  177 198 217 301 401 646 853 966
9  66 111 175 482 619 703 704 748 939
12  29 115 116 139 208 501 540 561 594 639 745 819
6  17 54 86 456 563 603
14  19 58 60 145 235 294 361 421 494 519 555 570 682 853
8  204 446 465 724 798 848 872 962
8  92 169 187 212 375 590 683 966
6  148 263 462 516 542 892
10  85 149 395 420 424 440 463 475 768 969
13  118 121 142 253 294 322 345 358 503 553 627 718 965
7  17 83 161 246 308 618 849
7  77 124 272 350 460 509 593
8  248 271 413 432 552 634 921 963
5  245 330 346 383 992
13  32 186 283 327 335 346 400 427 630 637 689 713 752
9  34 135 170 185 353 394 482 499 870
13  68 87 312 404 459 512 520 526 536 620 763 794 926
6  48 73 198 333 538 955
11  107 162 338 437 450 681 778 801 879 985 997
10  182 373 378 418 467 517 605 687 884 939
6  65 172 243 368 607 709
8  86 284 485 738 834 840 855 971
10  1 165 340 366 368 517 588 614 648 689
10  33 108 207 469 487 516 541 866 952 988
9  145 391 613 697 754 755 757 850 921
7  186 269 297 384 415 886 982
8  76 504 514 548 673 805 858 862
13  27 98 293 407 414 419 653 659 739 832 842 886 967
10  116 124 299 607 661 696 699 836 849 998
14  10 81 243 386 391 407 426 555 624 692 719 732 746 918
12  81 96 195 294 327 580 587 731 779 858 907 990
6  183 284 298 790 855 995
16  7 120 158 173 184 315 390 438 511 674 716 739 835 857 871 956
12  19 180 211 403 596 616 702 751 780 800 900 918
7  92 275 593 669 677 731 967
13  137 175 216 231 265 359 468 524 558 564 645 914 993
7  61 175 274 573 779 833 902
13  136 235 362 401 428 581 684 773 816 916 943 959 965
9  132 147 722 782 794 832 853 944 964
6  4 178 227 288 585 906
6  199 366 522 640 808 882
13  65 275 316 394 407 447 530 683 714 751 771 813 999
7  83 226 354 679 741 754 949
9  150 215 327 381 529 534 808 908 962
10  615 617 683 739 740 841 852 867 928 951
7  41 371 703 824 831 859 968
11  42 230 337 347 419 462 555 722 788 808 898
7  54 212 263 557 688 837 907
11  307 420 556 620 656 700 707 757 780 791 945
11  39 137 154 182 232 277 656 880 936 947 967
9  179 181 292 337 457 515 792 815 874
15  32 194 200 282 357 410 416 556 609 647 774 801 869 926 990
12  44 115 200 203 208 248 273 346 521 548 703 855
9  85 86 89 241 488 798 821 899 925
8  193 399 563 620 622 675 858 905
13  2 24 48 112 124 339 351 378 484 617 777 960 974
4  234 634 716 999
9  178 189 333 334 385 763 789 960 980
12  79 257 411 413 438 446 491 586 669 723 865 885
10  135 273 414 496 507 534 581 606 696 787
11  25 78 136 157 244 245 275 285 429 457 759
15  45 235 258 365 416 423 462 556 687 711 764 826 827 840 929
5  175 561 866 910 981
10  3 105 205 493 511 568 664 769 964 989
7  45 152 200 684 736 784 958
9  5 259 266 343 432 451 563 650 840
6  128 492 616 760 852 996
9  449 524 574 693 701 786 858 876 951
11  0 20 44 113 140 575 587 713 724 745 923
11  42 65 209 275 295 324 547 660 723 795 850
7  94 107 212 727 807 865 921
11  62 96 204 527 584 738 882 894 929 936 966
11  69 85 94 156 229 476 519 725 730 747 949
6  412 422 497 521 650 990
4  84 96 484 499
14  46 48 109 152 215 227 277 310 330 403 462 579 727 942
6  118 125 135 479 685 689
8  49 103 405 498 684 804 899 914
7  98 177 440 473 520 774 991
10  23 85 88 282 306 309 362 385 447 842
12  58 274 276 411 444 513 544 578 645 971 986 993
10  2 23 165 290 315 345 470 719 840 947
8  293 387 393 480 638 807 878 998
10  69 262 394 425 474 591 639 676 726 964
15  80 258 324 432 480 682 687 699 746 806 901 939 940 975 990
11  71 73 145 296 353 432 597 637 699 891 903
15  14 15 162 225 279 295 323 393 405 453 468 697 760 776 912
10  153 167 205 422 488 508 588 837 886 914
13  6 180 269 358 449 651 780 782 793 893 900 934 984
9  73 180 280 327 352 503 538 876 986
15  106 121 336 346 382 439 514 526 582 639 657 723 779 809 968
7  303 420 473 684 739 775 888
10  154 211 372 376 379 473 607 622 727 921
9  73 119 248 348 372 656 774 806 926
8  24 123 163 579 592 782 806 927
9  40 76 417 482 511 542 769 909 941
10  131 233 470 580 651 688 696 836 886 919
13  30 92 229 231 325 409 526 557 669 884 900 933 957
12  135 176 235 248 342 487 534 549 646 650 802 976
10  98 151 165 262 454 487 679 697 869 881
13  2 116 175 184 231 265 369 372 468 481 509 679 972
11  62 77 131 341 425 435 490 633 894 985 987
10  116 192 237 316 489 679 703 763 831 982
9  9 98 293 391 798 837 947 976 995
8  146 186 207 572 620 715 922 943
13  36 124 149 174 297 377 393 522 721 741 766 887 957
11  3 102 252 354 356 386 388 436 563 767 820
11  150 168 238 278 352 425 452 491 571 598 874
11  312 319 405 431 567 671 712 757 810 912 972
12  113 270 309 324 525 543 716 768 897 951 953 993
11  153 349 361 381 453 506 542 561 654 829 900
11  205 228 357 420 442 462 760 804 851 914 990
13  49 73 89 115 188 190 335 367 509 654 761 786 985
15  32 163 182 212 316 397 457 487 519 663 764 812 899 904 910
6  131 376 554 718 750 899
8  37 98 404 829 841 853 880 903
8  134 136 197 294 562 696 840 887
7  113 260 283 339 471 571 652
12  53 61 155 230 278 340 409 418 610 692 840 978
12  72 120 251 575 586 706 733 748 856 873 884 892
10  71 104 128 172 495 592 617 746 878 919
21  13 46 51 58 108 141 188 220 288 315 358 423 572 585 648 741 904 905 941 974 984
10  135 136 215 364 517 549 624 633 710 875
7  480 511 518 566 673 930 956
11  7 88 106 112 259 685 691 745 800 891 985
11  21 430 533 570 599 688 703 743 811 864 903
10  0 113 129 291 326 341 457 498 577 639
17  36 105 109 152 263 345 493 529 556 614 693 743 749 842 865 928 936
10  61 267 306 419 431 434 530 794 887 990
8  294 344 441 513 559 627 719 818
12  88 128 150 177 258 295 333 334 343 438 810 934
14  15 21 134 153 300 319 334 424 481 490 722 767 867 872
7  229 332 341 425 564 714 824
3  464 607 701
11  6 83 201 343 389 511 580 712 824 851 886
10  36 63 357 538 562 578 686 815 835 945
15  59 105 150 242 357 385 414 419 436 511 548 550 703 904 931
12  11 44 281 337 474 487 509 536 705 824 915 936
7  314 385 477 599 743 819 976
15  95 124 125 200 240 311 385 441 501 538 593 645 671 693 783
8  215 279 307 602 724 884 962 980
5  24 84 268 317 602
10  7 109 173 218 291 453 517 588 839 977
9  263 368 402 660 708 758 847 907 913
12  3 53 57 119 197 276 368 486 514 900 935 982
7  22 299 384 651 688 779 869
13  274 325 445 471 543 552 673 706 875 899 900 947 979
11  127 160 218 449 487 646 753 869 891 915 969
5  132 171 345 600 985
10  45 134 179 191 250 598 732 766 832 973
11  148 152 156 251 290 327 386 475 477 681 827
13  8 336 395 405 462 475 528 599 611 739 748 749 922
5  227 530 725 737 816
14  101 179 231 256 295 306 336 625 695 698 701 820 857 940
8  104 224 289 310 394 441 543 745
6  60 228 284 763 785 867
9  66 158 191 345 421 428 514 565 780
15  23 315 434 460 577 585 610 768 820 876 902 922 949 957 988
9  407 509 696 841 864 865 918 927 947
12  78 113 238 454 553 617 872 885 898 907 943 955
7  9 376 455 705 790 875 962
13  121 209 380 414 488 573 692 807 849 876 897 958 978
7  103 171 294 312 463 479 521
9  12 144 279 324 398 463 518 784 869
11  5 14 344 350 477 480 570 636 654 657 793
7  167 180 477 761 808 812 904
6  379 397 605 708 829 883
4  126 214 387 536
8  134 225 385 475 507 572 925 997
16  135 143 240 414 415 446 551 578 642 700 787 789 792 840 904 954
8  170 188 248 453 653 894 931 946
10  28 252 345 525 526 569 622 716 951 980
10  108 170 198 339 398 425 587 716 805 895
6  65 75 375 409 886 928
15  27 98 233 315 464 586 595 603 765 770 821 888 905 925 956
9  82 138 173 212 336 363 631 957 998
9  13 152 281 420 484 493 636 700 757
13  54 126 142 239 319 399 418 443 682 693 804 885 985
7  45 382 386 488 566 691 913
14  23 199 333 464 466 474 516 538 549 556 568 676 885 902
8  275 431 635 687 790 841 857 888
9  149 223 374 623 683 751 941 946 964
11  62 102 294 454 471 474 534 572 702 742 758
8  3 138 151 237 251 568 576 862
2  172 797
12  42 80 122 530 597 676 716 720 736 771 773 824
12  11 45 134 309 332 364 398 594 699 770 813 835
17  8 101 126 194 258 444 445 500 585 618 682 734 782 852 857 932 984
9  27 109 352 353 552 573 582 930 991
16  64 93 221 234 278 289 323 449 464 469 541 560 870 920 981 991
9  107 234 424 426 461 490 533 871 874
8  80 236 272 400 512 650 894 944
7  6 27 499 543 577 607 798
3  183 351 660
13  59 140 186 483 485 522 579 583 635 665 683 816 888
11  123 162 404 471 501 547 595 623 679 724 941
10  30 138 318 344 452 484 579 766 789 982
15  46 200 230 271 303 463 474 515 649 699 721 842 866 892 907
14  31 107 158 252 273 382 398 654 655 659 693 770 903 992
5  28 628 858 935 948
13  39 206 365 371 432 526 636 676 686 707 882 893 966
9  38 55 119 314 345 476 644 774 918
15  233 299 300 303 312 357 432 543 605 687 808 835 842 913 960
12  138 141 243 385 517 583 681 685 709 722 854 969
11  55 148 210 473 574 615 639 700 865 898 905
7  170 240 339 637 645 977 993
9  8 133 186 198 219 487 539 599 904
7  137 262 339 381 532 681 838
12  37 40 91 275 392 437 442 513 534 536 543 880
9  112 114 315 604 640 780 813 869 946
9  353 608 713 725 782 813 859 913 929
11  48 249 262 264 390 474 678 717 852 889 988
12  138 147 227 526 530 533 600 637 699 786 810 874
8  44 165 320 370 934 939 989 993
13  5 223 372 450 539 630 706 754 800 802 818 864 990
8  338 341 352 393 538 670 844 995
12  4 309 317 389 503 527 535 612 687 845 900 997
10  139 189 201 242 258 265 615 660 786 814
9  72 144 183 374 456 774 881 960 970
13  150 263 265 360 421 458 499 597 705 762 845 867 919
7  41 250 434 545 777 801 815
7  116 415 551 722 744 812 816
5  16 221 248 370 403
11  166 192 230 298 387 412 567 737 775 911 957
11  49 171 257 268 487 561 565 573 644 673 978
12  201 265 270 319 410 459 460 598 704 770 863 990
14  84 95 109 143 165 219 222 315 387 579 754 873 976 993
11  209 215 345 594 614 618 695 726 855 941 943
9  322 378 440 479 525 641 821 893 904
16  0 30 182 201 307 337 351 544 607 674 752 774 795 888 909 973
12  148 193 304 504 593 646 713 814 832 834 949 958
11  190 228 349 452 643 680 682 742 751 789 828
15  13 37 153 245 317 328 366 497 516 518 567 760 771 783 913
10  13 76 414 422 746 829 835 849 884 908
15  28 74 105 122 257 281 325 364 373 637 866 897 919 943 969
5  41 235 275 466 557
6  11 177 603 740 779 802
10  5 50 122 220 363 416 623 662 774 852
14  40 68 96 153 161 208 215 370 477 563 743 855 883 990
10  24 259 339 578 726 756 825 846 955 973
8  73 196 269 372 524 827 916 942
4  74 203 329 372
8  35 473 643 764 816 889 902 918
8  190 234 248 353 595 701 814 859
10  230 259 306 518 708 732 768 769 801 998
14  17 38 94 141 370 445 511 688 743 752 765 799 801 871
10  133 197 395 451 487 546 651 739 919 960
12  43 128 183 293 335 522 691 812 834 897 914 934
9  46 225 268 490 740 770 780 853 926
15  200 323 348 393 413 499 575 596 768 776 791 820 824 861 883
11  172 197 247 575 601 649 709 776 829 859 944
8  149 150 248 309 352 414 694 950
13  139 147 253 293 625 648 685 702 798 814 852 915 920
8  9 47 247 254 313 645 698 888
10  55 91 226 253 285 515 549 551 750 884
9  58 73 377 518 583 653 717 768 948
14  64 110 135 162 189 232 284 298 329 332 386 596 598 878
13  8 231 317 336 345 350 372 390 445 488 741 763 968
12  37 65 238 454 492 798 833 857 865 887 960 990
12  175 189 191 207 366 420 579 690 732 742 766 902
12  26 198 340 472 526 541 792 802 907 937 945 953
11  96 216 229 238 306 436 439 608 692 895 922
4  170 265 266 461
13  55 239 316 443 449 558 569 610 684 688 813 856 897
10  123 143 454 518 653 751 775 874 889 901
13  27 154 226 347 432 451 503 508 844 907 931 939 952
12  80 344 387 419 499 509 520 667 679 725 747 972
13  142 150 173 256 283 384 441 529 637 759 806 812 916
11  138 181 217 398 408 565 567 578 618 723 943
8  81 120 348 508 552 570 931 974
11  0 51 103 140 196 333 338 397 708 823 829
10  554 577 586 587 641 671 706 748 903 998
7  213 233 254 262 485 749 813
7  107 209 225 699 782 828 933
9  5 95 362 397 490 716 726 865 956
9  111 243 306 311 475 778 843 932 985
11  81 87 134 374 503 562 791 825 920 924 984
8  79 408 472 488 601 842 930 956
5  395 515 554 752 928
11  18 117 174 201 240 586 623 743 785 868 902
8  67 401 449 469 553 583 799 854
12  202 225 228 266 389 502 507 578 704 726 782 792
15  4 31 32 146 188 195 241 341 375 378 472 493 494 915 950
10  18 90 95 255 380 435 496 572 582 628
13  98 104 201 257 263 382 558 624 656 674 739 868 920
8  4 214 266 302 368 433 739 808
10  60 348 491 540 567 750 776 836 850 882
11  92 103 115 264 284 466 545 730 895 974 987
13  212 388 394 496 506 553 565 692 759 814 882 889 923
8  28 46 343 474 606 693 846 905
16  9 118 125 212 227 285 287 339 378 451 475 522 649 703 790 915
10  140 488 513 517 581 585 626 825 836 864
13  47 125 169 405 470 499 532 638 704 736 758 801 813
11  82 157 187 231 243 301 323 357 854 910 970
9  345 442 480 644 697 727 812 885 978
11  30 115 140 144 327 364 370 398 906 937 978
11  138 159 376 401 496 583 699 722 764 826 980
11  36 74 97 210 344 382 602 678 920 970 987
11  28 56 106 173 321 383 396 443 556 764 915
5  328 392 549 824 994
8  40 129 329 392 447 672 814 894
13  94 174 322 389 400 473 613 687 778 829 929 932 959
14  51 52 55 97 143 332 342 539 618 752 760 812 830 878
10  252 264 270 354 519 522 719 816 885 966
8  53 102 205 599 692 956 981 983
14  49 67 120 130 151 443 552 591 710 712 857 873 901 913
9  144 168 187 197 204 268 507 653 986
10  29 149 213 374 613 621 660 698 795 815
5  75 258 277 575 667
13  3 8 83 102 126 138 144 562 628 693 718 738 836
11  74 249 261 327 349 537 571 612 651 664 692
12  19 25 72 98 140 305 400 655 661 726 855 958
10  97 159 219 229 342 454 550 682 689 704
12  93 108 246 310 442 491 511 539 550 700 745 912
10  154 159 201 280 304 409 663 802 858 889
6  222 244 446 873 948 952
10  43 134 237 281 445 470 596 631 676 735
8  209 323 342 345 567 755 763 921
13  32 82 109 125 345 493 539 633 634 636 804 884 894
10  18 156 203 382 645 710 776 924 942 996
10  3 35 152 228 233 253 518 526 565 739
9  198 407 541 626 650 753 758 793 881
9  194 254 306 353 465 538 652 797 860
11  146 349 355 525 647 773 816 879 949 950 997
9  300 338 408 433 449 582 595 612 801
9  64 514 519 600 631 712 795 826 951
5  42 597 717 844 959
13  28 131 147 155 223 438 454 548 680 757 799 851 984
9  18 167 307 363 364 535 602 635 959
12  209 287 301 369 385 445 498 743 776 842 931 982
15  0 10 45 212 395 413 576 630 673 756 767 779 803 832 930
7  68 99 114 735 744 961 996
8  104 260 593 636 641 756 942 952
13  16 26 118 156 157 260 262 263 370 536 678 812 866
8  5 64 75 113 513 610 718 868
14  94 131 224 484 685 706 728 739 766 783 869 880 893 913
11  76 199 261 311 432 456 494 640 733 843 844
8  45 117 161 358 566 622 668 853
12  5 268 273 308 360 596 690 735 764 860 868 881
5  292 332 383 409 954
8  333 389 412 423 448 686 758 870
5  189 508 721 974 986
18  2 58 86 119 125 148 169 220 223 234 408 452 534 620 673 823 871 978
16  4 57 130 142 206 336 359 446 475 541 549 683 737 830 899 926
4  269 292 696 711
