1000
17  82 115 139 199 221 258 260 266 409 560 585 601 602 661 750 798 801
6  196 311 478 705 928 982
5  550 575 631 724 862
9  82 168 398 446 687 796 832 838 862
8  20 555 592 850 893 931 942 964
11  15 34 200 268 545 578 765 814 837 911 928
9  98 198 736 755 767 780 832 927 973
8  25 109 130 162 334 387 730 785
14  138 295 369 422 438 501 533 578 595 643 713 808 862 900
11  86 273 360 388 409 484 683 738 741 908 923
13  135 240 469 479 526 605 622 726 744 777 831 896 950
14  178 264 292 415 416 549 573 806 836 879 881 888 895 989
6  177 186 451 588 680 990
9  125 154 187 291 423 584 595 713 828
13  60 101 230 299 317 753 754 787 806 867 896 962 992
16  5 43 83 193 253 271 279 383 523 647 683 720 745 900 914 943
11  22 176 186 209 332 453 512 582 691 940 999
7  168 219 227 624 704 715 741
8  165 208 371 410 542 548 731 805
14  52 132 143 328 404 519 575 740 755 776 833 850 972 988
14  4 100 235 245 295 369 422 453 456 464 497 683 723 872
13  55 152 172 312 418 547 560 590 656 780 820 840 980
11  16 128 296 324 504 659 752 765 766 852 887
7  143 523 603 663 686 861 909
8  61 89 113 333 455 511 916 946
9  7 70 204 336 402 544 720 951 976
4  171 254 362 727
8  80 165 392 445 478 554 644 877
8  60 156 258 355 536 537 759 894
13  33 40 184 296 330 361 452 509 510 765 830 870 879
11  87 165 209 303 529 539 558 712 750 769 923
9  85 377 651 722 783 789 831 888 981
11  40 48 167 302 391 404 513 597 640 665 883
9  29 94 192 300 366 388 751 818 889
12  5 164 458 536 552 594 649 691 802 883 909 938
9  76 84 166 210 315 317 371 674 953
15  53 225 253 323 375 479 547 598 628 667 677 718 779 790 919
12  55 228 255 284 300 332 370 520 603 616 782 924
11  98 216 331 661 760 768 782 801 909 957 982
5  72 173 175 351 403
10  29 32 189 266 282 321 384 415 631 635
7  57 282 289 320 329 341 991
11  94 229 279 514 605 725 763 809 881 911 982
8  15 408 482 508 636 673 821 933
5  153 358 360 437 943
11  86 149 250 385 454 665 750 813 875 889 907
11  60 236 276 303 330 525 535 575 785 834 919
8  59 96 180 432 452 529 721 773
10  32 272 340 454 456 643 709 741 752 801
7  258 377 540 774 824 836 994
8  59 249 536 542 629 861 902 963
6  148 335 414 635 747 961
14  19 131 166 374 446 474 542 552 571 699 752 775 948 951
15  36 114 147 162 360 426 442 601 632 694 735 759 811 821 955
8  279 289 494 518 579 624 685 755
13  21 37 74 113 117 200 444 480 556 624 667 694 912
11  97 132 247 275 441 486 516 524 870 910 957
6  41 636 832 868 933 994
7  67 111 254 282 511 682 990
11  47 50 220 242 422 583 709 790 809 837 857
10  14 28 46 199 408 421 608 734 761 857
8  24 218 229 435 502 609 661 726
10  263 500 539 579 585 602 713 788 820 963
11  93 221 280 347 545 678 742 748 867 874 979
7  75 106 230 408 611 633 717
10  71 110 457 501 599 686 738 782 885 892
10  93 272 282 374 456 468 544 705 839 985
7  58 121 131 132 223 368 907
7  206 210 358 401 718 734 965
11  124 219 350 435 718 754 802 827 922 959 982
11  25 82 118 203 540 569 594 738 748 882 955
10  65 161 240 241 270 488 536 851 858 886
9  39 178 249 278 400 479 676 850 884
5  517 606 611 953 996
11  55 231 285 398 406 449 572 732 773 797 878
8  64 416 426 667 673 677 818 967
16  35 137 179 191 274 558 609 692 831 864 895 922 932 961 968 973
10  157 188 211 399 420 458 731 799 811 878
7  164 185 241 364 439 781 801
9  122 327 385 411 547 626 860 882 945
13  27 98 245 271 346 365 535 584 615 620 704 741 868
9  151 198 319 372 546 566 816 903 968
11  0 3 70 356 430 490 494 533 906 977 991
11  15 104 225 304 325 357 390 591 593 602 652
11  35 176 188 239 316 535 621 706 929 942 969
10  31 166 293 320 442 558 631 798 926 948
12  9 45 139 239 428 601 624 663 685 732 775 877
10  30 193 274 301 405 539 728 756 764 773
11  149 164 212 281 328 427 642 748 818 840 889
15  24 215 234 365 462 475 499 688 697 713 795 845 882 940 951
5  404 537 572 886 894
7  419 479 664 709 759 907 939
9  338 394 506 507 552 786 809 815 967
11  63 66 235 367 479 554 573 716 723 801 970
10  33 42 147 357 596 646 654 707 869 890
11  184 303 546 729 751 795 827 881 886 902 919
8  47 284 633 654 683 770 822 930
10  56 121 356 421 457 540 579 655 755 829
15  6 38 80 144 234 291 333 340 547 595 691 727 894 900 969
9  125 140 208 521 528 665 704 837 860
8  20 240 554 622 659 677 748 888
7  14 183 226 304 307 439 961
9  180 410 590 606 737 747 837 927 998
4  136 464 534 982
11  83 164 202 259 285 405 655 712 733 820 914
6  465 504 713 754 800 953
9  64 132 316 469 497 614 672 772 955
9  146 169 234 364 370 460 611 687 775
10  152 238 309 418 478 501 577 696 789 837
5  7 125 173 283 321
7  65 281 350 416 515 903 972
11  58 118 320 336 341 374 439 645 742 791 885
11  513 542 548 607 609 641 684 692 869 882 918
14  24 55 123 155 259 265 266 321 571 573 721 730 732 735
11  53 144 290 410 627 714 756 766 848 906 925
14  0 129 160 175 329 406 500 550 661 675 703 809 922 984
11  320 522 541 651 693 712 728 753 811 853 992
8  55 139 212 248 319 579 623 717
10  70 111 155 238 430 529 559 775 833 858
10  160 166 192 286 369 378 441 698 921 958
11  290 408 783 784 812 813 842 871 949 951 998
13  67 97 346 411 485 655 772 794 821 841 871 893 994
9  79 252 286 465 582 809 871 919 961
6  113 311 477 669 859 918
13  69 144 331 338 364 377 381 478 484 707 760 776 777
14  13 99 109 162 199 204 346 613 805 807 884 957 978 979
13  227 276 420 448 514 646 655 673 751 808 816 946 995
10  152 211 469 505 519 574 729 742 743 799
7  22 297 524 718 849 964 984
12  115 171 466 543 544 555 680 839 861 879 944 985
10  7 195 230 451 611 699 897 923 957 976
11  52 67 285 646 670 737 745 827 850 880 970
10  19 56 67 106 336 400 558 654 768 826
9  296 442 495 590 848 856 859 930 945
15  191 405 420 562 594 640 646 656 723 747 767 819 859 949 976
11  10 193 330 445 497 639 805 813 820 866 932
12  103 155 199 391 478 585 593 624 651 818 894 981
10  76 213 238 385 462 551 572 889 911 981
10  8 506 538 555 581 662 695 734 868 989
11  0 86 117 194 202 211 302 496 551 597 859
10  99 262 266 353 379 477 478 667 854 897
7  268 321 482 642 825 930 932
13  156 168 171 236 246 247 324 431 567 623 667 902 970
8  19 23 184 275 381 560 708 917
16  98 114 124 188 244 370 520 581 602 689 730 747 860 868 871 953
6  176 390 460 555 845 915
6  107 549 642 776 845 991
11  53 94 354 502 526 685 746 775 872 906 928
13  51 288 311 395 434 438 625 642 651 725 753 901 947
11  45 88 433 462 508 528 536 776 792 855 857
8  210 250 371 636 715 751 841 903
6  81 253 459 754 808 926
15  21 108 127 231 236 237 279 319 374 444 472 615 617 722 759
15  44 210 219 250 308 391 400 405 477 543 596 653 758 888 899
11  13 399 487 657 737 772 795 815 828 850 919
9  113 118 136 225 334 378 435 772 778
11  28 142 172 300 332 587 740 780 863 923 945
8  77 283 608 619 673 805 875 962
11  160 297 511 579 615 639 662 756 767 884 956
12  207 287 374 479 573 583 744 774 781 827 935 941
13  115 119 158 206 363 370 398 489 507 577 756 770 977
14  71 256 265 299 418 458 552 691 756 773 836 863 876 887
7  7 53 125 180 359 443 868
11  176 309 454 458 470 501 553 604 634 791 913
14  34 78 88 104 190 229 568 578 688 715 759 837 861 941
12  18 27 30 195 204 294 555 591 672 770 906 907
19  35 52 85 119 173 223 245 364 375 449 551 682 684 743 765 901 914 959 987
9  32 171 217 272 379 609 886 946 965
15  3 17 142 261 316 661 684 693 721 748 827 911 918 936 941
12  107 188 212 247 258 370 456 506 557 636 672 781
13  209 268 314 452 513 523 546 708 741 881 889 931 962
10  26 129 142 167 386 415 419 528 623 712
9  21 156 208 344 411 694 778 836 931
11  39 109 166 175 267 316 439 556 568 636 832
7  273 304 323 396 491 596 794
9  39 115 173 245 474 574 849 906 914
18  16 84 145 163 188 209 235 459 477 534 616 637 737 745 757 776 799 898
5  12 518 549 909 995
9  11 72 235 244 460 829 840 841 861
8  76 218 269 417 734 749 886 951
14  47 102 162 232 291 321 334 373 573 575 734 738 863 988
8  228 327 444 489 619 716 854 908
5  233 407 607 709 847
1  101
14  29 95 143 237 266 316 408 502 590 593 616 632 841 907
11  78 213 237 238 267 351 474 508 677 782 970
9  12 16 286 357 361 635 773 932 974
11  13 262 403 420 472 521 592 741 980 996 999
16  77 84 144 169 176 212 305 441 458 511 514 592 615 666 815 889
8  40 352 506 555 558 589 650 748
10  164 204 306 365 375 412 620 644 794 992
14  76 134 209 274 313 420 455 469 518 683 739 854 885 931
7  33 119 276 307 437 446 663
9  15 87 135 303 381 556 817 874 882
8  139 242 271 309 474 494 570 910
17  130 165 271 283 296 343 356 365 393 561 639 858 902 910 947 957 968
7  1 250 617 806 893 932 950
10  218 227 243 381 506 649 659 815 929 969
10  6 81 348 592 641 642 759 785 863 977
11  0 60 125 136 325 564 631 850 887 910 945
10  5 55 309 314 516 587 700 754 957 970
7  299 401 420 595 705 851 977
13  104 139 384 407 431 468 515 697 754 844 865 917 973
12  70 283 329 420 443 452 657 759 797 807 811 992
12  25 125 165 190 224 228 363 464 465 560 658 681
9  261 393 431 713 758 781 821 834 840
12  68 160 334 338 417 437 533 699 790 851 917 921
6  159 244 360 579 697 946
11  18 99 172 255 345 476 517 586 601 792 984
17  16 30 170 176 191 311 352 423 460 578 800 810 822 834 880 964 970
12  35 68 150 153 322 423 486 599 664 758 937 951
7  77 127 139 290 399 451 686
15  88 117 169 188 223 322 343 400 444 494 542 779 837 874 946
11  137 185 241 313 383 513 659 776 861 871 964
11  395 484 539 584 637 662 773 778 828 877 935
7  89 342 444 602 620 720 948
7  38 229 256 269 342 483 617
6  167 352 820 860 869 893
7  61 179 197 462 581 655 879
12  17 69 153 284 403 435 477 533 677 733 823 829
9  59 310 324 441 493 746 862 875 945
12  0 63 235 430 568 574 634 664 685 861 864 946
4  794 811 952 963
14  67 166 212 269 306 521 536 539 563 647 700 734 741 840
5  204 387 498 811 942
14  36 83 155 237 340 394 613 617 649 666 669 673 717 816
6  101 271 334 432 450 709
8  17 126 197 282 379 467 484 938
9  37 181 204 441 646 800 852 893 918
12  42 61 164 216 272 480 640 818 824 902 932 947
15  14 64 130 303 307 346 356 412 455 595 631 667 694 752 937
7  74 152 303 362 375 429 480
7  180 439 580 591 680 921 958
10  182 276 371 397 616 687 908 910 917 965
7  89 98 107 417 604 640 842
13  20 93 176 178 221 362 382 437 505 569 869 927 972
11  46 142 152 339 464 480 591 657 661 862 902
13  152 184 185 225 282 487 492 593 727 757 763 834 901
8  108 118 137 185 615 622 684 925
9  84 86 269 402 411 489 522 622 742
8  10 71 100 244 523 628 757 922
11  71 78 213 248 481 509 515 642 724 878 926
8  59 194 390 536 701 796 847 943
8  197 344 392 406 518 557 639 765
15  144 178 207 240 317 322 402 450 595 628 638 712 777 893 985
7  20 80 166 175 305 878 955
7  142 275 302 656 705 877 947
8  56 142 169 345 489 815 872 959
9  117 241 391 452 456 659 706 933 981
5  50 72 361 507 566
11  45 150 153 196 327 351 426 468 558 651 844
10  288 433 461 465 469 492 676 861 881 963
7  122 396 430 490 789 851 858
11  15 36 151 338 343 396 418 535 596 669 715
4  26 58 621 809
7  37 208 261 531 641 813 989
12  161 216 285 335 374 425 478 501 508 612 713 771
5  443 584 909 922 966
9  0 28 49 169 660 664 763 904 986
14  104 113 341 379 459 562 580 596 619 636 714 794 842 986
11  0 268 272 364 458 515 634 706 736 825 961
10  168 205 255 342 362 401 496 553 943 959
15  140 187 374 429 737 760 775 779 785 816 834 846 886 963 975
13  62 270 300 325 399 497 525 551 603 637 668 896 903
7  11 413 508 612 678 738 796
9  113 161 361 391 562 584 708 737 748
12  0 40 113 140 184 342 533 613 719 737 772 883
12  173 185 280 388 437 452 599 781 817 889 984 988
12  5 141 170 260 316 353 375 491 492 571 646 952
10  179 216 223 239 404 624 639 691 853 944
9  71 263 641 673 720 781 821 838 934
14  15 80 194 195 226 287 414 450 513 606 897 916 961 975
12  48 66 167 229 260 376 633 650 716 759 943 966
10  9 174 311 323 324 406 425 676 770 988
11  76 87 191 327 496 547 583 638 725 864 866
14  56 143 246 337 412 503 589 658 734 762 772 935 939 977
12  46 126 192 233 441 449 482 598 691 741 764 938
6  404 447 515 745 842 890
5  72 354 426 565 740
12  15 42 54 152 391 475 509 513 538 586 900 989
4  63 267 582 772
13  88 110 319 357 380 398 536 620 685 690 899 921 929
13  40 41 58 66 227 237 294 397 427 635 641 856 961
8  109 157 195 203 346 668 756 996
4  37 96 219 371
16  74 104 131 256 296 297 305 320 450 493 599 680 707 789 805 987
5  119 122 186 446 539
6  159 271 770 782 828 865
11  148 251 380 440 486 551 557 794 797 831 844
13  41 54 402 405 494 499 524 751 765 770 835 939 940
9  114 120 211 474 521 672 757 882 923
5  13 98 180 671 893
5  11 645 695 931 967
7  85 468 515 536 550 845 873
12  165 282 326 348 398 447 526 584 598 602 785 848
3  8 20 806
10  22 29 133 195 285 366 439 498 678 943
12  128 158 285 512 516 669 676 845 910 913 934 998
6  376 544 857 910 958 973
8  14 161 201 419 697 797 800 974
11  33 37 156 263 443 527 594 662 777 837 921
8  87 375 464 501 552 556 939 970
10  32 139 246 367 511 544 703 776 828 929
13  30 46 95 193 230 231 309 455 672 730 746 766 839
9  83 101 174 391 417 543 780 982 984
13  188 245 285 501 507 617 666 713 734 773 852 875 893
7  190 223 353 507 533 947 965
7  101 192 230 520 551 712 789
8  153 432 575 659 674 837 868 906
11  108 163 194 200 303 526 648 673 678 787 909
5  220 555 799 863 995
13  1 123 148 209 273 324 360 673 685 729 735 767 811
5  21 367 454 500 594
9  191 213 324 346 351 353 450 454 573
8  170 200 342 369 414 489 659 719
6  35 316 351 815 879 898
15  84 106 168 173 184 268 315 354 521 527 660 688 691 853 928
10  14 35 244 584 628 651 675 677 879 998
8  367 413 675 750 795 865 960 991
12  81 117 152 281 416 456 502 651 851 940 952 977
9  41 85 111 116 285 578 614 835 904
11  40 109 113 141 180 489 638 654 680 832 998
8  210 212 244 323 326 639 684 686
11  36 174 273 322 412 628 632 635 652 704 841
18  22 142 220 273 311 313 337 430 485 599 693 714 803 811 839 926 961 976
10  83 199 263 332 431 598 609 622 657 739
10  294 322 608 620 774 789 910 936 964 980
16  79 181 250 274 367 380 390 401 444 519 532 618 632 780 845 975
7  19 88 393 472 575 645 738
11  41 115 203 338 463 484 679 777 795 808 972
12  29 46 135 403 492 505 519 704 705 787 855 880
12  38 124 458 589 607 618 738 760 775 837 940 999
12  16 37 156 325 423 432 440 460 622 736 769 949
11  24 98 464 467 553 593 622 655 910 915 974
10  7 155 180 206 226 490 768 789 925 941
9  51 256 530 538 586 601 646 911 931
14  25 111 132 370 371 372 568 584 623 702 779 874 907 918
9  275 324 441 468 576 774 799 826 892
8  92 124 206 253 329 589 894 952
5  236 656 733 911 960
17  48 98 225 392 423 434 452 469 486 506 550 610 741 757 774 859 939
14  41 111 259 458 541 628 662 682 742 751 795 806 868 983
18  215 216 261 266 314 393 447 544 566 568 574 634 665 711 822 840 851 991
8  195 212 253 344 674 746 766 889
9  172 243 343 439 514 526 588 665 847
6  208 247 450 659 668 685
16  80 121 125 230 283 313 399 425 593 718 793 797 799 808 974 995
7  63 349 681 750 836 857 894
7  198 294 381 443 493 551 766
6  347 370 377 511 536 548
10  69 110 352 496 519 577 586 630 756 813
9  39 185 250 313 315 661 699 706 714
7  189 209 217 350 353 402 991
9  140 268 306 313 352 492 683 765 874
8  147 278 316 686 761 763 863 931
5  28 408 449 558 959
8  82 97 195 230 423 492 635 650
10  83 94 186 281 432 459 565 613 648 685
5  44 68 433 684 728
7  162 408 620 656 733 788 877
7  9 44 53 207 311 510 537
8  29 186 249 265 508 714 750 972
9  26 231 235 261 651 696 786 891 979
11  160 204 458 570 585 641 658 688 734 972 991
11  78 107 124 166 260 515 586 671 789 921 924
10  80 89 190 195 461 504 564 606 687 912
7  33 296 616 626 680 941 976
10  93 302 312 318 327 512 549 630 648 838
7  67 429 492 539 678 775 853
8  8 20 119 314 487 498 794 993
16  37 107 144 160 169 336 349 425 437 539 567 659 729 842 855 911
13  18 35 150 233 284 336 599 602 621 626 638 673 977
4  81 336 481 907
8  180 478 479 580 763 774 797 847
12  52 66 111 152 159 256 262 549 905 951 974 988
20  36 166 190 231 268 301 414 445 454 510 546 558 604 724 756 769 821 904 957 997
8  272 298 489 523 686 730 769 819
11  31 49 124 349 505 509 594 770 820 924 929
7  119 155 392 510 568 875 955
12  140 167 227 259 421 460 477 505 722 876 960 982
11  281 288 327 394 404 429 468 690 907 924 943
12  124 143 193 197 348 453 625 720 745 770 876 882
7  235 473 537 561 684 840 932
6  15 213 450 469 801 960
8  40 202 407 457 459 601 672 792
10  45 79 137 588 679 755 786 834 857 894
3  171 700 783
11  7 224 395 574 591 601 614 716 782 875 881
9  9 33 267 452 471 535 682 723 957
5  483 644 737 777 939
10  83 145 242 327 588 596 636 704 717 873
18  32 136 153 248 265 279 304 493 519 520 616 618 654 707 711 934 961 975
13  27 243 340 378 455 528 555 757 788 908 924 950 982
11  195 205 328 342 538 567 596 633 881 924 933
9  92 225 380 723 739 904 921 941 963
9  148 214 387 452 470 592 596 609 643
10  174 252 253 606 623 650 727 735 774 935
5  233 282 562 603 898
15  3 74 160 281 294 468 649 745 816 872 873 876 917 947 999
8  77 154 211 263 346 459 645 679
17  72 132 153 212 401 425 429 555 640 650 679 728 756 775 778 812 846
11  68 201 261 327 400 487 627 699 701 749 959
11  25 239 244 289 352 413 612 641 656 889 958
11  39 187 219 330 578 611 659 767 879 892 907
10  19 32 90 269 277 380 629 634 686 899
12  87 104 134 153 289 598 727 831 922 985 991 995
5  74 115 243 273 765
6  182 202 384 721 797 918
14  43 60 64 120 184 355 359 418 580 641 760 844 948 998
9  0 9 579 603 608 668 759 934 947
12  18 102 114 503 538 668 694 719 798 807 867 894
9  79 121 172 239 722 824 829 899 959
14  190 230 275 323 533 545 575 633 679 686 824 892 902 938
9  264 318 402 471 622 731 732 864 868
7  51 271 314 375 536 620 906
8  11 40 171 515 551 666 745 787
12  11 75 110 319 517 520 619 719 848 959 983 994
9  179 206 234 304 497 553 958 971 995
16  21 108 161 253 408 477 514 611 615 649 742 743 847 862 883 926
11  91 171 299 566 570 646 716 786 847 906 946
10  77 126 134 187 191 201 203 492 516 891
6  60 97 379 595 695 898
10  8 20 59 445 472 573 590 793 933 978
16  13 209 210 332 340 356 593 621 662 699 750 757 798 865 869 915
5  912 922 952 958 959
9  256 273 346 370 400 522 575 868 966
9  53 75 250 278 488 551 586 601 850
5  88 282 510 598 899
9  86 549 675 834 889 891 956 971 989
11  231 262 368 380 400 515 546 589 773 792 864
6  82 118 221 252 324 702
15  142 202 205 325 439 559 566 632 685 801 841 847 862 943 950
10  47 226 308 332 357 454 502 566 585 647
10  149 251 358 529 578 590 611 699 865 870
6  148 340 578 840 859 960
7  61 69 155 219 475 675 747
5  485 504 958 984 999
13  44 192 206 235 267 370 441 622 804 807 885 938 959
8  8 148 460 471 521 564 903 907
11  78 101 111 173 232 296 344 431 678 796 862
9  288 332 561 625 806 818 833 936 980
12  56 119 188 220 228 276 337 437 566 630 653 843
9  53 85 133 648 656 672 675 757 886
10  162 203 257 300 348 548 609 669 680 769
13  55 152 181 212 215 327 627 647 671 693 784 832 897
13  27 135 375 422 490 514 538 541 768 787 822 883 988
7  3 52 192 286 698 773 910
7  277 294 342 501 671 738 858
5  126 569 598 813 945
12  74 166 276 355 461 557 616 625 753 819 836 919
12  226 244 271 285 313 345 383 523 553 653 767 792
5  12 130 211 743 821
14  29 47 170 203 248 267 340 388 395 524 736 832 833 863
10  16 20 381 546 552 672 674 835 988 990
15  45 48 163 312 313 375 432 594 626 635 725 831 847 917 985
11  24 191 230 303 392 536 588 599 685 723 983
11  20 48 66 169 248 319 462 478 482 758 900
10  65 97 384 466 679 703 708 810 816 925
15  34 77 161 163 188 260 331 341 363 522 556 881 912 953 978
11  151 176 259 357 384 399 479 508 515 797 975
14  107 145 178 209 332 379 438 470 553 575 717 880 973 999
6  251 365 449 619 742 804
12  89 137 149 218 456 512 561 578 669 720 756 845
4  329 728 855 944
9  20 103 204 236 301 333 588 647 791
6  105 122 204 251 647 969
10  129 457 487 598 680 717 718 869 879 972
6  227 333 486 566 899 947
15  66 202 250 293 337 380 398 489 519 568 610 665 675 703 997
11  10 106 127 191 251 340 383 616 691 742 985
9  163 395 460 490 506 514 633 763 890
7  388 413 438 644 696 698 867
10  152 187 328 422 532 582 658 672 727 848
3  382 474 490
10  52 175 185 194 290 473 565 624 766 873
10  89 279 435 488 504 684 688 697 724 917
6  208 578 685 703 767 792
14  123 140 153 176 219 379 418 482 541 555 782 887 891 899
17  1 27 108 124 136 140 256 373 456 511 637 638 767 805 823 911 934
14  10 36 72 91 93 159 373 459 577 692 697 737 828 885
8  55 229 231 236 579 657 866 988
8  241 372 503 637 761 767 834 958
12  43 141 276 456 477 540 550 592 602 676 812 889
6  216 389 503 525 531 593
8  9 124 214 227 329 724 738 821
12  121 324 436 490 520 601 624 655 904 929 935 969
12  56 210 288 340 467 555 590 610 652 672 674 811
11  154 237 369 401 466 591 649 791 840 845 940
8  71 426 475 534 575 627 656 909
13  160 181 239 247 314 321 376 468 576 626 827 890 942
12  82 252 334 445 470 473 485 526 594 846 889 929
4  174 268 642 772
10  237 251 268 330 353 356 368 420 685 732
5  220 285 348 391 498
9  54 82 194 212 289 558 589 939 961
8  133 532 585 621 700 764 960 994
10  139 261 274 350 558 597 642 660 687 931
10  20 106 135 263 417 629 703 845 886 891
9  224 296 369 493 555 636 710 712 989
2  89 289
10  62 115 312 571 573 585 649 796 928 935
12  8 65 108 163 256 301 305 447 590 685 802 950
7  61 147 184 319 432 532 914
7  275 410 481 483 610 771 836
14  22 105 365 436 475 508 512 552 691 733 744 911 918 992
9  127 235 330 377 379 601 612 800 936
8  92 138 169 189 197 340 470 712
14  92 160 249 305 306 595 602 767 800 860 904 928 947 958
17  43 149 185 256 264 361 459 504 648 734 784 872 900 907 943 958 976
9  29 241 279 377 510 541 584 638 836
11  29 360 375 378 427 509 546 676 834 867 892
11  24 58 158 188 302 349 478 772 875 956 987
7  16 297 367 462 504 882 921
10  32 112 170 213 271 279 550 594 637 776
14  42 126 188 344 418 445 470 585 697 773 802 822 935 994
16  110 202 241 260 277 293 364 415 429 459 632 667 712 837 881 965
12  56 200 297 420 549 560 725 787 801 837 846 998
5  73 208 416 797 888
9  54 177 191 243 521 644 840 864 994
9  19 127 327 330 350 391 468 542 962
8  37 144 307 391 416 485 572 582
16  99 187 223 290 316 438 518 555 561 633 664 781 913 923 938 948
7  116 239 425 458 637 674 985
9  15 23 170 240 376 450 551 558 742
8  56 128 289 452 563 574 797 810
7  46 263 483 818 834 915 989
10  10 147 294 309 344 490 725 744 754 773
4  300 316 569 974
5  99 149 171 392 979
13  30 47 118 433 561 611 779 828 844 856 865 882 962
7  335 563 582 741 758 799 816
6  255 483 546 612 824 909
9  327 472 495 502 538 562 597 605 830
11  8 82 206 219 266 306 412 581 681 720 900
5  103 176 488 780 849
9  46 80 84 253 388 557 571 608 631
17  28 34 50 71 149 223 242 281 293 349 414 455 615 639 663 851 872
13  28 90 360 382 573 581 652 660 770 829 894 964 991
13  138 279 335 393 410 445 532 613 624 684 773 813 972
14  30 62 87 214 223 286 368 370 737 751 832 853 874 928
9  49 70 97 482 613 705 905 952 961
11  116 341 445 477 509 629 651 678 746 976 990
10  18 50 52 112 212 519 769 801 867 873
8  129 153 304 575 653 732 759 874
8  25 66 129 298 302 342 802 831
6  5 63 412 558 592 954
10  81 95 170 375 429 453 510 531 641 888
11  21 36 79 98 274 631 649 655 706 812 940
7  18 112 349 443 920 962 983
14  11 146 177 367 374 428 516 550 562 582 739 850 862 932
16  2 115 293 340 482 513 549 578 685 743 882 903 908 916 957 963
15  137 139 166 263 288 307 348 415 426 523 566 605 746 771 780
10  34 52 92 161 301 453 504 561 580 922
8  163 261 333 417 450 460 872 934
7  27 93 100 748 780 943 956
19  4 129 138 145 165 189 310 392 400 477 486 498 521 600 602 618 633 759 950
8  55 173 193 301 458 691 931 949
7  169 243 288 449 535 567 747
18  30 76 85 132 189 250 355 375 494 496 523 545 590 625 763 821 862 968
7  118 431 767 816 840 868 994
12  0 21 143 204 516 563 632 666 782 815 996 997
16  195 382 440 462 521 529 552 605 643 750 767 829 879 889 914 980
10  134 259 265 397 532 549 569 861 909 974
9  223 524 530 560 657 711 780 847 883
6  199 365 438 818 857 896
7  278 357 474 683 711 895 977
13  81 249 342 419 431 432 441 467 551 662 787 941 951
9  142 370 393 557 594 751 784 804 903
13  164 173 221 336 342 378 468 604 717 829 854 962 965
14  70 235 448 527 562 644 648 651 733 838 857 879 893 903
6  194 363 419 577 655 758
11  52 113 268 500 535 662 686 857 942 949 978
10  74 90 137 520 615 620 642 828 868 959
13  11 93 113 159 180 313 422 500 537 732 867 930 957
11  127 175 221 342 387 524 672 786 825 829 983
18  2 19 46 180 308 328 412 425 460 488 543 640 669 780 844 849 899 924
8  337 489 606 744 790 806 931 999
8  108 160 350 479 570 646 747 855
17  5 8 164 209 320 403 433 434 462 476 550 599 716 734 836 951 965
14  54 62 97 117 158 207 409 480 609 662 762 797 815 871
10  232 259 373 408 552 586 619 665 885 987
11  138 144 218 533 537 670 827 900 918 925 955
10  16 122 280 472 520 530 549 661 886 977
5  59 159 274 673 856
15  13 80 214 257 265 294 317 336 509 652 721 728 738 876 890
13  0 62 136 363 432 495 500 514 613 644 697 817 866
10  208 279 335 350 364 426 580 703 860 967
5  156 200 660 703 805
9  12 344 385 390 455 464 812 854 941
6  189 275 331 338 429 494
11  21 102 133 184 422 433 486 501 558 642 719
10  83 165 232 236 387 487 681 871 989 991
9  4 187 188 198 395 482 545 702 823
15  83 136 184 237 333 346 423 483 595 642 719 765 787 950 989
14  34 70 134 300 312 377 454 490 513 567 755 818 835 840
13  8 13 98 201 230 244 421 507 593 599 615 694 882
11  94 153 174 253 259 390 393 395 737 864 937
8  32 139 496 532 670 809 834 896
12  36 276 294 325 405 427 448 466 655 866 887 924
9  65 210 267 285 324 371 455 578 595
5  555 627 823 912 981
14  0 53 86 208 335 384 387 426 485 505 611 614 697 919
12  0 62 83 144 215 294 371 482 507 555 660 661
10  23 37 263 397 409 625 703 723 873 982
10  163 234 375 568 621 638 657 727 873 880
7  10 42 532 551 561 710 948
9  73 102 271 365 396 576 666 679 946
9  112 182 331 620 642 679 738 785 886
8  60 157 326 409 535 764 801 962
11  61 76 112 167 325 395 443 579 688 739 916
10  340 468 486 503 614 666 690 853 855 896
12  64 73 107 130 403 418 433 529 601 786 965 978
8  256 264 402 505 531 650 780 992
11  125 225 266 357 538 540 585 737 751 894 980
8  106 320 387 601 610 653 657 878
11  80 152 158 188 238 418 536 572 595 698 776
10  37 176 184 233 366 391 449 469 706 810
7  152 196 216 225 305 666 992
6  327 331 391 555 845 948
7  157 181 259 416 461 580 678
14  80 190 215 281 326 359 414 572 607 639 651 676 715 817
10  84 254 371 423 495 604 642 651 857 951
13  10 100 238 239 325 332 333 413 437 804 860 934 942
7  117 142 171 336 396 671 876
11  17 54 55 86 136 269 474 485 538 705 736
8  148 381 440 449 558 603 734 871
9  79 366 371 454 489 911 938 943 993
6  114 401 444 488 600 837
13  36 240 244 317 323 341 670 742 820 907 933 989 992
7  50 404 497 541 746 784 876
4  350 367 441 962
10  2 40 85 199 230 535 547 633 634 844
9  53 184 323 327 431 515 560 823 904
16  64 96 272 393 412 470 521 555 631 645 777 786 790 875 987 995
9  163 221 260 342 404 631 939 955 998
9  40 51 186 282 323 356 454 759 999
12  43 57 150 169 173 259 390 498 672 725 744 772
12  176 214 263 478 481 513 522 649 783 870 891 920
12  244 274 321 371 478 509 604 735 819 853 915 930
11  135 158 195 243 269 322 536 620 774 797 828
8  32 134 229 234 400 575 672 854
13  112 198 255 270 282 363 402 408 546 788 894 943 959
16  88 141 146 148 198 241 491 496 572 590 593 607 621 731 754 907
6  8 48 395 561 698 937
11  27 190 389 471 518 569 585 676 704 746 869
10  111 292 328 399 633 650 738 769 820 917
15  94 126 131 134 228 268 335 419 577 734 844 875 906 958 976
12  15 223 432 444 464 465 725 742 788 811 971 973
9  309 357 367 442 508 569 766 829 966
13  34 197 225 398 418 487 500 547 637 708 792 862 948
8  189 272 356 396 400 612 645 796
17  31 116 136 148 250 317 319 362 541 569 620 621 748 783 804 900 961
8  83 323 486 537 584 756 818 947
7  153 441 450 543 614 730 765
7  94 96 132 321 391 661 962
13  97 104 121 126 218 333 485 547 570 598 780 790 907
15  21 134 246 339 359 402 442 488 666 679 736 830 863 911 932
12  154 203 236 325 480 563 604 614 662 676 708 834
8  204 275 363 472 803 861 864 919
11  22 100 197 213 248 308 314 345 370 403 669
9  258 316 496 537 587 602 669 758 844
12  0 38 61 115 168 236 351 582 602 654 680 724
14  138 158 214 300 341 423 566 571 579 657 719 783 814 941
7  23 86 192 536 712 776 919
9  91 210 221 258 521 688 862 879 912
8  32 45 99 342 344 468 580 701
13  188 225 305 415 560 606 610 617 656 827 877 893 981
12  36 55 75 140 142 230 515 700 753 835 942 977
10  263 283 345 409 410 704 801 948 956 978
10  123 225 253 297 443 462 575 659 660 792
8  131 581 597 628 822 881 971 986
8  291 364 444 447 623 684 746 894
15  106 165 169 290 303 384 442 453 472 486 574 636 640 889 951
15  43 75 126 157 225 270 309 311 371 583 776 878 962 969 982
12  35 308 343 453 486 522 790 811 869 899 934 991
8  115 317 318 428 435 442 468 687
11  72 251 273 297 482 510 620 644 657 834 990
9  36 75 100 185 219 317 934 974 983
10  63 264 296 309 368 439 541 619 768 991
12  329 385 399 400 412 457 606 607 656 711 808 883
14  12 129 232 285 321 366 443 466 661 727 831 926 958 985
7  204 347 533 591 767 898 922
5  58 166 341 388 830
12  9 15 20 96 191 353 565 953 956 989 996 998
13  112 166 168 238 322 358 382 475 538 671 717 881 967
17  54 86 147 221 281 311 345 357 431 455 476 492 501 550 732 956 995
15  23 65 211 322 354 376 404 412 571 701 783 830 855 918 966
9  3 107 233 365 496 675 825 932 965
10  89 164 316 363 475 609 664 695 832 937
2  144 934
5  281 380 610 702 915
12  16 34 98 161 269 276 316 469 504 556 808 880
3  76 112 479
9  116 168 324 444 696 813 875 934 977
9  53 55 172 230 410 595 750 792 946
6  138 292 421 688 700 821
6  108 362 471 693 792 887
12  89 202 207 299 475 479 514 585 601 771 773 892
9  119 446 471 615 643 781 835 854 925
13  52 130 206 351 401 423 433 780 787 843 863 890 910
9  200 223 386 495 667 695 821 847 951
6  242 401 665 686 861 948
9  336 430 592 690 736 890 894 913 994
13  115 302 457 468 476 497 586 587 603 784 842 858 867
11  17 80 99 323 330 390 644 668 721 812 972
13  1 66 201 246 330 540 624 728 776 785 841 862 986
7  84 248 260 351 547 616 797
7  94 124 285 391 740 803 965
10  143 170 265 457 649 657 852 940 947 985
6  48 59 91 182 226 720
5  498 605 766 771 791
7  342 391 563 565 679 729 771
11  30 104 116 171 244 307 498 506 515 663 772
14  8 13 62 89 105 205 256 305 812 838 860 865 930 978
6  114 259 324 351 361 883
7  17 150 164 253 620 740 997
9  93 181 272 387 419 578 751 848 948
8  64 117 225 390 460 466 568 684
9  36 68 69 128 346 466 849 853 972
9  266 314 410 416 590 593 662 903 972
9  15 25 215 270 381 462 533 709 948
7  47 113 168 407 584 704 859
9  31 152 379 411 750 812 847 878 938
10  20 93 134 388 394 455 603 732 836 875
6  2 241 375 475 484 661
12  42 148 274 454 516 526 636 647 771 828 909 915
4  10 61 887 974
12  26 98 237 396 405 472 604 680 776 833 890 954
9  87 116 358 400 463 584 705 821 962
10  95 127 311 370 711 814 822 853 922 956
10  7 113 144 303 376 653 780 880 906 912
6  18 77 413 642 868 985
16  74 86 113 413 492 543 573 685 723 738 749 769 845 862 968 974
8  104 219 339 359 504 569 757 895
14  60 68 138 179 180 223 275 305 363 508 578 625 646 883
7  53 113 311 396 638 831 898
11  6 260 332 452 624 656 702 781 787 841 866
13  102 131 154 176 262 265 266 389 479 539 596 613 989
13  9 65 70 180 264 328 331 447 484 584 607 645 732
10  191 325 394 549 609 891 896 906 913 953
8  19 156 278 707 715 789 843 891
15  9 17 48 80 170 187 223 276 340 530 803 824 896 934 942
14  63 111 127 239 341 418 461 469 523 628 647 747 804 973
6  127 166 418 451 550 749
9  10 159 504 526 576 636 777 916 952
11  15 131 176 277 381 398 415 783 895 902 918
9  147 220 303 343 541 551 629 644 671
11  51 102 134 144 435 557 577 742 771 774 881
14  63 70 88 100 168 189 265 554 651 848 862 922 959 990
7  179 401 732 743 836 844 985
13  0 30 45 318 347 361 423 561 694 722 907 910 931
12  33 95 126 150 289 341 539 567 613 716 795 988
7  22 48 52 230 786 940 974
7  14 116 148 449 667 838 919
9  14 69 105 151 200 202 526 642 764
8  6 19 54 97 385 594 798 890
14  87 114 158 160 161 283 350 375 400 462 652 779 866 929
11  176 237 240 290 340 392 423 442 733 761 863
8  153 205 210 456 530 570 660 952
15  28 53 91 152 164 198 203 272 409 543 555 635 901 978 983
9  38 124 262 331 408 779 874 902 917
4  60 354 481 757
6  275 579 846 867 870 959
8  42 237 258 354 373 470 558 800
8  87 276 495 608 754 847 849 918
10  5 22 29 166 243 289 353 406 593 653
10  22 114 303 343 348 474 648 710 941 964
18  6 134 158 311 403 450 476 478 481 507 559 561 681 796 818 821 927 971
5  38 132 334 445 678
10  30 332 375 376 443 542 645 732 916 930
11  96 160 165 273 287 289 377 381 537 921 925
11  256 503 551 697 710 711 725 747 794 823 830
12  106 121 154 155 266 275 280 491 511 636 712 846
15  47 74 87 161 186 214 305 429 446 514 526 538 697 878 883
11  49 159 326 337 340 373 396 639 747 836 926
9  52 86 107 118 147 262 331 368 400
16  19 124 146 149 176 213 302 513 615 663 673 705 727 874 878 918
10  10 124 244 300 329 389 633 744 821 959
5  155 172 214 400 988
11  36 212 262 336 529 756 760 865 905 922 947
15  6 21 156 304 327 534 551 554 563 575 612 655 699 730 809
11  78 159 169 205 267 270 521 698 736 886 936
10  37 38 65 185 287 387 477 560 829 998
10  31 120 386 637 651 662 686 745 816 820
10  120 444 508 567 629 703 787 805 813 977
7  7 46 198 262 294 607 705
9  92 362 385 419 574 611 633 752 791
14  14 309 330 415 445 516 566 593 699 736 784 860 914 986
6  62 359 392 641 647 987
11  31 108 252 285 307 326 334 364 740 972 992
11  36 59 206 576 633 655 674 856 858 887 973
10  111 163 464 487 710 786 947 974 978 981
11  149 208 384 429 450 476 649 669 694 696 835
6  346 422 864 869 901 973
10  121 174 190 222 259 288 369 771 889 942
9  89 95 154 318 329 341 751 858 983
7  3 242 264 439 500 650 767
15  74 203 288 299 346 373 407 459 517 524 579 639 706 812 815
5  0 85 410 423 755
7  77 127 176 310 337 346 530
11  105 209 228 299 505 507 763 806 813 817 992
11  0 38 48 78 93 383 431 516 542 608 668
9  34 69 501 514 544 805 822 856 937
5  324 658 707 741 908
8  437 461 567 622 651 742 817 888
11  18 125 135 157 285 478 587 784 802 909 994
11  11 14 196 295 341 440 576 800 824 887 916
4  125 203 410 437
11  8 126 151 329 346 679 691 829 886 923 986
10  42 59 92 115 122 254 597 780 811 842
5  209 457 524 616 818
13  53 77 116 203 222 224 311 324 486 647 674 809 971
12  120 400 482 547 588 704 713 722 797 870 988 998
11  45 120 135 255 350 448 538 693 784 800 832
6  5 662 729 879 918 998
11  92 154 188 197 247 315 560 579 797 850 933
11  81 126 225 262 398 457 530 559 783 900 980
9  193 267 585 620 800 804 883 921 991
12  33 75 88 136 229 440 525 564 594 652 767 810
5  134 376 449 638 837
12  21 62 104 135 217 377 628 645 783 825 866 876
17  43 53 121 205 270 375 451 484 558 695 700 728 767 777 846 900 945
10  96 209 342 445 514 670 729 802 871 972
10  219 478 592 600 632 771 905 910 922 990
8  49 229 411 412 531 741 806 972
5  141 260 574 687 820
4  132 337 923 947
9  69 95 131 159 168 489 581 666 925
14  13 154 214 287 302 479 529 572 639 725 848 864 899 953
15  97 178 219 411 537 561 568 574 648 782 808 863 944 970 980
6  29 532 656 682 686 771
9  10 31 76 288 405 454 544 680 735
10  3 6 57 173 321 444 452 539 688 813
6  19 118 440 452 727 998
16  46 205 209 237 262 385 428 481 510 525 597 657 676 848 908 968
8  289 320 453 594 667 698 792 858
12  11 49 161 172 347 449 503 509 578 723 749 774
21  5 59 99 102 108 164 212 300 308 331 515 516 627 819 845 923 934 937 940 945 954
7  3 270 367 569 713 753 974
6  66 129 303 324 868 959
12  21 88 178 205 223 342 382 434 487 518 559 594
10  121 150 178 184 323 431 705 736 859 861
11  120 234 259 277 370 703 809 954 959 964 969
5  441 699 740 907 955
12  202 250 288 408 529 575 631 646 660 749 906 960
13  89 145 146 293 297 327 462 487 497 618 732 837 930
11  262 400 490 516 762 772 821 853 881 923 962
12  182 242 344 373 418 419 431 454 563 700 722 764
11  114 133 294 416 472 716 748 828 834 992 995
8  128 175 534 575 718 764 908 982
13  4 19 72 131 154 199 426 549 815 893 907 913 936
9  71 201 206 252 319 342 536 895 909
5  22 228 305 708 884
10  116 269 316 368 539 610 638 718 729 846
8  140 181 191 568 588 640 698 958
11  149 330 370 463 577 610 686 903 924 942 991
8  133 282 529 583 790 802 926 940
12  59 60 149 298 347 385 564 569 571 621 890 995
10  71 118 195 252 447 703 790 795 835 915
9  123 133 134 139 340 434 721 841 971
11  79 99 144 217 507 586 622 713 787 894 941
12  23 50 129 164 178 213 221 251 562 658 701 841
19  2 3 8 220 236 418 431 439 549 558 649 664 705 732 748 903 934 936 982
11  156 161 180 198 310 354 452 656 699 757 829
11  76 221 274 413 429 518 596 658 793 828 970
13  202 287 318 423 433 529 713 779 886 912 954 981 999
8  135 274 480 585 598 736 756 820
11  14 63 410 471 510 542 573 703 762 891 940
13  57 80 138 144 162 308 341 413 425 559 572 731 839
14  94 112 217 235 423 466 644 674 793 875 894 935 952 977
6  29 56 433 637 762 812
11  120 121 122 144 213 579 591 625 822 885 976
10  20 147 247 398 508 536 553 887 900 952
7  293 390 398 474 542 603 604
11  63 193 212 336 353 539 543 760 776 887 991
12  45 157 220 305 378 387 511 633 646 693 723 869
8  161 379 381 398 584 623 629 820
8  27 86 214 246 359 666 888 950
10  74 77 241 245 614 673 722 773 776 941
13  11 29 129 218 315 317 403 466 561 569 664 814 975
9  131 209 330 460 604 691 730 969 979
15  11 42 95 170 251 387 393 458 515 670 684 747 846 903 980
13  70 79 89 112 193 290 381 512 529 550 595 964 985
11  32 34 266 418 445 563 679 714 734 773 817
4  72 125 158 852
7  65 111 191 437 479 580 871
14  71 90 95 167 179 262 442 497 582 607 781 808 865 983
12  22 161 199 477 598 696 726 790 806 872 874 924
9  11 31 100 153 517 546 804 877 941
18  33 45 88 137 170 188 267 343 402 428 482 490 561 672 794 933 953 974
11  94 277 470 489 584 699 702 727 755 857 971
11  362 420 428 477 497 637 739 740 867 917 950
6  65 337 403 412 510 697
12  4 121 196 217 228 244 291 305 569 666 850 898
15  28 90 98 136 338 347 385 410 537 613 641 671 702 860 869
7  11 76 565 733 745 851 981
9  10 14 263 564 597 610 739 741 951
5  130 140 271 444 968
8  176 315 397 421 681 735 893 961
12  153 281 404 411 427 467 477 575 674 828 936 949
12  8 15 98 279 456 508 533 581 651 816 821 872
5  148 166 237 759 793
10  50 95 142 195 229 236 412 745 760 995
13  81 110 150 263 438 550 567 569 719 855 862 881 911
7  258 320 375 394 485 507 632
5  374 540 779 823 996
14  82 114 147 165 175 308 414 419 646 730 739 844 910 943
18  45 67 91 165 184 336 372 380 403 438 508 628 642 655 750 843 850 950
8  9 181 233 392 550 803 834 849
12  23 34 38 177 257 309 488 531 562 725 805 851
16  56 194 195 199 233 297 298 326 333 446 699 750 823 906 919 964
13  5 42 137 168 335 339 370 478 504 626 656 903 939
8  55 365 424 458 600 664 730 865
8  163 297 521 702 739 850 920 940
7  15 104 166 175 502 561 787
8  145 333 423 525 638 690 725 858
10  24 271 550 609 744 769 806 945 949 990
11  143 202 206 233 398 454 475 645 760 891 956
14  112 123 168 228 336 407 504 581 686 745 764 776 814 929
11  36 46 95 122 154 449 601 658 663 753 910
7  548 637 913 928 951 980 999
10  119 206 232 281 300 364 394 512 770 817
13  69 76 115 240 257 405 424 552 681 729 748 779 823
10  9 30 130 156 290 521 808 826 837 846
11  37 364 377 380 392 393 575 598 855 887 980
8  114 238 334 457 581 698 770 827
9  85 151 241 324 418 680 774 856 981
5  6 102 235 767 948
8  1 5 147 316 500 507 539 920
10  84 197 281 302 377 485 490 756 918 998
9  96 133 141 573 638 713 769 845 989
11  4 170 172 191 292 335 354 496 556 576 750
11  76 135 141 186 196 229 382 549 656 687 996
9  43 57 248 393 422 628 815 889 943
14  270 297 391 409 478 553 622 674 677 689 693 741 837 862
9  159 214 275 396 485 500 514 869 967
9  168 326 440 505 781 850 862 899 988
7  210 230 596 643 688 802 837
9  34 227 276 412 437 521 626 722 946
10  91 275 289 301 340 389 494 634 911 995
14  16 89 289 319 331 487 547 708 752 837 856 867 913 973
13  159 164 168 334 366 394 566 588 662 766 860 878 888
13  4 84 224 489 571 622 667 741 794 855 961 979 993
17  15 44 242 261 272 296 380 431 508 554 626 641 906 933 970 981 991
4  129 269 463 829
9  79 133 156 199 220 448 821 837 916
11  24 126 167 207 212 221 419 606 694 938 967
15  148 195 229 246 306 398 409 467 507 652 708 779 791 826 967
14  52 85 215 408 521 605 618 649 668 701 716 720 927 961
8  120 134 332 556 571 899 916 952
10  10 196 392 431 501 555 593 877 891 907
15  25 52 89 120 179 210 374 566 578 621 672 700 896 920 998
13  222 268 319 338 424 540 744 758 869 872 949 972 997
9  35 73 105 144 458 683 739 828 889
5  545 727 837 842 865
8  53 70 106 245 378 581 634 843
9  158 428 511 554 668 683 685 729 917
10  38 56 125 130 195 200 375 388 550 573
14  119 232 298 402 417 424 436 481 507 508 646 680 854 980
17  69 166 247 261 355 401 411 416 424 437 572 641 748 762 777 839 842
8  318 339 379 383 434 495 844 997
15  51 76 101 122 260 271 282 324 391 494 540 651 898 942 948
13  14 157 170 519 529 548 568 608 630 654 673 728 846
7  50 62 222 251 262 394 550
10  4 128 209 213 326 537 766 842 882 910
11  68 167 233 306 515 568 578 611 687 707 991
6  257 272 425 648 686 978
8  75 92 292 586 684 935 946 947
7  76 81 195 558 732 834 897
8  84 98 197 465 485 673 842 880
10  93 131 142 185 200 209 301 829 864 943
9  417 428 647 670 767 811 859 890 991
15  19 110 235 329 361 363 466 538 704 718 719 789 822 824 952
10  6 76 202 298 460 647 742 790 793 940
14  186 299 333 346 374 527 562 677 726 732 752 791 838 889
6  262 271 327 391 459 879
9  25 130 134 324 366 508 541 646 871
13  82 160 198 201 275 319 371 565 582 667 693 784 869
10  125 422 458 571 611 668 713 759 791 966
7  63 125 362 528 880 942 999
13  21 187 326 440 561 613 816 829 881 920 924 958 986
11  31 136 137 248 600 666 791 865 895 926 943
12  1 38 42 69 103 304 379 392 603 673 849 862
9  341 416 455 548 574 677 759 795 886
7  115 128 208 267 304 436 987
12  66 129 244 405 454 469 522 680 708 731 749 882
7  258 259 670 705 787 808 980
7  166 285 511 580 633 788 984
12  19 180 267 273 374 445 453 480 751 778 812 936
13  11 138 255 279 428 498 525 591 593 628 683 737 930
8  12 58 453 541 676 748 823 916
18  41 82 146 318 342 352 363 405 537 591 674 678 817 855 874 943 965 971
11  14 116 190 203 504 612 617 628 789 800 848
3  369 626 942
10  49 57 121 416 495 514 518 559 702 805
12  126 177 310 346 405 417 633 685 848 857 902 939
7  73 187 283 560 683 905 932
6  375 468 560 715 952 960
15  102 120 297 317 321 408 516 634 683 782 812 814 833 929 951
11  16 187 331 398 436 460 576 635 865 920 979
