1000
4  258 382 535 787
6  31 265 280 363 386 682
14  57 89 160 200 320 345 379 406 408 573 684 865 909 984
13  43 51 145 233 251 258 334 441 560 841 934 951 958
7  347 355 426 532 613 910 991
5  107 290 748 777 805
11  65 119 234 236 496 657 695 829 833 941 979
11  47 263 299 328 421 514 743 804 889 915 948
14  117 175 202 218 385 465 483 495 577 836 918 951 958 977
9  83 178 384 447 462 577 810 814 817
11  150 193 272 335 486 549 639 835 907 916 936
17  68 149 162 174 180 246 259 293 380 397 453 515 563 640 797 878 897
8  65 106 187 503 609 782 784 904
10  23 163 286 306 385 398 567 634 637 958
15  144 236 264 278 297 301 313 404 508 597 692 790 832 858 992
14  142 189 193 207 344 434 447 510 574 680 759 876 888 999
14  23 29 65 179 186 237 397 400 408 589 849 856 861 873
10  20 135 270 685 729 764 834 875 883 910
6  494 706 733 751 820 827
8  107 210 615 646 654 712 735 766
10  17 145 160 240 436 574 579 586 728 943
9  137 149 238 355 396 448 671 788 906
11  78 201 254 461 471 523 529 561 663 908 933
15  13 16 114 126 215 236 283 345 448 518 598 622 705 749 986
10  66 135 533 666 687 741 758 880 900 946
10  31 332 351 385 609 633 755 851 891 979
9  66 115 409 424 427 580 778 900 948
12  146 355 400 573 609 614 666 678 691 785 827 841
16  46 61 173 190 218 222 257 260 383 449 529 567 613 624 632 878
9  16 266 467 503 579 605 661 952 955
7  290 316 355 501 788 852 945
11  1 25 223 285 310 455 557 564 745 789 870
10  150 264 317 446 461 553 635 677 740 857
9  62 329 414 417 442 452 470 691 975
10  114 116 177 296 366 430 606 740 892 950
8  310 449 504 718 778 958 959 987
12  46 100 209 235 244 262 300 461 562 703 723 907
9  47 107 118 130 173 206 498 680 941
10  115 180 254 272 362 398 422 425 589 961
8  130 138 170 287 453 713 852 996
3  553 572 969
7  46 120 152 366 640 958 976
9  191 254 279 350 440 480 711 894 980
11  3 44 94 339 342 403 509 611 633 688 994
13  43 90 204 238 283 406 560 569 636 685 847 867 895
7  236 591 729 732 809 901 987
12  28 36 41 314 457 536 633 711 765 864 961 986
10  7 37 319 398 399 402 414 456 732 784
12  107 168 468 557 671 682 758 794 856 885 963 968
6  171 434 447 453 459 772
7  125 141 205 403 589 829 875
13  3 86 98 114 127 133 371 628 695 745 783 915 970
16  140 152 219 267 302 341 356 396 398 409 433 454 476 541 784 893
9  278 304 326 409 451 568 579 709 879
9  194 195 219 246 503 563 576 622 948
6  56 64 479 632 770 939
8  55 88 113 428 508 545 618 830
9  2 61 363 404 702 710 862 892 988
15  93 220 336 347 394 411 452 523 617 663 668 696 744 853 959
12  226 273 317 559 589 670 706 728 779 780 856 952
9  69 212 228 249 499 552 612 615 849
8  28 57 298 416 509 649 670 999
9  33 269 275 281 520 552 735 783 913
7  143 190 289 349 588 777 960
7  55 126 348 350 501 527 809
10  6 12 16 72 91 473 502 635 715 860
13  24 26 74 192 196 219 603 617 663 732 792 882 915
12  97 124 277 316 627 632 697 713 792 810 907 960
6  11 70 325 327 687 703
18  60 118 133 302 313 353 403 422 467 538 540 608 638 666 722 796 801 959
13  68 273 294 307 342 363 367 381 508 559 613 729 926
13  116 195 488 497 537 548 592 713 750 784 816 834 986
15  65 264 277 297 305 411 509 551 607 688 722 725 747 840 854
14  253 258 317 322 424 539 595 640 650 719 818 935 949 988
10  66 189 258 324 493 711 721 782 844 972
12  122 128 299 383 386 426 468 469 520 603 646 898
8  199 354 525 672 704 916 926 958
8  286 513 523 631 731 772 797 969
15  22 103 169 236 385 403 507 613 616 666 708 758 848 901 954
9  133 212 258 404 419 524 554 797 934
9  243 350 712 718 729 745 792 864 889
17  92 121 159 303 324 410 496 511 515 678 765 812 834 851 860 967 972
10  158 239 312 374 533 626 649 714 726 867
13  9 90 110 228 470 568 572 577 659 741 763 769 895
15  142 301 388 538 541 556 561 647 658 735 737 803 919 963 997
13  191 286 523 564 566 798 802 839 873 921 940 951 995
12  51 226 314 519 578 584 646 674 731 857 892 977
7  93 198 350 579 789 980 991
11  56 153 213 312 355 661 713 849 903 929 930
7  2 151 218 463 485 794 833
9  44 83 266 578 587 602 763 820 995
8  65 213 239 325 399 846 929 964
6  81 132 139 152 362 723
14  58 87 110 118 207 360 501 529 583 661 685 801 870 948
8  43 120 175 270 329 370 664 673
8  110 304 517 545 619 685 734 879
8  172 188 396 503 628 727 820 961
10  67 416 589 633 655 738 776 792 871 881
7  51 192 288 506 578 630 656
10  116 120 203 255 269 309 380 410 549 894
7  36 179 246 362 909 919 998
11  121 146 337 407 428 431 480 554 582 772 973
9  137 299 330 427 459 537 709 718 801
11  78 128 357 439 511 766 772 805 811 903 914
6  362 594 618 647 813 960
10  290 341 346 435 468 568 613 669 764 948
10  12 132 154 305 354 535 546 721 740 962
10  5 19 37 48 327 351 670 839 860 905
10  125 225 256 269 458 477 824 857 938 954
10  249 283 337 360 361 384 783 811 847 986
13  83 93 95 125 158 166 192 370 650 697 698 921 939
12  252 371 406 502 570 618 659 676 836 854 928 968
10  167 169 376 396 456 580 595 678 775 994
11  56 118 162 523 756 782 801 851 879 930 960
12  23 34 51 261 264 279 335 588 601 679 775 921
9  26 38 137 146 375 453 552 799 895
12  34 71 99 257 345 348 498 521 660 832 947 974
12  8 133 216 416 467 587 663 724 778 904 939 945
13  37 69 93 113 320 520 753 834 849 862 893 929 946
11  6 150 152 351 371 445 561 652 723 926 961
15  41 94 99 476 488 548 586 663 666 753 837 849 949 956 991
10  81 101 124 208 300 355 539 652 731 775
17  75 196 212 280 287 315 382 386 435 531 577 607 671 859 920 958 987
6  275 325 616 699 765 955
12  67 121 252 289 305 310 314 393 423 639 667 905
14  50 108 110 166 167 177 311 334 411 603 834 837 890 971
12  23 64 452 533 540 561 640 698 713 857 865 993
9  51 218 221 295 324 344 547 642 795
15  75 103 182 260 332 486 530 716 718 750 754 859 874 884 963
8  173 223 317 323 580 588 589 846
9  37 39 231 266 388 524 534 753 876
9  177 257 258 371 504 553 689 889 910
12  92 106 218 288 304 446 698 711 717 807 946 999
14  51 69 79 117 305 418 477 490 538 694 699 732 745 926
10  164 169 195 446 592 618 620 888 960 978
14  17 24 267 285 409 430 482 516 558 606 772 804 850 917
9  276 298 375 593 610 620 690 705 962
10  21 102 115 191 440 467 548 619 762 817
8  39 285 442 468 503 514 708 791
9  92 281 442 451 688 871 894 902 982
7  52 246 436 493 630 714 956
3  50 327 748
13  15 84 359 400 410 447 665 673 849 870 936 963 992
13  63 148 168 180 487 590 594 693 732 737 768 799 895
4  14 561 727 771
12  3 20 349 396 426 564 567 594 694 804 813 993
13  27 101 115 160 251 284 328 473 498 499 714 874 926
6  276 319 387 714 746 978
6  143 661 678 704 787 828
8  11 21 209 238 392 593 692 810
13  10 32 119 171 193 276 291 304 431 488 599 634 965
9  89 185 311 434 471 473 730 852 905
16  41 52 92 119 180 397 433 446 474 515 640 669 860 866 870 990
13  88 188 256 304 317 321 354 505 579 637 708 766 852
9  106 161 173 432 459 793 805 819 838
8  185 188 197 559 620 755 909 921
10  220 295 347 454 495 636 669 753 926 993
11  167 267 593 626 678 691 731 771 802 871 909
4  82 110 367 861
10  81 321 345 403 428 561 584 840 899 916
12  2 20 146 243 460 523 602 689 753 754 810 820
8  154 245 350 445 627 751 794 864
12  11 113 381 386 389 608 708 814 885 946 948 992
5  13 294 603 730 797
12  134 233 415 477 482 497 617 643 784 803 804 814
8  331 348 408 428 616 637 866 983
9  110 125 269 519 528 788 920 942 966
11  112 125 157 414 452 470 684 813 884 931 966
10  48 143 223 295 320 338 416 545 701 850
12  78 112 134 316 405 519 561 598 681 785 814 922
8  39 224 442 629 698 745 773 897
10  49 150 178 214 389 691 798 855 897 946
9  96 264 321 911 943 952 965 968 994
17  28 37 129 154 197 224 240 260 332 586 614 667 679 743 837 898 988
6  11 527 562 593 677 891
12  8 94 261 454 485 518 576 751 867 903 928 973
11  213 319 346 381 394 583 699 727 842 868 902
11  34 125 131 233 298 580 625 707 763 877 973
6  9 171 320 605 615 922
11  16 100 347 380 405 450 677 692 724 805 971
11  11 38 143 152 530 602 604 614 696 734 869
7  189 394 549 761 805 880 941
6  128 298 377 505 510 963
11  199 315 320 354 379 577 590 691 845 919 950
2  475 716
11  151 155 229 242 324 365 433 648 652 951 956
11  16 311 321 400 506 569 747 776 877 936 958
7  12 281 405 524 680 742 851
12  96 153 155 348 391 421 447 504 527 539 583 586
8  15 74 181 347 392 407 749 777
7  28 63 324 674 914 922 965
18  42 85 137 199 200 295 306 557 567 592 604 632 655 685 757 777 778 810
12  66 98 110 231 400 499 591 593 720 801 858 908
11  10 15 150 484 519 568 617 634 646 653 671
8  54 288 701 714 883 957 959 961
14  54 71 134 233 268 325 421 506 817 829 900 917 952 980
8  66 122 225 311 614 774 853 925
12  155 173 238 314 384 423 549 735 851 901 937 999
9  87 201 373 388 663 799 805 974 995
13  76 183 191 344 458 479 580 709 783 792 795 869 873
11  2 191 248 257 483 495 562 690 714 806 851
11  22 198 225 469 470 478 487 553 589 645 670
9  8 254 382 416 422 481 482 820 972
4  99 215 585 962
7  44 217 220 271 422 512 724
9  50 367 571 573 601 625 801 837 999
7  37 312 375 561 702 777 863
10  15 93 249 295 325 334 525 733 835 945
10  121 251 329 386 460 727 829 836 840 857
8  36 149 253 450 586 602 676 748
10  19 300 327 430 464 513 666 707 810 982
6  229 488 489 533 701 799
8  60 79 122 324 588 779 910 968
9  88 91 176 215 426 467 565 713 877
7  171 297 458 745 896 913 921
11  23 203 213 325 364 436 506 819 875 926 968
11  117 240 323 398 402 409 585 607 805 849 961
6  204 307 457 821 867 961
14  8 28 89 127 132 303 323 400 496 562 574 597 782 971
7  52 54 66 239 625 650 995
11  58 156 204 223 263 371 440 651 758 871 926
8  127 312 339 403 456 653 671 748
9  28 503 528 555 634 652 689 813 916
8  31 129 168 220 260 369 566 759
11  170 173 300 332 336 409 631 698 819 958 964
11  108 196 201 337 364 381 608 693 713 761 836
7  59 86 370 479 658 782 932
10  325 346 354 555 576 714 741 744 757 780
7  60 83 269 512 806 820 905
7  185 211 252 327 491 804 908
4  324 792 825 999
11  130 192 342 562 707 816 846 860 872 875 961
11  280 488 617 622 651 664 673 697 727 949 991
13  3 164 177 195 285 420 523 575 623 689 774 822 959
13  6 326 366 458 491 514 534 545 622 673 922 928 964
8  36 237 328 347 427 594 703 968
15  6 14 23 45 78 308 405 502 711 807 847 863 897 976 977
9  16 235 333 459 469 804 821 862 939
6  21 44 149 197 478 954
7  82 91 219 245 682 736 792
12  20 173 216 346 419 498 538 654 713 906 941 989
10  242 405 539 651 680 697 735 763 883 906
9  185 241 321 339 378 407 545 711 743
12  80 160 404 435 518 522 524 621 755 778 820 967
7  36 285 350 479 551 765 778
9  161 239 458 524 561 689 691 770 854
12  11 54 100 140 410 482 575 709 719 790 861 880
7  432 437 464 596 725 872 917
6  200 261 592 841 960 967
8  60 109 207 367 387 443 473 497
7  424 446 516 518 659 696 964
5  3 146 208 913 953
10  111 124 229 402 482 528 618 654 683 714
12  73 209 305 340 505 578 751 778 809 884 909 990
9  22 38 42 202 338 348 577 580 837
8  99 261 264 280 409 577 658 811
10  108 153 576 605 616 711 728 749 774 943
14  28 116 131 200 268 304 507 579 595 627 639 653 755 760
12  0 3 73 74 79 131 454 558 806 838 850 927
10  11 456 471 484 550 564 598 618 844 849
8  28 128 173 223 604 658 898 958
13  114 175 248 255 486 498 524 572 614 632 762 767 919
11  36 308 394 412 437 522 524 542 585 682 717
5  7 220 479 933 957
15  14 32 72 114 172 255 281 284 366 464 561 763 854 866 911
9  1 293 344 486 491 614 670 832 883
11  29 90 130 287 373 375 451 472 515 627 901
10  52 135 157 356 476 532 631 805 842 872
8  195 257 422 512 566 593 803 939
14  62 99 108 166 228 341 370 480 602 649 672 700 709 748
8  17 94 492 600 692 819 828 838
4  204 284 496 747
11  10 38 309 373 628 631 694 800 811 823 917
6  59 70 470 672 893 967
7  287 291 400 645 714 778 825
11  62 123 353 684 693 718 745 812 877 914 976
8  136 147 150 844 861 903 968 972
8  67 72 298 320 537 553 699 975
5  14 53 522 844 994
11  42 114 345 449 455 483 500 671 731 925 999
12  1 122 232 255 324 489 590 609 610 633 718 969
13  62 139 187 264 298 316 395 464 502 573 722 925 949
5  345 427 481 648 841
5  23 44 109 361 699
7  146 264 271 438 674 762 888
7  31 135 138 233 244 849 882
11  13 77 85 330 497 616 865 906 932 950 957
12  39 122 266 274 358 368 386 455 557 715 809 869
14  98 132 194 374 394 489 498 578 663 671 777 807 829 891
8  63 124 437 461 493 569 716 947
9  5 30 105 337 501 617 688 691 830
7  150 274 295 303 471 671 767
9  351 363 390 441 655 667 889 946 973
7  11 265 336 414 534 889 910
9  70 163 435 704 755 925 931 962 967
13  127 156 168 191 207 291 442 639 699 760 763 908 927
5  34 427 545 781 811
11  14 72 214 485 562 660 722 795 849 866 920
13  61 136 177 182 277 281 407 428 452 718 834 886 961
14  7 75 102 317 332 504 634 657 670 696 807 911 949 954
22  36 121 210 224 325 365 437 465 519 524 545 574 702 706 737 766 780 856 875 888 923 956
9  14 84 377 483 637 673 757 798 930
9  52 69 649 659 682 724 751 963 986
12  81 218 291 353 424 443 603 648 673 695 891 954
18  53 95 132 150 153 257 342 362 418 505 516 556 647 694 749 775 810 881
13  72 106 124 133 253 317 365 394 475 511 881 943 958
6  13 191 310 359 507 574
10  70 217 331 356 401 435 603 605 614 851
7  236 262 460 596 742 747 934
8  99 272 366 381 463 689 818 919
7  31 35 124 306 441 628 927
16  125 151 186 196 338 358 385 389 412 445 468 496 503 520 666 949
11  82 88 206 221 707 793 890 929 933 966 967
4  14 69 594 663
7  46 86 124 197 392 510 754
8  122 183 451 458 580 638 662 963
10  30 67 169 281 327 380 450 521 770 830
14  32 59 73 129 153 299 305 324 356 361 398 445 454 674
9  370 408 497 602 648 812 901 907 956
10  47 147 176 457 533 594 664 750 858 860
11  2 118 168 178 183 277 330 564 650 680 943
15  153 159 172 186 242 454 481 485 500 708 725 759 800 821 878
9  73 360 454 478 526 559 675 681 898
10  129 216 218 326 422 620 639 875 878 968
14  74 81 127 185 190 212 230 280 317 692 720 728 825 852
15  68 91 123 195 207 215 227 300 394 439 453 463 547 615 919
11  53 234 323 429 598 607 661 730 862 914 970
14  68 107 141 210 229 316 402 422 455 473 576 747 752 945
9  7 146 235 413 694 753 805 955 968
8  33 94 208 393 685 848 859 974
11  102 286 320 344 354 499 506 688 812 906 973
13  165 307 372 388 408 517 530 543 598 636 684 772 939
11  25 128 173 224 299 344 469 606 638 815 854
4  237 461 853 905
8  3 125 207 571 574 716 934 943
7  10 114 348 399 413 416 485
13  58 224 293 355 421 476 504 529 746 793 809 903 993
7  101 109 225 290 403 571 693
13  168 254 311 376 387 398 450 460 575 661 849 879 905
9  43 221 242 518 608 758 792 832 866
8  253 360 487 735 863 870 899 906
11  52 105 269 436 463 553 614 621 642 833 875
11  43 70 231 304 410 427 444 643 845 865 940
4  584 640 880 999
10  15 127 199 265 330 332 503 645 753 973
14  2 23 116 159 279 282 472 530 625 650 727 762 789 944
9  105 176 227 240 392 502 507 703 744
13  4 58 156 179 189 235 442 626 628 652 674 903 938
8  64 116 165 188 254 335 609 942
11  63 145 367 420 473 482 494 512 654 764 903
10  42 64 80 87 161 244 410 909 981 992
9  25 107 119 292 565 723 888 927 957
5  356 402 622 729 809
9  69 275 303 389 496 814 844 856 899
16  76 106 153 183 227 330 369 555 564 612 640 728 798 843 920 977
11  4 21 27 30 88 121 336 585 599 612 854
18  52 267 307 317 352 358 386 419 626 652 668 680 749 813 826 904 948 983
8  103 517 540 760 885 888 936 986
11  287 311 356 501 523 558 729 757 795 937 984
8  142 306 513 538 636 684 722 935
7  93 109 322 340 532 576 715
8  109 283 317 449 503 519 668 878
11  38 92 100 104 304 375 463 560 591 662 663
16  1 57 70 292 366 464 493 497 636 655 666 702 829 857 865 963
8  215 225 438 465 533 713 905 924
10  185 300 305 398 536 583 601 779 902 920
10  34 41 234 264 309 363 402 414 745 864
8  70 158 205 249 349 555 747 793
4  287 430 672 710
6  223 354 535 641 719 805
12  94 110 226 269 318 428 457 541 584 668 934 963
11  51 111 119 131 220 387 510 687 764 935 950
5  331 510 596 619 837
8  198 266 272 520 554 626 775 825
9  82 288 476 592 599 660 830 850 996
9  115 136 206 266 362 562 683 759 921
7  112 338 490 510 797 818 822
4  182 301 458 954
8  242 386 588 636 864 887 938 962
10  2 183 448 487 545 613 640 795 919 958
11  11 99 179 316 424 439 527 555 720 839 904
6  70 162 176 225 309 540
8  0 122 202 545 682 792 878 911
7  28 75 396 514 729 790 915
10  9 109 197 416 451 520 624 647 735 863
11  8 13 25 78 311 480 669 909 946 958 990
10  1 75 122 162 208 287 356 378 937 968
13  147 249 338 371 398 404 418 550 612 680 708 831 979
11  84 130 198 331 592 604 687 704 797 812 844
6  162 171 311 353 398 940
9  292 525 529 611 691 850 908 922 967
6  188 550 797 864 868 994
10  149 189 314 346 642 646 695 736 833 972
10  124 329 569 611 691 698 707 829 896 982
9  58 176 181 262 288 305 325 552 890
6  281 561 658 766 834 954
17  21 52 96 112 145 383 461 515 543 548 613 742 819 915 918 969 992
9  11 16 152 475 485 551 574 729 930
16  13 38 47 52 216 317 338 365 387 389 502 528 577 579 654 893
9  47 91 335 410 411 605 745 961 999
15  16 27 142 186 192 218 274 404 718 738 804 809 825 838 982
4  307 643 822 936
11  47 216 252 327 352 366 456 522 624 712 994
14  43 50 69 78 159 221 337 485 575 584 697 711 876 883
13  14 57 79 243 387 400 519 719 858 868 902 986 997
8  169 179 187 236 241 416 605 694
5  2 44 111 661 844
14  101 189 242 298 498 523 576 596 630 634 689 870 902 963
11  2 16 165 318 331 466 501 728 742 837 977
13  26 52 53 135 216 224 255 445 520 530 622 849 991
12  81 99 142 246 342 350 399 437 445 540 637 781
7  58 72 125 399 551 605 737
7  262 311 689 798 808 813 927
10  328 335 415 444 479 517 593 625 721 853
11  33 47 167 293 366 552 637 674 784 883 929
7  164 413 426 566 675 722 746
11  61 97 117 168 202 335 384 405 445 598 799
8  33 540 574 594 671 679 861 943
8  133 304 387 562 611 883 907 971
9  79 240 356 630 772 803 824 848 954
9  233 349 460 520 554 605 841 904 992
7  7 188 195 336 491 536 677
13  38 69 202 204 268 323 327 491 631 745 751 919 953
5  124 197 448 451 490
12  26 73 250 303 380 471 574 623 674 703 905 922
7  38 430 671 870 926 949 982
10  4 75 145 213 415 432 461 524 801 992
12  26 102 235 282 296 342 523 571 580 628 774 829
14  56 101 159 165 298 370 462 488 494 528 682 715 810 836
4  326 603 871 896
10  34 135 210 368 425 534 651 688 932 965
10  101 150 432 569 580 793 832 856 895 958
12  154 247 426 431 441 450 516 592 628 665 915 955
7  52 152 185 613 730 849 873
12  15 49 151 473 506 573 726 740 815 912 949 953
9  105 122 243 294 307 476 687 881 959
15  20 140 215 341 437 495 547 644 777 781 791 870 878 976 985
10  247 262 289 300 410 436 491 724 853 984
8  284 364 543 731 745 794 875 957
8  103 325 380 508 648 693 771 933
12  42 137 220 488 498 539 631 715 717 720 865 940
8  3 292 310 432 582 691 696 758
12  33 138 139 170 295 347 501 621 687 744 961 963
10  249 303 466 519 677 700 771 882 945 983
8  342 413 575 612 687 838 853 881
14  119 161 311 317 409 410 416 596 703 841 886 897 921 984
10  32 132 134 152 250 507 576 644 789 844
11  9 15 49 142 188 487 643 717 766 776 802
8  21 23 379 423 534 709 952 981
7  28 35 279 361 506 721 980
14  179 209 316 338 432 481 492 653 692 717 747 767 820 970
12  53 139 266 315 384 423 455 694 804 870 872 956
8  33 58 126 167 298 493 554 976
8  11 39 49 115 325 645 836 960
10  52 156 175 258 317 321 322 544 739 921
10  31 279 287 327 451 489 533 571 861 875
8  47 112 221 259 402 614 776 952
13  46 217 319 370 562 573 609 668 877 907 934 955 992
10  108 199 214 234 245 315 377 466 700 916
9  49 102 154 237 492 519 761 768 979
10  160 208 308 338 420 502 700 723 758 873
13  22 32 36 289 333 396 426 506 508 789 843 954 965
8  9 428 501 536 745 762 811 832
15  89 309 325 341 362 538 628 684 753 873 948 953 955 964 968
9  210 247 264 281 363 657 661 868 956
6  8 300 364 507 550 908
3  408 443 458
13  29 69 117 137 213 590 697 797 809 829 945 974 993
14  48 75 105 138 311 551 690 707 735 767 798 803 906 911
9  75 201 237 332 506 571 747 857 934
11  33 83 167 201 273 608 649 778 860 897 934
8  22 151 259 291 424 907 916 923
7  266 345 478 512 619 782 793
11  65 146 151 249 327 349 434 598 657 741 753
9  152 485 587 630 832 869 892 963 970
9  184 305 397 573 780 847 863 924 925
13  52 120 267 336 374 435 571 600 630 722 814 939 949
13  108 133 164 540 541 608 706 752 800 805 946 964 976
11  201 238 322 472 482 487 584 610 721 730 858
14  55 199 226 244 263 413 540 605 661 671 839 865 903 984
9  42 101 269 385 810 822 842 867 979
13  202 282 321 450 515 523 583 609 715 774 900 959 968
11  135 164 202 246 252 349 478 642 709 755 997
6  8 200 279 301 898 942
8  193 259 505 515 612 657 785 939
11  89 175 297 321 335 397 403 474 684 790 862
6  10 128 261 265 596 817
18  143 201 340 379 447 478 533 585 608 686 703 761 814 850 924 940 945 949
16  71 120 150 211 232 428 440 507 510 555 672 771 814 827 845 889
14  211 280 288 455 520 527 529 536 560 630 673 690 878 934
9  133 376 423 539 602 607 786 796 998
7  229 234 265 421 422 437 519
5  270 450 459 702 821
6  74 140 289 363 452 970
9  18 349 428 531 619 640 687 837 861
11  8 156 200 436 502 586 641 679 807 945 995
15  6 81 218 271 311 353 506 515 541 547 556 681 743 827 878
11  71 164 249 286 318 363 592 750 826 903 972
13  37 116 146 240 261 288 407 440 533 552 587 801 810
7  60 146 192 330 605 767 778
8  279 321 590 722 832 845 860 950
15  30 64 93 290 358 408 442 462 626 630 650 695 716 914 940
13  65 111 236 281 346 398 460 495 632 747 847 921 939
14  12 29 54 96 138 222 311 344 361 647 701 717 909 960
12  35 131 188 299 336 542 566 708 732 799 810 948
6  153 182 253 304 484 704
14  98 186 195 215 330 434 449 461 469 496 591 618 700 865
11  78 257 306 346 446 465 488 621 949 993 997
11  14 56 70 439 461 631 673 757 873 894 975
6  43 61 72 615 726 813
11  15 182 314 371 372 376 488 687 815 864 941
9  81 103 305 519 572 616 846 863 958
8  204 228 268 349 472 523 569 734
5  77 210 359 547 776
8  7 138 234 383 543 637 808 911
13  11 81 152 266 396 481 484 496 521 695 753 805 935
9  135 250 304 432 532 543 651 748 834
7  95 331 357 413 625 676 780
9  23 175 243 250 339 553 587 619 707
15  86 166 169 193 300 361 404 443 459 491 511 632 738 855 929
13  62 75 118 311 373 384 409 420 489 686 788 815 866
7  116 316 515 531 547 565 629
6  243 262 278 402 717 776
19  22 58 77 85 113 160 233 358 407 427 481 512 554 625 636 663 837 880 922
17  79 130 187 243 245 261 262 300 426 563 607 610 733 773 774 880 967
9  76 207 390 648 660 703 741 772 815
9  322 591 704 746 757 837 866 941 962
11  64 174 188 380 489 544 617 636 791 852 926
8  166 222 252 398 428 650 783 897
8  22 28 93 336 390 489 611 851
7  128 180 331 345 409 871 914
9  122 494 521 538 597 743 873 899 920
11  4 267 360 516 785 810 823 848 933 941 990
14  24 82 126 211 319 364 455 487 498 563 571 625 679 769
10  130 234 293 430 448 828 902 925 934 998
7  0 106 369 668 676 693 704
14  46 365 421 462 489 639 780 803 826 836 850 899 926 997
8  71 102 277 546 615 724 749 806
13  69 84 133 240 359 463 531 642 670 765 795 858 908
8  73 121 188 241 440 490 713 764
14  69 126 357 381 410 417 477 479 594 629 821 875 895 993
9  52 84 370 477 496 560 631 977 995
5  262 504 603 665 894
6  331 396 438 514 516 905
10  454 527 546 611 704 754 787 828 951 986
14  56 95 168 234 242 296 300 379 382 573 719 722 746 917
11  106 537 544 565 615 722 841 898 933 939 972
9  127 325 436 496 513 521 554 570 592
9  71 120 137 396 597 633 680 871 943
11  10 99 181 197 575 615 809 868 870 871 890
7  259 387 391 465 573 617 911
12  72 244 397 411 468 565 577 578 688 708 890 992
11  60 62 115 394 414 498 653 746 761 822 935
8  32 40 131 201 277 341 518 796
12  79 101 373 420 452 523 547 780 805 958 988 995
7  222 227 354 367 380 488 946
4  84 304 496 921
13  31 48 191 287 598 706 751 785 803 818 847 854 934
8  135 258 358 597 600 712 782 890
6  59 70 155 322 924 962
8  3 44 362 489 541 670 803 843
12  22 84 119 126 144 159 169 206 245 264 395 608
13  36 174 200 218 231 297 375 418 457 633 810 817 899
6  11 54 524 533 851 903
11  31 85 145 259 320 354 568 601 675 952 995
9  213 351 521 546 551 815 882 945 962
10  85 223 268 415 504 591 628 811 812 831
10  13 28 145 191 647 742 769 854 944 959
13  53 83 105 193 564 583 621 629 717 731 732 813 862
10  44 186 289 393 431 512 636 733 813 966
7  111 547 634 658 853 864 997
11  205 334 337 427 455 469 476 533 737 766 815
11  40 83 261 511 619 750 822 834 862 938 990
15  2 27 205 281 434 457 475 545 550 610 611 786 838 841 877
14  15 20 218 300 306 334 397 417 424 619 625 853 881 960
14  233 246 338 403 444 549 604 605 611 864 910 953 990 998
14  54 175 227 256 327 360 407 446 579 667 710 759 760 767
16  8 9 83 122 183 254 255 398 551 620 621 740 741 766 907 974
11  86 90 98 253 288 551 630 646 663 710 831
11  20 29 53 87 153 257 398 576 759 789 856
15  26 112 129 177 199 254 315 427 431 621 700 702 738 859 887
3  815 887 942
7  101 441 607 850 924 942 991
13  93 176 188 365 481 568 603 616 675 767 805 899 903
11  86 159 343 370 403 478 707 730 846 884 977
7  203 216 262 355 487 599 781
10  20 120 173 188 209 495 592 789 951 976
11  90 117 474 498 518 590 598 647 651 690 833
8  63 114 129 212 378 666 789 954
8  16 38 50 59 97 129 201 635
8  143 183 280 467 500 587 852 860
9  45 192 362 506 526 566 693 704 887
17  71 134 191 248 374 388 432 497 547 586 691 729 753 844 914 949 970
10  136 149 157 174 192 268 413 717 768 831
10  104 143 145 235 313 319 417 540 838 937
5  73 112 257 627 640
12  247 308 372 407 445 486 612 665 697 788 844 909
7  14 218 531 548 558 884 975
14  23 169 259 326 331 416 473 557 587 681 748 787 968 985
6  150 355 374 585 620 964
7  270 476 558 646 815 881 976
11  114 205 365 564 635 637 688 753 821 834 881
9  90 160 180 209 269 318 490 853 904
12  66 75 125 163 303 307 429 542 583 821 991 996
7  180 191 260 388 575 615 636
16  29 178 256 307 399 405 411 420 479 499 575 610 740 830 938 939
9  34 135 332 622 637 830 864 873 892
8  72 122 216 326 490 524 582 766
10  69 162 225 339 470 477 487 561 949 978
11  12 25 27 280 348 457 481 732 774 958 969
7  136 280 478 524 573 605 978
17  43 390 393 418 529 544 573 575 640 687 726 728 753 757 790 918 926
12  60 354 355 387 444 484 596 653 693 827 912 984
15  4 28 70 78 105 379 396 433 634 697 743 827 849 861 943
13  27 173 180 196 261 265 307 341 456 661 754 851 908
13  19 60 178 325 509 537 546 549 604 666 667 937 982
8  78 123 165 256 286 511 583 757
12  58 66 164 193 232 290 527 550 697 723 892 975
9  56 104 111 134 252 259 506 794 942
13  95 137 372 472 494 518 572 574 680 822 840 849 962
9  134 136 155 323 577 599 683 748 783
10  243 341 442 507 568 577 580 893 898 999
11  23 54 232 234 352 409 606 623 686 956 958
5  233 424 622 696 950
8  28 384 402 642 652 681 778 799
13  177 205 219 345 413 517 523 533 574 692 742 815 959
10  82 157 347 356 373 501 673 691 917 969
6  67 161 257 266 595 862
11  51 96 272 310 347 427 432 463 566 654 713
8  170 521 540 568 778 820 930 963
11  98 140 407 419 474 476 489 501 578 785 893
11  77 224 267 272 422 440 508 541 737 813 864
10  28 55 67 191 261 502 519 834 846 970
11  25 43 46 97 280 548 562 753 758 812 852
13  13 150 193 222 299 407 570 613 701 741 760 812 932
8  32 65 589 601 689 722 749 769
15  44 156 331 359 363 378 523 527 569 604 700 809 831 957 999
9  13 153 165 301 410 414 514 601 606
4  69 315 332 900
9  10 124 257 295 323 536 735 778 952
16  11 41 73 126 152 343 354 379 494 595 611 705 709 714 807 992
6  369 495 690 702 783 949
7  127 341 392 482 538 624 704
8  164 342 401 447 653 667 924 952
5  436 446 747 794 853
7  201 274 344 453 685 712 835
10  19 75 86 193 392 578 600 782 930 934
11  84 104 304 384 503 567 587 698 863 883 918
9  185 282 303 318 439 525 712 841 859
8  61 82 269 302 470 788 897 906
9  73 110 219 320 345 501 528 677 701
9  220 232 241 430 516 587 658 731 961
9  119 121 185 222 347 356 624 723 883
9  193 221 257 450 552 612 643 707 947
15  19 240 252 349 398 628 662 773 787 813 831 883 902 914 935
7  97 191 292 363 725 862 984
3  98 844 908
7  6 299 464 473 484 682 791
11  84 226 255 260 395 570 651 672 901 907 921
9  83 111 250 302 690 767 902 910 961
7  116 297 374 525 804 927 956
14  29 88 93 148 326 338 406 464 479 614 721 744 844 976
6  315 362 654 818 821 961
12  22 58 66 117 120 198 288 313 362 523 578 689
5  94 232 319 827 914
8  142 432 542 596 725 853 972 983
12  24 27 69 78 120 210 311 363 588 615 692 838
12  124 173 292 576 615 643 791 821 859 917 966 990
8  58 356 361 370 457 535 824 846
5  105 152 156 385 963
10  59 61 107 201 265 299 538 560 894 965
15  21 48 122 193 221 279 288 291 417 425 479 748 831 832 897
9  76 269 273 368 488 658 707 719 875
14  94 142 232 234 301 303 489 508 626 678 878 979 987 990
8  86 190 284 317 347 414 424 853
8  322 415 564 583 824 839 958 975
10  111 209 517 535 851 869 885 939 952 983
8  32 174 179 421 443 650 689 701
10  27 81 112 148 157 673 712 730 843 929
6  114 173 417 495 533 936
14  15 37 187 241 320 356 387 548 619 722 801 859 927 986
7  169 322 496 598 624 835 885
10  1 48 239 262 302 382 428 657 705 803
7  252 375 620 776 888 964 993
7  2 167 275 331 359 463 485
9  17 44 93 95 191 329 645 707 916
5  487 520 622 799 887
19  24 68 371 388 435 442 444 494 510 611 758 763 772 862 864 945 950 959 960
11  43 72 139 290 330 430 551 601 761 964 978
13  131 160 222 233 245 309 407 412 635 663 677 856 956
8  136 200 468 489 587 641 659 823
13  27 33 157 171 183 245 290 390 393 441 592 626 699
14  14 149 179 270 324 450 625 666 753 760 841 895 961 965
9  143 225 275 337 439 535 591 612 793
12  133 145 272 304 328 405 451 752 896 917 922 998
9  6 51 303 392 501 515 715 821 842
8  58 180 250 299 441 623 930 957
13  67 110 232 241 403 467 596 613 617 705 869 870 873
9  110 126 132 170 224 393 647 900 907
7  123 133 176 277 283 295 691
10  269 443 458 460 506 580 636 783 823 930
7  168 194 211 503 634 650 677
9  57 206 300 363 492 580 641 736 765
11  36 68 235 346 424 445 487 525 752 961 987
12  76 148 294 388 505 526 535 544 591 642 845 958
7  23 136 640 682 697 910 957
6  18 59 300 477 557 902
15  177 210 231 312 393 468 518 584 653 672 685 817 842 929 989
8  78 138 153 162 321 387 504 551
11  53 102 199 246 269 448 482 640 847 871 970
8  57 368 576 578 760 895 899 990
9  42 46 74 132 236 242 256 403 931
10  19 80 402 558 645 648 678 723 876 916
13  39 67 71 88 126 213 225 240 364 539 628 867 925
15  82 140 146 147 194 200 227 252 274 640 783 784 878 932 971
13  65 287 360 428 440 481 695 737 831 846 881 884 890
6  128 184 289 334 501 885
10  132 262 440 447 450 503 522 568 593 990
11  35 80 102 128 275 280 298 400 724 754 907
10  73 246 369 404 545 672 751 766 916 974
6  192 324 380 440 766 840
10  74 106 413 449 478 661 750 800 856 924
14  69 72 281 297 359 415 476 500 545 546 635 680 784 857
13  36 92 119 351 460 617 652 712 740 746 869 935 944
8  117 179 204 302 437 537 718 970
8  72 247 321 655 665 734 892 959
6  82 434 509 611 914 999
7  96 144 176 208 232 345 786
13  20 59 256 324 354 408 611 866 874 943 957 966 989
15  17 45 70 80 352 358 383 397 592 731 743 798 812 887 978
9  151 163 326 433 478 584 678 779 997
13  77 86 121 157 279 438 568 651 729 743 761 947 951
8  45 47 66 133 143 504 568 609
7  18 207 524 569 747 873 946
7  95 180 512 725 787 914 935
12  19 62 84 197 241 340 384 468 639 766 858 888
3  239 392 702
9  84 143 300 411 571 631 715 906 985
5  97 400 519 580 998
3  454 804 905
8  32 34 106 434 577 605 723 772
9  24 83 227 473 525 577 634 974 996
9  187 308 396 408 567 625 926 929 972
11  7 173 242 496 531 613 729 731 841 869 995
5  58 227 346 442 661
16  31 51 80 133 170 214 275 366 399 422 438 462 835 932 983 991
11  147 336 415 526 545 552 723 779 816 884 970
13  72 186 271 308 327 367 450 469 502 644 733 915 930
10  5 141 209 221 269 516 598 620 671 950
10  23 189 256 304 356 537 635 783 858 974
8  71 128 319 497 572 721 950 963
11  18 161 175 253 302 422 557 719 797 904 955
7  327 477 694 703 797 840 976
20  118 120 130 156 160 328 344 463 473 515 592 601 611 633 692 765 776 868 907 987
10  128 160 314 544 614 718 802 884 917 952
10  25 155 243 257 294 482 795 806 913 959
5  113 762 839 849 906
13  191 227 301 358 508 526 611 616 773 789 905 923 962
11  24 48 78 220 339 441 460 633 687 764 996
12  15 223 321 375 576 579 781 814 865 876 912 997
11  257 295 357 576 634 692 710 777 784 795 852
8  181 225 459 487 552 688 731 918
11  137 261 284 345 462 756 800 854 946 972 989
12  83 90 177 241 264 295 687 770 806 901 908 989
7  17 105 349 371 539 758 924
10  46 81 123 244 538 702 753 829 888 956
14  19 103 153 300 395 447 571 577 607 719 720 735 772 773
10  261 291 450 468 499 576 583 659 839 974
6  143 459 593 833 904 930
11  83 533 567 635 771 812 836 876 931 967 986
8  55 245 316 763 829 838 864 940
8  144 157 439 443 488 769 952 977
14  49 77 101 103 135 331 419 525 687 740 766 786 798 834
5  170 524 654 757 766
8  196 233 256 427 481 524 609 903
5  112 114 121 304 373
9  97 186 447 456 513 522 683 753 963
10  5 63 189 191 206 288 436 760 804 974
19  26 35 117 191 243 244 253 274 470 499 624 629 639 783 793 831 839 890 961
8  59 212 365 730 746 793 877 941
7  59 227 300 475 517 536 554
6  296 410 436 585 759 985
13  12 74 113 218 226 472 558 646 837 900 932 945 971
12  51 62 109 199 528 620 641 700 714 749 778 996
11  12 47 52 71 164 414 714 722 760 801 842
9  27 169 484 532 557 630 825 844 960
7  490 573 727 772 796 892 911
8  0 148 544 598 654 734 965 981
8  21 30 166 520 596 649 875 943
9  31 87 345 446 461 579 586 588 757
6  14 246 383 485 611 988
7  138 436 527 657 667 878 944
12  66 67 80 97 199 230 239 339 382 909 950 955
13  154 312 336 367 431 472 693 778 779 814 892 964 995
9  48 89 161 438 618 644 953 960 961
8  127 199 297 358 379 538 755 760
5  69 490 553 786 973
11  11 77 79 163 376 388 391 467 751 752 822
10  85 171 301 354 412 468 729 772 811 865
8  115 143 198 211 416 504 624 686
7  272 321 477 721 762 869 987
14  69 93 102 113 192 205 426 498 680 784 815 821 865 957
8  85 157 447 754 860 918 982 989
12  84 164 268 419 468 536 557 560 682 805 925 930
16  7 135 145 164 229 237 400 451 660 739 777 826 864 883 932 986
16  5 103 154 179 181 198 216 267 328 369 477 515 554 583 803 878
8  200 228 258 537 755 763 935 992
12  132 236 288 299 495 640 882 893 912 921 941 972
5  412 514 873 893 967
11  45 64 253 287 336 352 400 467 549 636 941
15  9 67 149 160 191 210 304 428 480 498 504 532 562 929 946
9  103 109 255 272 296 462 566 798 862
12  81 275 318 330 388 566 633 634 729 769 909 927
13  104 145 167 222 356 412 509 568 569 631 654 896 909
11  9 162 164 169 353 476 487 488 759 793 846
15  332 434 510 520 525 565 571 581 600 625 801 847 932 971 992
6  71 231 746 823 856 867
7  9 137 195 486 562 707 930
6  73 309 376 557 662 992
7  154 215 224 270 396 849 914
11  18 90 96 160 202 228 243 450 629 895 935
13  217 237 321 492 540 601 603 662 667 695 801 870 973
9  233 376 401 480 552 572 619 797 883
8  272 532 690 700 816 882 909 990
9  108 419 668 675 864 894 952 965 985
8  230 274 324 373 400 785 952 981
4  356 497 536 804
9  18 27 488 496 612 613 664 841 952
4  148 270 534 544
13  6 50 195 208 288 363 393 427 467 765 770 847 867
8  56 290 316 374 605 606 838 961
11  387 566 578 593 636 654 671 715 778 912 943
9  14 116 265 339 431 462 474 500 671
6  6 89 341 392 587 768
12  17 71 81 118 125 298 395 516 572 601 632 772
10  10 207 645 681 745 876 948 956 977 982
12  8 111 208 225 428 453 536 769 842 843 963 968
12  120 125 173 205 254 372 408 494 523 526 782 975
12  154 258 270 400 444 573 594 666 770 830 849 975
8  85 107 380 479 675 756 767 778
9  72 159 208 619 720 752 885 960 997
14  3 27 248 282 420 445 546 573 648 692 743 827 926 976
8  176 267 480 695 707 784 836 854
6  354 461 560 678 836 967
13  74 259 276 278 353 388 406 446 592 596 656 661 785
6  183 342 488 500 704 885
10  91 129 231 511 584 632 668 715 814 939
11  44 109 236 475 502 557 709 815 829 854 937
5  78 329 419 532 926
20  16 60 88 118 120 142 216 259 285 297 338 409 433 613 619 756 819 838 934 981
8  135 168 258 374 390 487 536 582
12  25 81 113 187 197 200 307 529 563 614 676 912
12  30 39 151 153 324 527 590 633 760 866 867 959
15  58 196 333 413 437 444 570 574 602 644 665 674 896 897 973
13  72 111 245 264 332 355 557 567 762 842 847 880 980
5  171 519 865 905 955
13  16 48 59 300 353 431 579 689 721 816 875 957 961
9  32 86 108 126 208 363 469 722 915
9  14 192 319 404 478 538 735 749 974
7  122 128 329 580 648 667 680
10  65 81 107 152 231 319 470 500 590 802
12  16 158 246 276 417 455 494 613 869 921 941 988
11  57 118 237 326 485 568 572 627 655 687 811
7  206 236 340 384 475 511 647
17  46 80 161 366 378 391 510 570 575 606 631 687 770 804 824 866 953
13  2 126 286 342 363 440 479 506 759 798 801 855 925
14  152 165 264 297 339 520 526 728 852 864 869 914 963 980
10  44 82 175 217 480 713 816 829 852 881
7  176 391 404 464 549 753 944
12  180 199 287 474 676 697 723 743 800 861 866 949
12  31 93 142 152 340 407 425 436 451 549 697 821
11  97 139 157 220 429 530 548 549 709 876 923
4  231 247 267 451
12  16 85 199 433 460 463 508 531 606 697 733 808
3  128 146 728
15  17 50 215 231 300 323 341 438 455 540 672 788 856 884 903
9  15 130 403 712 759 769 835 871 927
7  177 186 213 275 457 573 779
15  11 28 321 323 361 382 436 489 496 673 714 791 805 946 972
5  53 95 113 338 933
9  24 181 246 343 523 524 854 970 991
12  97 304 305 435 444 574 600 601 715 867 897 981
8  66 285 443 565 807 823 898 930
14  17 194 241 265 403 414 418 647 652 654 804 822 906 993
9  128 167 253 584 597 715 746 754 875
10  48 162 357 676 681 716 840 845 905 921
4  298 445 949 970
6  378 580 581 591 686 729
9  15 134 284 300 351 357 683 735 765
6  7 80 131 292 293 488
11  125 312 394 549 551 558 715 778 942 964 991
4  25 174 288 303
11  34 57 86 474 606 617 725 786 793 914 980
9  52 118 273 398 621 630 807 808 951
11  42 99 139 508 542 670 824 904 974 993 994
11  44 83 115 143 431 540 692 710 820 940 962
8  214 393 429 694 813 853 926 995
12  11 170 171 236 445 470 528 649 671 853 881 925
8  75 173 260 322 483 546 621 882
8  159 340 353 531 536 562 583 710
7  24 26 195 481 638 698 782
9  45 78 197 266 318 658 763 983 995
11  139 176 365 404 407 534 654 659 706 959 990
13  88 103 175 276 336 347 349 479 497 563 583 774 875
9  12 117 356 380 420 602 751 768 894
13  107 124 151 228 333 338 364 424 543 739 757 855 885
12  21 240 241 286 330 340 468 649 737 756 883 959
12  10 36 67 318 418 457 471 577 658 698 718 753
11  22 192 229 295 390 465 538 614 656 763 947
14  2 100 155 157 253 350 385 503 596 792 812 813 823 912
8  4 17 131 212 293 575 659 705
9  172 264 299 382 468 514 550 786 917
7  434 612 759 807 831 851 909
4  62 214 251 755
14  103 190 275 326 501 530 592 654 664 726 734 819 866 892
8  7 51 66 383 396 432 747 857
10  10 76 159 222 458 471 685 712 719 988
11  135 195 247 272 545 626 667 694 754 911 984
7  8 396 611 647 761 802 939
9  84 100 183 261 309 325 379 422 953
7  122 166 297 354 365 531 947
14  85 110 114 155 214 375 445 454 502 556 658 807 861 885
9  169 178 190 234 390 424 523 694 924
4  300 471 757 871
11  364 475 487 559 582 643 721 764 922 980 995
10  196 279 281 294 475 534 713 803 865 897
19  70 76 119 133 146 156 215 220 425 527 536 611 742 841 848 896 937 941 982
9  258 295 310 351 412 660 680 812 876
3  111 175 234
10  88 91 118 312 414 519 678 707 742 810
14  88 113 301 397 629 646 696 700 747 768 803 817 882 944
4  167 294 711 769
9  226 286 430 634 714 745 782 804 815
7  22 263 312 439 532 546 879
15  3 79 308 334 370 457 469 470 489 534 557 646 849 950 965
11  73 359 371 515 552 654 723 734 806 820 943
7  10 142 186 357 401 679 994
8  197 358 386 594 615 847 926 964
6  108 347 378 572 605 963
15  55 110 117 237 268 331 476 484 502 546 605 676 846 918 983
9  85 342 389 440 487 501 770 895 966
15  6 37 181 240 510 526 532 779 807 809 861 926 969 973 998
7  166 348 483 581 582 618 890
13  20 172 256 305 320 334 417 548 613 728 788 831 935
7  345 567 723 791 868 930 987
11  30 117 207 327 443 467 487 495 565 687 782
13  24 118 132 162 171 292 385 477 555 733 762 810 878
6  116 289 653 731 908 920
11  7 26 54 93 105 162 356 463 504 835 959
16  73 120 232 281 299 311 425 434 476 487 507 592 608 641 869 886
12  34 183 286 371 500 623 687 748 750 792 934 961
8  3 8 85 185 544 586 731 893
15  29 59 172 195 448 456 564 639 643 676 754 771 824 825 827
9  251 422 434 463 575 794 864 919 959
10  78 108 238 299 303 377 395 419 461 588
10  29 123 328 432 457 463 751 792 855 995
12  120 140 185 300 318 451 464 622 660 689 765 835
11  194 263 286 351 438 636 696 705 728 801 856
21  3 8 13 35 41 76 122 186 224 260 305 379 385 431 511 554 609 622 675 704 999
19  35 58 69 194 233 435 481 567 625 687 725 755 852 902 906 948 953 963 985
14  63 67 104 113 134 248 453 503 574 687 785 794 840 989
21  38 46 96 119 194 216 217 231 298 399 442 651 659 662 692 703 778 794 830 856 950
13  106 136 203 294 378 526 559 565 619 757 895 981 992
20  48 84 128 142 182 302 315 363 370 407 442 474 629 669 750 776 836 866 938 959
12  91 224 234 250 463 477 599 683 688 793 890 937
10  150 172 190 430 461 670 692 787 824 934
7  166 167 312 569 667 728 940
11  81 243 248 273 294 312 390 524 769 808 843
14  48 111 172 212 215 235 276 323 328 386 463 481 598 836
7  40 77 280 396 609 626 941
12  51 326 450 474 493 592 632 709 724 746 880 886
8  125 179 218 418 714 782 815 986
12  74 81 202 276 392 497 546 665 742 762 807 878
10  101 175 177 292 330 344 796 821 853 941
12  116 198 329 467 577 719 741 749 767 777 858 894
8  33 277 508 597 617 675 837 838
11  41 236 275 436 452 477 586 600 661 752 841
9  8 86 236 354 408 541 584 771 835
6  134 147 608 610 688 729
6  6 25 387 459 480 673
8  42 87 195 449 854 866 892 924
8  350 448 787 825 849 881 962 984
9  139 210 393 400 425 615 802 835 926
8  165 356 443 665 676 745 901 939
9  2 358 437 445 479 612 655 917 981
6  436 598 737 781 824 959
12  23 46 71 109 302 357 404 544 680 769 804 971
8  35 45 122 673 703 753 800 944
7  57 73 173 554 790 861 916
7  240 707 728 762 763 802 960
12  152 253 385 532 572 575 667 673 710 717 823 902
10  4 87 120 232 409 582 603 745 880 890
14  14 142 162 350 396 420 426 457 551 640 806 815 818 962
10  126 145 156 336 467 507 540 683 883 894
8  43 112 172 278 391 402 894 936
14  85 90 198 219 495 541 554 564 743 793 896 901 924 955
6  39 374 603 741 758 783
9  84 404 482 507 536 570 730 759 840
7  100 490 534 575 694 738 941
13  15 61 132 197 205 230 279 343 399 621 636 726 958
