1000
10  6 39 165 253 280 397 458 460 506 745
10  276 293 370 420 545 565 694 816 895 945
5  82 88 379 834 986
7  228 381 398 434 514 757 894
8  79 519 590 882 960 970 977 983
10  20 61 228 252 463 554 699 714 756 851
13  0 39 52 54 100 232 398 479 483 487 559 677 982
9  35 91 224 226 274 405 816 902 981
11  19 43 86 303 311 316 472 665 740 873 897
9  10 46 81 366 455 465 482 887 891
15  9 33 196 255 334 340 380 490 559 697 743 777 782 804 813
9  127 159 209 545 589 762 769 979 992
6  300 368 419 461 796 951
6  294 300 345 759 895 945
5  292 310 574 798 899
9  285 422 551 593 604 668 738 804 828
11  67 254 277 556 666 685 755 891 933 970 993
10  110 262 391 459 527 630 755 903 913 976
5  327 459 584 628 869
14  8 39 44 53 84 252 415 452 482 671 696 793 898 961
15  5 85 310 425 492 533 592 636 705 707 845 849 888 945 979
7  340 485 518 576 645 659 812
14  105 202 287 360 404 446 486 586 655 691 879 889 929 948
10  44 210 245 261 332 340 779 815 882 886
8  144 378 442 593 666 810 813 824
7  26 216 535 562 578 857 938
8  25 55 84 242 307 734 748 909
9  50 164 297 316 353 439 562 635 655
9  308 315 343 352 402 408 641 703 782
6  35 78 314 661 784 859
8  127 129 162 465 515 542 709 750
13  63 96 130 160 315 326 683 773 789 816 852 969 971
5  105 198 349 473 724
16  10 161 165 335 374 418 435 514 517 522 604 608 652 737 762 895
19  43 168 171 188 305 348 386 483 492 571 612 615 771 791 821 829 872 942 995
8  7 29 214 233 279 344 622 802
7  67 176 424 632 647 753 783
8  67 86 311 424 535 654 679 900
6  352 422 685 699 929 941
13  0 6 19 148 333 355 549 590 627 719 838 845 862
9  60 175 233 560 695 852 869 871 915
7  295 327 586 712 744 907 938
12  49 84 115 161 284 421 423 446 477 726 969 980
8  8 34 112 649 773 880 930 944
16  19 23 170 183 282 382 415 468 627 764 771 779 780 910 958 965
7  183 267 492 560 598 745 928
8  9 351 366 514 529 806 856 935
7  125 228 502 591 688 694 840
10  60 177 270 378 447 616 710 745 788 967
11  42 179 197 278 345 561 574 653 731 769 967
10  27 121 137 342 472 477 787 808 812 950
11  228 352 456 461 507 514 594 660 880 884 959
10  6 208 450 453 569 773 788 806 856 932
11  19 205 326 510 515 540 710 792 831 848 870
7  6 133 406 458 748 926 968
11  26 150 198 276 359 460 621 713 717 725 940
6  80 368 531 725 754 856
10  67 102 175 236 245 545 606 675 846 895
9  366 396 682 685 829 907 911 927 976
9  163 275 509 524 710 754 788 882 958
8  40 48 138 209 521 710 727 786
7  5 106 252 641 883 905 953
9  92 180 281 293 525 549 591 734 860
8  31 168 266 291 598 611 725 920
7  132 236 396 467 734 850 983
10  213 424 439 500 552 555 654 662 901 975
7  555 661 789 842 850 853 938
18  16 36 37 57 68 96 146 217 264 283 297 340 355 524 639 651 875 948
7  67 347 384 466 879 885 896
10  79 129 271 447 448 513 690 712 833 959
6  311 516 535 561 642 839
6  193 259 292 412 493 800
8  129 206 278 422 479 564 594 848
10  102 149 216 225 247 463 617 649 762 949
14  104 124 129 154 316 445 475 557 564 581 617 618 621 887
8  161 270 297 420 544 829 890 989
6  84 339 695 787 813 996
10  121 279 423 459 505 554 562 663 867 890
6  29 223 642 672 874 960
10  4 69 308 406 534 536 629 676 750 804
13  56 125 132 166 199 269 288 317 647 874 955 981 990
7  9 262 339 429 781 839 930
17  2 94 126 165 213 247 268 271 281 295 336 479 560 699 705 834 950
6  186 353 454 814 870 982
16  19 26 42 76 313 395 418 448 485 514 586 651 792 923 940 981
12  20 218 233 359 455 564 718 750 810 872 877 890
10  8 37 227 349 409 682 692 698 752 786
7  219 540 554 614 627 725 895
10  2 120 171 389 548 751 791 870 884 950
11  148 153 171 246 259 315 411 485 586 969 995
6  93 121 407 579 692 865
9  7 129 166 453 696 737 745 777 863
12  62 102 184 202 492 503 622 787 850 879 899 954
10  90 197 336 532 670 750 785 789 836 931
16  82 98 107 162 189 248 277 331 335 394 510 801 823 855 916 967
10  198 199 263 334 407 548 606 727 954 970
13  31 67 237 261 366 488 642 781 801 816 904 971 983
12  146 184 480 559 598 671 781 858 918 963 966 984
14  94 131 150 246 274 314 374 486 663 720 893 900 956 958
7  369 480 497 532 689 700 798
15  6 231 310 334 388 430 443 516 533 562 625 675 713 726 879
6  103 143 231 400 729 732
11  57 73 92 192 236 534 592 676 728 945 964
6  101 123 247 538 636 809
12  74 247 271 379 429 492 531 680 735 894 922 938
9  22 32 132 173 235 541 662 826 870
11  61 192 193 309 316 514 539 569 625 808 937
5  94 114 188 228 731
6  333 615 695 791 855 991
3  706 956 985
9  17 175 190 206 670 772 811 848 928
12  120 213 218 370 435 439 496 517 680 816 866 945
10  43 227 352 414 512 515 713 776 959 972
3  339 359 489
15  107 193 266 375 477 511 620 641 663 723 802 804 820 822 909
13  42 144 159 166 238 352 492 517 525 627 704 866 938
6  118 202 462 645 710 962
11  176 450 576 577 654 686 747 931 936 942 966
9  116 120 199 260 289 396 410 884 962
9  122 384 460 557 621 646 675 734 833
10  88 111 118 443 462 597 734 787 893 976
11  50 77 90 134 153 230 281 408 413 474 875
13  119 280 283 321 407 439 504 540 629 644 826 861 948
11  103 154 289 341 354 539 709 755 832 852 929
8  74 213 318 544 562 604 758 810
9  47 80 198 221 636 696 709 749 826
14  82 170 238 414 441 554 574 607 631 638 674 784 901 917
10  11 30 142 167 451 487 616 798 827 910
11  168 234 347 421 453 528 540 583 729 799 842
17  30 69 72 74 91 148 304 330 584 722 823 842 900 905 917 948 990
11  31 350 358 397 484 570 579 697 886 977 992
5  98 185 289 643 981
15  64 80 105 140 147 312 387 512 555 559 612 633 675 706 871
13  54 157 308 309 314 384 420 579 584 646 777 900 966
10  121 221 281 404 590 608 679 799 808 818
10  144 218 326 382 526 645 647 869 936 965
8  229 413 434 451 717 795 832 959
8  50 203 529 617 693 708 760 915
11  60 159 171 528 535 536 542 634 742 918 955
8  151 280 322 340 403 614 649 882
11  132 253 256 301 483 491 699 715 720 798 877
12  172 292 322 323 350 607 701 802 813 899 982 983
15  127 241 248 279 296 316 432 576 587 624 718 778 827 893 931
9  101 242 290 298 491 508 563 794 899
10  24 115 135 163 212 219 553 561 880 918
7  274 462 561 637 645 664 967
11  67 97 230 382 485 498 523 531 558 730 998
13  132 242 369 384 438 444 484 595 622 658 724 861 988
12  39 89 129 178 195 303 379 420 724 760 859 900
8  73 298 309 447 558 741 845 934
17  55 98 162 209 339 347 369 397 620 718 753 822 849 867 874 904 942
9  139 264 524 632 668 708 798 800 876
9  332 359 610 640 644 766 901 928 988
11  89 121 273 363 515 642 669 684 748 823 888
10  74 123 231 232 259 295 597 650 730 833
10  259 560 571 618 733 773 813 825 853 913
14  308 361 372 471 648 703 771 775 809 821 870 905 943 999
11  133 232 249 270 365 367 487 497 817 929 989
6  217 240 491 641 794 963
6  11 115 138 229 425 800
11  31 358 389 434 536 562 615 638 656 829 900
14  33 42 75 351 352 522 563 586 599 616 618 632 942 985
12  30 94 150 239 242 249 260 328 361 375 717 863
18  59 144 177 229 255 309 321 374 395 400 414 590 629 728 781 933 944 971
5  27 215 758 760 946
14  0 33 82 177 188 264 657 707 840 856 866 915 926 933
11  80 91 115 172 396 549 628 718 844 930 998
9  127 177 294 315 359 528 688 873 902
15  34 63 128 208 300 417 536 560 581 608 641 643 770 790 997
6  257 410 449 573 742 914
10  44 126 256 320 564 673 767 803 855 997
13  34 88 89 138 199 325 369 647 685 777 805 883 912
15  141 166 189 349 385 429 430 467 503 606 675 681 852 866 994
10  105 188 276 319 369 384 485 614 818 975
8  266 286 402 444 612 667 952 981
8  40 57 110 488 784 881 933 942
12  36 117 383 390 430 694 771 845 895 912 917 920
12  48 163 165 167 213 239 248 488 637 857 858 927
5  148 225 397 824 930
9  49 184 544 549 595 636 646 924 931
10  62 284 339 474 549 658 675 790 818 845
7  333 366 427 446 739 780 863
5  196 224 256 400 748
7  44 45 285 550 574 948 963
9  92 97 179 188 206 372 515 516 532
10  131 207 475 516 584 600 627 690 910 992
8  83 223 548 566 663 802 983 993
12  333 397 543 600 645 688 734 742 844 853 886 977
14  34 107 165 173 184 313 340 374 433 670 685 847 849 889
10  94 172 211 213 236 262 373 394 398 558
4  110 313 874 977
5  253 534 728 758 943
18  102 106 242 281 333 385 428 468 518 735 736 744 843 855 877 884 976 991
12  71 106 114 214 391 529 537 696 816 829 961 976
9  302 429 499 521 561 640 717 871 908
8  148 224 269 283 680 808 820 992
9  10 182 226 243 314 377 791 901 915
8  49 93 238 289 444 530 656 755
14  32 55 95 125 238 241 284 342 359 388 546 572 905 948
8  80 95 118 171 280 585 744 973
6  447 521 617 620 724 915
9  223 240 364 422 426 670 844 951 961
10  22 92 116 440 581 582 628 688 875 962
9  137 344 461 621 683 692 771 784 900
5  229 415 422 620 800
10  53 222 307 390 396 400 436 494 570 727
11  72 110 184 217 248 381 524 669 810 856 865
13  185 270 278 304 491 638 690 741 837 842 894 912 967
8  52 168 409 555 763 847 856 991
9  11 60 150 222 378 447 598 708 898
3  23 509 531
9  189 329 436 487 644 777 850 857 954
7  144 225 265 519 771 843 993
16  65 82 111 124 177 189 271 323 366 367 460 467 594 610 710 741
10  35 193 461 483 545 581 642 658 931 985
8  164 252 406 672 694 770 815 843
9  25 73 401 650 687 772 778 870 969
14  67 158 206 285 326 328 558 634 648 666 672 719 765 911
13  85 111 135 232 430 554 558 561 659 682 963 970 986
6  87 144 390 438 498 501
15  228 340 348 417 525 561 670 843 857 868 883 904 927 951 952
8  125 134 284 333 387 409 506 770
8  205 209 355 452 642 722 749 763
11  78 186 201 418 524 530 587 650 778 789 839
10  7 182 195 276 693 753 771 864 950 974
10  73 178 212 614 638 762 893 904 920 958
8  7 196 429 625 666 673 747 952
5  86 112 487 735 936
15  3 5 47 51 107 220 384 560 651 653 659 766 877 940 992
14  136 159 163 204 231 260 272 321 437 460 495 561 796 855
6  121 146 260 479 557 996
13  100 101 154 229 294 316 428 431 552 685 689 722 780
8  6 154 157 218 389 919 920 961
11  35 40 85 449 453 484 628 632 647 680 827
6  128 663 681 859 923 945
7  105 294 339 393 402 460 709
21  57 64 102 189 285 292 301 320 562 666 708 786 791 841 875 902 937 952 958 970 992
7  96 320 335 569 733 893 916
16  115 126 197 198 326 345 372 497 598 621 685 717 731 742 765 914
13  162 177 450 477 503 543 548 612 719 737 900 947 999
8  158 201 290 414 456 559 792 842
11  142 198 321 366 367 494 514 544 599 969 985
13  26 143 147 162 192 366 373 476 613 746 788 849 857
15  196 253 266 381 562 630 765 771 779 786 820 828 857 897 987
7  508 596 731 734 807 881 999
11  23 57 261 343 494 537 538 599 686 830 984
13  89 98 292 318 343 412 447 560 570 688 916 928 973
13  73 82 103 104 269 302 306 404 430 590 693 697 737
14  94 142 177 206 296 318 323 528 598 769 858 872 883 888
11  157 162 325 333 356 540 588 741 761 867 975
7  283 375 399 419 591 614 849
7  387 511 594 690 731 929 979
11  5 19 61 215 323 427 553 698 750 758 804
11  0 140 191 243 278 323 355 361 399 644 796
2  16 986
18  10 163 330 375 387 406 433 473 547 616 628 646 670 673 714 858 866 988
8  140 170 182 367 385 616 651 969
13  169 294 314 378 470 472 548 630 805 822 846 855 962
3  418 449 852
13  71 89 154 155 273 420 454 528 536 583 840 892 914
13  118 162 229 230 309 310 349 370 415 432 788 876 899
6  23 96 245 326 612 697
16  17 81 189 354 356 402 450 495 504 588 674 741 886 942 947 989
8  95 513 677 720 802 807 905 921
12  67 151 165 344 413 442 575 707 795 800 851 864
6  212 308 670 849 937 977
8  63 114 174 243 472 574 716 915
11  45 271 317 471 557 798 837 864 885 895 911
11  82 297 337 397 466 552 593 645 667 919 928
7  80 195 247 322 577 872 986
10  48 75 157 207 281 292 475 676 846 982
16  69 82 104 213 267 289 337 411 587 588 743 758 783 814 837 938
9  229 406 621 728 787 810 841 955 969
8  153 259 400 476 603 612 752 771
9  7 98 145 382 403 523 535 644 729
11  59 285 300 411 502 535 621 676 764 875 973
12  1 55 173 224 484 524 629 768 827 828 873 890
9  16 94 282 365 640 641 792 835 942
10  49 72 207 253 331 371 488 526 554 615
10  35 77 142 284 380 658 683 693 747 885
13  0 122 139 199 365 421 621 631 644 742 819 884 891
11  62 82 121 134 192 270 394 549 599 637 914
8  44 277 316 340 455 520 627 808
7  67 122 195 250 583 631 980
11  42 180 198 221 279 349 351 539 571 644 813
14  15 183 217 236 275 314 379 439 564 642 644 747 951 992
12  174 324 341 395 412 427 510 540 617 633 699 818
10  22 312 326 359 380 559 563 867 899 941
7  80 295 334 386 444 545 869
14  118 123 131 197 271 395 444 456 535 554 696 740 829 843
10  143 240 326 510 581 653 695 948 955 978
7  63 415 446 456 603 612 996
21  14 71 141 236 246 270 306 326 423 424 556 564 670 690 695 702 712 746 888 924 969
15  1 62 324 450 473 640 672 718 746 794 859 903 962 964 986
11  13 167 231 235 257 514 704 746 784 871 910
6  41 82 154 288 339 438
11  142 248 315 360 436 446 733 814 855 857 883
8  27 67 75 268 385 416 605 753
9  143 149 490 692 699 801 837 858 904
7  346 399 509 645 750 804 839
12  12 13 168 275 471 631 768 857 868 891 905 913
12  140 236 349 386 554 611 695 712 810 834 935 974
10  194 247 330 332 341 445 474 605 940 955
11  8 148 354 461 576 737 750 839 898 904 923
13  129 207 451 456 484 492 523 624 878 893 925 943 998
6  34 383 481 746 776 804
6  247 292 374 425 834 875
10  26 205 392 435 450 482 492 647 817 986
10  28 79 133 156 265 345 442 558 733 949
11  106 133 149 163 260 338 423 497 580 789 885
11  14 20 100 260 456 602 614 720 747 795 946
8  8 37 70 440 450 811 830 960
11  132 287 447 566 576 584 589 601 631 903 925
11  84 188 190 426 560 596 673 847 850 888 900
12  29 98 133 196 257 285 515 621 675 687 786 970
9  28 31 89 167 296 319 348 703 893
16  8 27 74 106 142 231 282 344 637 683 768 790 826 945 946 988
6  80 267 349 413 780 935
9  124 246 248 414 460 552 579 778 838
11  173 315 332 376 446 476 764 847 882 958 960
6  170 236 237 529 577 646
7  122 163 229 241 334 675 845
8  139 141 269 329 524 676 693 783
9  141 213 248 252 253 540 541 564 917
10  286 293 352 495 544 607 644 708 939 974
13  171 249 342 362 377 443 503 624 702 782 823 858 921
15  31 53 135 217 238 261 287 290 292 530 557 584 721 735 816
8  18 41 346 518 657 684 801 819
6  162 217 384 585 767 971
8  211 322 476 646 755 809 816 881
11  129 255 302 335 435 487 522 574 583 665 779
12  94 278 552 578 643 662 686 774 802 894 944 983
14  23 152 302 319 390 587 614 637 644 759 850 881 936 962
12  39 108 181 187 192 221 249 394 468 574 618 904
10  10 95 100 288 321 335 377 648 656 922
15  33 94 237 330 334 362 412 597 810 908 916 935 942 962 971
6  82 93 464 871 883 904
8  268 271 389 436 440 594 631 880
8  309 382 401 585 661 754 937 979
16  76 81 113 150 180 235 295 417 528 602 666 672 698 775 962 991
11  10 21 23 67 139 188 220 282 506 839 953
9  123 286 302 425 487 546 597 708 881
10  50 198 325 412 447 505 683 710 812 835
4  28 245 246 367
12  35 203 264 316 413 453 473 661 718 740 852 898
6  13 49 238 308 470 677
12  299 327 360 382 423 551 691 813 845 934 953 956
11  68 128 150 398 399 416 607 692 746 762 981
7  34 220 315 493 872 917 968
13  32 86 172 260 284 301 317 401 439 466 494 747 811
5  130 141 431 792 863
6  46 161 284 443 804 895
11  28 38 51 112 115 161 324 532 660 757 898
5  27 83 453 545 846
7  123 262 303 423 706 796 916
12  39 67 222 253 495 504 547 683 790 856 935 973
7  249 262 401 454 483 700 791
8  422 483 535 665 726 752 978 987
9  130 160 455 488 490 641 730 816 969
12  55 85 113 152 167 198 287 393 858 926 943 949
10  22 296 346 490 541 605 774 870 950 971
10  156 162 253 367 409 545 592 681 909 972
10  325 335 370 474 625 869 882 919 942 986
8  153 370 378 453 597 627 874 878
8  201 496 546 551 784 798 838 879
8  157 277 280 434 587 847 919 961
12  9 46 58 96 181 213 241 242 388 450 613 765
7  157 213 241 256 343 361 822
6  12 56 493 529 944 962
8  99 147 150 171 173 456 655 719
17  1 111 260 362 363 371 373 570 622 648 649 682 892 934 935 949 978
7  278 370 501 632 658 734 826
5  156 184 238 504 614
7  189 242 370 452 646 719 730
12  33 98 163 188 306 467 475 522 526 693 854 954
13  114 162 250 255 394 426 432 605 656 793 817 845 970
13  319 475 525 538 557 575 748 799 804 874 911 924 984
9  196 325 334 431 581 768 796 859 961
8  24 48 209 257 363 797 834 880
10  2 104 148 285 495 616 679 694 723 814
6  10 279 287 594 626 970
13  3 206 243 407 460 486 492 495 515 573 625 768 845
11  44 135 146 274 338 346 691 703 764 905 986
10  176 305 430 443 563 726 730 796 938 987
13  68 119 133 147 173 228 328 419 463 600 761 933 981
14  172 192 256 297 434 461 648 764 844 853 874 938 951 965
8  34 288 301 470 605 606 706 715
8  132 221 251 255 560 563 622 701
11  100 198 366 464 482 504 512 717 831 899 913
6  88 160 232 337 890 956
11  176 205 219 332 398 424 514 579 732 764 895
6  17 193 405 415 987 996
6  307 489 671 776 795 928
5  235 359 412 682 804
9  94 189 281 333 375 512 516 835 911
10  84 163 286 289 401 430 437 709 787 929
12  58 64 118 166 205 430 753 762 783 811 941 964
12  0 130 150 178 187 268 445 447 450 586 631 698
12  3 6 189 347 390 435 586 589 701 811 819 822
11  250 253 299 347 629 719 727 796 866 901 946
9  101 163 182 205 273 556 592 948 951
12  216 338 349 356 395 530 562 586 609 717 762 957
11  28 174 235 262 525 717 808 825 861 911 925
9  139 274 571 709 832 897 952 982 995
5  22 134 247 698 899
12  7 391 442 445 556 679 696 754 784 834 877 990
11  54 79 215 255 272 451 656 689 722 746 866
9  90 95 122 381 543 676 790 802 834
9  28 121 441 463 477 661 686 742 890
11  86 208 221 361 474 597 648 678 777 874 895
9  118 169 413 563 565 674 710 720 881
6  89 271 275 569 706 820
7  71 246 286 335 342 393 511
12  121 136 264 317 344 410 461 473 716 775 838 983
10  112 126 163 240 318 569 633 809 945 947
10  19 44 204 260 291 391 739 824 825 998
4  297 347 572 772
12  168 220 339 487 499 523 622 679 871 929 966 968
11  33 84 223 258 454 519 535 671 685 756 834
10  12 250 384 588 683 692 800 872 943 991
7  1 75 133 148 259 716 768
7  42 128 280 455 479 605 804
9  15 38 72 201 204 357 497 802 875
12  42 77 292 309 346 354 443 470 760 885 895 922
9  36 37 65 292 390 471 546 641 821
9  20 159 306 341 691 802 834 920 982
8  201 313 375 464 693 781 793 829
13  181 252 286 440 462 470 511 721 730 758 807 873 944
5  192 231 509 652 816
13  81 104 172 194 226 525 537 602 700 883 937 964 997
17  100 172 176 218 247 383 395 396 530 725 742 796 828 864 912 922 962
10  231 350 377 442 478 708 821 824 898 915
9  142 260 375 457 536 768 947 986 993
10  188 255 500 651 680 737 832 844 866 878
9  3 136 160 365 385 479 784 850 974
18  33 111 307 330 398 446 506 574 590 592 609 674 733 853 864 880 900 921
12  205 211 296 337 537 691 748 838 898 909 921 942
5  229 395 478 632 688
10  147 219 295 593 641 683 890 905 968 985
11  27 65 111 122 285 349 461 620 739 746 993
10  202 311 337 427 450 474 773 805 908 992
9  126 408 483 558 613 774 798 862 870
11  24 264 308 405 431 450 455 541 648 694 915
13  100 120 325 351 383 423 452 652 657 736 738 849 952
10  147 174 197 288 289 568 573 624 644 958
9  74 302 397 405 595 597 635 872 970
12  22 42 181 291 296 319 435 507 552 679 771 792
11  48 69 149 200 209 246 312 342 397 495 575
8  69 84 526 734 857 902 906 939
11  169 233 258 538 541 607 637 649 806 844 880
15  52 117 239 262 293 307 311 366 397 440 442 609 715 857 923
11  127 136 304 406 510 532 586 754 807 956 996
6  19 222 373 443 517 861
14  52 91 128 233 344 353 363 519 639 724 725 844 876 878
7  83 259 356 418 565 806 932
14  9 85 282 358 421 442 477 508 678 744 825 863 934 993
12  51 240 289 291 304 310 369 533 765 843 883 955
5  432 492 523 554 945
7  0 54 535 549 731 775 810
8  17 18 77 520 681 695 964 985
17  0 55 119 213 229 235 318 381 517 558 568 574 624 735 785 795 876
15  12 51 203 214 303 385 413 439 499 527 553 755 822 895 977
12  116 120 145 427 495 565 577 601 717 773 837 908
12  5 73 384 408 498 666 674 743 770 825 828 985
13  336 388 426 511 514 652 656 674 714 783 809 908 936
10  9 30 508 631 674 743 745 747 895 970
3  68 268 349
9  64 172 213 374 755 806 926 930 998
9  44 192 333 516 596 703 865 929 996
6  631 655 756 804 835 894
9  257 345 386 423 427 839 902 956 975
11  156 267 300 424 496 732 747 806 851 904 970
10  8 50 257 266 757 772 775 785 838 850
9  32 255 293 344 413 594 666 707 721
13  121 180 302 362 409 440 543 649 721 736 779 861 937
10  74 185 270 374 376 547 616 724 853 957
12  242 273 319 329 519 576 600 682 726 794 874 900
12  42 50 114 239 408 455 628 658 695 785 797 873
5  431 437 566 619 677
10  6 72 82 230 421 434 520 656 737 803
5  97 99 814 829 964
6  305 580 633 658 672 942
4  9 19 307 388
18  6 34 140 214 356 357 441 488 560 567 652 666 692 756 847 866 942 989
12  130 147 233 276 304 498 523 530 831 832 839 899
13  21 84 89 146 173 543 674 696 699 767 771 776 966
10  22 98 381 514 518 601 606 680 775 859
14  6 127 157 211 227 330 341 417 517 678 726 823 921 952
11  96 175 177 278 358 483 504 556 803 900 992
6  113 392 490 533 670 753
9  10 298 358 360 489 703 760 809 938
11  140 143 158 207 568 578 582 764 883 927 973
15  20 34 45 92 104 115 304 307 381 457 547 572 663 885 920
8  71 348 368 557 619 631 691 974
12  205 241 245 349 557 567 607 704 718 724 855 945
13  229 262 324 355 379 381 447 462 565 598 668 846 906
7  111 364 471 592 673 690 853
9  99 157 238 309 422 643 706 849 889
9  146 219 463 484 558 762 866 897 898
9  194 417 461 555 621 681 723 855 936
9  65 433 639 810 870 917 923 963 971
8  219 371 532 592 653 830 931 955
4  47 275 836 958
9  92 172 239 325 536 820 902 907 986
11  122 262 355 372 388 488 571 623 637 739 952
7  77 342 625 709 717 771 843
11  0 221 340 435 564 569 631 806 892 954 967
11  51 446 572 639 661 663 873 884 922 937 948
9  143 244 455 465 532 548 690 766 800
9  59 210 299 428 565 777 804 888 973
13  53 94 286 290 451 593 632 652 670 777 857 888 942
10  114 251 412 427 464 565 678 716 836 876
8  112 132 388 394 516 706 833 866
7  69 263 682 745 780 838 901
14  3 33 46 51 84 106 241 294 390 464 486 519 907 943
10  30 53 112 153 184 314 381 562 762 917
12  70 100 184 185 394 468 512 561 811 890 901 933
10  33 111 115 452 460 487 547 649 854 960
11  21 192 327 486 581 758 764 773 811 855 872
10  4 212 418 453 476 514 558 810 904 957
12  282 459 479 583 620 676 768 793 858 891 919 999
6  60 194 200 628 830 994
4  33 161 330 374
14  146 274 304 417 457 484 647 685 746 802 852 853 855 928
11  59 67 151 206 223 276 322 560 791 821 965
10  62 115 220 376 402 429 717 789 843 876
6  135 278 374 448 592 661
6  17 461 655 873 921 939
7  128 138 167 248 259 339 731
9  46 137 193 320 368 537 749 779 954
12  197 223 326 401 430 484 588 760 769 778 874 935
8  56 104 146 210 651 752 792 867
13  93 99 184 352 451 501 508 584 698 716 804 969 977
8  20 100 456 489 556 679 969 975
10  79 102 191 555 556 607 702 704 804 978
12  25 37 70 138 274 275 289 357 418 458 550 884
14  79 138 160 168 259 432 503 545 564 622 634 657 826 927
13  193 245 429 436 529 553 608 723 724 727 786 926 964
11  103 245 376 449 677 726 744 765 814 911 995
9  106 123 284 747 773 870 921 925 990
13  53 87 122 128 249 286 323 593 733 739 764 835 858
9  105 323 360 442 449 663 686 717 892
7  30 138 574 927 956 987 991
15  187 239 407 474 485 586 592 701 720 723 843 847 875 896 924
9  75 124 179 241 324 569 744 790 824
9  1 11 57 214 288 353 361 536 840
6  198 341 364 424 747 926
8  255 355 475 492 517 609 731 907
12  88 95 186 239 257 508 604 640 651 682 777 843
15  39 62 166 179 180 281 458 639 652 728 732 747 779 874 917
8  183 535 581 731 739 867 911 996
10  15 346 364 806 816 833 856 863 911 959
10  65 231 268 318 331 446 624 734 846 987
12  144 252 461 537 586 646 695 829 835 893 963 997
10  5 77 87 126 218 278 289 301 457 901
10  65 66 132 208 499 534 655 661 977 981
10  16 292 400 405 488 533 534 782 786 865
13  74 119 230 267 326 376 493 494 568 699 802 833 889
14  146 149 189 217 218 308 441 460 498 519 647 656 791 828
9  6 10 97 132 240 287 780 817 841
15  40 45 82 155 168 228 246 313 387 483 524 670 732 832 877
13  49 70 144 145 194 218 220 229 516 785 788 889 999
12  25 27 77 100 124 160 236 243 401 515 886 924
10  143 161 287 383 387 410 691 753 765 944
17  72 74 85 170 285 292 323 506 536 606 681 756 800 820 830 874 934
13  1 410 454 462 495 509 511 585 594 658 713 844 961
8  186 312 478 652 758 772 915 956
9  483 494 644 677 819 821 828 908 972
10  444 460 491 557 600 641 689 783 956 957
10  52 106 237 411 414 506 544 726 914 989
12  130 205 246 370 612 623 633 661 701 720 881 893
10  34 155 284 403 504 614 650 708 782 880
9  198 416 492 507 576 672 685 741 914
7  169 381 444 583 702 880 962
12  14 49 126 183 266 330 333 435 460 542 587 609
5  264 376 447 941 968
12  21 117 142 303 312 476 572 652 700 730 826 866
6  117 269 320 462 702 865
4  25 331 491 658
12  90 130 133 318 390 588 610 668 699 738 886 911
7  309 481 597 786 809 911 920
12  74 168 202 214 290 377 518 550 789 819 914 935
4  202 491 824 969
9  128 259 283 330 520 573 620 651 773
13  18 129 133 185 312 326 532 676 784 833 897 929 953
6  199 328 338 565 800 918
12  22 41 84 89 161 397 398 401 451 543 553 841
10  142 223 271 332 365 574 657 658 698 921
8  249 262 271 419 530 579 607 648
8  11 312 398 613 807 829 945 958
7  4 39 134 163 247 435 975
5  47 62 250 790 959
13  20 102 361 400 435 496 501 526 543 618 651 756 859
9  15 24 268 438 510 540 768 850 985
13  51 72 213 251 337 380 473 565 618 750 816 947 986
4  147 179 445 948
7  244 313 468 612 638 812 949
12  120 154 335 341 363 409 445 580 659 741 802 961
16  45 63 97 209 238 248 495 665 667 831 857 882 889 901 918 979
7  161 241 245 281 695 759 829
8  185 187 384 476 568 610 742 981
8  312 462 486 678 680 704 937 985
9  310 339 429 721 796 816 829 873 983
7  273 291 630 730 815 885 891
10  15 33 124 548 672 772 774 829 863 944
9  297 302 360 375 386 421 724 752 768
12  57 95 172 386 486 564 690 789 841 846 880 937
14  126 141 324 347 449 494 534 588 608 832 883 928 930 964
9  33 134 168 537 607 613 651 710 816
7  401 435 450 547 574 832 930
10  152 213 579 600 691 904 906 941 972 990
4  63 301 614 861
14  34 132 174 239 261 273 291 570 596 656 739 767 824 944
10  242 366 441 589 608 766 816 818 932 969
11  87 139 173 225 250 310 332 372 571 611 949
10  34 108 160 278 718 879 912 915 930 979
14  48 127 161 255 256 379 475 631 702 704 764 794 901 952
10  73 74 137 200 286 670 701 836 933 977
10  74 155 161 333 592 594 631 700 774 920
6  478 493 684 697 864 897
10  114 150 200 204 439 520 583 660 760 962
15  55 74 119 203 238 272 275 280 314 499 629 651 675 784 785
9  35 92 147 370 387 417 536 687 837
9  504 570 728 763 765 775 785 835 879
12  142 304 325 444 460 552 755 816 833 857 900 970
9  100 106 226 362 381 505 792 823 824
2  380 948
11  39 44 87 115 185 282 363 646 858 868 995
8  18 166 202 233 255 477 521 691
7  79 122 163 276 399 621 687
7  17 243 257 603 659 665 896
16  126 280 283 300 312 337 397 465 469 493 506 616 618 895 933 970
11  36 151 161 233 371 437 510 666 697 844 885
9  132 286 414 481 570 705 946 950 973
6  138 217 536 771 917 931
3  27 445 745
7  20 103 125 179 758 803 914
9  145 177 281 316 332 449 504 796 943
9  126 160 207 225 596 722 818 850 913
8  67 453 500 507 549 674 699 736
6  152 194 277 293 548 999
15  28 61 114 158 168 277 358 424 438 568 650 790 801 898 910
13  70 78 96 153 214 222 285 721 764 808 813 913 970
7  131 168 331 497 660 779 785
17  122 152 211 253 274 280 284 285 324 332 444 567 652 747 887 917 935
7  21 116 135 145 187 268 299
10  119 133 179 255 320 329 373 553 627 808
13  36 80 135 171 233 307 523 558 684 693 834 870 991
9  156 217 334 370 385 409 442 588 805
9  43 73 139 370 449 474 517 658 678
9  154 216 223 571 641 667 734 766 918
15  67 84 228 256 433 531 548 583 592 608 621 652 691 800 892
11  33 428 443 464 483 510 549 566 576 644 651
5  49 228 290 501 877
12  37 65 117 740 764 837 841 869 892 894 984 994
8  22 27 369 469 527 555 715 879
11  160 197 334 375 406 464 479 558 612 774 783
8  165 327 443 536 587 686 909 982
17  147 180 214 279 371 477 481 565 578 587 649 685 687 820 873 883 931
7  21 218 228 597 630 762 928
9  51 352 620 643 663 712 811 872 906
14  29 66 338 344 408 507 526 555 570 777 785 832 834 943
5  65 105 331 804 839
12  77 98 114 186 234 492 507 541 660 763 788 949
2  145 733
7  8 330 357 598 630 711 766
12  16 24 217 226 236 339 463 473 483 632 946 989
6  174 268 598 650 812 912
5  15 151 495 579 884
6  153 206 818 850 888 997
16  93 110 188 201 220 255 265 292 489 510 560 617 722 734 857 907
8  19 97 392 418 684 869 952 978
12  78 215 217 293 339 481 572 604 716 753 930 988
8  170 226 255 313 496 712 723 754
10  126 262 410 435 463 464 465 485 639 956
12  57 100 119 132 172 180 314 321 621 689 808 914
11  79 102 270 275 322 407 520 584 916 967 985
10  6 263 345 478 538 567 696 892 901 978
11  409 455 487 511 601 649 701 746 773 836 935
16  37 134 379 405 417 446 533 742 785 790 820 851 900 906 913 961
12  104 111 195 233 433 486 601 855 859 907 911 951
8  172 234 361 459 499 564 818 870
14  58 86 218 370 393 476 513 548 707 815 847 924 942 994
14  31 203 279 316 342 355 419 438 804 831 883 892 913 976
9  153 327 619 647 671 687 688 703 849
12  16 38 58 171 188 231 238 418 523 572 658 795
9  117 245 331 408 541 657 724 783 973
8  216 314 622 629 658 684 845 859
10  47 167 187 202 246 437 684 694 799 954
7  99 231 406 568 675 851 978
8  69 185 207 251 292 496 508 606
16  22 346 382 425 436 493 563 610 628 651 769 790 792 843 937 949
8  86 90 203 298 347 419 483 842
10  137 224 247 279 322 374 426 647 728 937
12  1 47 176 215 379 442 688 729 839 842 895 921
11  40 76 108 290 292 301 459 477 553 599 891
12  19 91 125 193 289 405 485 677 820 848 923 985
9  10 130 247 261 619 632 785 800 924
11  86 252 339 397 404 532 587 792 796 905 987
13  5 38 82 140 286 298 485 557 579 639 768 874 950
9  99 356 429 576 618 815 819 829 929
10  141 387 398 543 570 617 678 838 897 988
7  292 325 534 573 577 616 753
13  28 156 315 382 468 490 684 707 802 827 829 841 863
9  115 294 494 534 601 616 709 809 904
4  20 82 633 980
7  109 132 354 386 411 497 512
8  20 165 264 473 682 703 730 936
11  137 151 209 236 324 341 431 571 889 949 957
14  30 123 125 235 395 403 505 704 714 781 805 834 887 938
16  48 53 59 60 116 213 342 410 608 733 760 805 825 839 947 991
3  665 752 797
12  41 69 292 301 660 673 785 896 932 974 990 996
11  55 100 112 565 714 796 832 875 926 983 987
6  5 255 464 709 713 784
6  140 386 450 655 787 796
9  266 413 420 511 532 672 733 960 967
14  55 136 162 194 238 388 401 402 462 505 525 541 843 861
11  85 142 150 166 293 344 494 615 820 823 913
7  39 217 239 369 373 399 863
10  98 140 263 310 410 543 570 937 994 999
9  326 427 473 474 602 642 759 803 920
10  129 222 231 406 638 670 784 804 920 948
13  114 379 499 537 543 673 728 734 830 835 843 860 960
16  32 147 148 200 453 475 494 537 605 686 731 769 803 843 865 987
10  55 56 63 87 430 453 805 837 879 933
10  42 100 357 383 476 487 538 569 775 929
7  60 95 205 399 537 750 861
14  102 163 191 272 549 623 693 723 755 770 829 837 912 972
6  101 128 274 694 776 983
10  146 154 358 373 383 427 576 603 707 937
12  49 107 238 244 251 458 528 547 550 724 760 952
7  101 390 471 549 560 816 821
13  155 237 296 308 435 540 664 710 716 746 750 798 880
19  26 62 64 119 120 187 244 371 448 552 650 670 723 764 771 822 869 886 998
7  104 192 227 326 460 767 985
7  192 443 474 639 828 940 999
8  33 91 239 247 303 433 479 985
4  15 443 579 903
9  181 415 439 504 540 550 612 846 910
7  8 289 344 654 876 933 987
10  149 207 213 249 262 572 597 771 945 986
12  138 169 187 238 280 408 430 600 679 790 801 865
9  10 271 463 465 817 864 898 916 941
8  41 192 199 455 538 544 852 928
10  0 45 48 91 465 513 635 750 823 910
12  242 292 293 294 305 347 406 439 523 678 733 857
14  117 226 279 285 310 349 465 471 539 546 549 644 799 872
11  26 54 153 182 376 436 816 842 881 939 940
6  125 222 529 766 861 972
14  30 79 85 93 252 299 303 594 727 733 745 878 914 954
3  88 840 935
8  86 273 357 531 605 711 896 959
15  36 150 224 297 396 489 563 672 702 787 840 871 914 945 973
9  56 59 338 405 451 673 838 884 944
10  16 17 123 197 329 461 467 624 728 850
7  5 418 469 483 564 592 887
4  3 352 472 969
15  124 164 191 252 271 427 518 566 636 777 797 827 881 962 989
6  13 332 599 721 878 926
10  137 148 164 423 490 530 620 710 731 976
5  249 384 762 846 869
11  11 33 73 225 347 396 401 498 515 659 761
4  208 222 623 663
14  44 275 319 382 385 390 491 518 540 616 642 654 734 933
11  217 238 243 366 456 538 563 623 870 893 900
9  152 228 508 613 650 665 749 838 961
7  170 328 485 612 735 883 941
13  276 300 316 377 381 420 432 520 593 605 699 871 991
6  11 49 248 530 691 724
6  168 215 221 463 728 985
16  34 44 156 176 203 212 224 243 273 446 485 505 634 734 741 932
9  110 216 416 472 566 604 935 964 994
11  31 43 52 155 440 462 518 539 583 678 924
10  331 360 441 604 618 656 830 926 945 972
9  156 339 413 458 472 486 623 726 799
7  112 305 392 485 729 812 996
14  10 91 133 171 211 409 509 510 548 661 758 852 888 994
7  142 216 223 318 530 813 821
10  23 44 243 330 474 529 549 643 962 984
8  44 181 231 317 513 559 791 919
9  81 96 97 163 426 709 807 837 854
10  10 28 325 556 571 846 860 905 916 925
10  36 271 322 396 464 568 656 686 819 897
14  29 126 175 203 294 364 405 434 584 621 714 722 892 930
14  93 460 472 477 561 621 623 643 661 679 697 712 890 957
9  60 86 236 243 314 537 556 580 945
12  50 76 92 120 272 395 715 753 825 878 896 923
7  48 52 59 242 260 561 663
12  31 66 93 223 309 525 581 606 862 868 924 992
11  168 180 316 355 407 544 591 641 679 691 742
11  34 88 108 196 236 356 524 558 780 882 886
11  53 84 240 277 350 446 531 625 691 698 837
7  19 375 426 520 803 823 872
8  143 158 293 476 616 886 948 979
11  136 264 310 392 460 685 817 839 904 923 945
13  12 229 253 354 377 383 399 430 602 637 698 713 715
5  378 477 711 758 853
13  14 99 127 140 151 267 364 441 733 831 909 916 950
12  128 134 376 688 747 775 805 880 931 944 966 984
12  71 151 159 204 264 419 508 564 585 651 697 985
8  94 96 298 327 641 742 849 982
16  35 114 141 186 263 331 407 422 425 523 557 597 703 864 886 902
8  170 479 488 636 721 724 793 862
21  10 15 79 114 252 299 305 351 376 393 421 469 509 532 534 662 683 722 886 990 999
10  171 257 440 648 709 710 725 799 887 940
9  46 52 449 454 467 471 506 551 834
7  244 263 427 451 589 781 857
15  50 106 134 195 282 402 642 646 675 810 831 874 880 927 951
11  103 156 329 414 464 490 580 704 811 867 964
13  24 85 124 206 272 301 335 458 500 519 808 860 928
11  110 311 349 396 398 516 518 660 809 872 992
9  21 50 342 596 667 776 838 948 951
10  10 24 76 141 155 284 346 642 778 814
9  83 271 296 379 480 538 813 876 908
6  23 215 603 682 700 886
20  1 7 31 96 111 193 326 329 358 428 551 594 602 608 613 624 732 748 939 947
6  157 307 375 559 743 795
9  134 173 180 286 613 638 669 681 974
7  280 327 398 567 581 700 783
14  114 195 243 411 503 564 658 679 696 718 841 869 958 998
9  34 156 424 431 524 567 732 778 949
10  114 150 257 367 398 461 734 833 853 997
9  94 129 153 325 487 625 718 745 793
12  24 178 415 431 544 582 612 625 830 883 974 995
7  155 402 415 455 463 710 787
8  105 122 125 316 371 536 576 902
7  127 142 233 276 703 758 995
13  15 243 276 430 463 558 567 736 837 853 885 896 925
22  34 58 75 160 193 289 426 480 553 589 599 602 604 700 703 728 878 886 960 991 992 995
8  245 311 501 521 564 723 774 824
9  53 388 484 598 683 798 808 881 891
13  123 136 403 433 484 560 607 609 661 713 849 922 984
10  69 119 154 512 551 557 584 624 822 929
14  2 82 301 306 378 405 407 418 425 647 661 709 806 942
10  277 342 394 469 540 553 623 723 864 892
6  93 502 511 617 678 946
13  207 267 271 298 462 622 654 725 728 781 792 828 838
13  39 318 364 413 436 472 513 701 754 766 812 837 997
14  70 81 223 299 303 340 470 484 662 694 710 795 840 864
9  47 165 259 545 751 753 839 942 971
11  236 272 559 586 606 654 703 820 871 882 953
10  66 128 129 207 240 692 694 748 931 940
15  192 212 215 220 289 456 505 525 543 548 691 717 723 724 882
11  166 187 201 385 433 449 453 565 632 880 949
11  20 39 149 176 180 321 346 375 381 687 960
10  57 257 270 353 495 552 606 739 761 782
9  188 208 313 319 365 483 543 682 965
7  53 72 110 696 940 952 994
13  20 150 188 242 250 265 443 497 684 801 832 900 920
12  64 66 92 211 313 332 434 472 593 638 669 755
6  5 264 471 679 689 942
9  31 40 123 172 258 344 523 744 777
13  66 155 187 385 435 475 496 523 797 822 828 908 940
3  374 517 781
16  94 108 170 192 229 257 296 494 499 518 523 680 932 948 964 978
9  46 52 56 165 206 208 355 551 881
17  25 177 211 220 242 243 296 300 448 450 510 598 624 670 746 807 886
12  97 177 248 255 298 325 359 520 540 627 913 976
9  29 148 234 293 377 486 592 680 687
4  62 723 782 810
10  122 147 402 452 474 611 717 727 749 978
5  39 441 789 803 994
9  91 162 181 350 455 551 604 703 719
14  224 264 267 430 435 619 743 802 835 839 917 919 932 948
8  90 206 468 556 577 724 742 993
14  111 115 165 172 255 399 406 433 483 498 512 576 885 920
8  77 150 249 287 531 550 809 879
4  220 300 627 789
12  18 40 135 288 362 654 671 734 761 820 874 968
13  53 83 88 105 156 216 360 441 500 539 647 681 765
10  40 132 194 294 336 417 753 768 841 914
13  34 85 248 269 348 419 445 518 660 747 793 811 954
9  8 167 276 427 477 507 527 602 658
15  78 80 150 190 363 376 385 409 476 530 549 564 699 808 869
11  67 121 202 236 275 306 422 543 713 879 947
8  151 260 453 460 511 525 740 814
7  85 140 192 228 405 560 653
13  304 363 433 453 750 759 787 829 884 940 956 957 985
12  22 68 92 100 364 615 623 655 725 867 875 918
16  43 51 144 337 378 435 449 571 573 606 733 799 808 844 951 984
12  175 244 329 332 341 410 570 748 758 831 856 901
13  4 23 59 139 319 362 598 791 841 843 917 948 971
14  61 171 220 248 296 336 429 456 491 607 658 683 767 824
13  51 88 118 192 280 507 535 668 754 878 930 941 992
10  68 267 279 309 423 492 603 632 828 866
16  23 130 187 262 562 579 734 791 794 802 804 815 829 857 923 958
7  9 74 644 709 756 805 991
9  20 153 248 292 313 509 510 669 777
7  22 188 497 557 561 598 708
12  75 77 85 276 389 408 438 516 785 921 953 970
10  9 16 280 300 520 603 695 831 915 966
11  259 370 506 541 651 654 677 683 784 835 955
11  98 120 142 225 237 304 315 553 570 765 966
7  3 104 207 331 469 654 896
17  1 13 33 57 87 176 267 351 390 409 423 461 465 631 694 939 954
9  68 543 630 712 752 787 828 894 934
10  8 243 403 498 584 619 701 783 922 954
10  19 209 303 344 352 431 436 498 641 743
11  14 92 141 143 260 287 388 404 484 908 935
17  37 98 129 133 148 160 203 239 313 435 476 488 624 679 765 849 935
12  65 126 152 196 399 513 516 554 598 616 677 881
8  7 167 236 448 470 503 802 826
6  17 293 312 738 914 923
14  96 150 220 225 298 303 333 336 471 519 610 704 795 925
11  61 129 156 198 263 300 382 438 698 782 924
5  448 495 610 660 679
7  41 58 503 514 547 670 680
10  194 335 440 462 464 567 814 853 899 935
7  26 114 361 436 657 798 947
7  44 127 185 294 641 739 745
13  58 217 267 376 394 402 538 550 551 579 580 680 923
8  171 176 207 430 615 667 728 928
12  17 155 300 388 638 642 679 683 718 858 985 990
14  169 238 259 281 569 572 581 636 675 750 753 871 903 978
13  40 137 165 196 200 266 431 442 566 615 891 967 981
10  94 237 246 335 354 676 743 782 798 934
13  126 129 176 323 348 500 515 549 634 644 864 882 966
9  97 138 144 585 598 650 879 950 969
7  232 268 362 365 520 780 864
13  63 176 225 232 425 492 580 618 721 722 849 866 953
12  263 325 435 436 487 527 539 587 694 890 927 968
8  104 334 423 430 507 832 897 972
11  84 234 303 450 500 696 787 795 886 903 911
11  179 292 376 543 562 682 697 773 789 905 982
7  304 312 402 539 782 828 904
9  54 165 359 467 537 546 713 759 774
8  58 177 220 491 536 542 808 921
13  45 110 152 246 268 392 523 607 659 744 810 912 951
12  22 38 123 157 251 395 417 468 584 700 726 833
12  43 81 166 178 467 607 609 615 672 784 884 941
11  93 117 142 179 214 501 634 658 799 842 995
7  52 454 613 712 771 855 864
12  16 163 165 175 384 516 617 631 725 740 764 935
7  149 346 370 455 564 896 916
16  46 301 317 335 355 370 530 581 644 678 751 772 899 900 908 933
7  117 135 227 332 464 499 707
13  106 236 265 338 429 474 507 601 606 691 693 720 730
10  25 41 66 104 115 271 383 385 490 709
6  324 448 527 748 816 895
11  55 84 228 302 736 748 805 842 848 853 878
9  38 287 396 575 610 743 767 884 930
18  34 117 150 161 175 262 277 335 362 436 481 483 510 682 834 840 851 981
9  156 191 304 359 419 514 637 661 971
12  43 163 331 368 427 563 604 612 754 799 976 977
16  1 13 20 102 111 234 316 414 457 494 589 741 753 774 786 795
7  164 310 316 399 633 666 836
9  239 262 414 432 594 710 816 875 909
17  22 67 122 129 183 198 290 400 507 595 626 722 794 812 855 864 882
12  73 308 359 370 596 614 663 691 708 821 844 962
10  50 82 88 224 360 633 699 798 918 979
11  12 201 220 285 385 400 680 808 812 880 928
12  174 220 226 236 403 443 487 504 616 671 731 848
7  61 340 346 584 841 890 920
11  92 95 211 374 506 529 688 750 872 895 897
9  80 138 272 290 302 456 501 892 973
12  98 109 346 389 451 470 542 566 568 674 878 969
8  401 475 519 568 708 785 878 996
14  44 59 98 225 236 319 444 502 589 820 886 980 997 998
7  51 69 112 136 551 591 752
9  4 78 311 319 517 716 723 829 845
10  19 193 201 232 365 377 565 597 679 766
15  116 118 202 257 293 332 335 339 368 430 573 620 758 779 949
6  97 158 183 218 500 553
12  102 293 396 429 459 480 537 607 772 809 855 966
5  44 135 385 524 847
11  97 117 133 417 485 799 891 893 917 964 967
11  48 49 94 145 207 506 676 716 915 966 989
7  54 348 417 438 575 869 921
16  31 42 89 216 241 256 272 292 358 532 533 582 613 757 918 956
15  4 16 95 218 236 314 375 380 445 465 471 624 631 642 890
12  31 96 163 328 335 360 500 840 882 943 974 986
9  112 361 567 610 728 749 774 922 984
10  199 246 275 355 491 509 633 686 753 955
10  224 301 324 434 493 712 818 824 971 979
6  65 173 249 470 533 590
9  17 58 120 192 193 683 760 858 944
10  4 130 187 190 265 461 532 555 617 944
10  290 357 370 534 671 677 689 855 861 914
10  11 20 251 338 598 615 794 950 974 983
4  42 283 705 958
11  7 80 84 131 174 347 384 555 600 915 942
9  6 83 141 270 403 425 657 801 924
11  4 64 96 141 186 331 413 602 713 729 979
10  97 245 376 654 779 799 832 880 972 987
17  109 161 214 241 438 459 463 593 601 676 696 735 737 770 800 878 913
13  2 218 254 269 293 307 362 382 432 503 594 741 971
11  243 357 383 391 542 552 698 713 724 740 984
7  147 152 255 316 672 701 991
8  75 157 262 483 569 666 758 967
8  80 129 405 539 610 712 804 913
12  108 192 208 339 419 542 647 710 768 829 887 988
13  11 130 185 195 228 236 285 440 488 789 811 829 884
7  16 186 212 432 439 455 865
9  172 521 654 682 720 772 777 848 862
9  34 89 403 538 627 824 827 829 931
10  76 230 291 391 451 468 550 712 776 957
8  168 170 429 553 669 822 838 958
8  146 166 304 415 467 734 820 958
9  156 239 244 520 561 640 720 736 804
