
***ForestFire:  GeoFire  Nodes:1000  StartNodes:1  Take2AmbProb:0
                FwdBurnP:0.35  BckBurnP:0.354  ProbDecay:1  Orphan:0
(1000, 5730)  burned: [1,1,1]  [0.01s]
1000
124  1 4 6 7 10 11 14 15 19 20 23 25 45 51 53 57 58 60 67 71 79 80 81 83 86 96 98 107 119 132 137 141 143 150 152 155 157 159 176 189 193 195 199 205 214 237 245 270 271 280 287 304 308 309 318 333 335 340 348 360 373 397 405 411 423 453 462 476 492 508 510 511 513 520 547 569 576 598 651 657 666 668 675 687 698 707 712 714 739 743 748 755 760 762 768 777 781 788 790 796 807 816 835 841 846 852 856 863 869 878 884 885 904 906 907 909 920 930 934 937 961 990 991 996
106  0 2 3 4 6 7 8 10 18 19 25 27 35 45 48 51 53 58 67 71 79 81 83 86 89 92 98 110 123 141 165 176 195 199 205 209 214 235 237 245 270 271 287 308 335 346 348 349 373 379 407 408 462 476 492 504 505 508 510 520 542 544 546 547 549 569 575 576 651 657 666 668 675 687 699 712 714 743 748 755 760 762 768 777 781 788 807 852 856 863 868 869 875 878 881 883 885 899 904 920 924 937 945 961 964 986
73  1 3 6 7 10 19 27 35 51 71 75 78 79 80 83 90 98 104 150 157 165 176 205 209 214 245 270 285 304 308 335 337 397 416 453 462 476 504 505 508 520 539 542 546 549 569 576 617 632 651 668 675 687 699 714 730 743 749 760 777 781 788 807 846 852 863 869 878 885 904 937 961 986
51  1 2 6 7 19 27 71 78 79 86 90 99 110 141 165 176 205 221 270 285 287 304 308 335 349 434 462 569 575 576 641 657 666 687 743 760 781 796 807 849 852 856 863 869 875 885 904 937 961 964 986
78  0 1 5 6 7 8 9 10 19 34 53 57 58 60 67 69 71 79 92 93 98 99 104 111 123 135 162 176 195 205 209 214 245 258 271 285 304 308 335 348 349 413 420 428 476 505 508 520 542 544 547 569 576 616 657 687 696 743 760 762 768 777 841 846 852 856 863 869 870 877 881 885 899 904 920 964 966 996
27  4 9 34 60 67 69 98 99 104 135 205 214 245 285 304 308 333 462 576 657 768 777 852 856 878 920 964
76  0 1 2 3 4 7 9 10 19 21 23 31 51 53 71 78 79 86 98 99 104 110 158 165 176 193 205 214 231 236 285 304 308 335 337 348 371 377 379 397 408 416 434 462 476 508 520 542 569 576 598 649 657 668 687 706 714 739 743 760 777 807 846 848 852 863 864 875 878 881 885 904 907 920 964 986
67  0 1 2 3 4 6 12 19 25 49 51 55 67 70 71 78 79 80 83 90 92 95 98 147 157 171 176 205 212 237 285 287 304 308 335 355 377 407 416 467 492 508 539 542 546 552 561 569 576 596 617 631 633 657 687 762 777 812 835 841 852 863 869 878 885 904 909
28  1 4 25 53 67 71 78 79 83 92 141 209 214 271 304 335 520 576 657 687 748 755 766 777 807 852 904 920
55  4 5 6 10 17 19 34 42 57 60 67 69 98 99 104 111 134 161 173 174 176 195 205 245 304 308 333 335 420 458 462 508 513 520 576 604 657 687 748 760 762 777 846 848 852 861 869 878 879 885 887 904 920 964 986
67  0 1 2 4 6 9 13 19 23 31 41 53 57 58 60 71 72 75 79 92 96 98 150 176 188 205 214 234 285 287 304 308 335 373 377 397 413 462 476 508 520 542 546 547 569 575 576 634 657 687 696 707 714 739 749 768 794 807 852 863 869 878 885 904 907 920 937
42  0 16 28 53 85 116 119 132 150 152 214 262 304 309 340 352 402 511 513 520 524 569 631 657 658 682 686 712 744 777 807 835 841 852 863 883 884 885 904 906 914 964
20  7 30 51 70 83 98 126 147 205 285 308 349 462 546 591 631 762 852 863 904
24  10 19 24 41 57 71 141 165 205 234 270 304 508 520 547 569 576 657 749 807 852 856 869 904
15  0 64 88 98 119 150 252 271 333 453 509 529 539 576 885
5  0 96 225 423 739
14  11 132 262 396 524 569 631 657 658 797 840 863 883 904
30  9 19 39 47 69 101 111 161 174 195 304 314 335 403 414 450 508 520 547 576 631 664 760 777 869 879 885 887 920 986
17  1 19 92 102 118 160 214 245 283 323 329 508 632 687 762 886 904
58  0 1 2 3 4 6 7 9 10 13 17 18 29 38 67 69 75 86 92 98 110 156 161 162 167 172 176 195 214 245 285 308 323 335 354 386 450 508 569 592 607 632 657 687 703 760 790 796 852 863 869 879 882 883 904 946 986 990
23  0 22 119 121 137 143 155 308 309 311 318 335 360 372 513 598 748 852 856 869 885 904 920
40  6 23 31 33 40 44 53 79 98 158 176 193 209 214 241 248 282 304 308 348 371 379 433 518 520 576 687 708 714 739 743 777 788 852 863 864 885 904 920 943
22  20 32 54 63 68 119 132 155 191 309 318 372 442 513 586 666 766 852 856 869 920 951
46  0 6 10 21 26 31 44 53 61 71 75 78 98 105 112 141 143 176 205 214 241 270 304 308 479 496 513 520 542 561 576 598 687 714 748 762 777 794 852 863 869 881 904 907 920 986
20  13 41 141 165 188 251 270 350 390 434 507 569 576 657 807 852 856 869 980 986
41  0 1 7 8 46 67 71 76 78 79 80 83 92 171 205 214 237 270 271 285 304 333 355 379 417 452 492 510 576 657 668 748 755 762 777 856 869 875 878 885 986
17  23 44 61 105 176 185 214 247 304 308 331 479 496 687 869 881 943
8  1 2 3 59 71 287 576 657
17  11 36 53 106 117 132 262 402 491 524 569 657 682 744 863 904 906
19  19 38 69 92 98 156 161 167 172 195 308 386 450 592 657 852 863 882 943
5  12 51 67 195 308
27  6 10 21 23 53 79 98 129 141 176 205 214 241 304 333 335 337 520 546 576 598 687 777 852 869 885 920
11  22 54 63 68 372 513 666 766 852 856 869
12  21 37 193 248 294 337 348 371 379 520 885 943
37  4 5 9 43 60 69 92 104 162 205 214 245 289 308 326 333 354 413 420 462 495 552 576 626 657 687 739 762 777 790 809 852 863 869 885 964 991
37  1 2 51 67 71 79 80 83 150 176 205 209 214 270 298 308 333 337 349 379 397 462 504 544 576 655 657 668 675 687 729 759 777 788 852 885 904
4  28 117 132 859
7  33 56 193 294 337 520 943
25  19 29 62 69 86 92 98 111 156 172 195 308 373 464 520 547 639 657 760 852 882 885 900 906 964
12  17 47 97 101 111 195 230 414 508 631 760 879
14  21 44 176 193 214 308 337 520 538 576 687 708 885 920
17  10 13 24 141 165 188 270 304 350 569 576 649 657 723 807 852 869
9  9 69 92 153 245 333 410 458 576
27  34 50 60 69 124 135 162 168 201 245 285 289 304 326 354 495 552 566 576 634 657 687 809 846 856 863 869
24  21 23 26 40 61 98 176 185 214 220 250 304 308 479 487 496 520 561 576 697 762 777 866 904
9  0 1 51 81 159 308 462 935 991
25  25 67 71 76 80 205 214 238 270 271 312 379 417 476 510 571 576 657 714 739 748 812 863 943 964
7  17 39 101 195 314 508 677
15  1 73 110 141 176 346 462 508 544 579 852 856 868 904 961
30  7 51 67 78 79 141 171 205 285 304 356 416 431 440 467 492 508 561 576 633 657 762 777 790 812 835 841 852 863 869
12  43 52 289 354 394 398 495 657 790 809 869 885
47  0 1 2 6 7 12 30 35 45 49 66 67 71 75 78 79 83 98 157 159 176 205 209 212 214 287 308 373 440 476 482 490 539 572 576 657 668 687 696 762 825 863 885 904 920 986 991
7  50 84 398 480 576 809 852
46  0 1 4 6 8 10 11 21 23 28 31 79 92 98 117 132 152 157 176 209 214 239 262 304 318 335 337 354 368 520 542 546 561 569 574 598 613 631 657 687 688 762 814 852 885 904
14  22 32 68 191 310 327 372 513 680 825 852 856 869 986
22  7 65 67 70 71 83 125 127 157 281 308 338 407 542 546 596 617 631 863 881 904 924
4  37 520 523 676
20  0 4 9 10 13 82 111 165 176 195 270 290 304 333 576 687 739 869 943 990
38  0 1 4 10 71 94 98 103 131 180 182 214 228 232 271 274 308 371 379 405 411 423 448 453 520 547 576 687 696 734 777 816 852 863 885 920 991 996
3  27 87 657
31  0 4 5 9 10 34 43 69 92 107 135 150 214 245 304 308 326 335 373 458 462 476 546 576 687 748 768 852 885 904 920
26  23 26 44 75 105 176 185 187 214 247 304 308 401 462 476 488 539 572 687 696 794 852 869 881 943 986
10  38 111 156 172 195 304 308 547 639 760
26  22 32 68 140 155 178 229 325 360 369 372 380 442 513 520 666 766 790 846 852 856 869 888 906 921 986
17  14 77 88 150 202 271 276 337 376 381 453 462 539 544 576 852 968
8  55 67 208 281 449 470 685 863
14  51 67 79 83 205 373 408 462 490 687 783 807 825 986
59  0 1 4 5 7 8 9 19 25 30 35 46 49 51 55 65 66 69 71 78 79 80 83 92 98 141 176 195 214 245 271 285 287 308 312 333 349 373 440 445 449 458 462 467 489 542 576 617 657 687 748 762 825 841 852 863 869 924 986
18  22 32 54 63 310 372 513 666 825 852 856 869 888 895 906 907 920 986
42  4 5 9 17 19 29 34 38 42 43 60 67 74 78 92 98 109 111 124 162 195 213 214 245 308 326 373 458 508 576 633 657 687 740 753 799 809 841 846 863 885 904
21  7 12 55 83 120 139 179 181 186 304 308 407 542 546 591 631 793 869 881 885 904
61  0 1 2 3 4 6 7 8 10 13 23 25 27 35 46 51 55 58 67 75 78 79 83 92 98 112 136 141 165 176 195 205 214 232 254 270 287 304 308 320 462 499 547 576 657 666 687 739 777 844 852 856 863 869 885 896 904 924 934 986 996
8  10 176 214 300 313 454 634 878
7  48 110 256 346 508 696 904
4  69 564 633 924
33  2 10 19 23 51 61 71 79 86 98 112 150 172 176 187 214 240 304 308 335 408 444 520 539 714 794 852 869 881 899 904 920 986
21  25 46 80 91 92 108 149 194 205 214 271 333 379 417 478 510 576 657 863 881 885
9  64 88 150 202 381 444 462 539 852
44  2 3 6 7 8 23 25 49 51 67 69 71 79 86 92 105 110 141 176 214 304 308 324 335 386 453 462 539 555 561 572 576 592 657 668 762 777 816 852 863 885 904 986 996
60  0 1 2 3 4 6 7 8 10 21 25 31 35 49 51 53 66 67 71 75 78 80 83 86 90 92 98 104 110 141 144 176 190 195 205 209 214 270 271 304 308 324 333 335 337 363 379 397 462 520 657 687 714 739 762 777 807 809 852 875
19  0 2 7 25 35 46 67 76 79 83 104 176 205 212 304 504 576 714 904
9  0 1 45 100 159 270 308 878 991
8  57 176 290 348 739 928 943 990
44  0 1 2 7 8 12 25 35 51 55 66 67 70 71 79 80 86 98 112 125 195 205 304 308 333 335 349 462 504 520 544 576 601 631 657 673 687 774 807 863 869 885 904 924
9  52 145 398 468 503 576 748 809 852
11  11 116 132 340 421 631 686 697 723 807 904
34  0 1 3 6 19 38 75 78 79 83 98 110 141 172 195 232 267 271 292 305 308 335 462 508 520 539 631 657 796 811 849 852 869 964
3  59 501 962
21  14 64 77 98 122 150 227 253 271 276 304 333 376 453 462 509 539 576 605 852 885
3  1 146 462
17  2 3 7 79 104 110 148 170 176 304 687 699 712 745 755 852 863
9  76 175 194 205 214 417 576 885 929
53  1 4 7 8 10 18 19 25 29 34 38 42 53 60 67 69 71 76 78 79 117 133 176 195 205 214 245 304 308 317 323 329 335 354 373 379 462 546 632 634 657 687 739 748 762 777 790 852 863 885 904 920 945
2  4 285
16  58 98 180 223 232 274 304 308 354 405 411 423 462 520 696 739
8  7 157 257 304 569 790 884 904
5  0 10 15 225 570
12  39 111 183 195 345 395 445 631 760 790 879 920
63  0 1 2 4 5 6 7 9 10 12 14 19 21 23 29 31 38 44 51 53 58 67 69 71 75 79 83 86 88 94 152 156 172 176 195 214 227 232 245 271 285 304 308 333 462 520 539 547 561 576 617 633 657 748 777 841 846 852 875 885 904 907 996
23  3 4 5 6 9 184 206 221 245 265 270 301 304 308 462 569 575 576 666 760 852 856 920
2  81 534
11  17 39 47 314 414 437 477 508 664 677 760
5  18 323 632 640 886
4  58 182 273 315
26  2 4 5 6 9 34 79 80 90 110 148 165 176 190 245 285 304 308 416 504 576 714 823 852 863 904
22  23 26 61 78 114 115 163 185 214 247 308 359 462 479 488 562 576 598 625 762 904 977
6  28 154 204 402 491 682
14  0 60 143 214 271 308 597 598 725 748 849 850 930 961
3  76 599 843
16  69 113 124 213 367 576 605 633 657 753 762 809 841 904 924 964
33  1 3 6 19 48 73 78 79 86 90 104 141 148 176 195 214 245 304 308 335 386 508 575 576 620 668 777 852 856 943 961 964 986
24  4 9 17 38 39 57 62 69 97 156 172 176 195 270 304 520 547 576 590 687 760 790 887 920
9  23 71 75 83 304 308 353 354 406
3  109 367 710
9  105 115 247 308 347 436 479 488 687
9  105 114 163 247 436 479 484 488 687
13  11 85 132 152 422 546 582 628 631 686 760 852 948
12  28 36 53 92 132 262 317 335 354 520 809 906
8  18 128 160 283 323 438 678 782
18  0 11 14 20 22 132 150 155 198 271 360 462 529 573 852 863 904 951
3  70 186 304
3  20 311 920
7  88 150 349 397 444 453 852
14  1 4 205 258 271 358 428 547 717 762 807 844 904 950
10  43 69 109 135 362 364 495 576 633 657
3  55 83 435
2  12 277
13  55 130 151 203 242 243 281 322 338 366 385 430 596
11  118 160 215 219 283 323 473 632 678 705 830
3  31 176 214
13  127 196 203 242 243 293 338 366 430 493 560 596 638
9  58 164 271 308 411 423 520 881 992
38  0 11 16 22 28 36 53 85 116 117 119 152 155 189 198 262 271 318 360 510 513 520 524 526 546 569 573 586 657 672 790 852 856 863 869 879 904 923
9  92 138 195 317 335 546 603 620 945
5  9 304 687 848 861
15  4 5 43 60 124 201 285 289 335 364 373 508 576 657 869
20  71 176 254 304 320 378 466 472 499 513 535 569 666 687 716 844 856 868 869 885
12  0 20 155 198 311 318 360 511 520 657 906 920
6  133 142 224 387 546 804
4  70 259 308 631
15  63 155 169 198 360 380 513 520 608 666 748 795 852 906 920
40  0 1 3 8 13 23 24 31 41 48 49 67 71 78 79 86 110 148 165 176 177 214 232 244 267 270 285 304 308 346 508 520 552 576 657 835 841 852 863 964
2  138 546
10  0 20 23 107 155 308 318 598 610 748
6  79 308 324 483 687 803
8  84 211 398 468 576 636 748 809
5  89 272 461 462 758
9  7 12 205 308 379 657 720 852 906
13  90 104 110 141 176 214 245 304 308 379 576 852 856
2  76 271
34  0 2 10 11 14 35 60 64 75 77 88 119 122 198 205 245 271 276 304 337 349 397 408 444 453 462 539 657 668 686 744 762 852 904
8  127 166 242 243 430 515 638 786
22  0 11 53 98 116 132 155 176 195 197 360 513 520 546 631 657 698 762 846 852 856 986
2  42 410
6  106 204 456 682 822 956
29  0 20 22 63 119 132 137 140 143 152 176 191 198 271 308 318 335 360 363 369 513 520 631 657 748 852 906 943 986
14  19 29 38 62 98 111 172 176 195 412 520 567 617 920
16  0 2 7 51 53 55 95 285 373 569 576 657 790 798 863 904
13  6 21 236 308 392 520 681 696 731 810 864 907 920
9  0 45 51 81 308 637 865 952 991
9  18 118 128 219 283 323 330 632 782
20  9 17 19 29 167 176 185 304 386 403 462 552 576 592 657 696 762 882 943 990
17  4 19 34 43 69 245 285 354 386 576 657 846 863 869 885 920 966
5  105 115 247 436 479
8  131 308 411 423 548 578 881 991
26  1 2 3 6 13 24 41 57 71 104 141 176 270 304 308 349 434 441 462 508 749 762 781 852 863 904
5  151 242 307 430 786
13  19 29 161 185 246 304 308 359 386 576 592 657 863
8  43 207 289 354 495 566 585 687
8  140 198 360 514 657 666 795 852
7  90 210 304 343 569 745 763
11  7 25 49 205 214 296 379 805 858 869 885
16  19 29 38 62 75 86 98 111 156 176 232 308 520 547 852 906
3  9 304 576
5  9 17 508 520 576
9  91 194 217 249 417 614 674 885 929
92  0 1 2 3 4 6 7 9 10 19 21 23 26 31 35 40 44 48 51 53 57 61 67 71 72 75 78 79 80 82 90 92 98 104 110 111 129 136 141 148 152 155 156 161 165 172 185 190 191 195 205 214 245 254 271 285 290 304 308 320 333 337 348 379 397 441 462 466 472 513 520 542 546 567 569 574 576 620 653 657 687 697 762 825 852 863 868 881 899 904 943 990
6  141 270 463 568 687 863
10  63 229 325 369 375 380 439 442 444 856
7  70 255 407 502 793 863 868
12  58 94 232 308 405 411 423 696 715 739 777 991
7  70 308 407 591 694 846 885
5  58 103 222 232 308
10  97 195 334 345 395 445 673 790 879 945
6  99 206 263 679 728 735
16  26 44 61 105 161 167 176 190 205 214 304 308 359 762 904 943
3  70 120 304
10  61 75 214 304 308 316 476 794 869 881
16  10 24 41 192 216 377 434 481 507 521 576 649 657 706 780 856
10  0 132 360 383 513 514 790 795 852 882
15  79 104 176 185 191 205 214 304 308 360 372 408 462 761 856
18  22 54 155 176 190 226 318 324 360 372 657 687 759 790 825 856 869 986
10  188 216 377 481 649 706 756 780 856 972
14  0 6 21 33 37 40 284 294 308 337 397 432 520 885
5  76 91 175 417 885
64  0 1 4 9 17 19 29 30 38 39 47 57 62 67 69 71 79 83 86 92 97 98 110 111 133 152 156 176 183 200 214 245 271 304 308 317 333 334 379 395 412 415 445 462 520 546 550 567 576 593 631 673 755 792 852 856 863 883 885 920 922 945 961 996
7  130 203 242 243 382 493 596
3  152 513 856
18  119 132 137 140 150 155 169 271 318 360 511 514 546 657 666 852 906 964
6  0 1 269 297 455 807
11  195 214 279 357 379 418 445 550 687 792 856
6  43 135 285 527 552 863
4  64 77 276 381
11  127 130 196 242 243 366 475 493 533 596 638
6  106 154 266 456 682 822
66  0 1 2 3 4 5 6 7 9 10 12 13 23 25 31 34 35 46 49 51 66 71 76 79 80 83 91 92 123 147 150 171 176 185 190 214 245 258 270 271 285 304 308 333 335 379 408 413 513 520 546 547 576 657 701 759 762 777 790 809 852 869 878 885 904 937
5  99 184 462 543 728
4  168 289 354 585
5  65 218 449 627 863
18  1 2 4 8 21 35 51 53 79 308 504 520 544 631 655 687 899 964
8  170 268 304 343 537 569 745 875
1  145
9  7 51 80 304 594 714 819 904 909
7  69 109 367 576 633 724 924
87  0 1 2 4 5 6 8 10 11 18 19 21 23 25 26 31 34 35 40 44 46 51 53 58 60 61 67 69 71 72 75 76 78 79 91 92 98 105 107 110 129 141 148 171 176 185 187 190 195 200 205 245 258 271 304 308 317 333 335 337 349 379 397 413 462 476 487 510 520 539 546 553 576 603 617 620 658 668 687 762 777 852 863 869 885 904 937
6  128 219 323 632 775 830
13  188 192 288 295 342 377 481 507 643 649 706 856 908
5  175 233 249 339 351
4  208 361 627 931
9  128 160 215 283 323 473 632 830 955
1  44
5  3 99 270 291 736
2  182 308
11  94 274 308 349 453 462 696 739 863 869 904
2  138 387
4  15 96 365 391
3  191 324 657
4  88 98 278 912
6  58 275 308 379 668 777
5  63 178 369 380 742
2  39 302
6  6 348 517 739 817 826
23  58 71 86 94 98 141 172 180 182 245 304 308 462 487 547 739 849 852 885 906 907 991 996
2  217 615
2  10 13
3  1 645 755
5  6 158 308 624 920
5  0 1 7 25 576
6  46 270 319 651 659 852
7  53 304 344 368 588 613 688
4  75 261 662 881
6  21 23 31 722 752 767
11  127 130 151 166 196 203 243 366 533 638 786
10  127 130 151 196 203 242 264 460 493 786
2  141 709
58  0 1 2 4 5 9 18 19 34 42 43 60 67 69 92 98 99 104 110 148 150 162 176 195 205 214 232 254 258 260 285 304 308 317 333 335 397 445 453 462 476 520 539 552 569 576 589 657 687 714 739 777 852 856 863 885 920 986
2  167 592
10  26 61 105 114 115 163 308 436 479 488
5  21 33 348 520 943
3  175 217 885
6  44 304 308 404 697 866
3  24 583 980
5  14 271 333 453 885
1  88
8  71 136 176 245 304 513 687 885
6  179 407 793 863 868 900
2  73 508
7  95 299 569 650 652 790 879
18  4 123 205 214 245 271 304 308 333 349 397 462 552 668 846 856 885 964
3  139 308 423
8  245 285 308 318 335 520 552 589
3  240 851 881
22  11 16 28 53 117 132 354 360 394 398 542 569 574 657 658 790 809 852 881 883 904 963
4  184 389 602 728
7  243 409 460 493 512 757 786
8  99 301 446 536 569 666 821 869
6  204 456 682 785 802 822
5  86 141 308 508 904
9  210 537 565 569 621 666 717 911 966
2  199 778
45  0 1 2 3 13 23 24 25 35 41 46 57 71 79 81 99 111 141 165 177 205 221 238 308 333 349 407 486 496 507 542 576 605 651 666 668 687 759 777 788 852 863 878 885 904
62  0 1 4 8 14 25 46 58 64 67 76 79 86 88 98 107 119 123 131 132 149 150 155 176 195 198 205 214 252 258 304 308 333 337 360 363 379 415 445 453 462 511 520 546 573 576 631 634 657 687 696 748 762 770 777 852 863 869 881 904 906 943
1  146
2  103 315
11  58 94 223 308 354 371 398 453 696 739 869
4  228 308 777 852
11  64 88 150 202 337 397 462 539 617 732 968
3  126 303 704
6  227 286 332 531 912 925
6  200 357 418 687 792 856
4  0 399 813 934
5  55 65 127 449 451
3  21 308 576
12  18 118 128 160 219 323 328 341 473 632 830 955
6  193 294 432 519 520 600
43  2 3 4 5 6 7 10 12 19 25 43 49 67 93 98 104 135 141 157 162 176 201 205 245 260 308 318 333 335 354 373 386 520 527 541 552 569 657 687 739 790 856 863
2  278 332
15  0 1 3 7 10 27 51 67 71 304 373 634 657 687 885
4  216 342 559 643
17  34 43 50 135 168 207 354 420 495 520 576 657 790 809 877 889 904
4  57 82 176 943
2  221 336
1  86
3  130 338 577
12  33 37 193 284 308 337 397 432 520 600 809 885
8  216 342 377 481 643 649 706 908
3  171 379 701
4  199 306 321 455
3  35 729 737
6  257 528 650 656 751 846
7  72 516 554 581 634 657 801
2  99 265
1  230
2  277 419
124  0 2 3 4 5 6 7 8 9 10 11 13 17 21 23 25 26 31 41 43 44 49 53 57 60 61 62 70 71 75 78 79 80 83 88 90 92 94 95 98 99 104 110 111 112 120 134 136 141 148 150 161 165 167 170 173 176 185 186 187 190 195 205 210 212 214 232 239 245 250 254 258 271 287 308 317 333 337 349 353 354 371 373 377 403 462 479 513 520 546 561 569 576 594 617 620 634 650 657 714 744 762 763 777 790 807 829 835 844 848 852 856 861 863 869 875 878 884 885 904 943 964 986 996
5  86 462 687 764 811
3  297 321 455
4  166 430 786 857
147  0 1 2 3 4 5 6 7 9 10 12 19 20 21 23 26 29 30 34 35 38 40 44 45 51 55 58 60 61 62 67 69 70 71 75 78 79 81 83 86 92 94 98 99 104 105 107 110 112 114 131 139 141 143 144 147 148 155 158 159 164 165 167 172 176 180 181 182 185 187 190 193 195 205 209 214 222 223 228 232 236 245 247 250 258 259 260 267 270 271 274 275 282 285 294 304 309 318 324 326 333 337 349 354 371 373 386 397 407 420 423 436 441 453 462 476 486 487 513 520 547 550 569 576 604 631 657 668 687 696 739 759 777 809 849 852 856 863 869 881 885 899 904 907 920 964 991
13  0 11 20 22 308 311 318 324 373 657 712 863 920
7  54 68 372 513 666 856 869
8  20 121 137 309 318 691 808 920
3  46 67 979
4  72 454 634 878
12  17 47 101 414 424 437 508 677 762 869 885 920
3  103 273 474
3  187 476 869
18  92 117 133 195 214 245 304 333 335 349 354 371 462 476 546 603 620 863
30  0 20 22 53 132 137 143 155 191 198 260 285 308 309 311 324 337 354 520 526 546 576 610 657 672 691 790 808 852 917
4  238 651 827 852
4  71 136 176 844
6  297 306 447 455 741 872
2  127 838
16  18 19 92 102 118 128 160 215 219 283 341 632 640 678 754 806
13  78 79 144 191 226 308 309 318 335 337 657 759 885
9  63 178 369 380 442 444 546 846 856
14  34 43 60 69 308 373 458 495 576 604 740 869 885 904
1  54
1  283
6  18 92 498 546 632 762
4  160 632 703 789
1  26
3  278 286 531
49  0 5 9 14 25 31 34 35 42 57 67 76 79 83 88 98 176 195 205 214 245 252 258 270 271 285 304 308 317 335 337 379 407 445 462 486 520 546 576 617 631 668 687 730 846 852 863 885 948
7  183 195 345 445 593 673 945
61  0 1 2 3 4 6 7 8 9 10 17 19 20 31 53 60 75 78 79 83 86 92 110 117 133 135 155 205 214 245 260 285 317 324 333 337 354 379 397 408 453 462 476 513 520 546 576 578 620 657 687 739 768 829 852 856 863 885 906 920 989
1  291
41  2 6 31 33 35 37 40 53 64 79 150 176 193 214 271 276 294 304 308 318 324 333 335 353 354 376 379 397 441 444 462 485 520 576 657 849 852 878 885 968 996
5  55 127 130 293 551
1  217
7  0 11 85 421 807 852 856
2  283 323
7  216 288 295 481 507 706 856
4  170 210 569 594
2  239 588
4  97 183 334 370
7  1 48 73 141 544 579 687
3  114 436 479
19  0 1 4 6 21 33 82 176 231 248 379 423 520 739 777 788 869 943 990
33  1 3 4 12 35 67 83 122 150 165 214 223 258 270 304 308 317 354 371 397 398 453 462 479 520 542 546 762 768 863 869 885 904
7  24 41 569 657 723 807 869
2  217 833
4  11 657 693 747
4  112 304 337 354
47  19 34 43 50 53 92 94 112 117 162 168 207 262 274 285 289 304 308 317 318 335 337 349 353 371 373 386 394 397 398 420 495 520 542 552 569 576 578 657 696 790 829 846 852 863 885 993
3  7 25 960
4  49 492 510 812
4  200 279 687 986
4  123 428 904 950
4  105 167 185 904
35  0 20 63 119 132 137 140 152 155 169 189 190 191 198 262 271 374 379 380 408 444 513 514 520 524 546 569 657 790 795 852 863 869 904 906
2  218 627
5  124 364 497 657 765
5  79 155 271 520 657
4  124 135 362 576
1  225
4  127 130 203 242
9  109 113 213 605 710 762 809 869 904
8  53 239 465 588 613 688 689 814
11  63 155 178 229 325 380 439 442 444 856 906
2  345 393
20  6 21 33 58 274 304 308 317 349 354 373 379 397 420 546 829 863 869 907 926
19  20 22 32 54 63 68 190 191 310 513 666 766 852 854 856 869 878 906 983
39  0 1 10 38 51 60 66 67 69 92 135 157 285 287 304 308 309 326 354 371 379 443 458 462 486 520 552 569 576 604 630 634 687 863 868 869 882 885 993
9  360 379 380 397 408 546 768 790 863
2  178 853
8  64 88 337 453 576 635 937 968
16  6 7 10 188 192 216 295 304 384 479 481 520 525 576 649 762
5  136 535 569 666 844
46  1 6 21 25 33 35 46 58 76 79 92 147 148 171 176 195 200 205 214 228 271 296 333 335 337 348 360 371 373 374 397 408 418 443 462 573 576 657 687 701 770 777 852 863 875 885
16  63 140 178 229 325 360 369 374 439 444 506 546 777 856 904 975
3  64 77 202
2  196 493
4  189 513 852 882
2  377 525
2  127 457
21  19 29 78 110 161 162 167 285 308 354 388 394 400 420 552 576 592 657 777 863 885
2  138 224
2  386 420
2  263 916
1  24
2  225 426
1  158
2  370 595
13  50 262 354 386 398 420 495 542 569 576 657 695 790
5  97 183 195 445 522
4  16 524 840 897
37  0 2 6 10 35 79 122 150 176 193 214 245 258 276 294 308 335 337 349 354 371 374 379 408 420 444 453 462 513 546 768 777 846 852 856 885 968
19  50 52 84 145 262 274 349 354 394 468 576 657 748 790 809 852 856 863 904
4  280 469 813 934
3  386 420 444
3  61 494 556
4  11 28 106 987
5  17 161 304 762 944
4  250 700 787 971
5  0 58 94 180 991
3  112 425 828
23  1 7 55 70 179 181 255 270 308 333 486 542 576 661 668 730 846 863 868 869 885 900 964
18  1 6 66 75 150 190 205 335 360 374 379 397 420 444 657 768 881 904
3  264 460 493
2  42 153
13  0 58 94 131 164 180 423 427 453 548 739 860 991
5  156 195 550 567 920
16  4 10 34 205 214 462 520 576 584 687 733 846 885 937 942 991
7  17 39 101 314 437 508 777
2  195 271
16  2 6 7 49 104 687 727 746 812 835 852 856 869 882 904 949
10  25 46 76 91 175 194 576 885 929 982
3  200 279 379
2  303 429
27  4 9 34 289 308 354 371 386 388 394 397 400 408 444 462 495 520 552 576 609 657 687 777 863 877 881 904
5  85 340 852 856 904
2  116 582
19  0 15 58 94 131 164 180 259 308 348 411 453 548 578 669 739 815 881 991
3  314 437 508
4  406 820 828 936
1  391
6  411 548 578 739 860 991
8  4 123 358 505 863 870 904 996
2  419 667
7  127 130 151 166 307 786 855
7  49 459 467 561 835 852 863
4  193 284 294 519
1  21
12  3 6 24 165 188 481 569 657 760 807 856 904
1  125
8  114 115 163 247 308 347 479 665
8  101 314 414 424 508 576 777 885
3  118 580 999
4  178 369 380 444
7  49 51 67 576 646 790 863
7  165 176 308 337 485 576 587
7  22 63 178 325 369 444 856
5  373 379 530 552 863
24  75 77 122 150 178 325 337 360 369 380 397 400 408 420 439 442 453 471 546 576 768 777 846 856
13  67 97 183 195 200 245 271 333 334 395 683 748 856
1  265
1  321
2  58 996
6  65 67 208 281 451 489
5  17 19 29 612 863
2  281 449
4  25 532 755 869
38  0 2 14 58 64 78 88 122 150 223 245 252 271 274 308 335 349 376 397 411 423 444 462 520 539 544 573 576 578 777 816 852 869 885 904 937 991 996
3  72 313 634
4  199 297 306 321
7  154 204 266 682 785 802 822
1  385
14  9 42 60 67 69 326 373 462 495 542 569 576 604 869
3  431 561 852
6  243 264 409 493 786 927
2  146 873
93  0 1 2 3 5 6 9 10 12 34 35 45 48 60 61 64 66 67 71 77 78 79 83 86 88 89 92 94 98 99 105 119 146 150 161 165 176 190 195 206 214 223 232 245 258 271 276 304 305 308 317 333 335 337 349 373 379 397 413 420 453 458 476 495 508 520 539 544 552 569 573 576 584 657 687 696 701 714 739 777 796 846 849 852 856 863 869 881 885 920 986 991 996
4  177 568 687 932
2  38 900
4  368 663 689 814
7  136 176 472 569 657 687 998
8  7 49 67 431 762 852 863 882
7  84 145 398 576 748 809 852
3  399 813 839
1  65
5  444 546 576 768 777
9  136 176 466 499 520 569 687 844 875
5  128 219 283 632 955
1  315
3  203 493 771
29  0 1 2 4 6 10 46 51 60 61 187 214 245 308 316 317 335 462 487 508 572 576 687 696 739 790 869 904 964
3  101 642 677
1  76
17  23 26 44 105 114 115 163 247 304 347 349 377 436 520 665 687 829
2  52 852
15  188 192 216 295 342 377 434 507 525 563 649 706 856 904 908
2  51 957
2  144 803
1  115
2  337 441
19  270 308 333 373 407 487 520 542 547 576 630 730 759 846 849 863 868 885 900
10  44 214 232 308 476 486 520 730 863 869
7  61 105 114 115 247 919 969
4  67 449 618 970
3  51 66 687
4  28 106 682 941
10  0 1 7 25 49 356 510 755 812 961
10  130 196 203 243 264 382 409 460 475 771
1  401
21  34 43 50 124 168 289 326 354 394 420 458 462 542 569 576 687 777 790 809 863 869
5  23 26 44 270 576
3  362 657 902
2  329 692
12  71 136 472 500 513 535 569 716 844 846 856 885
2  499 856
1  87
4  179 623 863 868
4  84 576 748 809
9  1 2 35 80 83 104 209 655 714
6  1 2 4 428 870 996
3  380 856 989
10  24 188 216 270 342 481 576 852 856 908
43  0 1 2 4 6 7 9 10 13 17 18 19 39 47 48 49 69 73 86 101 110 135 141 165 174 256 267 314 414 424 437 462 476 576 632 696 762 777 788 885 904 907 964
2  14 88
13  0 1 25 46 76 132 214 356 492 657 755 812 878
9  0 11 137 198 271 513 657 904 906
2  264 847
51  0 9 11 20 22 23 32 54 63 68 132 136 140 152 155 176 189 197 205 254 304 308 310 335 360 372 383 397 499 511 520 535 545 547 558 569 631 657 658 666 717 730 760 790 852 856 869 885 904 906 951
8  169 189 198 360 657 702 795 852
1  151
5  300 554 581 657 801
2  231 739
1  21
2  284 432
104  0 1 2 4 6 8 9 10 11 13 17 21 23 31 33 37 38 40 44 53 56 58 63 75 79 83 86 94 98 111 117 131 132 137 140 141 152 155 156 158 172 174 176 193 195 205 209 214 245 248 260 271 284 285 289 294 304 308 318 333 335 337 348 349 354 360 363 373 377 413 420 453 462 472 479 486 487 513 526 542 546 547 567 569 576 610 657 665 676 770 777 808 809 829 846 852 863 869 875 881 885 899 900 996
1  188
1  395
3  56 676 776
12  11 16 28 132 360 396 540 657 836 840 863 904
3  377 384 481
8  132 318 520 542 546 569 576 808
3  201 285 552
2  299 938
2  14 119
1  443
2  278 332
1  452
2  203 242
2  100 726
13  136 378 499 513 569 666 716 844 856 869 885 905 986
3  265 569 666
4  210 268 569 911
2  40 708
29  2 7 14 51 61 64 75 77 78 86 88 98 150 214 245 276 453 462 544 576 578 617 633 777 790 852 869 968 986
3  524 557 836
3  285 569 856
37  1 2 4 6 7 10 23 53 55 67 70 176 262 270 349 354 394 407 458 486 495 520 526 546 569 576 613 657 777 790 829 852 869 881 883 885 904
2  206 958
19  1 4 35 48 64 83 209 346 453 462 539 576 578 696 777 846 899 964 968
7  513 558 569 711 717 852 869
55  1 2 7 10 12 31 53 55 60 70 92 116 132 133 138 142 152 176 195 198 205 214 271 304 317 318 325 329 333 335 349 360 371 374 380 397 444 471 520 526 542 569 576 657 672 714 768 777 790 808 829 846 856 863 885
29  0 1 4 10 13 17 38 58 62 71 98 111 123 172 205 232 308 486 513 520 569 630 717 730 790 852 863 885 904
8  164 411 423 427 578 739 881 991
4  1 2 687 937
4  195 200 308 412
1  338
25  7 34 43 141 161 201 245 258 260 285 354 373 386 420 443 462 527 576 696 777 790 852 856 863 910
3  214 834 893
4  300 516 581 657
2  78 572
2  401 606
2  540 836
6  513 545 569 652 717 852
2  288 643
1  130
14  7 23 44 49 53 78 98 304 431 459 576 762 763 852
3  105 625 977
2  481 856
2  74 633
6  268 569 622 652 717 885
2  43 168
6  156 176 195 412 520 808
2  177 463
88  0 1 2 3 4 6 7 10 11 13 16 19 24 28 41 53 95 99 132 136 157 170 176 210 245 257 262 265 268 285 304 308 343 350 354 360 373 378 394 434 458 462 466 472 495 499 513 520 526 535 536 537 541 542 545 546 547 558 565 575 576 594 622 630 650 652 657 658 666 690 711 717 718 723 730 760 777 790 844 846 852 856 863 869 885 904 911 996
1  96
3  46 576 824
7  51 61 78 476 555 696 904
12  119 132 271 379 453 462 777 852 863 869 943 996
5  53 176 262 576 657
14  1 3 10 99 110 569 576 605 652 666 717 852 856 875
152  0 1 2 3 4 5 6 7 8 9 10 13 14 17 21 23 24 25 27 31 34 35 40 41 42 43 44 46 49 51 52 57 58 60 64 67 69 71 76 78 80 83 84 88 91 98 99 104 105 109 110 111 124 135 141 145 148 157 161 162 167 173 174 176 188 195 205 213 214 237 245 270 271 282 289 304 308 318 326 333 335 337 354 364 373 376 377 379 386 394 398 407 413 417 420 437 440 441 444 453 458 462 468 471 476 486 495 496 503 507 508 520 526 539 542 544 546 552 561 569 571 574 575 578 604 605 617 631 632 633 646 657 730 740 748 762 777 790 809 816 824 846 852 856 863 869 885 904 920 924 937 996
1  293
15  164 335 354 423 427 453 539 544 548 576 740 769 852 904 991
2  48 346
1  438
4  300 516 554 657
2  116 422
3  251 660 980
6  413 462 670 846 885 991
2  168 207
2  22 132
1  441
3  239 344 368
3  245 260 684
4  111 760 887 920
3  12 70 181
8  19 29 78 161 167 246 386 904
2  195 334
9  212 304 343 569 650 652 714 790 856
1  393
8  7 55 127 130 196 203 644 984
5  107 849 850 930 961
16  0 6 20 23 31 53 105 107 143 611 654 721 762 869 885 907
1  108
2  284 294
2  83 619
1  263
3  133 214 317
7  9 308 326 373 458 576 869
9  88 109 270 367 575 576 717 824 841
1  556
5  19 869 879 933 946
1  140
2  420 874
4  143 318 520 808
3  598 648 907
1  450
5  53 239 368 542 790
3  175 791 885
2  233 713
2  4 777
18  2 7 55 67 98 156 214 276 304 333 539 576 646 748 790 818 852 869
1  489
2  601 831
9  110 133 176 214 304 317 335 852 980
5  268 647 772 845 911
6  565 569 652 658 717 777
4  502 773 863 868
1  236
4  105 562 629 800
4  34 671 869 964
4  208 218 361 863
2  116 686
1  625
10  373 486 547 569 652 717 723 730 863 974
38  7 11 12 16 17 39 53 55 70 83 85 86 97 116 139 152 155 195 209 271 308 333 513 576 657 686 697 698 760 762 790 846 852 863 869 883 885 904
25  2 18 19 92 102 128 160 215 219 283 323 329 330 473 508 576 703 762 809 830 869 885 907 955 959
16  7 49 69 74 98 109 124 213 539 564 576 762 777 852 885 924
14  10 43 72 92 271 287 300 304 313 373 454 657 790 852
2  376 937
1  145
3  159 952 991
5  130 151 203 242 786
4  38 62 900 906
3  102 323 886
3  3 719 862
2  477 967
6  216 288 295 559 649 706
2  596 984
1  235
5  440 576 617 790 869
3  621 772 845
2  611 907
13  6 41 188 192 216 295 377 481 643 687 706 856 907
11  257 299 304 569 594 652 657 790 846 856 904
8  0 1 2 238 270 319 852 904
19  257 558 565 569 575 594 622 630 650 657 717 777 790 837 846 856 879 885 968
1  176
4  598 869 871 907
5  35 209 504 891 899
2  299 751
138  0 1 3 4 5 6 7 8 9 10 11 13 16 19 24 25 27 28 29 34 35 38 41 43 46 49 50 51 53 59 67 69 71 76 78 79 83 86 92 98 109 124 132 135 137 141 147 150 152 155 157 161 162 167 169 176 188 191 198 205 226 245 262 271 285 287 289 300 304 308 309 318 324 335 337 350 352 354 360 362 363 379 386 394 398 408 420 434 462 466 497 510 511 513 514 516 520 524 542 546 554 569 574 576 581 631 634 650 652 686 687 697 717 723 747 750 760 762 777 790 795 809 836 846 852 856 863 869 877 879 880 881 882 885 904 906 993 996
10  11 16 214 262 513 569 622 869 885 904
2  238 852
1  583
3  407 668 885
3  240 881 907
2  465 689
2  17 101
6  436 479 520 777 856 920
39  0 1 3 22 32 63 68 71 99 136 140 169 198 265 268 270 310 372 378 513 535 536 569 575 699 712 755 766 844 852 856 863 869 904 906 911 915 920 986
1  429
25  0 1 2 6 25 35 51 78 110 150 214 228 258 270 308 333 407 661 675 730 777 863 885 964 976
3  423 815 881
3  584 846 898
1  626
4  132 318 546 863
5  83 183 195 334 885
2  175 885
10  0 1 2 35 668 730 777 788 852 885
5  56 520 523 776 829
4  47 101 314 477
5  118 128 323 754 806
3  184 728 735
1  54
1  158
11  11 28 106 154 204 266 456 491 785 822 906
1  445
1  589
2  65 863
13  11 85 116 150 628 631 657 697 723 795 846 852 948
88  0 1 2 3 4 6 7 8 9 10 18 19 21 23 26 31 34 35 40 43 51 53 57 58 60 61 66 67 69 71 79 83 90 92 111 114 115 134 136 144 168 176 177 191 200 209 214 245 254 270 271 279 285 287 305 308 333 335 346 357 373 379 413 416 420 462 463 466 472 476 479 490 495 549 649 657 746 759 777 848 852 856 869 882 904 943 964 986
4  53 239 368 762
3  368 465 663
2  569 856
3  311 318 808
1  498
1  352
1  181
2  394 790
31  4 10 51 58 61 73 94 158 161 180 223 271 274 308 354 462 476 508 544 552 572 707 739 762 846 869 904 907 920 943 991
13  44 85 176 250 631 657 686 698 723 777 844 846 869
5  0 152 631 697 846
12  1 2 90 666 712 755 777 844 852 863 883 920
3  404 787 867
5  205 296 379 462 991
2  514 795
5  19 330 632 809 913
1  277
1  128
10  6 188 192 216 295 342 481 643 649 856
7  0 10 696 739 762 869 907
3  21 40 538
1  244
2  113 367
4  545 569 844 869
13  0 1 11 90 309 666 699 755 766 777 852 863 883
1  615
24  0 1 2 6 10 21 23 46 75 79 80 104 212 245 304 462 504 546 594 777 842 852 856 881
1  180
6  136 499 535 856 868 869
22  123 268 513 545 547 558 565 569 575 605 622 630 652 657 723 760 777 841 869 885 966 968
5  569 723 844 846 879
2  641 862
2  147 953
2  598 738
3  241 752 767
18  41 85 350 569 630 657 686 697 717 718 777 807 844 846 863 869 879 948
1  213
2  107 930
1  534
4  416 746 856 869
4  184 206 263 679
3  35 298 788
22  2 333 407 486 487 513 547 569 576 630 668 675 760 777 790 852 863 869 885 911 964 986
2  158 920
2  276 894
3  413 940 991
3  58 777 996
2  184 679
1  221
2  298 918
1  721
40  0 6 10 15 21 34 46 57 71 79 82 92 94 180 223 231 232 245 274 285 308 335 348 411 423 427 462 476 517 548 696 707 762 779 863 869 881 943 964 991
6  69 326 576 578 846 904
1  321
1  229
9  0 1 2 3 4 6 21 807 904
5  11 28 150 304 777
3  90 170 210
5  416 687 727 856 869
2  352 657
29  0 1 8 9 20 23 25 46 60 67 84 92 98 107 140 143 145 155 271 398 445 468 503 576 617 790 809 852 920
6  2 10 13 165 852 869
2  657 790
2  299 656
3  241 722 767
3  69 109 841
3  323 678 806
16  0 1 8 25 90 195 235 452 492 510 666 699 712 766 852 869
1  192
1  264
1  146
14  35 191 205 270 308 324 486 687 848 856 885 904 937 964
33  0 1 2 3 4 6 9 17 19 38 39 62 97 99 101 111 116 434 513 569 590 631 657 717 730 777 790 846 852 856 869 904 920
1  190
60  0 1 4 7 9 12 18 23 25 34 44 49 51 53 67 78 79 92 105 109 123 150 152 161 165 176 185 205 214 271 304 314 329 349 367 377 403 467 508 561 576 598 631 632 633 657 688 696 707 739 777 790 809 852 863 869 882 885 904 924
3  170 304 561
1  305
1  362
10  8 22 32 63 372 666 712 755 852 856
3  241 722 752
19  0 1 4 5 10 60 335 349 374 397 408 444 471 546 777 856 869 870 885
1  578
4  271 379 520 869
2  475 493
5  621 647 784 845 911
1  623
2  83 904
1  215
2  523 676
95  0 1 2 4 5 6 7 8 9 11 17 21 23 25 31 34 35 44 49 58 71 78 79 92 98 110 180 205 214 228 245 270 271 275 304 308 348 379 380 386 397 414 420 437 444 453 462 471 495 508 520 539 542 544 546 552 569 573 576 616 622 633 652 657 665 668 675 687 697 699 712 714 717 723 730 734 744 760 762 768 790 809 835 846 852 856 863 869 879 884 885 904 907 920 986
1  269
1  739
2  188 192
6  0 1 2 3 165 904
2  118 160
3  66 807 825
1  772
5  266 456 682 802 906
9  151 166 242 243 264 307 430 460 638
3  404 700 971
12  0 1 2 21 35 270 348 508 675 729 869 907
1  330
70  0 19 34 49 50 63 92 95 97 111 132 157 183 189 191 205 257 262 285 289 304 318 354 360 374 394 398 440 476 495 513 539 542 546 547 552 569 576 594 613 617 631 634 646 650 652 657 695 730 748 750 760 762 777 798 809 835 846 852 856 863 869 879 883 885 904 910 922 945 968
2  614 885
5  195 200 279 922 939
4  70 179 255 863
8  10 23 61 75 187 869 881 904
11  140 169 189 360 514 657 686 702 846 852 948
6  0 3 19 86 462 849
3  16 883 904
4  157 790 856 910
1  69
1  625
2  300 516
4  266 456 785 906
2  144 483
1  138
2  171 858
3  323 678 754
34  0 1 2 3 6 8 10 11 13 24 41 66 79 83 85 123 199 304 340 350 434 723 743 783 825 844 848 852 856 869 904 920 986 996
9  311 318 520 526 546 567 610 691 863
35  34 43 50 52 69 79 84 109 117 145 205 262 289 294 308 367 398 468 495 503 520 576 632 657 703 748 762 777 790 835 846 852 883 904 920
1  158
2  86 305
8  7 46 49 356 416 492 510 904
4  280 399 469 934
3  53 368 465
4  423 669 881 904
6  0 58 78 453 576 996
1  231
3  617 869 978
2  212 909
1  425
1  265
6  154 204 266 456 682 906
1  104
4  571 576 605 920
13  51 54 66 67 68 176 191 783 807 844 896 920 986
3  231 832 892
1  319
2  406 425
12  304 335 354 371 479 520 542 546 676 863 881 904
5  128 215 219 283 632
1  619
2  826 892
1  351
2  553 893
19  0 7 11 49 141 304 416 431 777 790 809 841 852 863 869 885 904 920 949
4  524 540 557 657
1  652
1  322
1  469
3  16 396 524
16  0 4 7 11 49 67 69 98 109 141 605 717 753 835 852 869
2  714 852
1  108
26  71 123 136 304 320 378 472 499 535 569 666 697 699 711 718 723 807 825 846 852 875 885 896 904 920 996
3  621 647 772
59  0 2 4 6 9 43 63 69 98 152 162 181 258 299 325 333 354 397 407 413 444 462 486 499 520 544 546 569 576 584 631 650 652 657 670 686 696 697 698 718 723 740 760 777 790 795 809 844 852 856 863 869 879 885 899 904 920 921 964
1  512
14  6 9 134 304 687 759 807 852 856 861 869 885 920 986
13  3 86 107 232 308 337 462 486 597 796 876 961 996
3  107 597 930
2  261 881
167  0 1 2 3 4 5 6 7 8 9 10 11 12 13 19 20 21 22 23 24 29 31 32 34 35 38 41 48 49 52 53 54 58 60 61 63 64 67 68 71 75 77 78 79 84 86 88 90 92 98 99 104 110 116 119 122 132 140 141 147 148 150 152 155 165 169 172 176 189 195 198 205 214 232 238 245 262 270 271 275 304 308 318 319 333 335 337 340 354 360 372 379 383 397 398 416 421 431 453 459 462 467 468 480 507 513 514 520 539 542 545 547 552 558 561 569 573 575 576 578 617 620 631 633 634 651 657 659 666 675 686 687 699 712 714 730 748 749 755 760 762 766 777 790 795 807 809 835 841 842 844 846 848 856 863 869 879 882 885 900 904 906 920 948 964 980 996
1  375
5  372 869 878 983 988
1  430
108  0 1 3 4 5 13 20 22 24 25 32 43 48 54 63 68 71 99 110 132 136 148 152 178 188 190 191 192 195 197 200 216 245 258 279 285 304 308 310 325 335 340 342 369 372 380 397 398 416 421 434 442 444 445 462 481 499 500 506 507 513 535 541 546 552 563 569 575 576 594 649 650 652 657 665 666 687 690 706 714 716 727 746 759 760 766 768 777 790 798 807 846 848 852 863 869 875 879 881 885 904 906 907 920 937 964 986 989
1  307
3  171 805 890
1  36
3  411 427 991
5  9 134 304 848 869
2  641 719
123  0 1 2 3 4 6 7 10 11 12 16 19 21 23 28 29 34 43 46 49 51 55 58 65 67 69 71 76 78 83 90 92 104 119 132 141 157 162 165 167 176 177 179 195 201 208 214 223 245 255 270 271 285 304 308 309 317 333 335 349 354 360 371 373 374 379 386 398 407 420 428 431 440 443 450 462 467 486 487 495 502 520 524 546 547 552 569 573 576 623 627 630 631 657 666 668 672 685 699 712 723 730 739 762 777 790 793 808 829 835 846 852 856 868 869 870 879 882 885 904 907 920 964
3  6 21 158
1  159
2  44 250
1  700
16  1 48 136 176 179 255 373 407 486 502 623 716 863 870 885 907
139  0 1 2 3 4 7 9 10 13 17 19 20 22 23 24 25 26 31 32 34 41 43 49 50 54 57 61 63 67 68 70 71 75 83 86 132 135 136 162 171 187 191 205 214 223 265 271 274 304 308 310 314 316 326 348 349 350 360 367 371 372 373 407 416 452 453 458 462 476 487 495 513 520 535 539 542 545 569 573 576 598 604 607 617 626 631 632 646 654 657 658 666 687 696 697 707 711 716 717 723 727 730 739 746 749 755 760 762 768 770 777 788 790 794 807 818 835 841 846 848 852 854 856 861 863 870 877 878 879 881 885 896 904 907 920 954 964 986 996
13  4 428 505 768 863 868 869 877 881 885 904 907 996
1  654
1  321
1  461
1  609
18  1 3 6 25 79 98 210 304 379 472 520 575 844 856 904 907 920 964
1  849
9  4 289 420 657 869 870 881 904 954
24  0 1 2 5 6 7 9 10 25 72 81 205 270 304 313 337 372 510 854 869 907 981 986 996
23  9 17 19 39 97 132 183 257 607 652 657 718 723 777 790 846 852 856 863 869 882 885 920
1  657
43  1 4 6 23 26 55 61 70 75 76 131 164 176 187 240 261 262 271 308 408 420 423 462 520 542 548 657 662 669 714 739 794 815 829 851 856 869 870 877 904 907 986 991
22  19 29 38 161 189 373 383 416 467 657 687 762 852 863 879 904 907 920 943 986 993 997
16  1 11 16 19 195 262 542 631 699 712 790 797 809 904 920 922
6  0 11 95 304 777 904
133  0 1 2 3 4 6 7 9 10 11 14 17 20 21 25 31 33 34 35 38 40 50 51 53 58 60 69 70 71 76 78 83 88 91 92 98 136 162 171 175 181 193 194 195 205 214 232 245 249 252 254 258 270 287 294 304 308 314 324 326 333 335 337 349 354 373 379 386 397 407 413 417 437 453 462 486 499 508 513 520 535 542 546 547 565 569 576 584 598 614 631 632 633 652 657 658 661 668 673 674 675 717 730 759 762 768 777 790 791 835 844 846 848 852 856 863 868 869 870 879 899 900 904 906 907 911 920 922 929 961 966 986 991
3  18 102 640
5  9 17 111 590 901
4  63 68 906 907
1  289
1  858
1  655
2  826 832
2  553 834
1  732
2  68 903
7  71 825 844 869 904 920 986
2  396 973
1  670
12  1 4 75 176 209 308 520 544 655 846 885 907
13  38 255 407 464 486 520 639 852 885 904 906 907 964
1  887
1  497
1  895
136  0 1 2 3 4 6 7 8 9 10 11 12 13 16 18 19 20 21 23 28 35 44 48 51 53 55 60 69 70 71 73 75 78 80 83 85 92 95 98 104 105 109 119 123 132 150 157 165 176 185 205 212 214 223 262 267 270 271 289 304 308 326 349 358 359 360 367 380 398 408 416 420 421 428 434 453 476 481 508 511 513 524 542 547 569 572 576 578 592 631 650 651 657 658 666 687 696 740 743 759 760 762 774 777 781 790 794 797 807 809 812 815 829 835 844 846 852 856 863 869 870 875 877 881 882 883 884 885 896 900 906 907 920 924 965 986
1  535
36  0 11 28 38 63 68 117 137 140 147 155 172 198 232 271 335 360 369 372 511 513 639 657 666 682 785 802 822 852 856 885 888 900 904 907 920
42  0 6 10 23 68 98 158 232 308 371 508 598 611 632 648 649 654 662 696 707 777 788 856 863 868 869 870 875 878 881 882 885 888 899 900 904 906 920 924 964 993 996
4  216 295 481 507
4  0 7 212 819
3  552 790 798
10  268 537 569 621 666 730 772 885 966 986
3  227 278 994
1  703
1  11
1  666
1  389
1  318
1  737
2  488 969
76  0 1 4 5 6 8 9 10 17 20 21 22 23 31 40 51 58 60 68 75 92 97 99 111 121 137 140 156 158 162 195 236 245 308 309 311 314 335 412 462 576 590 665 666 696 699 731 748 760 777 807 809 824 825 835 844 846 848 852 856 863 869 875 879 882 883 885 896 904 906 907 924 943 964 986 989
3  63 846 964
6  195 790 792 883 885 939
1  132
18  1 55 67 71 74 83 109 213 576 633 762 904 907 920 943 964 965 986
1  278
1  371
1  460
2  82 943
6  91 175 417 885 982 991
7  0 107 597 725 850 947 961
1  218
1  463
1  607
5  0 71 280 399 813
2  45 991
1  425
15  0 1 2 3 10 205 214 376 413 453 549 576 635 759 856
2  528 995
2  792 922
1  733
1  491
1  413
30  21 26 29 33 37 46 57 61 82 110 155 161 176 185 248 271 290 304 348 573 687 696 739 882 920 924 928 964 985 986
1  403
7  1 92 133 183 195 334 790
2  19 607
1  930
6  116 333 686 723 795 852
2  416 835
2  123 358
3  22 119 513
3  159 637 991
1  720
3  869 877 964
5  219 283 473 632 959
1  154
1  482
1  543
2  632 955
1  355
14  0 1 2 3 48 107 110 195 492 597 849 885 930 966
1  87
1  262
44  1 3 4 5 6 9 11 34 38 46 86 109 110 141 198 209 258 304 308 407 476 508 544 626 668 687 730 739 759 846 852 856 863 869 875 900 907 920 921 924 943 954 985 993
2  904 924
8  4 162 268 717 885 911 961 986
1  642
10  64 276 337 376 397 539 544 652 717 790
2  488 919
1  489
2  404 787
1  192
1  897
1  630
1  380
1  668
2  105 562
1  818
1  312
5  24 251 583 620 852
1  878
3  417 929 991
2  372 854
2  596 644
3  943 964 993
51  1 2 3 6 9 17 19 23 24 25 51 54 61 63 66 67 68 71 75 78 110 152 155 191 245 304 357 462 535 539 666 687 730 777 807 825 848 856 869 878 881 882 885 896 904 911 920 924 943 966 996
1  402
1  854
4  335 506 856 920
7  0 19 57 82 161 176 348
33  0 34 45 51 58 81 159 164 180 232 308 405 411 413 423 427 453 462 548 578 584 637 696 701 733 739 860 881 885 929 935 952 982
1  131
7  354 373 657 882 907 964 985
1  912
1  938
31  0 4 58 71 78 98 195 232 304 337 428 448 453 462 505 520 569 573 576 657 734 807 816 844 849 852 869 870 878 907 986
1  882
1  466
1  438
