1000
12  6 98 257 290 298 317 427 570 641 815 889 914
7  46 79 103 182 377 731 781
12  98 251 260 350 479 556 570 713 730 752 803 927
10  35 163 216 259 422 470 508 544 632 815
7  204 303 507 553 918 919 932
8  305 309 313 480 610 881 939 969
17  0 34 105 208 231 272 313 333 388 633 655 686 829 893 898 946 995
6  80 121 457 685 733 927
6  59 117 415 650 688 967
13  19 51 191 446 576 603 660 671 796 923 958 966 983
8  69 145 230 496 559 566 618 677
11  62 82 210 389 437 633 650 757 828 837 981
8  32 57 219 257 482 587 596 809
7  40 257 277 661 872 878 982
9  185 284 343 487 540 542 656 797 871
12  307 368 589 621 662 716 725 780 906 909 927 945
9  286 309 314 354 383 392 535 561 928
10  113 186 319 566 573 579 626 707 899 920
12  50 109 258 468 539 668 677 763 765 884 985 988
7  9 39 435 450 671 717 840
12  154 255 312 360 506 530 603 761 864 915 954 970
14  85 172 259 294 318 444 446 464 677 694 706 771 815 998
9  127 294 300 448 487 550 670 879 997
12  82 205 249 324 358 470 587 608 645 909 910 931
19  109 177 221 224 244 263 409 449 454 554 655 779 870 886 897 942 948 987 999
18  153 237 351 520 528 560 625 706 853 860 861 872 891 892 939 942 976 979
12  106 109 318 322 374 395 400 498 533 819 840 909
7  216 381 399 468 473 639 820
15  50 131 226 307 313 480 526 580 602 700 781 793 824 897 926
9  350 512 514 588 621 662 672 738 786
14  64 101 134 204 253 516 567 606 653 774 825 850 913 955
7  145 344 465 659 701 873 924
15  12 44 111 199 300 441 477 507 620 621 830 855 862 974 986
10  80 85 122 191 208 340 539 653 818 902
14  6 56 251 299 331 397 472 478 533 551 635 683 760 999
8  3 94 298 396 547 646 805 828
3  293 765 810
13  78 84 96 310 468 515 694 702 817 864 895 919 934
5  93 127 163 317 954
16  19 177 241 252 262 281 293 299 470 525 582 590 695 850 873 919
13  13 64 68 290 340 389 500 658 770 807 818 829 946
8  159 303 467 514 524 640 880 915
13  126 258 277 408 425 459 472 603 704 787 799 887 899
4  48 584 771 914
11  32 132 337 398 444 495 728 738 910 932 957
9  117 244 252 380 427 603 842 945 997
15  1 183 203 276 295 325 541 579 671 686 688 697 722 831 959
11  113 179 226 236 333 451 488 507 589 895 935
13  43 177 214 247 293 327 377 477 566 736 865 912 950
10  103 150 375 397 547 571 763 771 915 976
10  18 28 225 250 294 340 476 691 835 850
5  9 154 875 948 993
11  311 347 390 517 529 751 820 863 893 902 940
9  204 206 238 250 360 507 524 727 875
9  339 454 563 657 748 754 756 767 846
10  211 257 308 406 662 716 749 765 802 860
8  34 126 303 358 421 535 563 714
12  12 165 231 307 324 486 570 732 824 907 931 994
7  139 219 249 488 756 862 999
6  8 75 212 501 601 957
5  442 764 831 959 972
12  125 215 267 278 299 308 364 415 456 565 700 944
5  11 260 396 603 605
9  134 160 198 257 533 682 842 887 905
20  30 40 117 143 254 262 270 292 344 345 473 552 595 628 639 669 707 717 895 948
10  365 388 451 593 594 600 629 824 881 882
12  118 128 145 157 220 281 283 382 737 791 820 940
14  98 103 165 177 375 389 433 605 628 672 674 851 858 980
8  40 168 336 517 618 645 904 947
11  10 138 313 321 404 412 450 618 691 917 944
5  161 312 316 324 791
4  281 347 565 635
7  106 459 534 569 605 686 825
8  431 554 623 747 768 774 807 945
7  218 226 498 611 839 932 994
14  59 192 284 296 310 314 420 426 552 625 637 706 896 898
13  80 188 235 269 317 325 403 578 604 636 805 809 852
8  179 249 261 314 566 593 695 823
10  37 153 155 403 432 496 616 825 844 930
17  1 139 323 375 422 469 582 588 659 675 725 769 812 842 843 885 898
11  7 33 76 83 163 187 357 364 484 632 891
13  101 141 142 512 566 567 621 652 683 776 915 951 996
10  11 23 101 206 472 626 781 813 880 894
11  80 138 317 326 629 684 702 803 869 953 977
11  37 278 351 560 606 656 742 756 878 984 993
4  21 33 373 870
7  329 368 383 523 537 559 957
5  116 139 315 504 714
6  546 555 778 813 830 941
7  121 316 340 370 558 654 924
10  94 260 365 512 620 639 802 862 968 984
12  261 270 282 347 466 591 635 719 723 892 987 994
9  153 265 396 453 505 512 592 871 920
9  38 117 357 400 514 617 745 842 997
9  35 90 99 208 305 389 495 500 631
7  130 202 403 412 447 473 706
15  37 121 131 199 398 451 535 555 686 825 862 873 875 920 994
11  124 172 174 230 357 391 537 694 774 820 852
11  0 2 67 107 275 316 603 669 789 937 982
7  94 113 606 681 809 888 922
19  240 255 272 314 392 416 439 467 556 564 595 711 816 843 901 915 928 952 995
12  30 81 82 124 433 508 580 689 793 795 807 938
6  370 578 726 826 876 920
12  1 49 67 187 240 390 540 639 772 811 921 976
9  115 226 287 487 690 771 815 854 864
8  6 110 202 222 243 248 297 520
16  26 72 168 252 291 369 488 519 543 625 680 757 879 881 962 980
6  98 137 251 266 400 572
10  159 241 386 472 519 587 595 686 704 717
12  18 24 26 171 235 441 535 607 631 941 949 963
13  105 214 254 382 477 491 516 562 646 686 689 690 843
12  32 178 243 244 407 434 547 560 671 746 756 853
13  237 294 317 456 537 749 766 816 847 907 909 971 999
7  17 47 99 491 524 715 737
10  122 260 513 536 560 592 661 780 828 913
12  104 274 305 391 399 508 604 618 670 728 752 986
9  87 160 253 261 307 366 490 716 989
13  8 45 64 93 225 339 422 431 587 639 738 828 903
11  66 210 225 228 313 695 701 719 802 816 887
12  292 417 425 517 580 695 726 772 785 823 898 925
6  163 263 295 733 815 846
14  7 89 96 244 307 450 483 506 679 680 687 790 849 876
11  33 114 218 362 426 448 480 534 626 822 853
7  149 284 326 524 578 673 886
8  97 101 130 209 475 714 805 916
13  61 174 221 267 323 326 505 662 705 799 867 899 945
11  42 56 234 241 255 263 347 407 428 599 834
13  22 38 169 265 356 462 626 628 637 708 733 846 940
9  66 184 218 261 456 633 668 740 743
8  231 318 423 576 654 848 877 978
10  95 124 336 392 483 546 588 643 825 871
7  28 96 135 181 202 377 712
10  44 251 337 390 496 576 642 757 769 943
8  237 376 377 443 580 598 786 965
9  30 63 148 196 531 551 683 720 902
10  131 268 410 438 450 700 796 838 906 943
11  249 373 553 699 780 804 861 938 946 951 973
12  107 277 288 341 404 476 627 709 806 839 896 956
14  69 83 153 159 187 267 428 607 697 700 707 724 751 765
7  58 79 87 197 471 721 898
15  226 288 322 344 352 366 384 387 472 494 620 625 631 731 837
7  81 242 337 497 523 830 867
2  81 595
8  64 148 396 473 921 937 975 986
4  278 370 621 861
11  10 31 66 150 458 754 785 852 862 973 976
11  174 226 297 338 363 655 727 787 832 885 958
10  303 405 433 545 677 742 834 846 852 904
7  134 143 153 181 222 307 454
12  123 231 263 396 408 578 670 718 735 768 942 999
8  49 145 608 695 699 777 915 975
6  271 315 461 584 609 755
8  181 237 273 481 638 663 969 999
22  25 78 92 138 148 164 258 289 298 336 422 429 471 572 774 823 861 868 910 920 992 999
9  20 51 191 269 397 657 696 826 838
13  78 176 273 281 308 397 443 468 531 540 625 968 997
4  350 373 773 888
9  66 323 398 452 552 558 694 780 976
6  166 626 825 903 940 995
16  41 108 138 187 358 407 432 479 534 556 567 792 855 894 901 970
8  63 116 262 493 509 533 559 799
8  70 255 417 421 689 785 794 956
13  178 262 284 393 473 509 820 837 882 891 915 921 922
9  3 38 80 120 205 472 579 805 920
9  153 193 353 398 560 612 634 826 927
6  57 67 302 616 739 786
7  158 183 429 809 822 911 946
5  184 332 693 759 929
12  68 106 322 323 382 440 555 658 679 835 871 958
9  127 209 448 677 703 762 802 900 917
7  183 399 430 630 804 867 978
8  109 302 328 473 486 533 597 967
6  21 97 471 490 582 730
12  187 243 277 338 374 395 442 488 494 592 793 870
16  97 125 146 279 345 375 415 449 575 716 723 842 851 895 962 970
4  237 315 745 953
4  155 226 676 747
18  24 39 48 67 240 268 373 375 447 488 558 590 651 677 715 811 839 900
10  111 162 195 227 349 443 677 704 922 992
13  47 77 232 314 339 360 424 483 629 653 673 750 785
13  205 272 299 493 526 600 618 629 639 697 701 722 974
11  131 148 152 276 333 406 586 611 913 970 977
12  1 208 224 225 505 709 738 842 861 877 901 902
18  46 166 170 184 190 239 260 266 295 405 435 531 564 750 767 791 874 919
13  128 167 183 278 368 370 377 428 507 621 655 834 889
10  14 303 406 456 483 505 643 709 737 837
10  17 231 302 317 351 369 513 566 820 887
18  80 103 138 159 173 190 237 308 328 362 396 471 514 600 652 656 852 930
8  76 190 198 544 590 663 702 738
6  478 534 602 604 667 960
9  183 187 188 194 368 536 733 803 907
13  9 33 154 219 228 245 339 519 552 582 594 838 927
7  75 309 547 574 658 701 712
7  164 288 446 571 739 755 793
9  190 238 240 279 284 743 802 859 983
5  178 204 302 598 770
12  134 242 285 482 555 681 726 752 790 874 898 943
11  139 322 452 462 522 615 681 749 866 905 930
13  63 188 202 283 311 533 540 608 641 706 875 919 977
14  32 96 311 329 557 578 613 656 676 692 742 851 903 995
13  213 233 415 438 514 534 557 631 778 888 898 899 908
16  360 410 411 420 457 479 482 493 536 674 708 730 751 753 782 937
14  95 105 131 198 377 400 433 601 718 767 815 837 906 911
6  46 233 465 474 598 945
12  4 30 53 195 376 454 508 538 755 785 849 905
9  23 163 180 250 597 712 837 877 979
10  53 82 373 450 546 557 607 654 883 901
4  419 471 805 996
14  6 33 94 182 326 423 501 513 604 663 709 747 923 959
9  124 169 223 243 261 318 374 563 807
6  11 118 349 861 909 930
11  55 321 384 447 450 457 477 757 865 904 913
8  59 420 505 518 611 784 839 881
5  200 378 550 689 812
6  48 110 302 477 704 935
9  61 283 443 507 535 761 793 866 895
10  3 27 259 268 359 465 713 776 929 984
4  282 599 935 990
16  74 122 128 289 417 456 487 573 620 710 734 820 910 924 965 980
13  12 58 191 420 444 481 561 685 712 793 794 811 937
9  66 222 370 403 433 459 506 670 873
11  24 125 298 300 383 480 520 589 701 726 743
8  105 148 220 229 275 575 619 967
6  209 333 491 532 610 629
11  24 182 307 419 555 618 630 676 873 944 962
14  50 117 118 182 249 322 538 553 709 855 880 902 917 926
19  28 47 74 104 140 146 176 273 356 444 449 514 552 601 649 728 785 801 817
8  178 309 318 424 646 888 956 987
8  118 191 614 616 716 757 794 920
8  222 369 444 578 698 730 743 912
11  10 97 305 463 484 524 776 794 890 920 996
11  6 57 129 149 186 350 370 461 484 663 776
7  179 253 542 713 773 874 987
6  200 203 315 321 358 851
6  126 247 349 735 816 998
9  76 109 299 566 611 810 821 915 991
8  47 422 623 726 804 820 883 955
14  25 112 133 152 175 187 328 414 546 616 645 753 788 833
7  53 194 405 462 867 901 949
14  183 288 366 386 436 439 617 677 700 775 800 810 847 952
9  100 103 177 194 459 621 797 941 948
9  39 108 126 312 523 541 658 676 943
8  141 196 254 424 570 612 771 845
11  105 111 173 209 528 559 576 599 681 694 839
9  24 45 111 121 468 503 543 630 773
11  191 374 441 508 678 689 840 860 862 881 899
9  251 257 400 558 837 882 912 985 998
11  48 234 342 467 499 563 640 874 913 940 948
8  105 336 368 456 472 554 677 754
13  23 58 77 136 225 288 419 526 551 565 598 632 772
10  50 53 205 319 412 474 605 648 692 768
9  2 34 107 132 246 274 717 726 974
10  39 45 106 256 300 496 720 795 799 979
11  30 116 232 315 362 391 458 481 554 566 808
7  64 110 242 263 455 496 625
8  20 100 126 161 471 837 913 950
11  252 283 296 320 363 747 843 884 897 940 978
11  0 12 13 55 63 246 431 569 694 896 916
7  18 42 153 439 560 710 965
13  3 21 216 282 292 334 489 533 600 650 779 829 855
16  2 62 90 114 183 264 376 380 602 616 691 731 774 792 798 869
13  77 91 116 128 209 280 297 374 501 605 708 957 962
9  39 64 160 162 287 320 516 517 949
14  24 120 126 149 254 381 481 524 579 750 783 849 868 906
7  260 266 514 574 615 885 888
9  92 127 397 440 464 617 710 799 882
9  107 183 264 518 542 558 614 696 900
11  61 125 138 299 321 356 437 517 683 911 953
12  135 177 216 342 388 389 392 591 669 776 832 853
13  76 154 299 347 382 468 565 721 725 863 868 933 940
10  64 91 372 400 424 573 830 887 889 913
8  151 320 350 497 677 854 939 950
9  6 100 180 356 622 650 785 907 928
12  152 155 226 445 573 575 643 651 681 763 952 973
8  115 251 294 390 550 583 610 796
7  98 222 465 487 608 711 856
6  46 181 457 551 751 882
9  13 42 137 173 385 448 719 734 846
11  61 84 144 184 436 544 560 578 726 919 939
10  174 194 454 475 604 646 855 923 961 985
10  261 379 384 457 729 793 804 906 923 964
13  39 66 71 155 292 302 350 361 589 597 671 850 997
15  91 217 259 286 335 454 479 518 594 595 621 669 801 859 931
7  66 198 215 256 703 983 995
8  14 75 123 162 194 439 794 844
11  196 391 413 489 574 647 710 729 779 856 994
11  16 282 565 577 591 600 711 720 903 937 979
6  104 262 351 623 859 893
12  137 140 193 239 249 360 421 689 719 823 853 958
6  153 218 303 309 315 795
9  0 40 330 350 360 659 679 772 950
12  106 314 340 418 433 571 670 750 790 812 846 883
10  64 119 259 281 450 551 610 717 733 783
6  36 39 48 796 896 983
12  21 22 50 112 274 407 504 526 695 827 877 985
9  46 120 183 345 439 484 748 945 994
9  75 256 489 497 521 523 537 741 942
9  105 146 261 428 429 589 648 764 868
11  0 35 153 221 353 443 475 530 604 946 999
14  34 39 61 180 235 267 269 328 567 590 597 719 909 925
15  22 32 221 252 392 398 447 571 732 767 789 863 871 889 890
4  562 564 648 845
12  165 171 186 195 214 281 314 340 436 715 922 967
10  4 41 56 147 185 289 364 479 819 914
7  309 440 513 523 630 782 784
8  5 94 115 230 481 506 568 675
8  529 655 676 725 733 881 928 991
11  15 28 57 116 121 148 224 569 729 743 827
8  55 61 155 187 449 535 729 838
8  5 16 192 227 289 304 479 685
12  37 75 374 628 709 721 731 793 832 847 872 915
10  52 198 199 415 478 511 553 714 919 939
5  20 70 241 322 494
12  5 6 28 69 118 447 522 633 699 872 882 886
10  16 75 77 100 179 291 302 352 535 910
12  87 151 175 233 253 289 340 504 574 796 827 887
11  70 89 98 324 354 396 641 668 761 804 899
15  0 38 76 83 112 186 462 569 631 644 776 849 919 932 989
10  21 26 129 209 227 343 363 401 521 817
13  17 250 346 374 522 611 617 643 711 897 899 944 947
11  256 262 271 367 517 562 568 588 698 767 879
10  69 211 233 267 332 334 439 489 515 953
9  26 140 168 197 225 312 372 505 655
10  79 125 157 168 326 327 456 587 704 797
12  23 57 70 316 388 404 444 502 616 650 805 850
11  46 76 343 369 410 439 577 693 832 845 949
17  83 123 125 208 323 399 408 483 539 566 729 750 805 876 939 943 956
8  48 323 549 606 620 644 832 891
13  171 187 237 299 387 507 522 535 558 609 708 879 908
4  86 199 408 968
8  290 453 492 581 653 659 715 836
7  34 452 572 665 778 836 886
6  167 321 399 433 475 554
10  6 47 181 223 361 368 413 470 559 755
4  259 321 459 499
7  282 352 478 614 786 790 887
13  68 130 153 248 390 527 560 568 592 824 867 979 983
5  44 132 141 551 584
7  146 173 500 584 743 825 985
9  54 117 179 191 431 444 461 599 669
15  33 40 50 89 291 302 315 371 373 447 470 531 657 886 910
7  137 564 752 781 845 911 956
10  247 268 398 645 756 781 823 898 924 992
15  14 318 325 363 368 373 374 450 505 645 680 734 742 805 988
11  31 64 140 427 543 589 710 726 733 852 906
6  64 174 295 476 563 982
5  319 619 835 863 875
11  52 71 91 126 269 381 396 543 648 706 936
5  613 802 836 889 892
10  178 210 234 389 440 464 510 634 719 927
11  2 29 156 231 271 281 290 503 618 742 944
7  25 84 186 287 524 712 801
10  140 314 335 376 482 562 804 816 825 854
8  164 298 571 614 755 796 838 902
12  16 316 514 534 601 613 710 724 809 827 964 991
9  363 397 473 518 629 686 819 862 947
11  127 226 267 272 442 534 548 606 796 815 857
8  80 93 97 398 466 513 610 842
12  23 56 159 233 410 521 556 698 724 885 898 939
9  216 360 437 637 872 894 905 922 934
14  20 53 179 201 288 290 359 442 470 475 507 660 736 967
11  281 333 368 408 482 619 691 758 776 913 918
11  122 187 253 371 377 513 675 768 896 969 988
12  146 256 318 343 355 372 456 591 683 798 966 973
12  61 80 303 580 586 620 621 747 839 894 969 986
5  65 90 554 745 860
7  116 140 239 379 826 976 997
7  320 541 556 576 657 781 929
14  15 86 184 190 248 333 343 361 393 527 554 590 654 808
12  106 186 229 325 373 445 448 465 504 733 930 995
11  89 102 144 184 220 231 425 464 545 614 821
5  340 362 760 846 928
11  270 322 363 381 670 712 746 781 790 903 928
16  85 136 156 177 206 340 343 369 381 677 687 753 773 889 956 991
15  26 173 209 245 261 310 319 343 405 633 712 722 949 963 978
10  49 67 79 174 177 397 702 807 813 846
10  133 204 260 352 554 573 772 782 801 965
16  1 48 131 133 184 202 362 512 554 558 618 692 713 770 847 985
8  213 455 574 617 632 740 928 953
12  280 366 398 428 570 611 639 681 746 822 917 968
7  45 260 398 467 767 905 928
9  27 263 347 372 373 386 599 920 999
10  66 110 168 269 425 517 631 633 750 805
11  16 86 221 449 514 548 590 603 687 878 964
7  140 211 280 559 745 878 934
9  277 422 504 602 769 836 870 938 985
11  108 239 381 404 539 550 560 709 853 862 987
14  140 328 442 527 528 530 594 694 912 925 941 942 958 999
12  6 65 268 324 412 423 465 582 601 699 908 934
11  11 40 67 94 268 349 473 539 559 833 917
8  52 103 132 274 336 406 563 866
8  97 115 253 285 451 471 558 587
11  16 100 130 268 300 426 471 676 722 981 988
6  162 368 637 666 875 883
5  503 613 650 656 831
14  26 173 535 536 574 576 646 647 793 796 821 907 952 959
16  35 62 92 143 149 187 316 347 398 432 453 617 634 635 808 813
9  34 49 154 155 265 355 375 404 867
14  44 96 157 164 300 342 357 379 380 396 441 494 692 704
12  27 115 170 326 332 495 635 729 742 805 856 977
11  26 93 107 202 246 270 462 531 612 664 962
6  318 408 565 932 974 978
12  422 434 518 542 644 649 687 721 840 864 986 989
9  76 78 95 220 450 602 693 699 912
10  69 137 324 386 397 707 872 887 907 963
7  147 183 238 374 490 675 689
10  55 181 185 390 543 560 668 763 789 910
11  111 126 159 294 498 608 639 815 856 865 904
11  42 149 326 329 361 401 506 551 857 958 966
9  24 523 676 699 720 811 854 971 982
7  135 201 325 358 609 768 950
6  201 677 719 778 890 935
12  69 95 250 388 427 431 494 505 737 785 850 909
7  285 333 456 633 680 917 935
9  237 475 561 574 635 660 676 768 834
7  8 61 174 200 311 490 914
2  100 520
9  119 161 218 422 546 688 750 758 889
3  291 494 978
9  207 224 249 460 494 637 709 809 917
9  75 201 212 219 465 532 803 817 998
10  56 161 288 538 711 746 761 838 872 917
13  3 79 117 153 236 385 402 417 537 725 769 972 993
10  129 208 388 428 449 510 679 687 767 924
12  179 227 242 270 462 494 545 631 666 679 779 831
14  42 119 370 382 452 542 589 686 736 773 827 911 925 998
7  75 122 392 683 732 743 902
12  0 45 344 412 568 656 851 858 870 895 948 996
16  126 138 184 297 379 423 435 454 597 622 623 628 759 767 848 950
5  153 166 297 517 981
7  170 501 695 709 717 741 907
10  73 117 257 339 412 460 522 735 944 988
10  78 159 396 621 670 689 738 781 827 888
14  67 101 147 202 220 291 332 471 627 654 690 801 854 923
7  111 402 442 512 589 733 907
11  19 183 428 444 641 730 787 838 865 874 875
7  239 278 302 555 568 627 862
9  11 267 359 474 503 553 740 761 878
4  135 200 663 927
12  100 239 258 284 295 321 325 474 481 567 627 986
8  168 265 304 349 471 893 972 987
10  32 109 245 398 611 626 674 737 762 835
7  60 173 356 360 387 434 987
12  133 155 178 215 298 607 627 631 759 781 802 892
16  21 44 219 226 229 324 339 435 470 535 538 741 845 878 975 986
8  273 369 534 586 611 648 876 995
11  9 21 193 537 575 631 688 710 734 827 981
10  95 177 211 300 313 340 529 602 960 965
12  22 122 169 277 369 525 593 597 605 616 800 906
11  24 174 226 308 383 423 593 702 721 747 855
14  19 69 121 135 206 211 292 343 403 510 611 642 805 891
6  47 65 96 391 692 852
11  157 197 331 425 583 676 697 736 793 842 900
9  92 330 396 485 626 687 689 722 993
12  24 54 148 204 279 282 428 459 756 758 766 827
4  254 378 505 646
10  61 112 128 185 218 248 323 363 413 900
13  7 201 211 276 280 472 481 552 617 621 638 648 923
7  145 253 566 603 683 707 910
10  42 72 220 240 334 454 617 741 761 996
4  419 431 668 831
7  151 231 339 505 642 727 795
12  127 197 238 317 400 424 715 780 912 937 968 986
4  230 609 665 951
11  21 265 349 370 687 722 799 819 881 953 987
10  31 203 216 275 369 388 420 508 522 609
6  91 357 669 783 876 893
9  41 100 247 380 482 505 604 644 986
14  18 27 37 155 244 269 479 494 516 718 753 942 956 959
12  79 522 560 617 625 667 744 873 876 882 910 975
14  3 23 39 333 340 360 444 599 669 753 774 834 886 954
14  139 153 172 187 207 255 391 392 433 440 869 906 984 990
17  34 42 82 108 140 163 248 457 505 607 701 712 925 937 968 992 998
9  27 64 95 143 162 171 355 389 982
9  203 250 437 439 482 527 551 630 699
12  124 279 298 332 360 414 501 599 604 747 795 875
6  50 137 345 703 847 922
10  32 48 110 211 214 499 709 907 939 947
11  34 189 311 335 652 679 682 768 770 986 999
13  2 159 201 282 303 309 468 513 533 636 806 914 971
5  5 28 122 221 496
17  152 219 253 263 305 439 457 483 586 588 624 782 798 806 911 913 934
13  12 196 201 352 361 467 474 530 552 563 785 867 869
12  121 130 179 185 326 481 489 586 608 653 697 910
10  80 230 231 295 650 655 659 714 739 889
7  453 636 716 717 751 782 812
6  57 171 516 562 917 997
7  14 22 104 218 275 906 975
12  47 58 106 173 177 597 657 678 814 866 885 962
12  259 285 296 321 483 498 712 765 803 914 952 963
7  116 172 405 415 729 768 919
12  110 113 223 581 659 769 805 810 813 839 851 954
4  330 715 724 763
8  160 180 201 609 704 931 954 991
14  140 173 312 398 412 418 419 424 468 508 684 696 762 779
7  44 94 399 669 801 848 912
13  10 78 132 252 254 480 506 549 556 808 832 919 989
6  141 271 296 531 694 902
9  26 74 407 489 562 584 665 892 911
11  247 334 477 511 547 605 673 712 769 844 994
9  40 94 338 613 722 733 784 944 971
9  59 208 261 430 475 545 629 719 897
3  324 804 890
5  244 350 394 437 850
7  87 294 315 369 385 714 933
17  92 125 182 185 212 322 343 412 455 461 467 472 582 655 857 869 890
10  20 121 220 305 408 496 640 707 756 864
14  4 32 47 53 184 215 328 360 536 571 690 712 717 767
14  3 101 115 204 245 465 494 532 569 596 613 665 671 679
5  160 162 597 715 760
9  349 423 450 644 745 860 885 934 949
10  311 499 595 746 827 829 883 890 978 996
12  29 81 90 92 377 434 631 652 710 849 900 905
13  114 186 208 304 357 362 479 549 560 562 609 671 973
18  29 41 93 187 200 226 264 354 383 562 608 646 668 696 746 752 861 931
6  37 321 786 881 963 984
14  30 110 262 468 486 541 573 717 746 748 769 833 902 923
11  52 68 119 262 267 320 382 429 665 705 906
8  212 266 282 355 402 588 674 910
11  106 108 191 557 577 580 616 717 828 911 981
6  25 105 221 416 580 671
7  296 318 358 771 865 878 886
9  197 313 319 328 431 465 469 839 873
16  86 141 241 296 304 409 528 582 632 769 776 788 872 890 899 940
9  41 53 113 123 230 263 351 952 958
5  39 448 673 745 922
12  28 180 249 294 536 659 684 765 811 844 987 992
8  336 368 387 474 546 547 692 745
7  25 243 387 523 642 850 982
8  52 306 447 537 642 748 811 846
12  20 298 387 482 616 676 685 746 825 954 981 983
12  134 155 183 340 400 497 619 685 691 816 857 986
7  223 420 508 606 783 835 937
16  26 34 63 160 171 198 259 479 655 656 672 820 935 967 975 980
13  72 122 159 189 200 354 356 445 535 572 589 610 940
16  16 56 96 109 215 308 314 328 395 444 534 570 696 756 804 868
9  114 190 201 395 507 526 799 968 980
11  86 97 112 296 422 446 529 567 724 902 917
11  204 225 421 444 608 614 676 804 919 945 957
12  18 33 326 386 389 544 587 841 849 854 855 904
7  14 103 155 198 753 916 935
6  46 241 367 516 943 984
9  14 232 266 402 425 805 835 947 958
7  106 244 344 347 406 751 922
5  3 188 278 539 585
6  147 370 424 501 618 930
7  88 130 206 237 417 527 816
14  35 49 111 192 499 527 610 698 773 808 836 876 923 993
8  356 383 584 691 763 800 858 866
8  327 496 513 619 657 674 687 809
8  22 213 274 386 572 670 737 801
10  34 134 249 276 292 337 408 474 655 981
11  64 75 157 191 226 457 482 774 842 847 904
8  4 136 225 311 437 630 644 975
15  24 73 248 253 332 365 368 376 377 566 638 702 822 933 987
12  88 96 168 196 224 436 583 592 597 824 840 899
7  2 100 159 358 367 496 896
8  199 200 206 519 606 661 707 901
12  89 157 177 246 266 328 377 391 808 848 911 933
13  10 86 160 243 333 384 389 727 766 767 828 862 968
15  25 84 111 114 164 258 278 336 386 406 469 513 567 760 776
7  16 219 414 705 706 819 892
13  110 301 320 352 486 498 513 514 635 786 806 840 861
10  54 56 209 247 345 390 482 726 827 949
6  100 183 301 341 621 891
9  61 71 249 269 286 401 701 707 885
14  10 17 48 77 81 186 235 253 326 458 554 598 944 956
14  30 81 159 299 439 537 560 577 623 710 727 799 850 865
6  305 320 336 427 436 855
8  72 257 307 317 508 577 927 953
9  0 2 57 242 379 535 804 915 993
9  49 193 291 300 353 507 602 772 954
13  107 153 331 534 550 638 678 701 721 777 783 851 966
10  17 218 270 273 376 516 653 806 907 922
12  192 264 285 315 378 395 414 664 819 835 876 962
7  174 222 273 446 654 800 994
12  9 129 132 243 367 395 623 644 741 795 928 964
7  286 325 519 567 569 914 972
9  76 102 123 149 199 229 278 599 964
14  17 46 163 263 746 756 773 799 810 898 910 983 987 998
10  28 101 119 133 364 519 520 595 860 954
6  330 491 693 766 865 975
12  39 79 172 191 388 505 523 615 633 639 817 982
8  274 452 555 659 671 731 805 851
14  43 151 337 338 498 548 613 634 823 841 900 921 952 994
5  544 713 850 921 931
12  181 364 445 481 483 625 785 862 875 918 937 991
11  12 23 108 117 323 391 539 668 671 976 979
10  29 79 130 320 481 518 632 638 835 936
15  15 47 221 281 297 344 425 434 534 655 694 745 752 777 815
9  39 177 188 299 368 383 750 790 854
10  91 268 286 363 604 633 667 784 801 870
8  92 114 173 336 555 646 727 890
11  65 77 448 449 677 685 711 780 849 856 919
6  65 191 282 387 734 760
11  64 100 108 142 282 511 580 628 639 699 733
5  12 508 926 953 965
15  171 205 281 299 428 448 488 509 555 654 722 764 842 963 993
11  133 195 203 249 566 614 645 721 834 896 951
16  126 217 243 339 381 470 475 578 601 642 650 706 735 759 785 795
8  65 180 187 259 286 638 920 930
14  59 202 226 354 388 599 618 649 674 730 739 848 950 966
8  28 189 260 385 403 447 571 964
13  9 20 42 45 62 98 383 458 636 670 871 975 980
10  76 115 189 208 279 298 467 475 591 947
13  62 67 72 250 261 448 499 676 725 736 754 832 959
12  30 84 99 327 356 532 557 617 802 823 826 953
8  109 138 206 443 472 827 830 949
10  23 150 198 275 407 483 514 538 855 977
10  151 328 410 463 465 493 513 776 860 911
11  5 223 274 292 357 534 547 704 795 838 958
12  74 181 212 235 319 379 441 445 450 795 867 900
9  164 242 400 678 695 852 948 969 976
15  199 348 354 394 500 508 584 632 649 665 676 789 817 822 963
14  228 266 335 353 370 538 598 683 736 795 825 911 931 985
6  197 264 582 696 743 874
10  78 165 228 237 260 324 448 519 530 982
14  93 239 265 319 378 396 457 459 469 606 773 793 829 908
14  10 68 69 115 180 224 350 377 545 601 644 719 754 873
7  222 346 361 531 549 749 807
14  32 90 140 218 327 364 657 713 751 766 784 801 851 921
16  15 29 32 81 144 184 240 282 364 432 457 564 641 727 803 959
3  272 428 642
15  73 236 287 428 567 576 629 637 761 768 804 808 858 902 953
5  481 629 724 912 962
11  25 75 106 140 155 254 469 586 745 992 993
9  17 82 122 127 158 441 453 758 773
8  137 433 436 439 443 739 792 844
7  64 67 127 310 428 595 773
10  65 83 179 180 223 355 501 623 624 978
13  170 224 244 304 474 553 848 866 889 915 923 940 989
15  94 109 140 200 317 382 424 443 446 512 766 831 839 875 999
11  3 80 249 378 523 588 613 693 709 850 909
13  6 11 128 313 374 382 413 582 591 662 744 801 891
11  164 349 396 584 638 695 707 744 837 935 968
10  34 71 91 396 399 414 562 697 812 941
5  76 479 485 603 911
8  75 127 359 393 419 623 665 819
10  152 457 554 572 588 600 634 785 915 971
11  27 64 90 103 117 180 379 407 582 595 960
3  41 247 506
8  0 198 316 435 621 698 838 936
11  132 450 461 528 529 599 622 692 733 949 956
6  130 185 273 319 719 879
13  317 327 402 467 510 553 576 618 704 737 823 842 902
7  23 68 237 342 343 598 923
10  35 110 227 279 395 455 514 592 711 959
3  285 395 654
9  250 297 301 347 445 457 752 779 893
6  226 402 601 613 657 804
11  8 11 259 272 324 394 484 599 729 730 954
6  177 273 730 814 880 926
9  81 187 478 512 713 843 862 879 955
7  30 33 179 330 483 573 820
12  89 129 206 368 433 575 597 647 657 684 821 953
19  6 24 146 184 306 322 484 505 533 551 589 661 669 673 831 893 932 958 967
10  14 84 187 199 394 427 533 671 797 972
10  54 154 340 367 488 549 620 649 654 979
8  40 168 192 241 663 866 897 966
12  31 79 290 330 484 491 526 583 685 713 804 885
11  9 360 414 711 733 772 849 874 901 949 973
7  13 114 557 655 728 892 975
8  15 29 55 125 633 721 744 807
8  152 188 208 231 438 658 870 924
8  400 574 707 738 757 849 882 900
11  331 463 498 508 517 613 637 723 799 816 977
7  393 424 695 754 838 840 916
6  189 469 591 716 977 989
9  18 128 316 406 460 514 587 769 919
12  64 98 268 282 339 466 470 495 655 755 874 942
14  22 115 149 220 291 372 432 550 603 676 907 926 955 986
13  9 19 46 111 281 508 513 520 583 587 656 713 823
3  29 67 533
12  123 179 499 525 655 783 786 799 800 833 882 999
9  67 201 441 518 549 601 678 801 846
6  79 305 362 405 904 928
19  176 199 224 241 306 392 409 414 452 530 538 605 613 670 718 846 953 956 997
14  10 18 21 147 169 177 178 239 248 271 373 411 593 788
6  245 488 572 612 674 816
10  121 168 290 423 424 478 508 741 971 996
7  106 121 343 413 797 809 839
9  99 196 197 243 273 379 709 738 968
3  63 478 738
9  34 81 134 267 363 426 458 614 779
10  83 494 526 654 693 738 787 814 913 979
12  7 219 309 530 531 593 659 692 697 713 850 851
10  6 46 72 96 108 110 355 425 699 834
8  121 373 383 402 423 453 464 549
7  8 46 417 446 765 844 860
15  101 110 161 213 245 288 405 432 453 794 805 898 925 964 986
8  104 110 433 507 828 833 876 975
10  50 69 260 361 531 548 762 778 857 952
8  199 250 377 398 451 527 642 685
11  167 325 403 581 632 684 718 738 784 972 984
12  21 37 97 157 243 257 387 497 589 845 887 943
13  39 77 118 119 150 294 430 612 634 666 704 715 810
11  154 266 494 514 535 615 710 746 804 905 933
11  46 138 180 452 483 635 685 813 848 951 999
8  229 320 358 547 641 733 784 857
10  136 150 313 388 403 409 474 595 686 951
7  28 61 135 138 239 826 854
14  31 118 180 192 221 472 565 572 711 735 792 858 867 929
9  37 83 188 375 449 554 748 844 865
9  169 283 476 707 744 766 784 802 952
15  42 108 178 214 323 398 493 610 644 695 762 773 808 865 944
4  125 517 561 844
11  21 25 75 95 198 347 561 599 722 792 908
14  17 64 138 404 458 506 557 565 634 664 703 716 769 892
7  127 201 261 328 782 876 983
14  137 182 185 208 225 310 386 419 430 477 632 681 725 736
13  218 258 265 285 344 354 446 512 567 696 761 984 994
13  100 275 286 319 421 593 646 660 701 809 861 882 958
14  131 192 205 219 351 372 374 472 489 499 507 842 856 974
11  2 216 232 377 585 620 652 659 671 685 910
9  56 87 124 311 484 504 840 908 919
12  113 177 302 330 462 492 509 695 717 752 824 939
11  15 55 116 174 228 485 667 707 748 808 837
13  19 64 108 251 292 430 485 507 516 519 715 845 960
7  149 202 468 676 693 804 995
13  91 118 277 288 299 349 411 501 618 643 897 957 972
9  134 252 286 409 747 768 784 820 826
9  139 269 310 402 449 572 598 662 903
13  46 180 374 392 453 464 500 597 706 900 903 956 992
9  91 174 665 740 775 776 809 816 927
11  138 354 358 492 537 624 742 792 882 897 944
9  15 79 269 306 422 605 709 774 979
10  102 119 196 221 236 251 278 344 563 795
14  53 146 461 559 567 592 621 730 762 767 780 954 986 996
8  44 115 226 661 870 893 921 956
9  280 285 307 308 326 399 490 650 762
13  2 172 201 229 435 601 650 651 727 849 877 932 981
8  1 140 260 310 583 760 766 836
6  57 300 426 791 927 996
15  7 120 127 190 292 306 344 369 434 500 595 642 660 698 805
8  218 277 343 446 594 860 914 925
8  149 234 431 599 701 792 890 962
9  48 360 425 452 605 614 709 886 899
8  66 113 185 412 441 550 644 985
15  29 44 117 182 188 432 664 681 682 684 693 816 876 916 964
6  165 193 484 601 627 875
6  128 378 437 723 756 957
10  296 430 444 459 576 679 789 826 907 937
12  84 147 199 343 350 399 724 783 810 864 887 904
12  128 194 221 229 307 338 426 615 788 897 925 946
6  469 633 634 662 703 759
11  93 175 365 384 510 525 527 589 625 830 889
13  111 372 379 421 511 514 516 530 579 696 751 773 986
10  73 176 208 256 364 449 475 720 779 931
9  54 295 516 529 702 716 765 783 811
5  55 112 197 619 793
10  179 183 263 291 326 382 417 590 808 812
9  52 138 201 276 485 543 620 746 902
12  2 115 196 341 514 589 648 715 760 887 973 977
7  201 237 373 468 470 540 834
7  54 145 248 605 618 666 959
8  151 193 204 333 353 669 773 944
14  54 58 84 111 342 454 506 535 579 740 809 869 898 959
12  11 106 132 211 228 664 777 791 822 841 915 938
7  361 417 454 626 816 874 933
7  167 428 443 599 744 767 863
9  34 371 509 560 594 731 752 769 856
9  20 215 316 421 437 459 623 710 918
8  169 441 494 691 704 727 729 813
10  18 49 273 406 492 548 766 837 872 920
10  60 297 597 786 816 859 958 966 987 994
10  18 36 55 138 489 526 688 748 841 942
14  112 454 559 581 620 631 703 731 763 767 788 869 926 966
15  54 183 202 300 320 380 423 428 507 559 727 759 766 934 949
12  73 149 250 362 410 414 478 490 623 720 821 835
13  79 132 385 422 491 499 516 523 668 707 760 886 927
5  40 195 377 478 845
8  21 43 49 104 242 521 783 850
10  103 119 249 290 376 571 660 880 960 963
14  156 232 244 373 425 547 579 617 626 628 704 746 755 808
9  30 73 97 153 260 470 552 725 919
6  239 723 845 896 921 984
12  81 216 230 231 268 317 361 523 560 609 723 876
5  150 572 589 757 919
6  88 200 331 411 691 988
11  24 259 285 424 494 648 683 747 781 895 921
7  15 114 136 157 462 593 727
12  1 28 82 341 342 367 372 432 443 779 785 819
9  201 304 376 481 485 708 856 871 957
14  263 292 466 532 572 673 742 748 771 804 822 831 906 970
11  212 304 500 591 620 693 698 703 720 851 990
14  119 145 161 179 204 226 272 412 482 586 599 638 781 817
11  29 133 165 335 515 562 673 764 853 877 960
7  42 146 435 684 859 875 966
5  237 523 677 743 766
7  98 300 406 613 741 834 890
7  121 196 291 335 372 590 923
8  66 70 183 732 757 906 911 929
8  159 260 627 701 706 724 735 917
16  28 101 173 193 215 219 280 310 395 452 617 749 810 914 942 954
9  161 219 228 230 284 689 823 872 949
12  101 252 289 461 475 576 599 610 611 614 726 818
11  9 135 274 293 315 353 356 395 803 944 987
10  14 240 323 656 680 800 865 871 876 984
7  260 363 481 837 878 915 984
12  42 125 160 252 265 464 536 567 579 665 673 840
6  239 448 548 575 673 797
14  226 282 351 376 433 495 550 591 620 633 674 877 881 979
10  55 90 118 169 194 348 443 606 703 944
10  2 83 190 420 489 621 796 820 823 970
17  136 170 236 280 316 352 502 535 538 570 623 649 659 696 718 783 998
19  35 76 124 163 207 324 326 343 382 399 450 491 542 583 689 733 823 957 983
9  137 479 481 562 573 813 831 935 982
9  40 73 101 209 375 619 662 823 940
14  253 368 396 496 547 558 623 704 716 750 773 814 824 933
11  12 76 99 166 354 419 549 680 711 723 756
11  36 235 239 491 579 695 742 793 831 837 943
10  103 177 219 409 526 529 748 914 924 961
9  79 213 291 485 635 750 884 918 978
8  82 88 375 396 491 697 762 806
6  488 651 684 808 822 992
12  0 3 21 104 120 202 356 407 589 877 941 991
14  100 112 118 234 352 531 546 665 678 723 738 758 764 936
10  37 226 318 420 582 613 785 833 889 943
7  33 40 795 862 911 930 994
10  26 303 355 464 561 574 637 781 927 952
14  27 52 66 97 162 186 218 236 533 653 720 803 836 965
5  235 370 395 654 768
9  122 166 379 554 613 757 783 814 939
15  77 119 153 288 342 584 606 644 671 794 803 805 807 837 853
8  28 57 65 336 555 715 808 962
11  30 72 78 96 130 158 338 352 530 614 853
10  102 154 164 366 606 700 720 741 861 913
12  294 307 315 354 425 432 446 454 511 563 607 925
8  11 35 114 117 519 559 690 940
6  6 40 259 511 617 968
10  32 88 141 270 607 745 896 901 982 985
11  46 60 394 424 460 631 655 783 806 810 996
7  146 268 310 325 327 496 605
8  237 389 516 673 690 817 841 999
11  126 147 184 414 470 598 686 753 789 851 894
14  50 168 346 441 532 542 574 588 768 851 878 885 895 900
8  330 331 348 385 547 731 820 864
18  11 140 162 185 202 205 246 255 634 716 763 798 810 823 847 861 900 984
12  135 154 191 308 353 421 435 610 641 666 926 967
10  74 137 177 212 243 364 491 522 631 680
9  19 26 245 402 555 562 666 714 799
6  539 584 757 765 833 863
14  45 63 79 93 174 182 357 452 552 597 644 712 964 981
5  79 100 110 256 652
8  78 284 499 526 627 688 702 705
9  242 301 325 341 444 694 717 770 775
13  54 120 127 147 277 291 371 375 529 674 676 866 972
9  112 239 310 377 476 552 837 893 931
10  129 428 495 558 601 630 697 953 986 988
13  121 204 263 317 512 539 593 660 664 730 858 876 919
16  30 39 50 281 324 412 503 528 567 585 632 685 771 872 873 929
13  67 174 199 233 427 491 572 583 620 685 784 834 835
9  76 97 145 147 187 344 451 612 993
10  25 111 122 268 288 386 786 823 825 903
9  104 271 352 409 433 539 590 700 934
11  32 159 225 259 279 449 539 568 608 940 946
8  275 285 399 407 593 712 760 782
6  356 408 505 531 691 698
8  67 427 548 623 701 849 871 967
5  194 282 287 764 787
10  25 55 245 365 510 580 609 688 734 906
11  25 136 144 153 182 210 514 562 711 826 837
15  32 58 90 96 145 245 355 386 436 559 586 652 818 915 947
6  52 269 300 346 759 841
7  20 37 104 402 506 742 836
10  48 211 407 435 521 567 581 702 704 797
8  197 215 390 488 548 630 658 846
10  125 141 170 238 336 397 482 611 701 902
7  153 263 269 297 535 890 968
8  83 260 471 482 505 756 766 982
8  24 85 173 385 427 591 663 728
11  14 92 130 168 300 603 782 797 858 881 951
13  13 25 310 313 359 404 421 523 763 794 850 969 996
9  31 39 96 220 224 469 522 618 850
11  183 196 232 247 435 615 660 669 758 891 979
12  51 53 96 198 346 393 435 475 586 631 739 787
14  102 121 326 445 466 469 547 574 690 708 738 776 797 849
10  129 182 205 294 730 786 801 815 882 891
10  13 84 383 384 437 444 521 798 835 955
8  22 106 320 328 643 652 978 984
5  41 82 225 651 772
11  5 65 106 212 245 306 464 515 801 871 903
13  65 162 246 265 276 313 469 664 673 711 724 877 914
5  206 236 291 393 511
3  18 256 812
9  79 146 264 358 488 510 565 659 835
10  24 123 313 331 340 470 521 736 769 964
11  42 63 118 186 270 315 335 404 694 742 752
10  99 156 200 227 264 432 905 932 961 971
13  0 184 270 300 348 373 417 484 630 745 817 910 959
11  230 300 411 502 505 511 523 592 735 789 868
10  25 80 162 327 450 564 633 874 877 962
10  25 91 348 443 498 561 661 707 971 985
10  6 52 287 440 466 648 655 728 847 952
6  82 159 359 364 834 904
9  37 47 64 174 215 427 779 835 996
12  75 137 257 293 362 556 598 775 830 932 958 975
9  24 28 256 319 501 658 719 724 743
12  6 75 79 119 139 196 200 342 358 579 689 756
11  17 42 125 200 245 316 319 523 555 736 997
14  169 177 266 452 456 512 584 611 664 722 835 837 922 966
9  100 159 182 206 238 557 660 830 950
15  33 52 134 182 225 353 426 497 516 537 623 644 751 867 986
10  117 158 199 286 372 721 722 853 881 953
11  68 147 211 407 539 552 675 742 894 929 946
10  63 197 204 359 380 512 696 888 968 980
13  15 135 202 263 280 344 448 471 487 517 783 791 860
12  57 112 190 272 395 404 430 434 477 573 670 741
7  200 328 388 617 706 714 995
9  15 23 26 112 210 299 412 632 949
16  23 44 153 218 314 340 406 458 469 483 518 579 713 889 915 954
15  166 202 267 341 425 481 498 519 558 609 614 636 791 818 953
8  48 229 246 387 403 462 495 624
11  30 114 181 211 247 255 270 361 481 684 826
11  0 43 303 415 479 489 577 734 793 811 882
16  20 41 49 81 100 150 162 235 310 570 630 638 757 798 862 910
5  124 257 540 666 738
11  69 169 225 379 389 413 419 421 486 537 792
6  4 361 586 761 812 976
17  4 37 39 183 198 278 311 317 490 496 538 593 668 714 774 777 849
13  17 92 96 102 153 163 228 230 381 600 763 934 964
11  103 143 162 584 585 620 728 775 779 925 971
11  99 162 178 302 359 476 525 543 573 900 935
12  9 208 279 280 433 457 516 547 630 645 790 947
8  31 89 218 342 423 663 811 940
11  119 299 387 425 472 689 734 743 827 921 950
9  28 225 596 651 670 766 838 927 993
14  2 7 15 164 191 349 438 569 723 732 769 819 926 983
11  16 100 272 306 371 372 378 380 576 675 946
7  167 216 367 701 791 850 904
8  78 187 197 210 369 545 600 818
9  23 57 282 493 514 585 614 747 847
9  4 44 74 317 401 655 730 888 896
8  269 504 554 558 696 758 808 992
9  37 359 384 388 481 510 767 854 920
10  47 214 217 411 413 533 540 634 806 922
5  347 588 641 816 969
10  98 143 201 219 286 462 472 532 586 741
4  101 136 385 757
11  5 25 271 278 311 326 358 477 715 822 951
14  52 66 127 158 247 256 269 523 534 630 807 828 855 924
6  88 109 240 387 635 815
9  24 25 149 296 387 468 669 765 793
9  132 135 196 241 326 541 694 810 817
13  61 69 224 319 350 431 500 566 704 724 755 796 802
8  15 45 73 125 203 295 538 994
9  6 40 136 166 298 743 855 904 928
8  68 319 355 477 542 604 862 923
7  24 51 64 240 247 427 612
15  109 238 262 325 374 510 563 607 642 660 767 794 909 964 991
10  48 255 271 290 410 428 601 901 925 997
11  81 136 463 598 697 699 871 939 964 971 979
11  100 239 273 395 489 524 584 691 703 819 893
17  83 175 267 321 378 464 569 596 606 623 654 676 848 903 911 960 967
12  20 38 470 491 493 530 571 580 650 727 793 910
6  30 236 652 670 878 973
12  137 161 227 326 341 373 468 566 642 676 722 728
9  44 59 86 261 538 719 740 782 805
14  9 146 168 288 387 408 524 542 610 655 711 764 896 965
11  46 60 208 395 468 605 621 646 754 756 889
7  189 447 639 717 772 786 953
5  279 811 888 981 988
11  106 174 224 261 400 488 574 624 735 824 891
8  109 374 404 489 515 597 613 772
15  280 354 383 576 578 602 689 738 842 886 920 949 951 988 998
9  133 218 258 376 447 596 820 958 993
10  9 363 408 572 601 658 764 766 787 900
10  8 171 222 302 360 533 655 838 858 953
13  90 155 329 379 462 472 536 559 634 681 829 868 905
7  5 152 362 364 612 872 936
7  20 159 174 181 783 803 999
10  112 409 479 500 638 679 888 892 921 951
8  60 422 440 577 656 693 719 846
8  136 145 273 363 513 660 752 955
5  32 180 251 401 712
12  143 150 444 469 487 533 553 581 603 661 690 896
10  25 49 103 145 157 366 587 612 918 998
8  83 181 198 399 608 665 667 752
10  129 170 256 374 401 418 511 629 812 879
12  25 205 252 286 336 587 657 684 725 801 874 951
7  67 106 218 533 536 603 905
11  11 392 429 446 519 530 551 730 842 961 989
11  13 98 345 409 473 528 582 616 806 830 869
10  9 194 283 293 336 530 579 708 805 927
13  84 90 216 471 515 541 693 710 775 797 798 837 879
11  18 246 279 294 338 377 385 614 737 830 892
17  32 115 143 364 402 439 444 462 467 478 531 670 689 727 746 848 902
14  24 91 227 232 386 440 442 464 526 554 579 764 796 996
9  18 343 362 392 431 778 848 961 964
8  116 317 402 496 630 667 981 999
3  217 471 784
9  235 306 354 373 493 586 815 949 993
9  153 178 342 472 526 625 722 814 933
12  51 84 422 453 547 570 597 625 852 926 965 991
13  57 74 91 96 285 295 499 575 584 710 764 818 945
9  6 100 158 199 283 369 445 718 908
13  81 207 230 427 459 511 679 727 732 831 872 895 987
10  22 45 93 155 281 366 486 676 899 950
10  21 234 246 420 425 472 579 804 964 976
17  24 34 58 112 149 152 153 298 381 387 478 631 673 697 833 970 989
