
***ForestFire:  GeoFire  Nodes:1000  StartNodes:1  Take2AmbProb:0
                FwdBurnP:0.35  BckBurnP:0.354  ProbDecay:1  Orphan:0
(1000, 5238)  burned: [5,1,1]  [0.01s]
1000
97  1 2 3 8 11 13 15 44 49 54 67 68 72 74 82 83 84 89 96 99 100 101 115 144 164 176 179 185 196 220 230 242 249 250 251 260 276 301 309 310 313 334 354 377 379 391 392 401 418 429 451 463 472 495 500 519 521 524 531 541 542 587 588 601 612 615 621 638 641 646 670 686 717 770 805 816 820 823 842 843 850 851 852 853 859 863 872 891 911 927 930 937 941 943 960 976 980
58  0 7 8 13 15 25 26 31 44 51 54 83 89 100 101 115 164 165 168 196 220 242 249 309 334 353 359 364 367 377 379 392 450 463 587 596 615 621 638 659 670 717 736 765 816 842 843 845 859 872 881 891 911 927 937 941 943 960
29  0 8 20 54 72 74 84 89 99 100 144 176 250 379 472 529 541 601 615 670 743 770 850 872 891 937 980 986 992
46  0 4 14 19 68 71 74 91 134 192 264 276 280 298 301 340 354 379 410 444 483 500 519 531 587 612 621 670 677 702 707 782 842 843 859 872 877 893 936 937 941 960 965 970 980 981
39  3 5 10 14 22 38 59 68 91 116 134 264 271 298 301 334 340 372 379 392 422 429 457 519 621 645 670 782 816 817 842 843 859 872 925 927 936 941 951
40  4 6 10 22 23 38 43 53 59 66 68 91 134 138 151 162 271 330 334 340 372 379 392 422 429 457 519 529 621 633 670 816 842 843 853 859 872 936 941 955
22  5 23 38 45 53 59 66 122 151 174 271 340 372 379 422 429 457 842 859 872 891 941
28  1 26 44 51 56 83 101 113 164 309 364 379 402 495 621 631 670 717 816 842 845 859 881 891 919 939 941 960
38  0 1 2 9 12 20 34 35 37 54 74 84 89 100 135 144 150 194 276 278 292 310 354 421 429 461 529 621 670 743 823 842 850 872 937 960 970 980
24  8 20 34 35 74 78 100 155 264 276 278 292 429 496 502 611 670 686 823 842 850 872 903 960
25  4 5 22 38 43 59 68 91 134 301 334 372 379 392 452 519 529 612 670 816 842 843 859 891 941
17  0 17 102 167 215 216 240 266 284 316 525 561 704 851 883 930 957
22  8 20 37 74 89 135 144 193 276 292 324 429 621 670 743 850 853 937 941 960 970 981
36  0 1 29 44 75 85 86 103 111 114 115 121 164 196 220 309 334 391 392 402 495 611 621 695 760 816 823 842 843 845 852 862 872 927 960 976
45  3 4 18 21 48 68 90 91 256 263 275 280 298 301 334 354 377 429 432 501 502 529 591 600 621 645 725 763 795 802 817 841 842 853 872 881 925 927 936 937 941 943 960 970 980
27  0 1 16 30 44 87 101 149 152 164 249 303 334 353 392 428 537 588 590 596 615 621 641 823 927 941 943
21  15 64 87 93 107 125 130 146 149 152 156 184 219 229 283 334 370 395 559 574 588
4  11 316 637 930
32  14 21 48 57 127 200 217 275 280 301 354 392 410 429 432 501 591 645 670 675 738 763 817 842 859 872 925 927 937 941 943 960
19  3 32 70 71 91 104 192 264 372 429 444 531 615 677 702 782 934 960 981
34  2 8 9 12 35 37 40 47 72 74 84 100 135 144 150 194 250 276 277 292 401 424 601 621 670 743 745 823 842 850 853 872 960 980
36  14 18 24 48 68 91 94 275 354 366 392 419 429 502 529 591 621 645 670 675 726 794 802 841 842 843 853 859 872 881 891 925 927 937 941 981
9  4 5 10 59 91 96 334 842 941
27  5 6 27 38 39 45 53 59 96 138 151 162 174 233 271 340 372 379 446 457 576 633 764 802 842 872 941
36  21 48 68 92 94 95 96 137 153 169 209 259 275 298 354 366 392 475 517 591 605 670 675 738 763 767 782 794 859 872 890 927 937 941 978 981
27  1 31 36 44 50 55 83 101 168 220 242 334 353 359 367 373 495 510 523 638 639 736 816 842 891 927 939
29  1 7 28 44 51 56 83 101 113 164 242 289 309 364 373 379 516 545 670 736 816 823 843 845 859 891 927 939 941
28  23 39 46 53 59 136 138 151 162 233 247 304 340 360 372 379 393 576 633 670 794 802 842 843 872 937 941 960
9  26 119 289 516 545 845 916 927 939
28  13 44 75 76 86 113 114 115 164 196 214 220 253 334 379 392 611 621 695 723 819 823 843 857 859 927 941 960
13  15 33 44 87 115 164 303 334 392 590 823 872 941
8  1 25 44 177 320 334 463 816
25  19 41 42 70 71 91 112 170 192 238 372 429 444 531 615 677 702 782 816 842 872 927 934 940 960
8  30 44 87 113 312 373 823 872
20  8 9 35 74 81 84 89 100 140 276 348 354 377 467 670 743 823 842 908 941
18  8 9 20 34 74 81 84 100 276 278 377 429 522 670 823 842 881 941
19  25 44 50 55 65 83 101 199 220 242 334 373 516 621 760 823 842 843 891
13  8 12 20 74 135 227 292 621 670 842 853 980 981
23  4 5 6 10 23 53 59 91 134 174 264 271 372 379 396 457 791 816 842 843 859 941 953
14  23 27 53 59 138 151 233 340 372 593 794 842 872 941
13  20 72 97 109 171 250 369 401 405 739 869 872 960
9  32 61 133 238 265 285 595 702 934
9  32 52 77 173 677 734 842 940 960
28  5 10 59 63 91 120 134 147 183 330 334 372 379 429 452 497 519 522 657 670 672 752 782 842 843 859 872 941
55  0 1 7 13 15 25 26 29 30 31 33 36 51 55 75 76 82 83 86 87 101 113 115 164 168 177 242 249 320 334 353 364 373 377 379 392 396 495 500 522 611 621 638 639 682 736 816 823 843 862 872 891 919 927 960
12  6 23 53 58 96 271 379 532 611 842 928 941
18  27 53 59 151 247 304 306 340 372 379 393 455 553 576 632 670 842 854
14  20 74 131 144 194 276 277 461 484 743 823 878 941 980
24  14 18 21 24 57 172 217 241 275 298 354 377 392 429 501 645 763 802 842 859 872 937 941 981
4  0 82 451 524
20  25 36 65 83 101 168 220 242 300 334 373 439 510 516 611 621 638 746 891 939
23  1 7 26 44 73 76 83 101 159 164 166 260 309 334 364 379 451 621 670 816 872 891 939
4  42 145 734 828
30  5 6 23 27 38 39 45 46 58 59 132 136 151 188 247 271 306 340 360 372 379 452 569 633 764 791 816 842 872 941
18  0 1 2 8 74 83 100 105 185 208 234 276 383 421 461 636 850 872
24  25 36 44 76 83 86 101 115 128 164 168 220 249 334 379 621 736 760 805 816 823 842 853 872
22  7 26 69 83 101 113 164 168 177 242 309 334 371 379 621 816 820 853 859 891 919 941
14  18 48 60 172 217 241 301 392 753 817 842 859 872 941
7  45 53 59 271 315 633 842
32  4 5 6 10 22 23 27 38 39 43 46 53 58 68 91 96 162 247 301 340 372 379 399 429 633 802 842 859 872 881 893 941
5  57 148 272 872 927
11  41 62 143 238 254 265 285 595 702 754 759
7  61 139 143 238 285 595 932
17  43 91 120 134 147 354 379 452 497 500 621 648 657 670 672 782 843
13  16 106 108 130 146 219 229 283 559 574 588 662 779
21  36 50 83 101 168 220 242 334 349 373 504 510 516 621 746 760 823 842 872 891 995
6  5 6 295 351 846 872
18  0 82 160 221 418 451 500 521 542 601 621 646 670 732 816 843 872 960
31  0 3 4 5 10 14 21 24 59 91 96 134 196 230 249 334 354 379 444 519 612 621 774 782 842 853 872 891 893 925 941
12  56 101 113 177 334 353 775 816 872 891 919 941
13  19 32 71 91 112 192 213 444 531 615 629 782 960
14  3 19 32 70 74 91 98 207 264 301 429 531 859 960
12  0 2 20 40 100 224 369 401 405 739 763 970
13  51 83 164 218 334 355 451 481 621 891 919 939 941
39  0 2 3 8 9 12 20 34 35 37 47 54 71 81 84 89 91 100 131 144 234 239 264 273 276 292 301 354 377 379 391 392 429 461 670 743 823 941 980
30  13 29 44 76 79 86 113 115 164 242 288 309 334 364 379 451 495 611 621 670 695 775 816 823 842 843 862 891 927 941
30  29 44 51 55 75 79 80 83 86 88 101 113 114 115 164 189 249 334 379 451 621 630 638 669 760 775 816 823 843 881
3  42 173 734
7  9 100 234 276 307 496 850
19  75 76 86 115 126 129 164 198 242 402 413 451 621 670 816 819 823 843 976
17  76 86 88 114 115 164 189 249 334 379 621 630 638 669 843 872 881
10  34 35 74 84 144 237 354 377 670 823
15  0 44 49 67 101 242 302 451 500 587 589 621 732 891 981
42  0 1 7 25 26 36 44 50 51 54 55 56 65 73 76 86 101 113 164 168 242 300 334 364 373 402 450 481 504 516 606 621 638 736 805 842 843 859 872 891 927 960
24  0 2 8 20 34 35 74 81 89 100 276 290 348 354 377 379 429 670 743 823 842 853 941 980
13  13 115 121 196 220 249 309 354 379 576 611 621 760
28  13 29 44 55 75 76 79 80 83 88 113 114 115 164 177 242 249 262 291 334 402 495 565 608 611 621 816 843
13  15 16 30 33 44 101 113 115 334 353 379 872 941
21  76 80 86 110 114 115 164 242 249 260 261 291 334 379 444 621 679 823 842 843 872
25  0 1 2 8 12 34 74 84 100 220 239 276 348 353 354 377 379 391 392 529 638 743 872 891 941
2  14 795
45  3 4 5 10 14 19 21 22 32 38 43 59 63 68 70 71 74 96 120 162 183 239 301 330 354 372 379 392 429 452 519 531 591 612 629 670 778 802 842 843 853 859 872 941 960
19  24 94 117 124 137 209 275 354 383 392 456 500 634 767 782 859 941 944 978
4  16 130 152 691
21  21 24 92 123 137 275 333 385 387 456 605 767 782 821 842 859 890 891 941 944 978
6  24 142 153 169 366 517
26  0 22 23 24 45 59 68 91 120 183 242 243 249 271 340 379 418 452 519 576 670 802 842 881 938 960
8  40 109 171 180 250 401 635 850
4  71 301 379 429
7  0 2 100 234 472 638 941
39  0 1 2 8 9 20 34 35 54 72 74 78 84 89 99 185 223 234 245 273 276 334 348 354 429 611 636 670 730 739 763 801 823 842 853 872 941 960 970
49  0 1 7 15 25 26 36 44 50 51 55 56 65 69 76 82 83 87 113 128 168 220 242 248 261 334 353 364 367 373 379 451 495 500 510 587 588 621 638 805 816 823 843 859 872 881 891 939 960
7  11 216 240 266 284 525 883
18  13 111 114 115 163 164 168 334 391 402 451 468 531 631 823 843 881 937
3  19 536 543
10  54 141 161 185 195 234 276 376 636 858
5  64 146 219 257 588
8  16 149 197 205 314 370 395 574
8  64 146 229 574 588 618 662 779
7  40 97 203 250 401 541 735
7  88 249 334 444 531 679 816
5  13 103 164 260 334
9  32 70 170 192 531 709 729 872 960
40  7 26 29 33 44 56 69 75 76 83 86 87 101 164 168 177 178 242 261 293 334 353 364 373 379 396 451 495 621 669 670 816 817 843 859 872 881 891 939 985
34  13 29 76 80 86 88 103 115 164 204 242 249 260 291 334 391 402 409 451 468 495 531 621 670 695 819 823 843 859 868 872 881 941 942
44  0 1 13 29 30 44 55 75 76 79 80 85 86 87 88 103 114 118 164 220 242 249 291 309 334 353 392 444 451 500 611 621 638 669 686 760 819 843 859 872 881 891 921 941
5  4 298 842 927 941
8  92 124 137 209 621 782 978 980
10  115 164 220 444 451 500 807 859 872 921
2  28 425
15  43 63 91 96 134 162 183 239 271 379 452 670 802 842 941
8  13 85 309 434 609 621 852 872
4  6 226 422 941
7  94 137 187 605 941 944 978
12  92 117 268 270 354 375 383 410 412 611 621 634
3  16 395 549
11  79 164 242 344 396 402 621 670 816 843 976
5  18 190 335 392 738
14  55 101 327 379 453 500 573 627 764 816 859 872 921 939
7  79 198 231 242 732 891 981
5  16 64 93 252 506
9  47 74 144 154 181 273 461 522 980
1  53
5  41 285 647 934 997
26  3 4 5 10 38 43 63 68 120 196 330 334 354 379 444 500 657 670 816 842 843 872 877 891 927 980
14  8 12 20 37 292 424 502 621 670 743 816 842 937 960
9  27 53 188 340 372 452 798 816 872
17  24 92 94 117 123 387 392 456 605 738 767 782 832 859 891 941 978
14  5 23 27 39 151 174 233 271 457 802 842 881 889 936
3  62 706 932
4  34 191 206 684
4  105 185 276 976
5  95 158 331 374 437
3  61 62 238
18  0 2 8 12 20 47 74 81 131 202 234 273 461 823 872 918 980 986
4  52 318 473 734
13  16 64 106 108 219 229 283 534 574 588 662 779 987
4  43 63 379 842
2  60 272
9  15 16 107 156 334 395 574 638 644
3  8 20 276
18  5 6 23 27 39 46 53 138 247 306 340 372 452 670 802 842 941 966
5  15 16 93 157 915
2  24 95
6  131 181 380 461 563 941
5  9 287 403 873 903
10  16 149 184 229 350 395 498 574 644 876
2  152 210
6  142 228 331 374 437 773
2  51 166
13  67 221 418 500 527 601 646 670 770 816 843 872 914
7  105 185 195 234 421 493 636
22  5 23 27 59 91 120 183 233 247 340 354 357 372 379 457 466 670 802 843 864 936 960
10  103 164 168 242 420 468 516 531 631 823
56  0 1 7 13 15 26 29 30 44 51 55 56 73 75 76 79 80 83 86 88 103 111 113 114 115 118 126 163 168 177 220 242 249 260 261 291 309 334 364 379 396 402 413 420 451 621 670 816 820 823 843 859 872 891 937 941
1  1
2  51 159
12  11 215 216 222 240 266 284 316 384 561 704 883
30  1 25 44 50 55 56 65 83 101 103 113 163 164 177 220 242 261 332 334 373 379 420 495 601 621 683 770 823 831 985
6  24 95 259 366 517 937
4  32 112 538 540
10  40 97 175 201 386 401 414 541 869 935
9  48 57 241 392 494 802 859 872 927
4  42 77 734 940
16  6 23 38 138 186 233 271 286 360 365 379 457 791 802 859 872
4  171 201 414 922
7  0 2 309 607 743 816 872
18  31 44 56 69 86 113 164 168 220 242 261 334 396 785 816 843 872 891
7  113 242 261 516 624 760 891
8  0 182 260 313 487 638 646 842
3  97 635 838
8  131 154 269 461 522 833 941 983
5  179 313 487 646 842
15  43 91 96 120 162 340 379 452 519 576 670 802 843 859 872
7  16 156 229 311 395 574 588
17  0 54 100 105 141 161 195 223 234 276 346 421 636 850 858 872 976
4  174 233 360 379
6  123 258 605 941 944 978
5  53 136 340 378 872
7  76 80 449 621 630 638 775
2  127 335
2  140 684
14  3 19 32 70 112 213 282 319 347 444 579 729 872 960
6  12 322 324 743 788 871
9  8 20 47 244 354 379 743 872 878
11  105 161 185 223 234 346 421 427 636 850 858
27  0 1 13 29 68 85 134 220 249 253 308 334 354 379 392 406 454 576 621 670 760 842 882 927 941 960 981
4  107 205 314 574
8  79 129 211 231 242 445 515 732
3  36 242 622
5  18 296 338 392 960
7  171 175 386 414 541 922 958
2  144 918
5  109 250 401 541 850
18  114 235 242 267 291 334 379 402 495 507 695 789 792 816 842 845 872 881
10  107 197 212 314 368 574 652 661 761 769
4  140 460 660 684
5  71 301 358 552 685
12  54 512 539 636 730 801 842 872 926 941 969 989
8  24 92 117 392 529 621 782 784
4  157 225 232 255
4  198 445 515 732
6  205 368 415 568 749 769
4  70 192 319 872
7  29 334 343 723 896 941 984
7  11 167 216 240 266 525 883
9  11 102 167 215 240 266 284 525 883
10  18 48 57 241 392 417 670 738 817 941
4  73 355 621 891
6  16 64 106 146 229 283
37  0 1 13 25 29 36 50 55 65 85 89 101 115 118 164 168 177 196 242 334 379 391 396 413 516 611 638 670 816 823 842 843 853 859 872 891 941
12  67 160 418 500 503 542 657 670 770 816 891 960
2  167 345
10  100 185 195 234 276 346 636 801 812 850
3  72 739 970
7  210 232 431 486 505 694 804
3  122 422 580
5  37 416 670 842 980
3  158 281 299
13  16 64 108 146 156 184 219 311 336 488 574 588 662
11  0 68 249 279 334 354 377 382 476 872 891
2  129 198
5  210 225 236 423 505
14  23 27 39 138 162 174 186 340 360 372 379 393 670 872
23  54 74 78 99 100 105 144 161 185 195 223 246 276 334 354 383 636 891 941 944 948 960 980
12  204 267 291 334 379 409 495 507 676 758 816 842
5  232 328 441 505 804
2  81 823
7  32 41 61 62 143 285 595
13  74 89 91 120 276 341 391 529 628 872 941 980 981
8  11 102 167 215 216 266 384 883
8  48 57 172 217 392 714 718 927
73  0 1 25 26 36 44 50 56 65 75 79 82 83 86 88 96 101 113 114 115 126 129 163 164 168 177 178 198 199 204 220 249 260 261 267 271 309 334 379 391 396 402 418 439 451 463 495 500 509 516 531 608 611 621 622 638 650 669 670 732 760 792 805 816 820 823 842 843 859 872 891 939 941
6  96 340 408 519 670 981
4  194 354 379 743
17  100 274 294 334 429 480 492 544 548 562 696 763 774 823 842 853 891
14  234 276 278 334 354 429 602 681 728 823 872 941 944 948
17  27 46 53 59 151 162 306 340 357 379 452 556 670 802 842 937 941
7  101 334 364 373 420 621 823
39  0 1 15 44 55 68 76 80 85 86 88 96 110 114 115 164 196 230 242 260 261 279 334 354 377 489 495 576 587 611 615 621 651 669 681 760 842 872 937
12  0 2 20 40 97 109 203 401 541 646 850 872
2  0 625
3  130 506 748
3  29 196 323
6  61 265 511 533 754 759
2  210 886
18  14 263 275 301 354 392 429 681 842 859 872 927 936 937 941 948 960 981
1  106
5  187 605 719 944 978
8  24 169 326 392 566 927 937 941
19  0 51 88 111 114 164 179 242 249 291 334 396 418 500 621 670 874 891 927
19  88 101 113 164 168 177 178 242 249 291 293 309 334 396 495 679 843 874 891
5  86 397 608 611 621
8  14 256 301 429 802 872 941 960
12  3 4 9 19 38 71 74 297 354 670 970 981
5  41 61 254 731 777
9  11 102 167 215 216 240 284 525 883
14  204 235 242 291 334 379 398 495 816 823 845 859 881 888
6  124 375 410 412 634 740
8  181 352 461 522 775 833 941 983
2  124 410
23  4 5 6 23 38 45 53 58 96 120 138 174 242 298 334 340 360 379 396 429 670 802 842
6  60 148 337 356 499 797
8  74 100 131 144 377 392 522 918
8  245 429 480 696 823 842 853 891
28  14 18 21 24 48 92 94 256 280 298 301 305 342 354 392 429 634 670 782 794 842 853 927 937 941 943 980 981
40  0 3 8 9 12 20 34 35 47 54 74 78 84 89 100 105 141 150 185 223 234 239 246 278 334 346 354 379 429 519 529 670 686 728 823 850 872 878 941 960
5  20 47 325 745 772
18  8 9 35 246 276 334 354 429 529 535 670 686 823 842 843 872 927 941
11  230 249 329 334 354 681 728 806 845 872 891
19  3 14 18 275 298 301 342 354 392 404 410 432 519 529 738 842 937 941 981
1  228
4  192 319 872 960
6  16 64 146 219 574 662
9  11 102 167 216 266 433 513 525 883
9  41 61 62 133 238 514 575 934 997
2  174 872
3  155 474 903
3  75 862 927
7  26 28 430 545 916 927 979
6  84 354 379 670 808 941
21  86 88 114 115 164 204 235 260 261 267 293 309 334 379 409 495 621 775 792 823 848
16  8 9 12 20 37 74 135 310 354 502 601 611 615 670 770 842
7  113 261 291 379 451 775 985
10  245 317 426 548 562 577 689 763 823 842
2  66 847
3  200 338 339
2  264 670
26  3 4 14 24 48 116 271 275 280 301 334 342 354 379 392 429 612 763 782 794 842 927 941 952 960 981
2  228 901
12  50 83 364 495 510 621 631 805 820 842 900 927
30  0 3 4 10 14 18 57 59 71 74 91 98 207 256 263 275 280 298 354 379 392 429 612 794 842 859 937 941 960 981
4  82 451 500 521
5  15 30 590 941 998
13  27 46 360 372 379 393 576 651 670 802 843 854 937
5  275 342 354 436 842
9  46 53 151 247 452 658 701 941 966
2  78 850
7  196 354 392 519 924 941 960
34  0 1 7 13 26 51 56 75 85 115 121 164 176 242 261 291 334 391 396 434 495 529 609 621 695 743 816 823 845 859 872 911 941 976
13  0 8 292 313 429 502 591 611 670 805 842 843 853
6  184 229 361 588 662 887
2  33 440
8  0 179 182 310 638 670 842 843
6  107 197 205 388 574 776
6  58 508 558 586 633 905
3  11 17 167
6  294 426 520 548 562 842
5  145 321 394 473 734
7  192 213 282 347 834 872 960
5  31 44 463 722 856
4  318 411 654 827
4  193 324 743 788
4  253 407 546 597
4  12 193 322 743
3  277 578 772
5  259 390 566 927 937
1  128
3  236 441 804
9  279 354 362 621 623 806 872 927 976
14  5 43 91 134 334 429 500 531 816 842 843 859 891 941
2  142 158
6  168 464 803 823 831 910
11  94 385 387 456 465 767 782 842 859 890 891
110  0 1 4 5 10 13 14 15 16 22 25 29 30 31 36 43 44 50 51 55 56 65 68 69 73 75 76 80 83 86 87 88 100 101 103 110 111 113 114 115 134 149 164 168 177 196 204 214 220 230 234 235 242 245 246 248 249 260 261 267 271 276 278 279 291 298 309 330 348 354 364 373 377 379 396 409 420 429 444 481 495 516 519 522 531 574 609 621 638 644 670 723 736 775 789 805 816 823 842 843 845 859 872 874 881 891 927 939 941 980
4  127 190 581 884
2  229 588
2  272 499
2  200 296
1  296
42  3 4 5 6 23 27 39 46 53 59 96 136 151 162 183 188 233 243 247 271 354 360 372 378 379 383 408 429 452 519 585 670 750 794 802 842 843 859 872 893 941 985
12  239 389 448 529 535 560 621 628 842 941 960 981
9  275 280 298 305 354 432 436 529 842
4  214 896 941 984
5  126 396 816 911 976
2  222 687
9  185 195 223 276 421 670 801 850 941
4  192 319 872 960
13  34 84 89 100 334 354 377 381 522 556 609 621 941
6  65 504 510 516 555 746
4  156 498 574 644
1  66
4  269 528 898 941
25  1 15 25 44 69 87 89 101 113 115 354 379 383 444 500 529 611 621 639 816 842 872 891 939 985
83  0 3 8 14 18 21 24 34 48 63 68 74 81 84 85 89 91 92 100 124 134 162 194 196 230 234 244 246 249 256 264 275 276 278 279 280 290 292 298 301 305 308 329 334 340 342 348 353 372 375 377 379 383 392 410 429 432 467 495 500 502 519 529 591 611 612 621 670 681 728 743 782 794 802 816 842 843 872 936 941 948 960 970
5  73 218 481 491 621
3  272 363 663
6  162 247 379 435 457 556
4  207 552 947 999
8  1 25 367 638 639 845 891 939
14  27 53 174 186 233 271 304 340 372 379 393 576 670 791
1  311
6  329 582 621 623 822 927
1  356
23  1 7 26 44 51 75 83 101 113 164 248 300 334 373 495 609 621 638 816 820 823 845 891
1  174
8  21 24 95 169 419 925 941 981
10  1 25 101 359 373 379 638 823 927 980
5  205 212 652 761 769
4  40 72 405 739
3  16 107 469
2  56 853
36  4 5 6 10 19 23 27 32 38 39 43 46 53 59 91 136 151 162 233 304 340 354 360 375 379 444 452 576 670 794 842 843 872 941 985 993
29  25 26 33 36 44 50 65 83 101 113 168 248 334 364 367 402 409 420 438 495 504 510 621 805 823 843 872 891 980
6  142 158 437 447 526 773
5  124 268 354 372 670
1  105
29  0 1 14 34 35 44 48 74 81 84 89 230 249 273 334 348 354 392 522 529 556 645 670 823 843 853 863 881 941
2  188 340
111  0 1 2 3 4 5 6 7 10 23 26 27 29 38 43 44 45 46 51 53 55 56 59 63 68 74 75 76 80 84 85 87 88 89 91 96 98 101 113 120 128 134 147 162 164 168 174 183 186 194 196 204 220 233 235 242 244 247 267 271 276 290 291 293 298 301 304 334 340 353 354 357 360 367 372 391 392 396 402 451 453 457 495 500 519 521 576 587 601 611 612 615 621 638 670 743 764 771 816 817 823 842 843 859 872 878 881 893 941 960 980
3  154 461 563
2  348 522
2  230 476
16  54 92 124 234 340 353 354 410 500 611 634 639 728 836 891 939
4  167 240 518 883
11  94 333 387 456 490 767 782 842 859 891 974
7  171 201 400 414 541 922 935
10  94 137 333 385 456 462 767 782 842 859
3  314 459 574
5  341 621 628 960 981
4  326 566 872 927
21  0 13 74 89 103 114 220 239 242 309 379 392 495 529 695 817 823 872 881 927 941
61  0 1 4 5 10 13 15 18 21 24 29 30 44 48 57 74 89 91 92 115 127 137 172 196 200 209 217 241 256 259 273 275 280 298 301 308 354 377 379 391 406 454 519 522 529 566 605 621 670 714 738 817 842 859 872 927 937 941 948 960 981
8  27 46 233 304 360 576 670 872
2  318 734
11  16 107 125 149 156 184 549 574 588 644 721
29  38 44 113 126 164 177 220 242 260 261 271 309 334 344 379 451 495 670 796 816 823 842 843 872 874 891 899 911 939
2  262 608
4  267 495 693 823
2  59 842
2  386 922
12  0 20 40 72 97 109 171 203 250 414 541 850
28  7 13 79 83 86 103 114 126 164 204 242 373 379 409 413 420 451 495 500 621 695 816 820 823 843 881 941 980
4  155 471 873 903
5  280 432 479 591 937
5  40 72 369 830 929
10  196 392 454 519 530 621 756 842 927 981
2  323 546
7  243 340 519 670 843 941 981
15  114 235 291 334 373 402 420 442 470 495 529 670 775 816 823
18  3 18 124 268 270 280 354 383 458 500 531 611 612 621 740 782 872 891
3  321 705 827
3  124 268 814
6  79 164 220 402 451 859
6  171 175 201 386 401 541
3  212 568 626
2  227 670
3  217 817 941
19  0 67 96 160 221 242 260 482 500 503 527 601 670 770 786 816 843 872 960
5  21 366 443 781 925
17  163 164 168 248 334 373 402 409 510 516 610 631 741 775 823 881 941
14  8 54 161 185 195 346 493 636 670 686 730 743 850 941
11  4 5 6 122 226 429 457 519 816 842 872
1  232
6  20 135 601 743 816 960
4  119 703 762 870
8  294 317 478 520 548 562 842 875
2  195 636
1  15
75  0 4 5 6 8 9 12 14 18 19 21 32 35 43 48 59 71 74 84 91 98 100 245 246 256 263 271 274 275 276 278 298 301 310 330 334 340 354 422 497 502 519 522 531 548 591 602 611 621 638 670 677 681 686 728 743 763 774 782 802 816 823 842 843 844 859 872 927 941 948 952 955 960 970 985
1  289
4  225 486 505 694
14  14 18 280 342 354 404 436 467 479 502 591 670 842 937
3  284 513 673
6  121 309 609 621 852 872
4  357 457 764 961
10  305 342 432 485 502 571 842 843 853 894
4  142 158 374 547
1  373
2  50 242
1  312
2  236 328
4  409 470 816 823
2  419 781
19  3 19 32 68 70 88 110 115 118 134 192 334 353 372 516 531 669 670 872
3  198 211 732
2  23 619
2  374 598
4  341 551 621 628
2  189 477
4  1 83 872 960
41  0 49 51 67 73 75 76 79 82 101 103 113 114 115 118 164 242 293 302 379 396 402 413 495 500 521 524 531 615 621 638 670 732 760 775 805 816 842 843 859 891
22  10 43 53 63 91 96 120 136 151 183 247 306 340 372 519 576 670 802 842 843 872 941
10  128 379 457 500 573 764 826 843 859 906
11  196 392 406 519 522 529 621 714 842 927 981
3  46 553 854
11  92 94 137 333 385 387 605 767 859 891 978
21  4 5 6 23 38 138 162 174 357 379 422 435 453 519 556 670 764 791 842 859 941
6  410 500 521 531 612 621
2  388 574
3  206 660 684
15  8 47 54 74 131 144 154 181 269 380 522 823 872 941 980
3  387 603 842
8  0 1 31 242 320 587 666 856
3  332 803 910
5  333 668 767 859 978
2  162 960
4  34 354 432 842
4  103 114 163 531
1  370
6  409 442 653 816 823 863
4  403 873 903 982
11  0 2 99 594 638 682 845 891 927 986 992
3  145 318 734
2  287 903
4  24 675 688 712
2  230 382
2  449 724
7  426 548 562 698 763 842 875
4  404 432 591 937
5  245 274 696 823 891
7  73 83 334 355 491 621 789
3  418 670 960
6  3 531 612 709 839 872
2  47 878
6  436 502 571 621 843 853
6  225 431 505 643 694 804
3  179 182 557
3  229 588 744
3  249 611 621
2  385 859
2  355 481
5  245 548 763 774 842
5  161 421 636 708 941
3  172 859 927
47  0 7 13 25 44 75 86 101 113 114 168 204 235 242 249 261 267 291 300 309 334 354 364 373 379 391 396 398 402 409 451 529 531 611 621 670 775 819 820 823 843 845 872 881 891 909 941
3  9 78 850
9  43 63 429 519 522 621 670 843 941
4  156 350 574 876
2  272 337
54  0 3 44 63 67 82 92 101 115 118 128 134 160 221 242 260 302 330 353 354 379 383 402 410 418 451 453 458 503 521 524 531 542 601 611 612 615 621 657 670 686 764 770 805 816 823 842 843 859 863 891 927 960 980
8  14 18 48 645 763 842 872 927
23  9 14 21 135 292 310 354 429 432 436 485 519 522 571 591 621 670 842 843 853 937 941 948
9  221 418 500 521 601 670 770 816 960
8  65 83 349 373 516 555 980 995
7  225 232 236 431 486 694 804
2  130 252
3  204 235 816
3  315 558 614
1  242
14  25 50 65 101 300 349 373 420 516 564 592 631 747 760
2  254 533
6  208 801 815 926 941 969
3  284 433 525
3  285 575 997
2  198 211
27  26 28 36 50 65 83 163 178 220 242 334 349 420 444 504 510 531 621 631 669 670 760 816 823 842 859 891
5  24 95 169 782 907
2  384 991
45  0 3 4 5 10 43 68 91 96 183 243 276 280 308 334 340 354 379 392 406 408 422 429 452 454 457 497 502 522 556 605 621 667 670 717 738 750 842 843 859 872 941 944 960 981
4  317 426 548 842
19  0 67 302 379 451 458 500 503 524 531 542 604 621 670 770 817 842 872 960
29  35 43 44 131 181 269 273 334 348 377 381 392 429 454 461 497 502 519 556 566 621 670 775 823 853 872 881 927 941
4  25 638 775 816
13  0 49 451 500 521 531 646 709 770 816 872 891 960
8  11 102 215 216 266 284 513 883
1  374
6  160 418 816 843 859 872
2  352 898
36  2 5 8 10 14 21 89 209 239 276 278 280 309 341 342 353 354 377 391 392 409 454 495 535 621 628 670 671 842 843 911 927 936 941 960 981
3  406 756 981
44  0 3 19 32 70 71 91 103 110 112 114 163 242 330 334 410 429 444 451 458 468 483 495 500 516 521 524 591 612 615 621 629 631 670 709 760 770 782 816 823 825 872 891 960
4  45 567 928 941
3  254 511 640
3  146 599 727
11  278 341 529 621 774 823 842 927 941 960 981
1  104
1  15
2  170 570
2  208 989
1  170
12  0 2 109 171 201 203 250 386 401 414 872 935
14  0 67 221 500 521 615 621 657 695 770 823 842 872 960
1  104
9  245 583 664 696 763 766 842 853 954
5  26 28 289 840 845
2  323 407
1  437
16  245 294 317 426 429 478 492 520 554 562 577 621 698 763 823 842
3  125 395 550
3  549 642 824
2  448 617
2  207 358
3  46 455 854
4  548 577 698 823
3  349 504 572
11  247 348 357 377 457 519 522 670 853 881 941
1  487
2  315 508
4  16 64 574 931
5  341 628 843 981 988
4  11 167 584 957
13  245 294 317 426 478 548 577 621 698 774 823 842 959
2  154 380
1  510
2  86 720
13  259 326 390 392 522 670 775 837 853 872 927 941 981
2  532 755
4  212 415 626 769
3  53 665 716
2  538 912
4  436 485 502 843
1  555
5  128 453 627 764 859
25  16 64 107 108 146 149 156 184 197 205 229 283 314 334 350 388 395 459 498 559 588 641 662 761 941
4  285 514 613 997
20  23 27 46 85 96 183 196 249 304 360 372 379 393 452 651 670 802 842 843 937
9  294 548 554 562 621 669 698 823 959
2  325 772
2  192 729
1  226
2  335 884
7  362 616 621 790 881 902 927
2  544 853
3  561 923 957
2  340 872
5  315 633 860 863 905
8  0 1 3 82 101 249 379 463
20  0 15 16 64 101 106 108 146 184 229 311 336 395 488 574 641 662 823 891 963
3  82 710 891
4  15 30 303 941
24  14 18 21 24 91 310 354 404 429 432 479 502 531 615 621 670 767 823 842 843 853 872 937 960
2  510 760
3  39 620 794
4  472 891 986 992
5  41 61 62 238 934
5  1 15 765 809 927
1  323
1  447
1  534
4  14 725 841 990
25  0 2 20 67 160 168 292 379 418 424 500 503 615 621 670 686 743 770 771 816 842 872 891 943 960
6  246 429 621 728 823 859
2  462 842
3  521 699 861
15  24 94 123 137 187 258 392 456 519 719 767 782 941 944 978
3  83 711 751
2  176 743
5  86 242 262 397 621
12  121 309 334 348 364 434 621 655 816 852 872 941
1  420
38  9 13 29 44 45 50 75 85 86 100 115 124 220 242 249 262 292 310 353 354 379 383 410 429 489 495 500 612 621 670 680 775 816 819 823 842 843 879
24  0 3 10 68 91 298 301 354 379 410 458 483 500 531 611 621 631 763 775 823 842 863 891 952
1  575
2  508 977
24  0 1 2 15 19 32 70 249 292 379 451 500 531 542 591 601 621 638 670 770 842 843 872 941
4  582 790 902 927
2  551 742
1  108
3  446 674 813
1  593
142  0 1 3 4 5 7 8 12 13 14 15 20 21 29 36 37 44 50 51 55 56 63 65 67 68 73 75 76 79 80 82 83 85 86 88 101 113 114 115 117 121 124 126 135 164 168 189 196 209 218 242 248 249 260 262 291 300 309 329 334 341 348 353 354 355 362 364 373 379 389 392 402 406 410 429 434 448 451 454 458 481 485 489 495 497 500 502 516 519 521 522 529 531 535 542 548 562 577 582 591 601 602 608 609 611 612 615 628 631 638 646 669 670 686 695 698 723 760 763 774 775 782 790 805 816 817 820 823 842 843 845 853 872 874 881 891 902 927 941 960 980 981
3  199 242 650
3  329 362 927
2  178 656
2  251 855
2  415 568
4  128 573 764 859
13  239 341 389 448 529 560 621 631 692 843 891 927 981
8  70 91 531 649 733 823 941 956
4  76 80 189 783
21  7 103 163 300 420 510 516 531 612 621 628 670 723 760 763 823 842 859 891 927 984
3  46 854 885
13  5 23 27 53 58 59 315 586 670 764 802 863 872
6  92 124 268 275 383 895
2  97 180
17  54 100 105 161 185 195 208 223 234 421 427 493 730 801 842 872 941
2  17 930
42  0 1 25 44 50 76 80 83 89 99 101 115 149 179 189 220 242 313 334 359 364 367 379 429 451 472 523 615 621 639 670 682 723 743 765 775 816 823 842 891 927 939
13  25 44 353 359 383 638 682 816 845 891 927 939 941
2  533 946
5  0 15 574 588 891
2  550 824
2  486 892
5  149 156 334 350 395
14  4 14 18 21 48 377 501 670 763 795 872 927 943 959
12  0 67 160 179 182 250 524 621 709 816 842 972
1  133
3  63 657 670
3  629 733 829
4  242 622 823 960
6  249 304 576 842 843 937
3  205 368 661
2  470 863
2  321 827
4  609 816 852 872
4  624 678 690 737
13  43 63 134 221 500 542 648 670 770 816 843 891 941
2  306 941
1  1
4  206 460 684 866
3  205 652 761
10  64 108 146 229 283 311 574 588 779 818
2  356 700
2  544 766
1  569
1  463
1  519
3  465 800 859
18  76 80 113 115 242 249 444 516 577 621 670 686 698 823 842 872 880 881
141  0 1 2 3 4 5 7 8 9 10 12 18 20 21 24 26 27 34 35 37 43 46 51 63 67 74 75 79 81 84 91 96 100 113 114 120 126 134 135 151 160 162 164 183 196 217 220 221 227 233 242 243 247 260 264 271 275 276 278 290 292 297 304 310 313 334 340 346 354 360 372 375 377 379 392 393 396 408 409 416 418 421 429 432 444 451 452 457 482 495 497 500 502 503 516 519 521 522 529 531 556 566 576 591 601 611 615 621 631 633 638 645 648 657 669 686 715 730 764 770 775 802 805 816 817 823 842 843 853 859 863 872 890 891 909 927 937 941 943 960 970
4  529 843 927 941
2  43 63
1  433
2  619 813
7  18 21 24 475 688 712 941
2  235 816
9  3 19 32 42 429 707 802 842 872
4  656 690 697 737
4  88 110 261 874
1  611
11  246 249 256 279 354 429 728 780 806 872 948
8  44 472 638 639 775 816 845 891
2  168 831
5  140 191 206 460 660
1  207
25  0 9 115 276 278 421 429 500 601 621 669 670 715 723 743 771 775 810 816 823 842 872 891 927 941
2  345 968
2  475 675
1  294
3  656 678 697
1  93
4  628 891 975 981
2  398 823
4  225 431 486 505
20  13 29 75 114 204 309 391 402 542 621 760 775 817 823 843 872 881 927 941 960
7  245 274 480 544 842 853 891
3  678 690 737
15  478 548 554 562 577 621 669 713 763 817 823 842 881 950 959
2  604 861
2  663 994
2  306 941
5  3 19 32 41 61
2  425 762
2  11 167
2  411 827
2  139 932
3  3 677 872
2  493 941
7  112 483 524 531 646 842 872
1  589
2  606 996
2  475 675
1  698
5  241 392 454 872 927
9  670 686 743 771 775 816 843 890 941
2  569 757
9  0 1 7 519 793 842 843 881 941
2  241 927
2  258 605
1  565
1  395
1  320
12  29 214 334 621 631 638 686 743 896 927 941 984
1  477
4  14 600 841 990
7  21 787 802 841 842 872 925
1  534
10  246 276 279 354 383 429 602 681 823 872
3  112 192 579
7  100 208 421 636 670 801 941
3  265 777 920
10  67 82 129 198 211 242 445 451 823 949
3  629 649 829
9  42 52 77 145 173 318 394 473 828
1  109
8  1 25 26 44 55 83 334 872
3  656 678 697
12  18 24 127 137 217 280 392 519 782 859 941 981
8  40 72 100 224 369 872 970 980
2  268 410
2  420 811
1  617
37  2 8 12 20 34 47 74 84 89 135 176 193 194 244 309 322 324 354 379 421 424 429 601 607 638 686 715 723 771 775 816 845 872 927 941 960 980
1  488
3  20 277 772
6  50 65 349 760 775 842
2  510 760
1  252
1  212
4  340 519 842 843
1  606
1  43
3  57 872 941
3  61 254 865
2  567 768
2  406 530
1  716
1  235
2  61 254
29  13 36 55 65 76 85 115 178 196 242 249 451 510 516 531 592 621 631 695 746 747 775 823 842 843 872 891 941 980
4  205 368 574 661
2  425 703
29  14 18 24 48 72 100 245 294 298 429 478 492 501 544 548 612 621 631 645 698 774 823 842 844 853 891 927 959 970
13  23 53 128 379 435 453 457 500 573 627 633 670 859
7  1 596 638 775 867 927 967
2  544 664
18  24 92 94 137 333 385 387 456 465 591 605 782 843 853 859 890 944 978
1  755
4  205 212 368 568
21  0 2 160 168 221 292 418 500 503 521 524 531 542 601 615 657 670 816 842 843 891
10  379 601 686 715 743 775 810 816 872 927
4  277 325 578 745
2  158 374
15  68 245 429 492 535 562 621 763 823 842 844 927 937 941 960
39  69 75 76 189 269 291 293 334 409 420 451 495 522 523 566 611 612 621 638 670 682 686 695 715 743 746 760 765 771 816 820 823 842 843 853 872 891 927 941
1  314
2  265 731
1  91
5  64 108 146 662 818
2  681 872
2  419 443
36  3 4 19 24 32 43 63 68 70 92 94 117 137 209 275 298 333 354 385 387 410 429 517 531 605 621 738 767 842 843 853 859 872 891 944 980
1  630
1  209
3  177 843 872
1  418
4  726 802 925 927
2  193 322
3  204 334 481
7  582 616 621 881 902 927 980
6  38 53 174 360 457 859
5  204 242 291 799 848
1  717
14  21 24 27 39 275 298 301 340 354 372 593 842 952 985
4  14 90 645 943
2  396 899
1  272
2  136 872
1  792
1  668
10  100 208 223 346 512 636 730 815 842 941
39  14 21 23 27 48 59 91 96 120 138 151 162 172 174 183 247 263 271 304 340 354 429 452 576 633 670 677 726 787 816 842 843 859 872 890 927 937 941 960
5  332 464 897 910 973
5  225 236 328 486 505
20  0 55 83 101 242 300 310 334 373 451 500 621 670 820 823 842 853 859 937 980
3  279 329 681
1  118
2  290 941
1  596
3  686 771 835
1  741
1  223
2  619 674
1  412
4  512 801 933 941
99  0 1 4 5 7 10 13 25 26 31 32 38 44 51 53 55 56 67 69 75 76 79 86 101 110 113 126 128 134 135 136 160 164 176 177 204 220 221 235 242 267 309 330 334 344 353 354 364 379 396 402 409 418 422 424 429 442 451 470 500 503 507 516 523 524 527 531 601 609 611 621 638 639 646 655 657 670 676 682 686 715 743 770 771 775 802 820 823 842 843 845 853 859 872 891 911 927 941 960
23  4 14 18 57 113 217 379 391 392 417 521 621 670 695 698 823 842 863 872 909 941 960 970
2  662 779
9  29 79 114 115 495 611 823 843 872
20  0 56 164 242 300 364 402 495 621 775 805 816 823 843 853 859 891 937 941 960
2  94 941
1  362
115  0 8 9 13 15 20 26 29 30 33 34 35 36 44 47 55 65 74 75 76 79 81 84 88 100 101 103 114 144 163 164 168 220 237 242 245 246 248 267 274 276 278 291 294 309 332 334 364 367 373 377 379 391 396 398 402 409 420 429 442 461 470 480 495 500 516 522 531 535 542 548 554 562 577 588 591 602 611 612 621 629 631 638 650 669 670 686 693 695 698 728 732 760 763 774 775 805 816 817 819 820 842 843 844 853 859 863 872 891 927 937 941 960 980 995
2  550 642
2  531 891
1  453
4  321 411 654 705
2  52 734
2  649 733
1  405
3  168 332 683
1  137
3  181 269 983
3  319 872 960
1  810
1  383
2  566 941
1  180
2  483 849
2  545 845
5  14 21 600 725 726
178  0 1 3 4 5 6 7 8 9 10 13 14 18 20 21 22 23 25 27 32 34 35 36 37 38 39 42 43 45 46 48 53 55 57 58 59 65 68 75 83 84 88 91 94 96 100 116 120 134 135 138 147 151 179 182 196 204 208 220 227 235 242 245 247 249 256 271 274 275 278 280 292 294 298 300 301 305 310 313 317 330 333 334 340 341 342 353 354 372 379 385 387 392 396 399 406 422 426 429 432 436 451 452 454 457 462 467 478 492 500 501 502 516 519 520 521 529 535 542 544 548 562 576 591 601 603 611 612 615 621 631 636 638 646 651 669 670 677 686 696 698 709 717 726 746 750 760 763 770 774 775 782 794 801 802 805 816 817 823 843 844 853 859 863 872 881 891 909 927 936 937 941 948 960 970 972 980 984
108  0 1 3 4 5 10 13 21 26 27 29 36 38 43 44 63 67 75 76 79 80 83 86 88 91 101 103 113 114 115 126 134 160 162 164 177 183 220 242 261 278 304 310 313 330 334 340 354 372 373 377 379 396 402 408 418 429 436 451 452 453 485 495 497 500 502 519 527 529 560 571 576 591 611 615 621 628 651 657 670 671 695 715 717 750 760 767 770 775 782 785 802 816 819 820 823 842 853 859 872 881 891 911 927 941 960 980 988
7  429 763 774 823 842 872 927
27  1 7 13 26 28 204 267 279 309 334 359 364 472 495 545 621 639 682 743 816 840 872 891 911 927 941 976
1  66
1  295
2  291 792
1  839
21  0 2 8 9 12 20 54 78 97 185 195 203 223 250 276 307 346 401 421 496 872
2  0 11
7  0 13 121 434 609 655 872
47  0 5 12 14 20 21 37 55 56 68 84 91 100 220 245 274 275 310 371 377 436 485 502 522 544 556 566 583 591 621 670 696 763 767 775 782 805 816 820 823 842 843 859 872 941 959 960
6  46 304 455 553 632 937
1  625
2  320 463
1  29
3  105 185 195
84  0 1 3 4 5 6 7 10 18 21 24 26 29 38 43 48 56 57 59 71 83 91 92 94 101 113 114 115 118 128 137 164 172 174 183 220 242 256 267 301 309 330 333 334 340 379 385 387 392 413 429 451 453 456 457 465 490 494 500 516 519 527 573 602 627 631 668 670 738 764 767 782 791 802 805 816 820 823 842 843 853 891 927 941
3  586 863 905
2  604 699
5  13 44 75 288 927
19  0 377 470 500 586 612 633 653 670 817 823 842 860 872 891 905 909 941 980
1  162
1  754
1  660
2  765 927
1  114
2  40 171
1  425
1  193
178  0 1 2 3 4 5 6 8 9 13 14 18 20 21 23 24 27 30 32 33 39 40 43 44 48 51 53 54 55 57 59 60 65 66 67 68 69 80 83 87 88 89 91 100 101 112 113 114 115 118 121 128 134 136 144 160 164 172 174 176 177 183 185 188 192 194 204 208 213 220 230 233 239 242 246 249 250 256 263 276 278 279 282 286 309 319 329 334 340 347 353 354 372 373 379 390 391 392 393 396 410 418 422 429 434 444 450 452 461 483 495 501 519 521 522 524 527 531 541 542 566 585 591 601 609 615 621 633 636 645 655 669 670 677 681 686 695 707 709 714 726 728 736 739 743 753 760 771 775 780 782 785 798 802 816 817 819 823 834 842 843 844 845 850 852 853 863 891 921 927 937 941 943 959 960 962 981 985
4  155 403 471 903
8  260 261 334 396 621 679 891 927
2  426 478
2  156 498
3  3 134 927
5  47 194 276 379 484
1  611
1  669
40  1 7 14 21 35 59 76 80 96 101 103 113 114 115 138 204 267 334 377 379 391 402 420 495 522 556 582 621 669 695 698 717 790 842 843 902 941 980 981 985
1  196
10  11 102 167 215 216 240 266 284 384 525
2  335 581
1  632
1  255
1  311
1  267
4  138 917 936 971
7  24 94 333 670 715 767 802
105  0 1 2 6 7 10 21 25 26 36 44 50 51 56 65 68 69 73 75 82 83 89 94 101 113 115 129 134 137 164 177 178 218 220 221 230 234 242 245 260 261 274 279 330 333 334 353 359 364 373 383 385 396 410 451 456 472 480 495 500 516 524 531 588 589 594 601 612 621 628 631 638 639 641 657 670 682 686 692 696 760 763 770 775 782 816 820 823 825 842 843 845 859 863 872 874 919 927 937 941 952 960 970 981 985
2  643 904
6  3 59 68 340 379 970
1  436
1  634
4  214 343 723 941
1  803
2  352 528
2  396 796
1  300
1  299
9  582 616 621 790 881 927 941 980 981
7  9 155 287 403 471 474 873
2  892 913
4  315 586 860 863
1  453
1  517
1  34
5  495 670 817 842 863
3  332 464 803
12  0 1 309 344 396 529 816 843 845 927 965 976
1  570
1  904
1  160
1  152
3  28 289 979
2  889 971
4  144 202 273 980
8  7 44 56 69 73 891 941 981
1  731
5  115 118 128 872 937
4  175 201 386 400
2  584 957
1  308
11  4 14 18 21 68 366 419 726 787 927 941
3  208 512 941
103  0 1 4 13 14 15 18 21 24 25 26 28 29 32 44 60 75 83 116 134 172 196 241 256 259 260 275 278 288 289 298 300 326 329 334 362 367 390 391 392 406 429 454 472 494 500 501 522 529 535 566 582 596 616 621 623 628 631 638 639 645 670 671 686 695 714 718 723 743 763 765 771 774 775 787 790 802 816 823 842 843 844 845 859 862 867 872 874 877 891 902 911 925 936 937 941 943 948 959 965 976 980 981
3  45 532 941
1  405
4  0 11 17 637
1  559
3  62 139 706
2  815 941
7  19 32 41 133 285 595 997
3  171 386 541
15  3 4 5 14 138 162 256 354 529 842 889 927 937 965 984
51  0 1 2 3 8 12 14 18 21 24 27 48 103 135 164 169 247 249 256 259 275 280 301 304 326 392 404 432 479 502 576 591 651 670 774 802 805 820 823 842 854 872 891 921 927 936 941 952 960 981 985
2  96 945
18  7 25 26 28 50 51 73 101 113 128 242 334 353 359 383 396 638 639
3  32 42 173
182  0 1 3 4 5 6 7 10 12 14 15 18 21 22 23 24 26 27 29 30 34 35 38 39 43 45 47 48 53 56 57 59 68 69 73 74 75 84 87 89 91 92 94 99 100 114 115 116 120 122 123 137 151 154 164 181 187 196 208 214 217 220 234 239 242 246 247 256 259 263 269 275 276 278 280 290 298 301 303 306 308 309 330 334 340 341 343 346 348 352 354 366 372 377 379 391 392 402 408 417 420 421 429 452 457 461 493 495 497 502 512 519 522 529 532 535 556 566 574 590 605 609 615 621 629 636 639 657 658 670 671 675 686 695 701 708 715 717 723 730 738 743 753 760 774 775 801 802 808 815 816 817 820 821 823 837 842 843 845 853 859 863 872 881 891 896 902 919 925 926 927 928 933 937 944 952 960 970 978 980 981 985
1  114
13  0 1 14 15 18 275 601 645 670 795 872 927 981
15  92 94 123 187 234 246 258 519 605 767 782 941 978 980 981
1  938
1  640
1  358
10  234 246 256 354 392 429 502 681 842 927
1  732
1  698
1  4
9  298 429 612 794 891 937 941 981 985
1  38
1  544
2  5 429
1  629
5  11 561 584 923 964
1  201
9  562 577 645 698 763 853 872 927 965
87  0 1 3 7 8 9 12 13 14 18 19 20 27 29 32 40 42 44 67 70 71 83 91 96 100 101 112 135 162 192 196 200 221 234 256 263 276 282 298 301 308 319 341 347 354 379 389 392 418 424 429 450 466 482 500 503 519 521 524 529 531 535 542 591 601 621 650 670 695 743 774 802 816 817 820 823 834 842 843 853 872 891 937 941 970 981 985
1  435
1  872
1  588
1  957
6  3 911 927 936 959 976
2  151 306
1  765
1  687
2  208 512
21  3 8 12 14 72 100 224 264 354 429 670 739 763 817 842 891 893 941 960 980 981
2  889 917
2  646 842
1  803
1  385
2  692 981
13  0 13 79 126 141 185 309 329 344 845 911 927 965
1  614
15  24 92 94 117 123 137 187 258 456 465 605 767 941 944 980
2  289 916
46  0 2 3 8 14 20 37 47 74 84 117 131 134 144 227 234 239 275 334 367 373 379 402 461 500 504 621 739 743 760 782 790 805 823 842 843 863 881 902 918 927 941 944 970 978 981
50  3 12 19 21 24 37 48 82 129 196 239 243 256 264 275 280 298 301 341 366 389 392 406 408 454 519 529 530 535 560 566 621 628 692 738 872 881 891 902 919 927 937 941 943 944 952 960 970 975 980
1  471
3  181 269 833
6  214 343 631 723 842 936
15  113 168 293 340 353 372 429 794 872 881 891 937 941 952 960
4  2 144 472 594
1  146
2  560 843
2  208 539
2  600 725
1  518
3  2 472 594
1  372
1  700
3  65 504 823
1  711
5  133 285 514 575 934
1  303
1  358
