
***ForestFire:  GeoFire  Nodes:1000  StartNodes:1  Take2AmbProb:0
                FwdBurnP:0.35  BckBurnP:0.354  ProbDecay:1  Orphan:0
(1000, 5213)  burned: [2,3,1]  [0.01s]
1000
92  1 2 7 12 13 14 21 63 69 80 89 91 105 120 135 165 167 171 173 180 185 193 194 222 223 232 258 259 261 288 293 294 302 318 327 337 342 343 367 378 385 398 403 414 416 430 431 459 463 470 473 476 492 512 528 534 545 559 561 571 574 575 591 596 600 632 654 670 679 692 713 716 717 718 719 751 755 767 790 815 827 856 864 866 867 908 930 938 948 970 973 984
88  0 3 4 11 12 14 16 17 18 45 46 54 68 80 82 91 115 116 133 135 156 162 165 171 173 180 185 214 222 223 229 259 272 288 293 298 318 327 342 378 397 403 416 430 455 469 470 492 512 519 528 530 534 542 561 571 575 591 600 632 654 660 667 671 691 697 718 719 743 751 765 767 779 790 825 827 832 856 866 871 883 908 930 948 952 966 973 988
31  0 7 12 21 57 63 76 89 105 225 261 337 342 343 470 473 528 571 591 614 623 650 654 672 679 713 717 755 767 938 948
57  1 5 8 27 54 75 82 116 135 156 162 173 180 213 258 272 288 298 306 315 327 332 342 380 397 416 430 433 452 476 502 504 519 528 534 546 561 575 591 599 654 662 697 718 719 765 767 790 815 827 846 871 874 908 930 966 973
47  1 14 34 37 77 80 91 115 133 148 165 171 258 272 293 318 323 342 365 384 469 470 476 478 490 530 534 575 591 596 632 654 667 693 733 751 790 825 827 832 866 883 908 943 948 952 973
56  3 6 8 22 27 54 56 75 81 82 100 111 116 135 153 162 165 173 180 254 258 288 293 306 312 314 315 327 332 342 344 397 414 416 430 433 445 452 502 519 528 571 575 578 591 598 654 708 718 719 767 778 874 930 966 973
46  5 8 9 10 15 47 54 66 82 100 111 165 180 254 293 306 312 327 332 342 352 397 414 416 433 445 452 474 528 539 575 650 654 697 708 718 719 756 767 790 873 930 952 966 973 993
24  0 2 12 21 24 63 105 166 261 329 337 385 405 470 528 545 573 639 654 732 767 930 948 966
43  3 5 6 9 10 15 20 27 28 54 56 82 116 135 153 180 213 251 258 279 293 298 306 312 327 332 342 416 433 441 512 528 575 654 662 708 718 719 767 879 930 952 973
15  6 8 15 28 163 279 312 433 654 697 790 821 871 930 952
16  6 8 15 28 33 195 279 305 312 420 528 591 654 767 930 952
31  1 14 18 49 80 156 214 222 259 330 342 362 444 457 492 512 539 542 546 559 571 575 591 639 654 767 866 871 887 930 948
43  0 1 2 7 21 80 83 89 94 105 117 147 161 167 207 210 256 259 261 290 342 343 383 385 405 470 473 504 528 571 575 591 617 623 639 654 734 767 815 899 948 966 997
27  0 29 74 93 181 193 194 208 223 232 233 318 367 385 463 476 508 525 559 574 670 767 790 796 877 935 984
49  0 1 4 11 37 45 46 68 80 91 112 120 165 168 173 214 222 233 244 258 272 277 293 318 342 385 393 463 470 492 512 528 559 571 591 632 639 654 718 725 767 866 874 891 908 930 948 952 973
21  6 8 9 10 25 28 33 66 180 213 279 301 312 433 501 528 654 719 790 930 952
21  1 17 68 82 84 115 135 165 173 185 342 378 492 571 654 690 743 790 942 948 973
29  1 16 31 82 91 135 165 169 173 180 247 258 259 293 310 318 342 492 525 528 559 571 575 654 743 767 779 866 973
28  1 11 19 80 116 156 165 180 214 249 293 330 357 385 428 430 433 512 518 528 571 591 654 691 871 908 967 973
31  18 41 50 61 80 98 222 248 249 292 321 330 331 430 476 481 528 546 572 591 648 691 718 767 827 871 908 924 930 967 973
6  8 23 30 180 417 675
28  0 2 7 12 26 63 105 147 167 210 223 261 363 405 470 545 550 571 573 591 650 654 767 815 898 948 966 973
17  5 27 35 54 82 135 218 258 284 306 502 512 519 654 719 930 975
2  20 30
6  7 48 337 385 654 973
7  15 33 335 420 433 501 966
16  21 39 40 63 105 167 204 241 261 363 470 550 571 573 767 815
29  3 5 8 22 35 54 81 82 101 116 135 162 180 218 282 284 298 314 366 502 519 654 662 719 767 789 827 930 948
28  8 9 10 15 32 33 42 64 65 122 160 163 180 190 234 279 305 312 420 433 462 522 528 820 823 930 952 966
10  13 52 191 212 289 476 566 670 767 935
5  20 23 136 440 780
21  17 169 173 180 206 226 247 318 372 421 492 528 559 572 654 728 732 767 846 857 960
12  28 36 38 58 71 160 189 234 279 351 630 823
17  10 15 25 28 43 44 64 65 279 312 420 528 590 930 952 966 988
25  4 37 45 46 110 128 148 165 171 180 213 214 258 390 490 575 591 654 659 667 751 827 866 908 948
10  22 27 135 139 284 427 502 519 719 851
4  32 38 160 234
17  4 14 34 45 46 91 165 213 378 528 632 691 827 866 908 930 948
4  32 36 224 234
6  26 63 395 470 571 639
8  26 63 261 551 571 581 689 952
40  19 50 59 61 80 196 214 222 223 233 255 292 293 310 321 331 342 385 396 430 470 494 528 546 555 572 598 624 648 718 732 767 827 842 864 889 892 908 930 973
5  28 220 448 597 820
12  33 65 79 85 102 151 174 301 312 443 527 952
7  33 65 67 88 863 930 952
19  1 14 34 37 46 165 222 470 528 559 591 626 667 671 777 815 908 930 966
36  1 14 34 37 45 91 110 116 156 165 185 213 214 222 258 272 310 342 378 528 534 575 591 594 632 654 690 691 751 815 827 864 866 900 952 973
23  6 51 78 113 144 180 250 307 316 356 433 453 474 478 528 650 718 734 756 873 930 973 993
3  24 385 723
6  11 123 132 214 362 591
18  19 41 62 80 95 98 109 214 321 409 467 471 528 618 625 842 871 930
25  47 72 78 113 119 121 125 149 180 307 316 356 453 588 656 718 734 756 853 873 930 944 955 973 992
10  29 53 55 134 191 212 412 638 686 749
3  52 412 541
21  1 3 5 6 8 22 27 75 82 116 135 180 206 258 327 512 530 654 767 908 930
10  52 70 134 191 211 212 289 731 749 890
21  5 8 60 135 153 203 213 251 258 306 342 476 575 591 654 718 866 874 908 930 973
4  2 242 300 614
5  32 86 189 351 630
14  41 80 120 222 266 310 318 430 521 528 718 732 738 908
14  56 87 135 162 173 180 293 306 425 476 571 631 654 930
14  19 41 99 255 308 331 376 476 572 648 681 908 924 973
9  50 80 97 109 217 310 513 618 930
26  0 2 7 21 26 39 40 105 167 204 210 261 329 363 395 470 551 571 639 650 713 767 815 874 930 948
10  28 33 65 157 163 174 443 460 528 952
21  28 33 43 44 64 67 88 118 163 174 279 414 443 522 528 549 590 863 930 952 973
6  6 15 379 528 699 786
7  44 65 88 528 539 863 952
27  1 14 16 73 116 156 165 173 180 222 306 310 342 470 476 492 571 591 598 654 743 790 866 911 925 930 948
7  0 294 431 567 575 715 716
10  55 90 134 211 212 289 642 731 749 890
7  32 114 721 792 808 823 994
9  51 184 200 265 356 718 769 873 973
7  68 116 180 306 476 591 925
19  13 181 193 194 223 260 318 367 380 385 424 463 508 559 574 654 767 877 973
6  3 5 54 116 512 767
12  2 89 340 558 571 614 623 707 713 717 767 864
18  4 91 115 130 152 262 270 342 365 384 469 485 654 811 868 943 948 952
26  47 51 107 113 121 144 180 206 213 214 356 474 575 576 615 637 650 656 730 734 756 828 866 930 973 985
9  43 102 108 124 151 275 400 419 688
55  0 1 4 11 12 14 18 19 41 50 59 62 96 97 109 120 165 168 214 222 258 293 310 318 321 336 385 396 430 457 463 467 494 504 528 539 546 571 572 591 610 625 631 667 690 693 781 815 842 866 883 908 930 966 973
23  5 27 127 288 314 344 352 413 416 449 463 479 492 528 539 582 718 778 815 897 930 953 966
32  1 3 5 6 8 16 17 22 27 54 116 135 156 213 214 258 259 293 327 378 430 476 530 572 662 671 827 846 866 908 930 973
14  12 94 167 207 256 261 343 363 571 591 767 788 815 899
9  16 185 258 451 534 548 591 690 815
4  43 370 527 645
4  58 205 351 762
14  60 92 135 140 162 180 186 512 572 631 632 654 676 930
9  44 65 67 414 539 590 854 863 952
10  0 2 12 76 520 558 571 614 623 938
6  70 289 731 749 800 890
39  0 1 4 14 17 37 46 77 103 106 110 165 168 214 223 229 230 272 293 318 324 342 528 559 571 574 575 591 610 632 654 680 691 751 779 864 866 874 952
10  87 104 145 162 180 186 309 426 571 632
13  13 233 318 355 422 463 476 528 559 574 596 647 778
13  12 83 117 161 207 235 256 261 281 617 639 899 948
10  50 159 227 228 299 625 866 871 895 980
20  80 97 126 155 209 310 336 463 494 528 539 571 631 654 693 908 930 948 966 973
16  62 80 96 120 209 310 446 463 546 568 631 654 921 946 956 988
3  19 50 109
8  61 255 331 476 561 681 708 908
11  5 6 312 344 352 414 416 433 528 539 718
19  27 129 138 282 284 346 366 404 502 506 519 649 654 662 719 789 827 860 973
3  43 79 151
18  91 106 165 168 214 229 293 324 342 455 539 571 575 632 863 866 882 952
5  92 145 162 285 426
20  0 2 7 12 21 26 63 147 158 167 204 261 271 337 470 572 650 654 767 815
23  91 103 141 165 168 214 229 293 324 342 352 385 416 455 528 539 632 690 775 871 908 952 953
9  78 121 144 474 615 656 756 930 973
5  79 274 275 295 643
13  50 62 80 98 217 222 272 310 350 625 795 842 963
24  34 46 91 116 165 182 213 214 230 233 342 392 416 476 528 571 574 591 632 654 661 866 908 952
10  5 6 187 254 263 397 445 452 587 748
4  14 120 470 908
14  47 51 78 121 131 144 250 575 650 708 734 756 930 973
8  71 137 178 562 721 792 808 978
11  1 4 16 77 152 229 258 293 430 591 654
39  1 3 5 8 18 27 46 54 68 73 75 82 110 135 156 165 173 180 201 213 214 258 293 342 385 397 433 469 470 476 528 559 571 591 654 718 719 827 911
2  12 94
4  65 279 280 628
9  51 125 172 453 586 588 853 934 972
26  0 14 59 80 97 112 150 165 175 222 258 266 272 310 358 385 398 492 504 571 654 733 751 894 908 948
15  51 78 107 113 144 214 250 307 474 606 671 756 930 957 973
4  28 190 303 583
6  49 132 214 362 591 866
4  79 151 275 770
4  51 119 588 853
12  96 142 155 209 310 654 693 751 866 930 948 973
17  81 268 288 344 352 414 463 492 539 582 622 647 718 778 817 953 966
14  34 148 165 171 293 339 559 575 654 745 765 836 866 948
14  101 138 146 282 284 346 429 502 523 649 654 758 789 860
17  77 152 177 262 342 418 469 503 512 529 540 654 764 767 868 943 984
10  113 143 144 575 650 708 734 756 930 973
5  49 123 214 362 866
6  1 4 216 403 530 825
9  52 55 70 211 212 289 749 890 998
50  0 1 3 5 8 16 17 22 27 35 54 56 60 82 87 116 140 156 162 165 173 180 186 206 213 222 258 259 277 293 306 342 380 385 469 476 512 528 569 571 572 575 591 654 662 767 908 930 948 960
2  30 399
9  114 178 456 562 585 721 792 808 978
4  101 129 282 346
5  35 284 427 502 519
8  87 135 156 162 180 186 591 654
13  106 165 293 342 385 499 528 539 546 673 775 866 915
16  126 164 179 209 310 311 333 336 539 574 693 751 854 866 930 973
7  131 144 188 236 705 756 930
21  47 78 107 113 121 131 143 214 250 474 575 606 624 650 734 756 866 930 948 957 973
4  92 104 186 426
5  129 346 649 789 802
15  12 21 105 167 202 204 261 405 470 473 571 654 767 815 973
14  4 34 128 171 258 293 323 575 596 654 659 767 866 948
2  51 959
8  120 222 266 504 521 592 718 732
7  43 79 102 124 154 275 312
12  77 115 130 197 199 258 270 342 476 559 575 654
8  5 8 56 306 575 718 719 973
2  151 275
10  96 126 209 310 510 603 666 767 946 948
25  1 3 11 18 46 68 82 116 135 140 162 165 173 180 186 206 222 293 342 378 528 591 654 719 827
4  64 174 391 507
5  105 261 617 650 846
1  95
4  28 32 36 630
15  12 94 167 170 176 290 401 405 416 591 617 639 899 922 983
33  1 3 5 27 60 87 92 104 135 140 156 165 173 180 186 206 277 327 380 414 426 463 539 571 622 631 654 719 767 854 908 930 973
16  9 28 64 65 174 245 279 301 312 348 414 460 538 910 930 952
7  142 179 333 491 539 854 930
70  0 1 4 5 6 14 16 17 18 34 37 45 46 68 80 91 103 106 110 116 120 128 135 141 156 162 168 171 180 185 206 214 222 253 258 277 293 318 342 356 378 385 416 445 463 470 478 512 528 530 539 546 559 561 571 575 591 595 632 671 690 718 765 767 866 908 930 948 952 973
3  7 192 601
19  0 12 21 26 63 83 105 147 161 204 261 363 405 470 550 571 683 767 815
14  14 80 91 103 106 165 214 342 463 492 571 632 690 930
12  17 31 173 247 310 318 350 492 572 654 732 948
7  161 176 290 639 734 899 922
31  0 1 4 34 128 148 165 185 198 214 229 258 293 342 385 430 438 455 470 559 575 596 659 765 767 866 867 905 948 970 973
5  119 183 586 853 934
30  0 1 3 5 14 16 17 31 60 68 116 135 156 162 169 180 219 258 288 293 342 397 454 559 571 654 743 827 960 966
8  43 64 65 157 163 301 410 443
7  120 222 512 571 751 894 908
4  161 170 639 922
6  130 215 231 257 537 698
10  114 137 456 562 721 737 792 808 920 978
6  142 164 310 539 753 930
56  0 1 3 5 6 8 15 17 18 20 27 28 31 34 47 51 54 60 68 73 78 87 92 116 135 140 156 162 165 173 206 213 214 219 221 247 258 277 293 310 342 476 528 530 557 559 571 575 591 632 654 718 767 790 854 908
20  13 74 193 194 233 246 293 318 385 463 475 476 559 571 574 610 652 767 930 984
8  110 214 223 287 392 632 640 952
2  172 432
4  72 265 560 718
17  0 1 16 46 84 165 171 214 258 342 500 528 534 575 654 671 930
9  87 92 135 140 145 156 162 509 654
10  111 263 304 360 397 416 445 452 748 926
6  143 325 341 705 709 756
5  32 58 279 351 382
3  28 122 462
11  29 52 55 211 212 289 483 580 731 749 767
4  166 374 434 601
26  0 13 74 181 194 223 233 293 318 326 327 364 380 385 424 430 463 476 530 574 591 767 772 864 930 973
20  0 13 74 181 193 233 260 293 318 326 385 463 470 559 574 846 864 885 908 930
3  10 279 420
5  41 233 255 293 334
6  152 342 488 575 654 810
14  171 214 293 297 342 430 441 534 575 596 691 767 866 970
8  152 237 258 534 575 591 813 930
5  72 482 718 769 873
5  116 293 355 528 911
4  147 470 571 973
2  56 930
18  26 63 105 147 167 261 405 470 473 504 517 571 650 654 767 815 846 973
4  86 317 351 702
24  31 54 78 135 156 162 165 180 213 214 222 233 277 293 356 372 463 528 530 591 767 828 930 988
9  12 83 94 320 343 383 528 571 767
8  13 318 476 525 684 796 908 984
19  96 97 126 142 155 310 336 514 539 575 654 693 744 751 854 921 930 946 948
9  12 21 63 405 470 545 774 815 997
13  55 70 134 191 212 289 580 605 642 651 731 749 890
12  29 52 55 70 134 191 211 289 605 749 767 890
36  3 8 15 34 37 46 56 78 82 110 116 135 180 206 214 221 222 258 293 328 342 378 433 476 512 528 534 575 591 671 718 827 866 930 973 988
63  1 11 14 18 34 41 46 49 50 78 80 82 91 103 106 110 116 121 123 132 144 165 168 171 180 182 185 198 206 213 222 223 229 230 233 250 258 293 342 362 422 430 455 471 504 528 534 571 574 575 591 624 632 671 691 767 827 828 864 866 930 952 973
5  177 257 537 556 698
3  133 752 825
4  62 109 238 310
6  22 27 240 258 484 973
8  173 180 221 272 342 632 827 865
6  42 269 286 448 820 839
14  180 213 219 222 272 277 293 342 385 521 530 559 632 827
55  0 1 11 14 19 41 45 46 59 68 80 109 120 135 150 156 165 175 206 213 214 221 223 233 255 266 272 277 293 306 310 318 321 342 350 362 385 470 476 512 521 528 559 571 572 625 631 654 718 866 871 930 948 966 988
35  0 1 13 21 41 74 91 182 193 214 222 233 243 310 318 337 342 362 385 392 396 397 403 470 528 544 559 571 574 591 654 693 718 767 973
1  38
6  2 337 342 672 679 700
8  31 318 492 528 646 654 767 857
4  95 228 299 750
8  95 227 239 299 411 423 720 750
21  1 91 103 106 115 171 214 233 293 324 342 385 455 504 571 632 654 708 864 908 952
17  91 110 214 233 243 258 291 293 342 362 380 571 574 661 691 767 973
4  177 257 276 698
4  0 13 685 977
52  13 14 41 93 110 181 193 194 196 206 214 222 223 229 230 243 244 272 277 293 318 322 334 342 355 362 380 385 422 463 470 476 528 539 543 546 555 571 574 591 624 718 767 827 864 873 908 930 939 948 966 973
4  28 32 36 38
4  94 261 551 948
2  143 381
2  199 591
3  217 310 654
2  228 299
3  218 258 973
5  26 571 573 677 948
2  57 300
14  223 230 233 272 291 342 362 380 416 574 693 767 930 973
7  14 233 272 277 342 528 591
6  163 301 348 884 910 952
9  181 293 318 385 475 571 574 767 952
16  17 31 169 180 264 293 310 318 349 350 385 525 654 743 767 948
3  19 321 396
5  18 19 252 428 430
19  47 113 121 144 214 267 273 278 307 472 571 575 606 755 756 902 930 957 973
9  8 56 306 408 476 486 561 708 874
2  249 430
4  165 277 416 928
4  5 6 111 445
17  41 61 99 196 222 306 331 334 376 476 528 561 572 598 681 708 908
5  12 83 94 343 767
5  177 215 231 276 698
54  0 3 4 5 8 14 17 22 34 46 54 56 80 82 84 115 116 120 135 148 152 165 171 173 180 185 199 213 214 218 230 240 259 272 293 313 318 342 380 430 451 534 559 571 575 577 591 610 671 767 866 930 948 973
28  0 1 11 12 17 82 135 258 272 313 318 342 375 380 385 416 476 534 547 571 574 575 591 654 767 790 864 948
4  74 194 293 463
34  0 2 7 12 21 26 40 63 83 94 105 147 158 167 204 235 385 405 437 470 545 550 551 571 617 639 650 654 767 815 846 930 948 973
6  77 130 342 469 635 984
11  111 187 304 360 397 416 445 452 493 528 748
5  247 349 350 654 743
6  72 184 560 658 718 976
10  59 120 150 222 318 398 521 718 732 814
10  250 273 278 307 316 389 472 756 930 973
8  127 288 352 414 463 574 647 966
2  220 820
2  77 152
1  105
49  1 3 4 14 46 91 109 120 219 221 222 233 243 244 258 259 277 293 310 313 318 322 342 358 375 385 416 546 547 559 571 575 591 610 632 654 706 718 725 733 751 832 865 866 883 908 930 948 973
5  250 267 307 377 394
2  108 295
7  79 108 124 151 154 283 724
2  231 257
28  14 135 162 165 180 206 221 222 233 244 253 272 293 310 342 385 392 416 463 512 528 559 575 591 654 767 939 973
9  250 267 296 532 902 912 930 951 973
18  8 9 10 15 28 32 33 65 118 163 189 195 301 312 414 420 708 952
1  118
2  94 914
9  27 101 129 138 346 461 502 654 719
2  275 319
13  22 27 35 101 129 139 346 359 407 427 502 519 719
1  104
3  220 345 820
4  182 640 835 962
23  0 1 3 5 81 127 173 268 327 342 352 385 414 416 463 476 539 559 627 647 930 952 966
16  29 55 70 90 134 191 211 212 347 515 605 642 731 749 890 998
6  12 161 170 405 815 899
7  230 243 380 416 589 693 930
4  19 41 396 842
90  0 1 4 5 6 8 14 17 18 41 60 80 82 91 103 106 115 116 128 135 141 148 156 165 171 173 180 181 193 194 196 198 201 206 213 214 221 222 229 230 233 246 247 258 260 272 277 297 310 313 318 327 334 342 355 380 385 397 416 430 441 455 463 528 550 559 571 572 574 575 591 610 613 631 654 691 708 751 767 827 828 854 866 883 907 911 930 952 966 973
8  0 69 302 431 575 678 708 716
2  108 274
6  278 511 532 695 735 902
7  198 293 338 373 430 691 965
9  1 3 8 27 468 487 502 512 546
6  95 227 228 239 411 750
8  57 242 354 361 505 614 707 982
13  15 43 163 174 245 279 312 348 410 414 443 910 952
11  0 294 369 406 431 575 716 815 855 948 966
2  122 583
9  187 263 360 397 402 416 452 528 767
2  10 28
29  3 5 6 8 22 56 60 68 73 135 153 222 251 255 331 376 408 512 528 561 598 631 681 708 718 846 871 908 973
9  47 51 121 250 267 273 316 389 973
4  61 579 648 806
1  92
54  17 41 46 59 62 68 80 96 97 109 120 126 142 155 169 179 180 209 217 222 223 238 247 272 277 293 336 342 350 385 392 416 463 492 528 539 546 559 561 571 574 575 591 654 693 732 741 743 751 755 767 908 911 930
2  142 930
26  5 6 8 9 10 15 28 33 43 100 151 163 279 301 327 352 414 416 475 528 591 718 767 871 966 973
17  258 259 272 293 318 342 380 385 416 528 571 591 610 654 725 767 973
5  5 27 81 479 528
10  3 5 327 353 475 599 767 772 846 874
14  47 51 267 307 356 433 474 710 718 756 798 955 957 973
2  205 351
63  0 1 4 13 14 17 31 59 74 80 91 93 165 169 181 193 194 208 222 223 226 233 246 247 258 259 266 272 293 313 327 334 337 342 355 367 380 385 416 424 463 475 476 492 525 528 542 559 561 571 572 574 591 610 654 718 732 767 846 908 948 973 979
1  283
3  207 343 815
10  19 41 50 80 222 248 396 831 901 930
10  233 272 416 477 546 547 571 908 948 973
3  4 148 888
11  91 103 106 229 342 385 430 504 528 571 654
2  188 709
4  193 194 327 604
40  0 1 3 5 6 8 54 82 162 193 288 293 312 315 318 326 352 385 416 430 463 470 475 476 530 539 553 559 575 654 708 718 767 772 815 874 930 952 966 973
2  213 827
6  7 63 363 470 815 966
9  11 18 19 362 430 518 591 691 924
16  19 41 61 99 255 306 376 476 528 561 571 598 681 846 908 940
6  3 5 6 8 397 430
5  142 164 495 693 964
18  196 233 255 293 318 342 355 380 422 476 489 528 561 572 574 654 767 930
3  25 433 436
11  80 96 142 209 310 539 571 693 751 908 948
21  0 2 7 24 105 223 225 318 342 367 385 405 470 504 528 572 654 672 732 774 973
2  297 373
3  128 669 745
5  76 435 571 864 889
4  188 439 709 859
99  0 1 2 3 4 5 6 8 11 12 14 16 17 41 46 56 68 77 91 103 106 110 116 130 135 141 152 156 165 168 171 173 180 185 197 198 213 214 219 221 222 223 225 229 230 233 243 244 258 259 262 272 277 288 293 310 313 318 324 334 337 352 367 380 385 414 416 430 463 469 470 473 476 492 504 528 530 534 539 546 561 571 575 591 632 635 654 671 693 755 767 790 827 871 873 908 930 948 973
17  0 2 12 83 207 256 320 473 504 528 571 591 611 654 760 767 815
10  5 81 100 127 352 414 528 539 718 756
1  286
11  101 129 138 146 282 284 388 429 789 791 878
2  289 442
9  163 245 301 414 464 629 910 952 973
4  247 264 480 654
11  109 169 222 247 264 310 392 466 528 654 732
6  32 58 86 189 205 317
28  6 81 100 106 127 268 288 312 327 342 344 371 380 385 392 414 416 447 463 528 539 559 591 690 718 755 766 966
4  315 475 767 874
4  300 505 614 707
16  93 201 233 293 318 334 424 476 528 555 561 620 627 647 818 971
17  47 51 72 78 165 206 316 433 478 528 656 718 734 769 798 828 973
1  18
7  120 272 385 416 504 733 930
3  284 427 458
6  187 263 304 397 416 452
3  300 505 707
19  11 49 123 132 214 222 223 230 233 243 330 385 416 452 518 528 591 691 866
12  21 26 63 83 167 329 368 405 470 571 815 838
3  193 380 767
5  4 77 386 591 948
6  27 101 662 789 913 930
21  0 13 74 318 337 342 380 385 387 470 525 528 550 559 571 591 654 732 767 854 973
4  363 571 815 834
5  302 406 716 784 855
3  85 527 645
4  352 528 559 908
4  31 206 728 767
4  297 338 535 965
2  192 434
5  259 272 547 571 733
13  61 255 306 331 512 571 572 591 681 708 908 940 973
2  273 415
16  0 1 16 37 46 82 156 165 213 528 536 594 717 827 871 908
1  66
41  3 74 135 162 193 230 233 243 258 259 291 293 313 318 334 342 352 364 367 385 414 416 422 424 463 528 542 546 559 574 591 654 718 767 846 854 903 930 967 973 974
1  236
1  189
4  12 207 528 747
5  4 77 485 633 932
75  0 7 12 13 14 18 24 41 48 74 80 106 116 120 135 141 165 171 181 193 194 221 222 223 229 233 246 247 259 261 272 277 288 293 310 313 318 324 327 337 342 352 358 362 367 380 392 397 405 414 416 430 452 463 470 475 476 504 508 528 539 559 571 574 591 627 654 723 767 846 854 930 948 966 973
2  365 937
4  367 470 654 973
2  346 791
2  267 307
3  34 490 908
1  157
21  110 182 223 277 310 350 352 385 397 405 416 430 470 475 528 559 571 654 755 866 973
4  14 654 767 833
2  273 619
7  39 63 470 546 571 874 948
10  41 80 223 248 292 321 403 450 528 973
25  1 3 5 6 111 116 173 187 223 263 293 304 332 360 385 392 405 416 430 452 454 528 697 719 966
6  0 120 266 751 845 908
1  136
1  79
2  161 983
3  304 416 528
8  0 1 133 223 396 450 544 825
2  101 654
34  7 12 21 147 161 167 204 210 261 290 337 363 385 392 397 416 454 470 473 528 545 571 591 639 654 719 755 767 774 815 849 930 966 973
6  302 369 665 716 784 855
1  284
5  251 306 524 561 874
1  50
3  174 301 443
5  228 299 584 750 941
4  52 53 541 686
2  81 815
34  0 5 6 65 88 100 127 162 163 268 279 288 301 312 342 344 348 352 380 385 416 463 528 539 542 571 654 718 854 874 908 910 930 952
2  377 674
63  0 1 3 5 6 8 81 100 106 110 161 165 187 243 253 259 263 272 277 288 291 293 304 310 312 313 318 322 327 342 352 358 360 362 380 385 392 397 402 405 414 452 454 476 477 492 528 539 545 546 559 561 571 591 632 654 717 790 874 886 908 930 973
1  20
4  130 529 984 991
2  79 688
7  10 25 28 33 195 279 497
5  31 492 572 591 654
12  93 214 233 334 380 463 528 542 574 854 864 930
3  228 720 750
11  74 193 318 355 380 463 498 627 647 846 930
2  60 631
5  92 104 145 162 908
6  35 139 284 359 458 851
6  18 249 430 528 591 798
4  129 346 502 789
46  0 1 3 5 18 19 41 59 80 82 115 171 193 198 214 249 252 258 293 297 324 327 330 332 342 385 392 397 428 454 459 476 504 528 571 578 591 631 654 691 798 866 966 967 970 973
7  0 69 294 302 575 716 736
2  183 757
25  3 5 6 8 9 15 18 25 28 47 100 116 213 316 335 356 522 528 571 654 718 942 955 969 973
3  192 374 687
4  340 496 864 889
1  335
6  261 470 571 654 739 929
6  171 596 867 905 970 973
1  341
2  30 780
6  8 198 293 572 767 825
1  347
7  43 64 65 174 301 410 930
1  11
13  5 6 111 165 187 254 263 452 528 530 591 718 742
3  97 761 921
2  352 766
4  42 220 597 820
10  81 463 479 622 644 647 778 824 897 953
5  396 403 570 825 973
5  84 258 577 591 875
19  3 5 6 111 187 263 304 360 362 385 397 416 445 492 528 654 697 748 966
5  47 51 119 465 873
10  173 397 405 416 430 528 639 815 966 988
13  1 103 106 171 214 229 293 632 654 864 882 930 952
7  137 178 562 585 721 792 808
3  11 80 654
3  359 427 531
5  0 430 528 767 798
4  64 163 682 952
3  282 844 918
2  28 190
59  0 13 14 74 80 81 93 96 97 127 162 165 168 181 193 194 206 233 260 268 277 288 293 310 318 327 342 352 380 385 414 422 424 449 470 476 492 498 516 528 539 546 559 561 571 574 575 591 622 627 647 654 755 767 846 874 908 930 988
4  348 910 952 973
2  453 987
2  350 526
6  50 80 625 667 866 871
1  298
15  1 4 77 116 130 135 262 342 512 571 591 654 767 948 984
65  0 1 2 4 7 12 14 21 26 39 41 45 63 68 105 112 116 147 165 167 171 194 202 204 210 222 223 233 261 327 329 337 342 363 367 385 387 392 395 405 437 463 516 528 539 546 547 550 551 559 561 571 591 639 650 654 690 713 755 767 815 827 864 874 948
3  50 214 837
2  250 267
19  0 2 12 147 204 342 343 405 492 504 528 545 571 591 650 654 815 930 973
13  6 47 78 107 121 144 316 606 734 756 930 957 973
14  181 246 312 315 318 327 353 385 392 539 559 571 767 973
57  0 3 4 13 19 29 56 60 61 68 73 82 93 99 110 116 135 152 180 181 193 208 213 222 233 251 255 259 288 318 327 331 334 342 355 385 416 430 463 492 512 528 539 546 559 561 571 574 591 654 790 815 874 908 952 973 988
3  322 416 908
8  4 47 165 356 530 571 734 973
5  81 314 449 655 664
2  349 654
3  19 565 691
2  200 718
3  191 580 749
1  218
4  77 384 811 932
2  251 874
3  298 502 602
3  197 654 810
2  334 572
6  4 34 390 591 908 917
2  164 916
41  0 1 11 14 16 17 31 68 81 120 127 168 169 226 310 318 342 416 421 452 463 473 476 512 528 539 545 559 571 572 591 647 654 718 743 778 815 866 874 966 973
2  263 528
8  41 80 96 528 554 609 610 869
1  333
1  435
1  420
5  424 463 559 627 930
5  141 528 591 673 915
2  185 950
2  15 25
19  3 5 22 27 35 101 129 139 282 284 298 429 487 506 519 719 758 785 973
3  130 608 764
23  3 12 80 120 150 204 214 229 324 337 342 343 358 385 430 473 528 545 571 591 654 815 908
4  300 354 361 707
3  101 502 654
1  157
4  13 74 385 767
1  186
4  155 603 634 946
5  296 532 563 593 695
35  0 1 8 11 14 18 22 54 75 87 130 135 165 175 213 222 277 298 306 376 469 476 492 528 539 545 546 571 572 591 598 654 767 827 984
1  62
3  209 539 693
4  289 642 961 998
5  463 470 607 654 850
5  204 533 571 701 815
7  18 330 362 691 870 883 924
12  1 3 5 22 27 35 101 139 284 502 654 973
3  89 571 938
8  59 150 221 222 266 552 718 893
9  28 65 433 528 571 654 823 863 866
3  129 612 789
3  408 561 636
8  13 17 208 247 318 367 571 654
2  466 694
5  43 85 370 645 847
147  0 1 2 3 5 6 7 8 10 12 14 15 17 18 19 28 31 33 37 41 45 46 47 50 59 64 65 66 67 80 81 91 93 96 100 106 110 116 135 141 156 165 180 185 201 206 207 213 214 222 223 226 233 244 255 263 277 293 304 306 310 312 313 314 318 324 331 334 337 342 343 344 350 352 355 356 362 367 371 378 380 383 385 392 396 397 402 405 414 416 422 428 430 433 445 452 454 459 463 470 473 476 492 493 494 499 504 512 522 539 545 546 550 559 561 571 572 591 594 609 613 625 632 639 646 654 681 732 734 741 742 747 767 798 815 827 846 854 863 864 869 871 874 930 966 973 974
3  130 418 984
20  1 4 54 82 133 165 180 193 206 221 327 342 445 478 571 575 591 767 825 880
1  458
8  278 296 511 593 663 695 902 951
1  517
18  0 1 3 4 46 84 185 198 199 213 214 258 259 342 575 591 690 827
1  373
4  378 594 717 871
4  177 215 556 698
1  163
60  6 11 67 80 81 88 96 100 103 106 127 141 142 162 164 165 179 209 233 288 310 327 336 342 344 352 385 414 416 463 470 475 476 492 512 514 528 545 546 561 571 582 591 632 654 690 693 718 742 751 767 854 863 874 930 948 952 953 966 973
1  130
2  53 412
9  1 11 318 380 414 422 574 854 874
3  233 616 948
2  223 403
26  0 7 21 210 261 405 416 473 492 504 512 528 539 546 571 591 639 650 654 713 815 864 930 966 973 984
39  3 11 19 41 80 97 141 165 233 272 298 310 322 342 380 395 416 463 470 476 512 528 539 545 547 571 574 591 594 631 654 671 863 874 908 930 948 967 973
10  259 272 322 375 470 546 571 866 908 948
1  84
1  65
14  21 26 167 261 293 367 470 528 561 571 617 639 650 654
10  40 63 235 261 470 654 815 886 948 979
2  521 718
2  327 930
2  494 609
6  41 233 355 818 873 958
3  215 537 698
2  180 621
7  76 89 564 571 623 639 717
63  0 11 13 14 17 31 45 74 91 93 116 128 152 165 171 173 180 181 194 221 222 223 258 272 277 288 293 310 318 327 352 367 371 380 385 392 416 463 470 475 476 492 498 528 561 571 572 574 591 596 610 627 632 654 734 755 767 815 861 866 908 930 966
3  184 265 718
32  0 1 3 99 165 251 255 306 310 318 331 334 342 355 408 416 463 470 476 524 528 539 550 559 571 591 632 654 874 908 966 973
8  114 137 178 456 585 721 792 808
4  511 593 663 695
2  558 717
2  481 691
2  29 807
4  69 575 715 716
1  97
1  135
3  450 933 973
138  0 1 2 5 11 12 14 16 17 18 21 26 39 40 60 63 68 76 80 83 89 91 92 96 103 110 116 120 135 147 162 165 167 168 173 175 180 181 202 204 207 214 222 223 229 230 233 241 246 250 258 259 261 272 293 310 313 318 322 324 331 336 340 342 343 363 367 368 375 376 385 392 395 405 414 416 430 433 437 463 469 470 473 475 476 478 492 504 512 517 520 522 525 528 530 539 545 546 547 550 558 559 561 572 574 575 591 617 624 631 632 639 654 681 690 701 718 727 734 739 751 755 767 815 864 866 874 908 910 929 930 939 942 948 952 966 973 988
36  19 31 41 61 80 82 87 105 135 169 222 255 293 318 334 337 376 421 441 489 492 512 528 559 571 591 624 650 654 690 728 767 866 908 930 948
6  7 21 26 241 754 767
42  0 13 74 91 93 110 142 181 193 194 214 223 230 233 243 246 259 268 293 310 318 334 380 385 422 463 476 542 546 559 571 575 591 624 627 654 767 864 874 908 930 973
71  0 1 3 4 5 6 8 11 12 17 34 46 56 69 78 91 103 113 128 131 135 144 148 152 153 165 171 180 185 197 198 199 209 213 214 250 258 259 272 277 293 294 302 310 327 342 431 463 530 534 567 571 574 591 650 654 708 715 716 719 756 765 767 866 871 874 930 948 952 966 973
2  78 990
3  258 451 591
3  5 430 798
3  308 653 927
5  191 211 483 605 749
1  40
5  81 127 539 591 778
2  122 303
2  411 941
5  137 456 562 721 792
4  119 172 712 972
1  111
3  51 119 125
1  291
7  33 65 88 854 863 952 973
119  0 1 2 3 4 5 10 11 12 14 18 19 21 34 45 46 49 56 68 73 80 83 84 91 110 115 116 123 135 140 156 161 165 180 193 199 206 213 214 223 233 237 244 258 259 272 277 293 310 312 313 318 330 342 343 352 362 365 367 376 380 385 405 416 421 428 430 445 451 463 469 470 473 476 490 492 499 504 512 528 530 534 539 545 546 559 561 571 572 574 575 577 582 624 639 650 654 681 690 716 718 728 767 790 798 813 815 866 874 908 917 924 930 948 952 967 970 973 984
2  150 718
6  511 532 563 663 695 902
6  46 378 528 536 546 613
4  165 718 822 973
12  0 4 93 148 171 198 438 559 654 691 866 948
3  42 448 820
8  5 41 68 255 306 331 512 719
4  3 315 767 874
2  0 1
3  166 192 812
1  487
3  155 510 666
1  326
8  211 212 289 580 642 651 749 767
8  121 144 250 474 756 930 957 973
1  516
2  503 764
4  494 528 554 968
12  80 91 181 258 272 293 313 318 494 559 641 869
3  343 654 760
2  523 789
4  293 528 594 911
9  2 57 76 89 300 354 707 782 938
5  78 107 656 756 973
2  543 843
8  12 94 158 161 261 550 571 654
2  50 62
1  394
2  355 841
1  557
4  127 162 449 463
9  2 12 76 89 558 639 650 708 908
21  41 144 214 233 571 572 574 591 639 650 690 696 704 734 767 815 874 930 948 973 984
9  50 80 95 109 222 467 528 667 866
5  45 671 711 777 930
10  288 355 385 424 463 498 559 574 846 930
2  118 657
4  348 759 804 952
3  32 58 160
15  60 80 87 96 97 162 222 293 306 425 430 546 571 708 930
39  0 1 4 14 37 46 87 91 92 103 106 110 165 168 180 182 214 219 221 229 272 342 416 455 528 539 559 561 571 654 722 727 740 767 828 865 908 952 973
2  384 932
1  510
2  262 342
1  524
2  78 828
2  52 771
26  7 11 12 14 39 63 94 161 170 176 261 405 454 470 528 545 550 558 571 591 623 624 650 708 734 988
2  182 287
2  610 876
9  70 211 289 515 605 651 749 890 961
1  108
3  449 763 897
3  85 370 527
3  226 528 654
12  93 127 268 288 355 424 449 463 492 654 778 953
7  19 41 61 308 668 892 908
4  101 129 146 881
35  2 6 21 47 63 78 105 113 131 144 158 204 261 470 473 545 550 572 575 591 623 624 639 654 681 696 704 708 734 767 866 930 948 973 988
5  211 605 642 749 767
4  181 805 984 996
2  579 927
160  0 1 2 3 4 5 6 7 8 9 10 11 12 14 15 16 17 18 21 22 24 27 31 34 46 54 56 60 68 74 77 87 91 96 97 101 105 110 115 116 120 126 128 129 130 135 140 147 148 152 156 162 169 173 180 185 186 197 204 209 222 223 226 229 238 247 259 261 264 272 277 282 293 310 313 318 324 327 334 337 342 343 349 350 367 380 385 387 392 393 404 405 414 416 421 430 433 437 452 455 457 463 469 470 473 476 480 488 492 504 506 512 516 519 522 525 528 539 545 546 550 551 559 561 571 572 574 575 591 596 611 617 632 646 647 650 667 681 691 693 696 708 715 728 734 742 751 755 765 767 815 866 874 886 903 908 930 948 973 984
1  479
7  51 78 107 356 615 756 985
1  628
3  265 718 976
4  34 148 171 830
1  1
2  110 230
10  3 8 27 82 101 135 366 703 827 930
4  532 563 593 695
2  479 909
3  406 773 784
3  155 603 946
13  1 4 34 45 80 467 625 654 751 794 866 923 988
3  648 892 908
3  339 745 906
3  0 13 29
17  1 45 82 121 165 185 213 214 258 342 546 626 711 777 908 930 973
5  2 225 337 679 700
3  141 499 915
1  415
1  20
1  87
1  241
1  294
5  0 2 225 672 700
1  91
20  61 99 255 306 331 376 528 571 591 650 654 696 708 734 741 767 790 908 952 988
2  460 952
1  167
1  208
1  232
2  52 412
1  434
2  79 419
2  40 952
21  16 46 80 84 106 165 168 352 470 534 539 571 572 591 624 734 767 790 815 948 984
24  1 18 19 37 46 91 198 214 230 293 297 330 362 430 481 518 565 596 654 751 870 872 883 973
1  0
19  4 80 96 126 142 209 223 243 291 310 333 336 342 514 539 654 904 908 948
2  526 803
6  296 511 532 563 593 663
11  624 650 654 681 708 734 746 767 930 973 986
9  1 3 6 9 397 452 719 790 871
6  177 215 231 257 537 556
2  66 726
4  225 672 679 819
2  517 571
2  205 714
3  662 827 930
4  624 650 734 973
3  143 188 709
2  272 801
6  76 300 354 361 505 614
30  5 6 8 99 113 131 229 251 255 279 293 294 306 327 376 575 623 631 639 650 654 681 696 734 746 767 908 930 973 988
6  188 325 341 705 768 787
5  316 718 809 957 973
5  626 671 777 799 930
2  586 972
8  0 2 63 76 470 545 767 864
4  702 840 848 936
11  69 567 575 654 716 756 816 871 903 930 973
13  0 69 294 302 369 406 431 567 575 591 715 784 790
8  0 2 76 378 416 536 558 564
68  0 1 3 5 6 8 14 19 41 47 51 56 59 72 81 100 116 127 150 153 165 180 184 200 213 222 223 233 265 266 272 306 312 316 318 327 344 352 356 380 414 433 445 482 492 521 539 552 560 571 591 592 595 658 710 734 756 767 790 798 822 874 908 930 942 966 973 988
32  0 1 3 5 6 8 15 22 27 35 101 116 153 156 162 282 284 397 405 502 575 598 697 758 785 815 866 871 911 930 973 988
3  228 423 750
8  71 114 137 178 456 562 585 792
4  632 727 729 793
2  48 385
1  275
3  14 272 313
1  699
4  571 632 722 729
9  31 372 572 591 654 767 790 949 973
4  722 727 852 989
1  78
8  55 70 90 191 211 289 749 890
13  7 31 41 59 150 169 266 310 318 337 350 367 528
7  4 120 272 358 375 832 883
34  12 47 51 78 113 131 144 170 356 474 478 528 559 571 624 639 650 654 681 690 696 704 708 718 742 746 756 767 829 930 957 973 979 988
1  296
1  431
2  178 792
1  59
4  437 571 751 929
2  632 973
4  310 528 681 908
11  445 528 539 654 734 767 886 930 973 979 984
9  1 16 17 68 173 247 264 310 492
2  209 948
4  128 339 669 836
6  696 708 734 767 973 988
2  383 528
5  111 187 263 452 926
17  52 55 70 90 134 191 211 212 289 483 580 605 642 651 731 767 890
6  227 228 299 411 423 720
25  0 1 4 34 46 91 120 126 142 175 209 272 293 310 336 398 539 571 654 667 691 739 866 883 988
1  216
1  179
1  573
17  0 2 250 310 342 352 392 405 463 470 559 571 654 765 767 815 966
29  6 47 51 78 107 113 121 131 143 144 188 250 267 316 344 474 575 606 615 656 715 718 734 767 822 866 873 930 973
1  432
7  129 502 719 783 785 860 973
1  629
2  343 611
2  446 921
2  86 954
2  644 897
6  130 503 608 776 868 984
10  1 3 128 165 171 575 654 755 767 966
2  352 447
137  0 1 2 3 5 6 7 8 10 11 12 13 14 17 19 21 26 27 29 31 41 54 63 74 75 76 83 105 130 135 147 148 155 162 165 167 171 180 181 191 193 198 204 206 207 212 214 223 226 230 233 243 246 247 256 258 259 261 277 293 304 310 312 313 315 318 327 334 342 343 353 364 367 372 380 385 393 405 441 459 463 469 470 475 508 512 528 530 539 559 571 572 573 574 575 591 599 605 624 632 650 651 654 681 690 696 708 713 718 728 734 742 746 749 755 756 765 790 822 825 828 849 866 871 873 886 903 908 919 930 948 952 966 973 979 984 988
2  709 787
4  72 200 356 873
1  124
1  638
3  193 315 327
1  665
5  210 337 405 815 973
2  106 141
2  764 868
6  45 626 671 711 826 930
10  5 81 93 127 449 492 582 647 931 966
3  1 17 91
2  30 440
1  80
1  614
1  758
4  369 406 665 716
4  502 719 758 973
2  66 797
2  709 768
1  83
10  27 101 129 146 346 366 429 523 612 930
30  0 1 3 4 6 9 13 15 16 68 180 259 342 416 476 591 681 690 697 716 718 728 767 822 849 866 908 930 973 984
2  346 388
10  71 114 137 178 456 562 585 721 737 808
1  722
2  667 988
2  109 842
2  13 208
1  786
11  316 356 428 430 459 528 578 591 718 955 973
1  711
1  90
1  706
1  146
1  694
1  629
1  652
1  308
2  566 858
8  71 114 137 178 456 562 792 862
4  710 896 957 973
2  197 488
3  77 485 999
1  601
2  199 591
1  266
55  0 3 12 21 26 45 46 63 80 81 83 84 105 147 167 204 210 261 290 302 320 327 329 343 363 368 405 413 454 470 473 476 492 504 517 528 545 551 559 571 591 624 654 690 719 755 774 834 855 866 930 966 973 984 988
1  715
1  127
5  355 555 873 958 973
1  700
7  28 42 220 269 286 448 597
1  9
9  595 718 756 767 790 849 871 908 973
4  28 32 71 522
1  449
11  1 4 133 216 403 441 450 530 767 948 973
1  777
35  0 1 3 4 19 27 34 37 41 46 82 101 116 156 173 213 214 219 221 233 293 328 342 378 470 512 528 534 662 703 828 869 871 908 930
12  78 206 214 293 356 632 637 767 827 849 973 988
3  734 973 979
1  659
1  321
5  1 4 272 733 883
1  393
2  368 815
1  287
2  128 745
1  471
1  363
1  220
1  714
1  620
6  41 50 80 109 292 795
1  616
1  461
1  398
21  3 31 82 158 194 204 261 306 315 318 331 380 385 424 463 528 627 874 885 908 930
1  527
1  714
7  405 767 790 822 828 908 973
1  516
2  35 427
2  729 989
6  51 119 125 172 944 945
20  88 142 162 164 180 209 293 367 380 385 414 422 528 539 542 590 863 952 973 974
4  302 369 406 815
2  0 1
2  31 226
1  807
1  341
3  101 129 758
1  559
1  808
14  44 65 67 88 103 522 528 539 546 590 854 874 930 952
25  0 41 46 76 91 193 194 214 229 233 259 340 422 435 455 470 528 545 571 574 713 874 889 908 948
3  219 272 632
63  0 1 4 11 14 17 34 37 46 56 68 78 80 82 91 95 103 110 123 126 128 132 141 142 144 148 165 171 198 213 214 222 258 272 293 362 392 430 467 492 522 547 559 571 572 575 591 596 625 650 654 667 719 751 756 767 790 815 908 930 948 973 988
6  0 171 438 908 948 970
4  77 130 764 776
4  494 528 610 827
4  518 691 883 947
28  1 3 9 11 18 19 50 95 106 222 306 312 342 378 467 528 536 575 697 715 719 767 822 827 908 930 966 973
1  691
15  6 47 51 72 200 233 342 453 555 756 767 769 818 958 973
41  3 5 14 56 63 91 251 315 327 353 395 408 414 416 463 470 476 486 492 528 539 542 546 561 571 574 575 591 599 624 654 718 846 863 864 885 908 930 948 966 973
1  451
1  641
2  13 74
1  346
1  8
1  530
1  649
2  103 455
13  1 4 80 272 293 518 691 733 751 832 870 924 930
4  245 910 952 973
5  194 846 874 908 973
8  416 551 654 742 767 948 973 979
1  11
1  323
4  41 340 435 864
10  55 70 90 134 211 212 289 642 731 749
1  14
3  41 648 668
1  521
3  120 175 908
1  95
3  809 973 981
4  81 449 644 763
1  21
6  12 83 94 161 170 290
1  46
1  321
5  250 278 296 532 593
8  380 654 715 767 908 930 979 988
3  693 908 948
4  171 438 970 973
1  669
2  293 911
95  0 1 3 4 14 18 19 34 37 41 45 54 56 59 61 80 82 96 99 106 110 112 120 135 162 165 175 180 194 208 229 233 255 272 306 310 318 322 331 336 342 371 376 378 390 398 414 416 426 463 476 477 490 504 546 547 559 561 571 572 574 591 623 632 648 654 668 671 681 693 708 718 741 767 790 822 827 846 849 864 866 867 871 874 885 894 903 904 911 917 924 930 948 966 973
1  664
10  163 245 301 348 414 464 571 884 952 973
11  68 116 201 293 310 613 719 907 908 924 973
1  278
2  366 930
1  281
3  141 499 673
1  491
4  490 591 908 924
1  461
1  767
2  178 978
4  97 209 446 761
3  161 170 176
2  667 988
9  19 61 330 518 591 883 908 911 917
2  68 73
2  187 748
2  579 653
1  253
3  437 571 739
144  0 1 3 5 6 7 8 9 10 11 14 15 19 22 27 28 33 37 41 44 45 47 50 51 54 56 60 62 63 65 68 78 80 81 82 87 96 107 113 121 126 131 135 142 143 144 162 163 164 165 168 179 181 185 193 194 199 203 206 209 213 214 222 233 243 250 258 261 267 272 278 288 291 293 310 311 321 327 334 342 358 366 380 385 405 414 416 422 424 443 455 463 473 474 498 528 539 545 546 553 559 571 572 574 575 591 606 624 626 627 631 650 654 662 671 696 703 708 711 715 718 719 734 742 756 767 777 789 790 815 827 846 863 866 871 874 883 903 908 913 948 952 973 988
1  778
3  384 485 633
2  570 973
2  119 172
2  13 29
1  714
1  386
5  0 2 89 520 614
3  233 277 571
2  331 376
2  411 584
4  16 433 571 718
3  4 77 130
3  51 853 945
2  853 944
5  97 155 209 510 666
1  870
78  0 1 2 4 7 11 12 14 16 21 27 34 37 63 68 77 94 96 120 126 128 135 144 148 155 165 169 171 209 222 233 235 241 247 258 259 261 272 302 318 322 336 342 365 385 395 469 470 539 543 546 547 551 571 572 575 591 596 624 650 654 690 693 744 767 825 864 866 867 874 886 904 908 930 953 973 979 988
1  728
1  500
2  278 532
59  1 4 6 8 9 10 14 15 28 33 40 43 44 46 64 65 67 77 88 91 103 106 110 163 165 182 214 229 245 246 279 288 293 301 327 348 414 455 460 464 476 539 571 575 590 591 629 632 681 682 689 767 854 863 884 910 930 973 988
8  81 106 127 449 539 647 948 979
1  762
4  51 316 433 798
1  97
10  121 144 250 316 474 606 710 734 809 973
3  555 818 873
1  149
3  31 135 173
2  515 642
1  287
1  109
1  333
2  297 373
51  1 3 5 6 7 12 21 25 28 33 45 80 81 96 127 173 222 233 268 288 293 302 312 327 329 352 385 397 405 430 452 454 492 528 539 545 559 561 571 575 718 755 765 767 778 815 871 874 908 973 988
7  18 19 380 430 546 591 973
2  609 995
2  433 973
8  0 171 198 430 438 591 867 905
1  355
3  119 586 712
164  0 1 3 4 5 6 8 14 16 17 18 19 21 24 41 46 47 51 56 61 65 72 74 78 80 82 96 101 107 113 121 126 131 142 144 147 153 162 165 171 193 202 204 213 214 218 223 230 233 240 243 250 258 261 267 272 277 278 293 306 307 312 313 316 318 322 327 337 342 348 356 367 376 380 385 387 392 396 405 416 430 433 438 450 464 473 474 475 476 478 492 502 519 528 539 545 546 561 570 571 574 575 590 591 595 606 615 624 632 650 654 671 691 696 704 708 710 715 718 719 728 734 740 742 746 756 758 767 774 785 790 798 809 815 818 822 825 828 829 849 854 866 871 873 874 884 885 886 896 905 908 910 911 930 933 948 952 957 966 967 969 979 981 988
3  380 528 854
1  22
2  265 658
1  232
4  114 137 178 920
11  318 551 734 742 767 829 886 903 948 953 973
1  95
3  896 973 988
1  300
2  161 401
22  0 13 130 181 208 262 418 469 512 529 545 591 624 652 654 690 742 764 767 790 815 991
2  78 656
1  696
1  465
33  1 33 97 206 213 222 454 463 476 571 639 650 667 681 708 718 719 734 746 751 767 794 815 828 866 903 923 930 948 952 966 973 981
2  729 852
1  576
2  418 984
1  51
2  6 47
1  71
1  968
1  652
2  12 210
3  134 289 515
1  811
