
***ForestFire:  GeoFire  Nodes:1000  StartNodes:1  Take2AmbProb:0
                FwdBurnP:0.35  BckBurnP:0.354  ProbDecay:1  Orphan:0
(1000, 6939)  burned: [1,5,22]  [0.02s]
1000
110  1 2 5 10 13 18 21 25 37 42 49 50 62 71 91 96 108 111 114 124 165 167 181 183 202 215 225 241 245 258 260 268 277 290 293 305 313 318 328 341 356 363 368 382 406 407 410 414 427 436 437 440 464 469 470 471 472 475 476 492 498 512 518 524 540 553 559 564 565 585 602 623 630 640 641 665 670 709 724 726 737 776 789 799 804 822 828 836 837 852 854 867 876 884 887 893 899 911 918 926 932 947 951 973 981 990 992 994 996 999
80  0 2 3 10 12 13 18 25 26 28 50 62 71 90 91 108 109 111 165 183 202 215 241 247 258 266 268 277 293 305 313 318 328 334 341 356 369 382 407 410 414 434 436 440 464 467 471 475 476 492 498 507 512 524 540 553 559 564 565 640 670 674 709 764 789 805 822 828 836 852 854 867 899 932 947 951 973 981 992 999
91  0 1 3 4 6 10 11 12 18 25 34 44 49 50 54 57 62 91 95 111 114 135 150 153 165 183 191 202 215 241 261 268 277 290 293 299 300 305 318 334 338 341 356 363 368 382 407 410 414 436 440 464 470 475 476 484 495 498 508 510 512 518 542 553 564 565 623 670 679 709 737 764 789 805 822 828 837 852 854 867 876 899 932 944 947 951 970 973 992 994 996
79  1 2 4 6 7 8 9 10 11 12 18 20 28 29 41 50 62 108 111 114 151 165 167 177 186 241 247 258 260 266 275 277 293 300 305 318 334 341 356 369 382 407 427 436 440 464 475 476 484 498 510 512 524 553 559 564 602 623 630 670 676 709 764 789 805 828 837 852 854 867 893 895 899 932 947 951 973 992 996
48  2 3 6 7 8 10 11 29 50 91 111 135 146 151 167 181 215 258 300 305 318 334 356 369 407 410 436 471 475 476 487 512 553 555 670 709 764 789 828 852 854 867 887 899 932 951 973 996
54  0 16 18 21 37 41 49 62 67 75 91 93 111 124 134 167 181 182 202 215 225 245 258 260 277 305 328 334 369 407 436 484 548 553 585 641 665 667 670 726 836 852 854 867 893 899 918 932 947 951 973 990 992 994
33  2 3 4 8 10 20 50 62 111 114 128 215 241 275 300 328 334 341 436 475 476 484 512 553 670 724 805 828 854 899 932 979 992
39  3 4 8 11 38 65 111 146 151 167 181 216 242 266 277 300 305 315 334 369 414 440 449 475 512 552 553 585 587 604 789 828 852 893 899 955 973 988 996
45  3 4 6 7 10 11 18 25 62 65 91 111 114 167 181 215 241 243 258 300 305 334 356 407 410 414 434 436 475 476 492 512 553 670 737 772 837 852 867 887 899 951 955 973 992
37  3 20 24 28 56 98 111 114 165 186 187 241 247 260 334 427 436 440 447 498 510 519 553 627 653 670 676 724 742 815 828 854 895 932 951 973 992
69  0 1 2 3 4 6 8 13 18 25 29 33 49 50 57 62 67 71 78 90 91 109 111 114 124 215 258 261 266 275 300 305 328 350 356 369 382 407 410 436 464 471 475 476 487 498 512 553 564 623 627 641 667 670 764 822 828 852 854 887 893 899 932 944 947 951 973 992 994
41  2 3 4 7 8 18 29 41 50 91 111 146 165 194 215 250 258 305 338 369 396 407 436 440 475 476 495 553 564 623 661 670 722 737 798 852 867 899 973 992 996
77  1 2 3 14 17 18 22 25 27 29 37 41 50 54 62 82 84 88 91 108 114 167 176 181 189 202 213 214 258 260 275 277 305 309 328 334 356 369 382 387 407 410 414 426 427 428 436 440 464 471 475 476 484 492 498 512 553 562 585 654 667 670 764 789 805 828 837 852 867 899 947 951 970 973 992 996 999
42  0 1 10 18 25 36 37 50 62 71 91 99 109 202 215 275 305 313 328 334 356 436 440 464 475 476 484 507 540 553 564 670 787 789 828 854 867 893 895 932 951 973
46  12 15 17 32 82 84 88 120 127 160 174 189 213 309 313 323 379 387 407 427 428 436 440 464 471 475 484 512 553 562 585 631 661 828 837 852 900 920 947 948 951 970 973 992 994 996
27  14 17 53 84 86 88 114 247 275 387 407 436 440 471 475 487 518 553 562 631 654 670 764 854 947 948 951
34  5 21 30 41 49 62 124 167 202 215 245 247 268 305 328 406 407 433 436 553 572 603 692 737 792 852 867 893 899 918 947 973 992 996
69  12 14 15 19 23 29 50 53 54 58 62 79 82 84 88 91 150 162 169 176 205 213 241 275 293 305 313 328 334 382 387 407 410 428 436 440 467 471 475 476 484 487 512 518 553 562 564 585 635 653 670 690 724 756 764 790 828 829 846 852 854 867 899 947 950 951 973 992 996
63  0 1 2 3 5 8 10 11 12 13 25 29 37 41 49 50 62 71 91 111 114 171 202 215 241 250 266 305 328 350 356 369 407 414 427 436 440 475 476 484 492 498 505 510 521 553 564 565 653 670 709 737 764 776 828 867 893 895 899 947 951 973 992
55  17 23 53 54 59 62 79 82 88 114 162 176 205 221 260 266 275 284 295 305 313 328 340 341 382 407 410 428 436 440 471 475 476 518 564 585 622 631 653 662 670 681 724 764 828 836 846 852 854 947 951 973 991 992 996
32  3 6 9 85 103 114 186 213 241 341 407 453 464 471 475 510 518 531 553 567 585 661 670 724 742 805 828 854 932 947 994 995
30  0 5 16 42 49 61 91 114 124 167 178 215 245 275 382 436 476 602 623 667 670 725 737 776 836 852 893 947 973 992
10  12 114 248 275 398 460 463 670 852 992
40  17 19 29 31 43 49 54 62 114 142 162 205 275 305 313 352 407 436 440 475 476 519 564 565 585 622 681 690 724 822 828 836 852 854 867 947 951 973 991 992
17  9 39 165 188 232 247 263 329 380 415 427 440 489 522 577 623 627
58  0 1 2 8 10 12 13 18 33 37 41 44 49 57 62 67 77 91 111 150 181 202 215 241 258 266 287 305 328 331 351 356 407 410 414 436 440 464 471 475 484 505 553 559 564 623 670 789 852 854 867 887 899 944 947 951 973 992
9  1 90 241 260 305 356 709 764 951
33  12 29 37 62 64 101 114 164 167 185 193 213 247 275 277 305 328 382 464 475 476 556 559 654 670 724 822 828 867 947 951 973 992
26  1 3 9 50 55 91 108 115 187 202 229 241 287 328 334 436 475 519 524 621 670 852 867 898 947 973
56  3 4 10 11 12 17 18 23 27 33 37 41 43 45 49 51 62 67 101 114 167 205 213 275 277 284 300 305 313 328 350 351 358 369 391 396 407 436 464 475 476 512 564 610 627 670 690 764 798 822 828 852 867 907 947 951
5  16 52 199 603 757
4  23 62 852 970
26  14 74 82 84 88 189 213 233 309 344 379 387 407 427 436 440 441 475 476 661 852 950 951 992 996 999
39  10 25 29 35 41 49 67 93 101 134 181 215 258 260 266 305 328 434 436 440 464 471 475 498 612 667 724 737 798 828 852 867 899 944 947 951 981 990 992
27  2 40 44 47 129 150 191 290 363 368 410 440 470 476 484 508 574 588 670 724 822 828 876 899 966 973 992
40  33 41 46 49 63 75 93 101 134 156 181 213 215 241 260 266 277 293 305 328 434 438 464 472 475 492 498 612 635 737 822 867 893 899 944 947 951 973 990 992
26  13 37 48 62 71 91 144 202 281 328 440 467 475 476 478 479 498 519 549 553 582 670 852 893 973 994
46  0 5 12 13 18 25 27 29 36 41 48 50 62 92 193 202 213 215 241 246 247 281 328 351 428 434 436 473 475 476 489 498 540 553 559 616 661 717 728 737 764 828 867 899 951 973
23  7 65 111 167 181 216 234 258 286 289 307 310 315 407 604 639 707 789 828 852 887 951 996
7  24 137 232 263 329 418 577
32  34 47 119 121 129 150 168 190 191 290 301 363 368 440 470 476 484 508 512 574 588 670 822 828 841 876 899 924 966 973 991 996
59  3 5 11 12 16 18 25 29 33 35 37 49 50 62 67 75 91 93 111 124 150 167 186 205 215 241 258 266 293 305 328 334 369 382 436 464 475 498 508 553 602 612 623 665 667 670 798 805 822 854 867 893 899 920 932 951 981 990 996
24  0 21 49 61 107 114 130 149 178 215 226 254 382 437 602 623 725 726 776 854 884 926 947 973
22  23 29 49 62 114 142 205 275 305 313 436 440 476 519 553 554 610 676 852 867 951 973
14  2 25 34 49 62 111 150 305 410 498 670 947 973 992
5  29 275 305 436 627
15  35 49 62 87 260 266 277 407 498 635 822 867 893 947 951
17  34 40 102 119 170 363 368 440 470 471 484 508 632 670 899 966 973
16  36 37 50 62 71 202 328 436 440 475 476 478 498 553 587 764
62  0 2 5 10 16 18 21 23 25 29 33 35 41 42 43 44 46 61 62 75 93 111 114 124 134 167 202 215 247 254 255 260 266 275 305 350 369 370 436 476 498 512 553 581 623 667 726 776 822 852 854 867 893 911 947 951 973 976 990 992 994 999
59  0 1 2 3 4 6 10 11 12 13 17 18 28 37 41 48 62 71 91 97 114 167 183 202 215 241 258 266 305 313 328 334 382 404 414 436 471 475 498 512 518 553 724 737 764 789 805 828 836 852 854 887 899 947 951 973 992 994 999
5  29 358 369 405 690
11  30 66 69 203 320 322 361 378 425 560 873
16  15 17 19 62 67 88 275 436 471 475 484 518 631 670 828 867
21  2 12 17 19 23 62 150 205 230 305 350 440 484 487 498 512 836 867 932 970 991
3  28 195 212
27  9 60 70 98 106 125 172 186 241 275 284 341 369 407 427 447 475 476 498 519 653 676 720 867 920 973 990
22  2 10 25 72 95 153 261 334 356 411 519 553 559 564 670 854 874 899 947 955 973 996
15  17 68 84 213 305 339 382 428 436 475 653 724 829 899 973
11  19 62 76 79 275 471 553 570 764 947 996
16  56 70 98 241 260 275 407 427 498 670 676 828 867 951 973 996
15  21 42 49 93 114 124 167 215 266 277 407 670 822 828 973
92  0 1 2 3 5 6 8 10 12 13 16 17 18 19 23 25 27 29 31 36 37 41 43 44 46 48 49 50 53 54 59 65 67 79 90 91 108 111 114 123 124 167 193 202 205 213 241 247 249 260 266 277 293 305 313 328 334 341 350 407 440 454 471 475 476 484 498 512 519 524 553 559 570 675 709 764 789 828 852 854 867 893 918 932 947 951 970 973 990 992 996 999
25  35 89 118 134 163 181 215 241 258 260 266 277 407 492 553 635 667 822 854 860 893 947 951 952 996
16  27 81 100 112 136 193 464 472 476 540 661 709 822 828 947 951
37  7 8 38 62 67 73 108 111 167 181 215 241 249 266 275 293 328 341 351 381 407 427 434 471 475 604 789 828 852 854 887 932 947 973 990 992 996
11  52 69 197 208 257 320 332 361 420 873 916
39  5 10 25 29 33 41 53 62 65 73 80 90 167 215 241 245 247 275 293 302 305 351 382 407 434 440 471 475 498 518 553 667 798 828 852 854 867 899 992
7  58 132 280 429 475 932 992
11  52 66 113 155 166 203 256 322 378 392 873
19  56 60 98 106 186 206 241 275 277 284 341 389 407 427 475 676 828 865 987
50  0 1 10 13 18 36 48 50 83 90 91 131 141 183 202 241 260 266 268 293 305 328 334 341 356 382 410 414 436 440 449 467 475 476 484 498 553 627 670 709 737 799 852 854 867 899 947 973 982 996
11  57 153 341 430 506 519 591 670 854 938 996
24  65 67 80 126 167 215 241 407 410 427 469 471 475 487 498 518 585 670 828 836 852 854 899 932
19  32 84 88 110 213 233 284 379 387 407 436 440 446 475 661 731 852 932 992
28  5 35 41 49 93 105 124 167 215 258 266 305 316 346 350 365 407 523 553 635 667 822 884 893 918 920 990 999
7  59 79 412 570 918 947 996
8  25 94 143 351 397 715 773 808
1  10
24  17 19 59 62 76 88 176 249 260 266 293 407 440 471 475 570 638 640 709 852 918 947 951 996
22  67 73 90 167 215 241 293 350 407 410 475 498 518 525 605 670 828 854 899 947 987 992
12  64 100 136 193 259 472 698 709 739 822 947 951
34  12 14 17 19 32 84 88 117 160 189 213 247 284 293 313 328 407 436 440 455 471 475 498 512 631 653 764 852 899 900 950 951 992 996
5  71 131 241 260 867
47  12 14 15 17 32 58 74 82 88 114 117 160 176 189 209 213 214 215 247 262 284 309 328 379 387 407 423 426 428 436 440 471 475 476 623 644 653 670 709 724 851 852 899 951 973 992 996
19  20 103 114 213 241 364 382 407 427 457 471 531 553 585 597 633 670 742 805
18  15 88 154 159 247 275 434 445 475 562 654 731 749 766 947 948 973 995
3  46 500 635
47  12 14 15 17 19 32 53 74 79 82 84 86 114 160 176 189 213 247 275 284 293 309 328 379 387 407 440 455 465 471 475 476 518 622 633 653 667 670 852 887 899 947 948 951 973 992 999
2  63 215
40  1 10 26 62 67 71 80 91 104 108 133 167 202 215 241 266 305 319 356 382 388 407 436 475 476 492 498 518 524 670 752 789 828 852 867 871 932 947 992 999
60  0 1 2 4 5 8 10 11 12 13 17 18 21 25 28 36 41 50 62 71 90 93 111 114 133 160 167 183 202 215 241 247 266 305 328 334 382 407 410 414 427 436 475 476 484 498 519 553 618 641 667 670 709 737 854 899 944 951 992 998
13  37 202 222 246 434 473 559 737 828 899 951 973 990
32  5 33 35 41 49 61 75 91 101 111 114 134 167 181 185 213 215 258 260 266 277 350 407 436 571 635 726 822 852 867 947 973
3  77 351 828
11  2 57 153 224 261 275 356 508 764 828 854
6  0 328 437 439 553 820
9  50 173 183 334 553 764 854 887 947
26  9 56 60 70 106 179 186 241 260 275 284 341 407 427 434 436 475 498 512 623 670 676 719 867 951 973
7  13 202 475 537 586 854 893
11  64 81 136 472 709 822 831 833 899 947 951
32  27 29 33 35 93 111 114 181 185 213 215 258 266 269 277 305 334 369 400 410 436 464 471 476 667 822 852 867 899 947 951 992
14  47 119 129 170 190 292 368 484 508 653 822 868 966 973
17  20 85 223 241 347 427 453 474 498 531 567 585 748 805 852 932 973
14  90 108 133 202 305 376 388 407 410 440 475 524 789 871
10  75 140 167 287 350 482 714 842 898 947
10  56 70 98 179 186 284 341 436 475 904
3  42 237 324
45  0 1 3 12 28 62 65 90 104 122 124 167 193 202 241 247 258 305 334 369 376 407 410 436 440 467 471 484 498 512 524 540 553 621 670 675 709 789 828 852 887 932 947 973 999
14  1 10 13 202 215 241 266 291 334 476 512 553 867 988
3  74 116 279
63  0 1 2 3 4 5 6 7 8 9 10 11 18 25 38 41 44 49 62 65 91 93 101 114 133 150 167 181 182 202 215 241 243 258 277 305 334 369 382 407 410 414 436 440 498 505 512 553 623 665 670 722 789 828 852 893 944 947 951 955 973 976 996
9  64 139 148 193 454 540 828 947 959
8  69 166 256 378 403 424 513 873
86  0 2 3 6 8 9 10 12 15 18 19 20 21 22 23 27 29 42 43 49 50 61 62 84 85 88 91 93 101 111 133 160 167 181 185 186 189 213 215 241 247 248 260 266 275 277 284 305 309 328 334 369 393 407 410 414 436 440 449 471 476 498 505 518 519 538 565 571 601 622 633 661 667 670 676 709 724 822 828 852 854 867 895 899 947 992
5  28 202 273 287 898
3  110 285 421
25  82 84 160 184 189 213 247 260 262 275 309 311 326 382 407 440 471 475 489 498 644 653 986 992 996
12  63 215 249 266 274 553 634 635 667 854 951 952
14  40 47 102 129 170 196 368 440 508 510 671 854 966 973
14  14 174 218 323 427 458 469 498 512 667 920 933 957 973
16  40 129 145 150 190 290 363 368 440 476 508 670 899 966 973 996
5  108 305 334 670 947
4  62 709 830 973
46  0 5 10 16 21 41 49 61 62 75 108 167 192 202 210 213 215 225 245 247 266 268 305 328 339 369 388 401 407 553 585 587 602 607 621 669 737 836 867 893 899 918 947 992 994 996
15  56 138 207 275 296 475 476 514 533 673 720 925 932 940 983
8  73 241 410 469 670 695 836 899
9  14 219 265 313 352 387 668 691 970
3  6 241 328
22  34 40 102 119 121 145 190 196 290 363 368 427 440 476 508 510 764 822 899 924 966 973
8  42 147 149 178 437 663 726 926
12  71 83 241 260 436 467 470 475 653 709 951 990
5  68 152 280 429 664
23  90 91 104 111 114 150 160 215 260 305 369 407 440 476 498 518 670 789 852 867 947 951 996
24  5 33 35 49 63 93 167 181 213 215 260 266 325 382 434 436 612 712 852 854 899 947 951 996
6  2 4 407 512 867 899
9  64 81 100 472 698 709 739 822 947
4  39 329 499 577
4  125 207 940 983
7  112 148 443 488 540 947 959
5  105 287 864 899 958
8  71 158 240 241 266 353 440 867
10  23 43 200 305 352 436 440 724 947 973
1  77
4  36 281 553 973
11  121 129 190 290 368 440 476 796 852 899 992
5  4 7 11 258 899
2  130 663
8  112 139 345 443 488 540 947 959
4  42 130 236 541
42  2 17 25 34 40 41 44 54 111 121 133 160 190 215 290 300 309 328 349 369 382 407 440 475 476 484 498 505 508 630 667 670 722 762 764 804 846 899 972 973 992 996
10  3 4 7 157 334 456 464 475 553 735
3  132 303 429
11  2 57 72 95 161 224 299 341 356 886 899
9  86 159 288 475 731 947 948 973 996
4  69 256 392 637
3  35 612 779
5  151 334 456 471 962
6  141 244 266 353 620 826
12  86 154 201 211 288 475 490 654 903 947 948 973
42  14 82 84 88 91 114 117 133 150 176 189 213 215 247 275 309 313 328 335 369 407 414 426 440 455 471 475 476 498 512 518 667 670 709 764 887 899 947 948 951 973 992
4  153 180 497 511
10  17 19 23 175 204 440 518 564 854 947
2  63 278
9  27 167 245 247 393 462 654 797 852
20  0 1 2 3 9 11 24 194 202 380 436 520 594 623 641 755 852 887 933 992
5  69 113 256 392 637
82  0 3 4 5 7 8 12 16 21 27 29 38 41 49 50 61 62 65 67 73 75 80 90 91 93 105 108 111 114 124 134 164 181 192 202 210 213 215 241 245 247 258 260 266 277 287 305 328 350 369 382 407 428 434 436 471 498 553 585 602 612 653 667 670 690 709 712 724 737 818 828 836 852 867 899 944 947 951 973 992 996 999
13  40 190 239 417 476 629 649 672 685 841 876 966 972
3  17 383 756
13  47 102 119 196 368 484 508 573 671 764 854 966 973
3  18 328 492
8  56 231 241 564 647 867 902 992
5  97 334 483 553 973
10  14 120 323 427 469 512 667 920 948 973
3  162 204 821
24  12 17 19 79 84 88 160 189 213 215 247 266 275 284 328 341 377 407 414 436 455 471 518 899
5  3 564 836 866 932
8  21 42 130 437 602 725 777 980
7  98 106 186 284 341 941 947
3  161 330 497
53  0 4 5 7 8 12 25 33 35 38 63 65 93 101 111 114 134 167 185 215 241 252 258 260 266 277 294 307 328 334 369 393 407 437 438 475 476 553 596 623 670 688 712 789 822 854 867 884 899 932 951 973 992
6  5 111 553 665 951 973
23  0 1 2 50 71 91 97 241 266 274 334 407 476 553 600 822 854 934 947 951 973 992 996
9  117 220 275 309 311 382 407 440 498
21  27 93 101 114 181 215 277 305 334 471 538 623 822 867 885 887 899 932 947 951 973
32  3 9 20 41 56 70 98 106 114 179 228 241 253 275 277 284 334 341 407 436 440 475 484 505 568 602 653 676 824 867 932 947
6  9 28 334 519 708 815
7  24 247 380 386 436 627 654
31  12 14 32 82 84 88 114 117 160 176 213 215 247 266 272 275 305 328 379 387 407 436 440 471 481 486 565 667 764 899 992
24  40 102 121 129 145 150 168 198 227 290 368 373 440 476 629 670 764 799 822 852 899 909 966 972
11  2 34 40 363 368 440 512 670 679 724 973
10  124 167 215 328 369 427 553 867 944 992
21  27 37 62 64 81 108 112 247 259 334 369 454 471 524 540 553 559 616 661 828 947
9  11 165 202 241 436 495 737 947 992
1  55
12  119 129 170 238 251 283 290 368 508 643 764 996
4  66 361 372 916
6  190 227 373 666 966 972
4  30 375 558 757
1  142
3  159 490 903
72  0 1 2 5 12 13 16 18 25 28 36 37 48 49 50 62 71 90 91 92 99 104 108 109 111 115 124 165 167 194 205 213 215 217 241 247 258 266 270 275 277 287 305 328 333 334 356 369 382 388 407 410 427 436 476 498 520 553 564 642 661 670 737 789 828 852 854 867 947 951 973 992
5  52 69 322 361 754
4  162 175 550 821
37  17 19 23 29 41 43 54 62 202 217 270 275 305 328 350 357 395 407 410 436 487 498 553 602 642 661 670 681 690 732 836 852 854 867 899 951 990
2  70 284
4  125 138 720 983
4  66 235 332 361
8  84 247 309 328 423 471 709 851
9  124 167 213 245 341 369 407 471 996
7  159 267 282 693 770 788 903
3  55 657 935
82  12 14 17 20 27 29 32 35 37 58 62 74 82 84 85 88 93 101 114 117 124 134 160 167 176 189 202 210 215 241 247 249 260 266 270 275 277 284 293 305 314 328 334 339 351 369 382 407 427 434 436 453 465 471 472 475 476 492 510 519 553 631 633 635 653 661 670 690 724 737 828 852 854 867 893 899 932 947 951 973 992 996
6  12 84 426 428 471 951
100  0 1 2 4 5 6 8 10 11 13 16 18 21 25 33 35 37 41 42 49 50 61 63 65 67 73 75 80 84 89 90 91 93 101 109 111 114 118 124 133 134 150 160 167 176 181 185 189 192 202 213 241 247 248 249 252 260 266 274 275 277 293 305 319 328 334 341 369 407 410 427 436 440 471 475 476 498 529 553 585 587 623 641 667 670 709 764 789 828 836 852 854 867 884 893 932 947 951 989 992
6  7 38 234 315 795 975
18  202 205 247 270 276 277 305 328 395 410 475 476 498 661 732 951 973 992
3  120 323 771
2  127 691
5  184 311 382 422 758
4  19 284 369 887
4  92 434 473 828
6  103 264 427 567 789 932
4  95 153 784 854
15  0 5 124 266 274 328 341 369 407 484 508 669 670 893 994
5  42 399 602 884 926
5  190 198 413 476 972
8  186 241 334 342 475 832 908 947
2  28 670
4  54 512 932 996
7  172 241 304 867 902 992 994
8  24 39 263 329 415 418 539 577
4  32 74 379 440
6  38 216 286 468 604 795
3  208 332 361
1  149
2  107 923
3  196 251 733
5  168 535 629 672 859
4  141 266 440 646
107  0 1 2 3 6 8 9 17 18 20 25 26 28 35 37 41 50 56 60 62 63 65 67 70 71 73 80 83 85 90 91 98 103 108 109 111 114 126 128 131 141 167 172 181 183 186 194 202 213 215 228 231 248 249 253 258 260 266 275 277 284 305 318 328 334 341 342 350 356 369 382 407 410 427 434 436 440 467 471 475 498 553 564 616 622 623 635 653 661 690 711 737 764 836 852 855 867 899 905 932 947 951 973 987 990 992 994
3  7 367 700
7  8 111 312 772 852 951 955
2  158 620
26  0 5 16 21 67 124 164 167 210 293 341 369 382 406 407 436 471 476 518 670 709 737 852 947 951 999
7  37 92 434 471 559 737 828
81  1 3 9 15 16 24 27 37 49 62 67 82 84 86 88 91 108 114 117 124 160 164 167 176 188 189 193 202 209 213 215 217 249 260 266 268 270 275 277 284 318 328 334 356 369 380 393 407 410 427 434 436 440 444 454 467 471 476 484 489 512 518 553 621 627 654 670 737 778 822 828 852 854 893 932 947 951 973 992 996 999
26  22 114 215 241 260 266 268 275 277 284 293 328 393 460 476 498 553 623 661 670 737 764 852 899 947 992
24  62 65 79 118 213 215 241 247 260 266 274 275 277 293 305 328 341 475 553 578 764 822 867 947
10  11 18 305 328 436 670 737 852 899 992
7  196 238 271 348 509 733 764
6  181 215 260 436 667 789
18  186 241 275 277 328 341 356 369 427 440 484 656 711 810 867 905 947 973
5  42 49 336 498 776
3  49 852 870
7  69 113 155 166 392 424 513
3  66 420 916
59  0 1 3 4 5 8 10 11 12 25 33 38 41 50 63 75 93 101 108 111 146 167 181 202 241 260 275 277 294 328 334 356 369 407 410 427 436 440 471 475 484 498 510 553 565 585 623 624 667 712 737 818 828 899 947 951 973 992 996
4  81 193 616 828
72  0 3 5 9 12 19 26 33 35 46 49 60 62 63 71 79 83 93 98 114 117 131 133 134 167 181 213 215 241 247 248 249 252 258 266 268 270 275 277 328 334 369 382 407 427 434 436 440 467 475 476 498 512 518 553 612 653 667 670 709 712 822 836 852 854 867 899 947 951 973 992 996
18  2 10 57 95 275 305 356 410 495 551 670 741 852 854 946 947 951 981
6  84 117 440 471 498 992
7  24 39 232 297 415 418 539
3  223 427 852
6  127 313 352 668 691 970
80  1 3 7 10 18 19 25 33 35 41 46 49 50 61 62 63 65 71 75 79 90 91 93 101 109 114 118 124 134 141 158 167 176 181 183 189 202 213 215 225 240 241 247 248 249 260 274 275 277 293 328 334 369 393 407 436 471 475 476 484 553 567 601 623 635 646 667 670 690 712 737 822 828 852 867 893 899 947 951 973
5  211 693 770 788 949
28  0 1 2 16 71 124 247 248 260 277 293 305 328 343 356 382 406 436 440 444 471 520 553 621 737 809 852 973
4  101 334 400 822
16  202 205 213 217 247 260 275 277 305 328 380 434 436 475 951 996
6  251 321 348 360 509 733
3  189 471 481
1  115
20  118 183 215 225 249 266 277 293 328 334 341 407 440 471 476 578 764 828 854 893
89  3 6 10 12 13 15 17 19 21 22 23 27 29 43 45 49 53 56 59 60 65 67 70 86 88 95 98 114 117 125 160 176 184 186 189 202 205 213 215 241 247 248 249 253 258 260 261 266 270 277 284 293 305 328 334 341 356 369 382 407 410 427 434 436 440 471 475 476 484 495 518 540 553 661 667 670 673 789 828 835 852 854 867 881 905 946 947 951 992
4  217 328 410 636
80  0 1 2 3 5 7 12 27 29 35 46 61 62 63 70 93 101 111 114 167 181 185 186 202 213 215 217 241 247 248 249 253 258 260 266 268 270 274 275 284 293 294 328 334 341 356 369 374 382 393 407 427 434 437 438 440 471 475 484 519 545 553 578 601 623 653 667 709 711 726 774 822 867 876 887 899 910 947 973 992
3  163 869 922
1  110
4  68 132 452 493
6  36 37 144 328 553 973
3  211 693 770
8  196 290 355 408 503 528 682 764
45  19 29 56 70 74 82 84 88 98 106 114 176 179 186 206 213 221 241 247 248 275 277 293 305 328 334 341 356 369 407 427 434 440 471 475 476 484 737 852 867 899 947 951 973 992
3  116 421 683
7  38 234 298 402 448 468 604
13  25 28 105 115 140 167 202 328 436 524 747 898 899
4  154 159 475 947
3  38 604 887
20  0 2 34 40 121 129 145 150 190 196 283 363 368 440 508 630 670 764 899 992
2  109 867
2  102 317
57  0 1 2 3 17 35 41 62 65 67 71 79 80 82 88 213 215 245 248 249 266 268 274 275 277 284 294 305 309 328 334 341 356 369 407 427 436 437 440 471 540 578 585 587 605 617 623 635 667 670 724 822 852 854 893 918 947
14  181 258 277 293 305 328 334 339 437 475 476 484 724 822
1  19
3  125 533 720
3  263 394 539
5  286 306 402 448 536
3  2 153 542
20  2 3 4 6 7 8 10 29 150 305 328 334 382 436 471 476 578 764 893 973
7  40 574 588 822 841 876 991
2  67 407
3  152 429 953
5  231 308 902 954 994
106  0 1 2 3 4 5 7 8 10 11 12 13 16 17 18 19 23 25 26 27 29 33 35 41 43 44 45 49 50 54 58 62 67 71 75 90 91 101 104 108 111 114 122 124 133 142 167 185 189 202 205 213 215 217 241 249 250 261 268 270 275 284 293 294 300 309 318 328 334 341 350 356 369 382 407 410 414 428 434 436 440 475 476 484 512 518 519 538 553 578 610 622 623 627 670 709 724 852 854 867 899 932 947 951 973 992
5  298 371 448 504 536
7  38 181 334 593 602 813 884
1  304
24  12 14 32 84 88 114 117 150 160 184 209 293 305 328 344 356 369 379 407 410 440 667 950 992
2  38 384
8  117 184 220 382 407 527 697 758
7  243 390 721 772 861 951 955
30  0 1 13 14 17 19 23 29 43 50 62 82 127 160 265 334 352 436 440 471 498 681 737 751 854 867 899 947 951 970
4  213 328 407 915
5  7 38 216 650 795
4  75 327 346 920
3  292 409 740
21  0 1 2 3 4 241 247 305 328 356 359 369 427 436 471 498 805 872 911 932 947
6  90 215 544 606 752 989
3  52 66 361
6  271 337 366 509 517 569
5  52 69 203 361 891
8  14 120 174 218 427 498 585 724
2  107 580
5  134 382 712 951 996
2  117 489
2  316 346
113  0 1 5 6 10 12 13 16 17 18 19 25 27 28 29 33 35 36 37 41 48 50 62 65 71 82 84 88 91 96 114 124 128 150 160 167 171 176 181 189 192 202 205 209 213 215 217 225 241 247 248 249 250 253 258 260 266 268 270 274 275 276 277 281 284 287 293 294 300 305 309 314 318 334 339 341 344 356 369 379 407 410 414 427 434 436 437 440 464 471 475 476 484 518 553 559 612 667 670 709 724 737 764 852 854 867 893 899 947 951 973 992 994
8  24 39 137 232 415 499 577 763
1  180
7  25 436 564 598 789 887 899
4  66 208 235 361
6  202 356 410 526 867 951
89  1 2 3 4 5 6 7 8 9 12 13 17 28 41 50 57 62 71 91 97 101 108 109 111 114 122 151 157 173 181 183 185 186 187 193 202 213 215 228 241 247 258 260 266 269 274 275 277 284 293 294 300 305 307 313 328 342 356 369 400 407 410 414 427 436 440 464 471 475 476 483 484 553 602 623 670 724 764 789 799 852 854 867 899 932 947 951 973 992
9  160 414 436 440 476 608 724 887 992
3  254 498 838
3  321 385 844
2  2 11
8  58 124 213 294 328 475 724 973
3  19 662 846
59  0 1 2 3 6 19 20 56 62 65 70 71 72 98 106 153 176 179 186 210 215 225 241 245 249 253 274 275 277 284 293 305 328 356 369 407 410 436 438 453 464 471 475 484 506 516 519 570 653 670 731 852 854 867 899 932 947 973 996
9  228 241 334 356 369 440 475 737 899
5  268 553 852 862 867
12  32 309 328 356 407 410 427 852 947 950 951 992
6  148 443 488 540 896 947
5  75 316 327 667 920
5  103 427 689 748 969
2  251 271
9  150 466 476 505 510 515 630 762 967
26  10 18 29 49 54 62 75 80 93 105 167 205 241 305 356 407 410 427 484 867 893 899 947 948 951 992
14  25 29 37 65 67 77 94 213 396 436 471 553 828 973
6  23 127 142 265 313 970
4  141 158 354 817
3  353 491 566
3  283 408 803
68  0 1 2 3 4 8 10 12 13 18 25 26 57 71 90 95 153 202 241 247 253 258 261 268 275 277 284 293 305 309 318 328 333 334 341 342 344 350 363 368 369 407 410 414 427 436 440 471 475 476 484 559 561 564 585 724 737 828 852 867 872 876 888 899 911 947 951 992
3  205 575 642
9  29 51 362 475 610 690 828 867 947
4  318 369 432 947
4  271 435 477 702
10  52 66 197 203 208 235 320 322 332 461
3  358 626 947
20  0 2 34 40 47 121 129 191 290 356 368 427 436 440 484 547 588 670 764 899
2  85 670
5  75 485 523 759 806
2  321 509
6  242 416 431 700 827 927
35  0 2 34 40 47 102 119 121 129 145 170 190 191 196 290 356 363 427 436 440 470 471 476 484 508 519 623 670 690 725 764 899 924 972 992
76  1 3 4 5 7 10 11 12 18 29 41 49 51 56 101 108 111 114 124 133 150 160 167 181 192 193 202 210 213 215 221 225 241 245 247 253 258 260 266 275 277 284 293 305 309 318 328 334 341 342 356 359 407 410 414 427 436 440 471 475 484 498 553 646 670 745 822 852 867 887 893 899 932 951 973 992
1  49
3  306 448 504
2  197 916
6  190 198 701 799 966 972
4  277 545 774 823
2  199 757
5  104 108 388 475 524
3  176 471 623
11  52 69 113 403 424 425 513 579 716 873 890
22  14 32 74 84 88 189 233 309 328 423 436 440 465 471 476 484 512 585 623 660 947 948
14  24 165 188 247 270 419 436 444 471 475 654 737 992 996
4  65 407 963 973
56  0 1 2 3 10 12 17 19 21 27 41 42 50 58 67 71 85 90 91 111 117 134 150 167 184 202 213 220 241 245 260 268 275 277 300 305 311 325 407 428 434 436 440 471 475 670 712 836 854 892 899 917 932 936 951 996
2  169 756
1  310
2  337 844
1  188
18  12 14 15 17 32 74 84 88 127 189 423 427 440 471 518 854 948 992
7  90 104 124 202 376 613 932
1  70
4  312 721 861 951
7  29 610 670 687 710 730 822
7  69 155 166 256 424 637 768
14  114 164 181 247 248 266 277 449 480 553 670 743 867 973
2  297 539
2  205 217
5  11 29 351 610 615
4  77 546 729 808
7  22 460 463 530 583 670 992
2  226 686
4  101 269 334 440
2  124 407
4  286 298 536 849
4  113 378 424 513
6  50 471 764 887 973 995
1  51
9  0 16 245 268 407 436 670 737 996
132  0 1 2 3 4 5 8 10 11 12 14 15 16 17 18 19 20 23 25 29 32 38 46 56 60 61 62 63 65 67 70 73 74 75 79 80 82 84 85 88 90 91 93 98 104 108 111 114 117 124 133 135 150 160 167 176 181 183 184 186 189 202 205 210 213 215 225 241 245 247 258 260 266 274 275 277 284 293 302 305 309 311 314 328 334 341 344 350 356 369 381 382 401 406 410 427 434 436 440 471 475 498 512 553 559 585 623 633 653 661 667 670 709 737 789 822 824 828 852 854 867 893 899 947 948 951 963 973 990 992 994 996
2  283 355
2  317 740
70  0 1 2 4 8 10 12 17 19 25 34 44 71 73 80 91 101 104 108 111 114 126 202 205 215 217 241 247 258 261 275 276 305 309 328 333 334 341 344 350 356 369 407 427 434 436 440 464 487 495 498 519 520 553 670 709 726 822 828 852 854 867 899 905 946 947 951 973 992 996
2  57 973
1  76
1  227
39  0 1 2 7 8 12 18 25 50 71 91 111 114 160 176 305 328 334 335 356 369 427 436 440 449 471 476 483 484 498 585 670 822 852 867 887 944 973 992
6  24 232 263 329 539 577
1  367
2  168 629
5  39 232 263 442 539
5  380 436 475 518 996
5  66 257 873 916 939
3  116 285 683
3  220 450 611
17  84 209 379 387 427 440 465 470 471 484 498 519 585 851 854 867 948
7  113 256 378 392 403 513 637
5  52 378 543 560 873
7  12 84 160 214 471 670 951
82  0 3 9 12 14 18 24 32 56 60 65 70 73 85 91 98 103 120 129 174 192 202 213 215 223 241 247 253 258 260 264 275 277 284 293 318 323 328 334 344 347 350 356 363 368 369 387 407 410 414 423 434 436 440 467 469 470 471 475 476 484 498 510 519 553 567 585 623 630 670 690 780 852 854 867 920 944 947 951 973 992 994
23  12 14 17 19 37 58 84 167 214 305 382 436 440 471 475 484 512 690 829 834 856 951 973
4  68 132 152 303
1  72
6  367 494 502 609 700 827
1  359
4  16 451 692 852
47  1 8 33 35 37 65 67 86 92 98 134 167 213 222 241 246 247 260 270 275 277 284 305 328 382 407 410 427 436 440 467 471 475 484 559 567 661 670 712 724 737 828 852 899 932 973 992
2  360 477
150  0 1 2 3 4 5 6 8 9 10 11 12 13 14 15 16 17 18 19 21 23 25 28 29 32 33 37 41 43 45 48 49 50 53 58 71 74 82 84 90 91 93 98 101 106 108 111 114 131 134 142 165 167 176 186 188 189 194 202 205 213 215 241 245 247 250 252 258 260 266 268 270 275 287 293 300 305 313 318 328 331 334 335 341 351 356 363 368 369 379 380 382 406 407 410 414 419 427 428 434 440 464 465 467 470 471 475 476 484 487 492 495 496 498 512 518 519 524 553 559 578 585 602 627 630 631 667 670 681 709 712 724 731 737 764 789 804 828 852 854 867 887 893 899 947 948 951 973 992 996
18  0 42 96 130 178 181 277 293 294 328 471 484 553 623 725 726 876 992
8  35 181 277 341 472 706 709 973
4  96 553 736 769
138  0 1 2 3 7 9 11 12 13 14 15 17 18 19 23 24 25 32 33 34 36 40 43 47 48 54 62 67 71 74 79 82 84 88 104 108 111 114 117 119 121 129 133 141 142 145 150 160 162 184 186 189 190 191 215 233 240 241 247 253 258 260 262 268 274 275 277 284 290 293 305 309 313 328 334 335 342 356 363 368 369 379 382 387 400 407 410 414 423 427 428 434 436 449 464 467 470 471 475 476 484 498 505 508 510 512 518 519 553 564 610 640 646 670 709 722 737 764 789 799 804 822 828 836 852 853 854 867 887 893 899 947 951 970 973 991 992 994
1  32
3  418 539 960
8  139 148 345 488 540 896 947 959
12  247 268 380 467 471 475 520 670 709 737 992 996
8  86 654 731 749 753 766 852 947
2  74 852
3  9 56 858
5  286 298 306 371 536
23  7 71 114 393 414 440 471 475 476 480 505 512 553 564 646 760 822 852 867 887 946 973 992
1  422
1  433
2  280 614
12  20 103 213 341 459 471 475 484 567 658 852 932
5  62 112 193 247 540
14  82 88 160 176 465 471 512 764 854 867 884 887 948 995
2  151 157
2  85 597
3  120 848 957
3  453 658 932
5  22 248 398 463 992
1  361
3  164 852 970
4  22 398 460 530
38  0 1 2 3 10 12 13 14 20 25 27 29 33 35 41 64 101 151 328 334 341 410 436 440 470 471 472 475 484 492 553 578 623 667 709 828 910 944
15  88 213 379 423 436 455 470 471 484 678 867 887 948 973 995
4  349 476 505 967
31  1 17 36 71 108 131 241 247 260 427 434 436 440 444 470 471 475 476 484 512 518 520 661 670 690 709 789 852 947 951 992
3  234 286 655
11  0 73 120 126 174 427 471 630 667 920 992
33  0 2 34 40 47 131 368 423 427 436 440 464 465 467 471 475 476 484 508 519 520 559 585 610 667 670 764 822 852 867 887 992 994
128  0 1 4 10 12 14 15 17 19 20 25 33 47 50 53 59 62 65 67 73 79 82 84 85 88 101 108 114 117 157 160 167 176 185 189 193 209 210 213 214 215 241 245 246 247 258 262 266 268 272 274 275 277 284 293 300 313 318 328 334 341 351 356 368 369 377 379 380 382 387 404 407 414 423 426 427 428 434 436 437 440 444 449 453 455 464 465 467 469 470 475 476 484 495 498 506 512 518 519 538 553 559 567 585 622 623 661 667 670 709 737 764 809 828 836 852 854 867 872 887 899 932 947 951 962 973 992 994
18  0 35 64 81 100 136 213 438 464 492 653 709 822 910 937 947 951 992
8  37 92 222 559 783 822 828 973
5  103 498 531 567 800
143  0 1 2 3 4 6 7 8 10 11 12 13 14 15 17 18 19 20 23 25 27 28 29 32 33 35 36 37 41 48 50 53 56 58 62 65 67 68 70 71 73 74 79 80 82 84 86 88 90 91 98 99 104 106 117 125 131 150 151 154 159 160 181 186 213 215 217 228 241 249 258 260 266 270 275 277 284 288 294 305 328 334 339 341 342 356 358 369 376 380 382 407 419 427 428 434 436 440 444 449 453 464 467 470 471 476 484 492 498 512 518 519 553 559 578 585 595 653 661 667 670 690 709 724 731 737 789 828 852 854 867 887 899 903 932 947 951 967 973 992 994 996 999
117  0 1 2 3 4 6 8 10 11 12 13 17 18 19 21 23 27 29 32 34 36 37 40 43 48 49 56 62 64 71 84 88 90 91 101 109 114 121 125 129 133 145 150 160 168 181 183 190 202 213 215 217 227 245 247 248 260 266 274 275 284 294 300 305 328 334 335 349 356 368 379 414 427 436 440 449 466 467 470 471 475 484 492 496 498 505 510 512 518 519 540 553 559 578 623 642 670 690 709 724 762 804 822 828 852 854 867 899 911 932 947 951 967 973 979 992 996
2  360 435
3  36 48 840
1  36
7  393 449 553 718 760 946 973
2  189 272
3  105 785 942
6  173 334 414 973 994 996
87  2 3 5 6 12 13 14 17 18 25 34 40 47 53 54 62 71 91 102 108 150 170 186 225 247 253 258 266 275 277 284 294 305 328 334 341 350 356 363 368 369 379 414 423 427 428 434 436 437 440 453 464 465 467 470 471 475 476 498 508 519 553 559 564 585 622 653 670 690 724 725 745 852 854 867 887 893 899 910 932 947 951 973 979 992 994 996
4  365 501 523 619
2  189 534
16  4 10 15 17 54 73 205 410 436 495 498 553 585 630 899 951
6  139 148 345 443 540 947
5  24 37 117 247 326
3  159 201 699
2  354 566
19  0 1 8 12 18 35 63 90 171 213 436 464 472 475 476 518 737 854 893
1  280
3  431 502 609
18  2 11 194 261 275 410 436 471 487 551 553 623 661 737 852 933 946 951
5  436 476 512 804 899
3  161 180 511
100  0 1 2 3 9 10 12 18 33 35 36 37 41 44 46 48 49 50 54 56 60 62 67 71 73 80 82 90 91 98 103 108 111 114 117 120 133 150 160 167 184 202 205 215 217 241 248 254 258 260 262 313 318 323 336 369 407 410 414 423 427 436 440 471 474 475 476 484 487 505 510 519 520 524 531 553 567 585 601 653 667 670 709 737 789 805 822 828 852 854 867 887 899 920 932 947 951 970 992 996
4  137 329 577 763
3  87 635 704
2  485 723
3  431 494 609
1  283
3  306 371 761
21  18 25 111 114 150 186 349 440 449 466 476 498 510 512 553 581 676 789 867 947 973
8  72 341 471 519 670 680 731 947
2  1 13
32  2 34 40 41 47 95 102 119 121 129 150 170 196 225 290 368 440 470 484 510 512 519 585 670 764 822 854 951 973 992 994 996
4  251 271 321 366
27  2 3 9 18 20 119 129 213 258 349 427 440 476 498 505 508 512 520 553 630 670 801 854 899 951 973 994
2  161 497
65  0 1 2 3 4 6 7 8 10 12 14 17 29 40 49 50 54 62 82 98 108 109 111 120 135 160 174 191 230 247 260 305 379 407 428 436 440 449 455 467 471 475 476 496 505 508 510 518 520 553 578 581 589 670 828 854 867 899 932 947 948 951 973 988 996
5  113 256 378 403 424
2  125 673
2  349 807
2  341 947
4  321 569 576 767
52  0 2 15 17 19 20 50 53 67 73 80 88 90 114 133 160 162 176 245 247 260 275 305 328 387 419 436 440 467 471 475 476 492 512 519 520 553 564 670 746 764 789 822 828 854 936 947 951 967 973 992 999
50  9 23 28 36 43 56 57 62 72 91 114 187 213 277 305 341 368 410 423 427 436 440 470 471 475 476 484 498 506 508 518 520 553 564 585 670 709 724 726 815 854 867 899 947 951 973 981 990 992 996
25  165 202 268 410 444 467 470 498 510 512 518 519 553 564 585 670 724 764 765 801 854 947 951 973 992
2  18 867
3  24 577 738
5  75 365 485 628 806
19  0 1 3 28 62 90 104 108 193 287 376 436 498 559 828 852 951 973 992
2  80 854
4  333 532 867 893
2  311 697
1  283
1  215
3  398 463 992
9  20 85 103 474 498 553 567 805 973
2  526 893
4  125 296 720 863
3  486 557 625
4  239 584 629 672
4  298 306 402 448
1  99
7  114 185 305 471 567 585 623
10  232 263 297 394 415 418 442 577 763 960
21  0 1 13 37 64 108 112 139 148 193 275 293 345 443 454 476 488 854 932 947 959
1  149
2  2 299
2  425 873
4  319 606 752 989
5  277 374 645 774 781
3  397 599 808
2  363 651
3  5 553 990
1  36
1  204
8  261 495 553 652 661 703 737 946
6  7 585 587 724 854 899
134  0 1 2 3 4 5 6 7 8 9 10 11 12 13 14 15 16 17 18 20 25 36 37 41 43 48 49 50 57 59 62 63 67 71 75 85 91 96 97 108 109 111 118 124 144 151 167 173 181 182 183 192 193 202 205 213 215 241 247 248 249 258 260 266 268 275 277 281 305 328 334 343 351 369 393 407 410 427 436 437 439 440 449 464 471 475 476 480 484 487 495 498 505 510 512 518 519 520 531 548 551 559 564 585 587 623 635 653 661 670 709 718 737 789 805 820 822 828 852 854 867 893 899 932 944 946 947 948 951 952 973 988 990 992
2  43 610
1  4
1  27
2  534 625
3  199 563 757
39  0 1 3 25 27 37 57 62 92 193 246 328 356 407 434 436 470 471 473 475 476 484 524 553 578 585 622 670 756 820 822 828 852 854 947 951 962 973 992
2  52 425
4  356 737 888 947
9  12 14 15 17 86 592 654 837 973
3  558 857 883
48  0 1 2 3 10 11 13 17 18 19 23 25 29 57 162 172 177 202 241 331 356 440 449 484 518 519 520 553 565 585 622 653 670 681 776 789 836 854 867 887 899 902 931 947 951 973 992 996
13  0 1 2 18 23 114 189 258 564 653 828 852 944
2  354 491
22  20 103 223 266 427 434 453 471 474 498 531 538 670 709 789 805 828 852 910 932 951 973
3  186 824 947
3  321 517 971
5  59 62 76 79 341
3  93 114 601
2  16 852
2  170 734
5  34 40 301 588 991
2  357 642
1  517
11  24 39 137 232 329 415 499 522 539 738 763
19  249 274 277 293 300 305 436 464 475 476 512 559 605 623 731 764 828 899 947
6  378 684 716 873 875 890
1  324
6  49 505 512 589 973 998
1  36
1  398
1  535
59  0 5 7 12 14 17 19 20 23 73 85 103 124 167 215 258 293 323 356 379 407 414 423 427 436 470 471 475 484 487 498 508 519 520 538 552 553 559 564 587 622 633 635 670 724 756 822 828 854 867 887 893 899 944 947 948 951 973 992
1  99
13  7 48 124 215 293 552 553 585 724 822 828 854 988
11  34 40 301 363 574 590 659 670 822 991 992
4  512 581 867 973
2  588 839
1  72
3  562 677 837
2  307 602
3  165 623 648
1  475
4  181 688 884 932
2  85 457
5  331 789 867 887 899
2  546 808
4  183 934 947 951
8  114 266 277 498 571 709 867 947
19  0 3 21 41 42 124 167 178 186 205 226 307 334 436 593 724 725 884 944
3  16 30 901
6  7 38 65 234 286 289
8  80 293 578 731 749 775 947 994
3  319 544 752
3  124 737 843
1  335
5  431 494 502 827 984
19  29 43 305 358 391 396 440 470 554 615 670 709 730 822 854 867 947 973 992
1  422
13  33 35 41 134 156 167 260 328 665 670 779 951 981
1  388
1  452
3  396 610 854
7  37 193 241 259 622 635 948
1  293
1  91
1  485
3  158 244 826
9  28 108 124 247 268 852 867 887 995
22  19 23 88 114 241 305 471 484 559 564 585 616 635 653 724 745 822 854 867 947 948 992
61  0 2 3 10 11 21 24 25 41 42 49 84 98 111 165 181 185 215 241 248 258 266 277 293 305 334 368 377 379 407 427 437 464 471 476 495 538 553 578 594 640 641 661 670 694 709 725 731 737 755 811 820 852 854 867 887 893 947 951 973 992
3  258 850 912
2  534 557
1  362
13  9 10 24 29 45 71 188 247 305 436 822 947 951
3  523 696 806
5  168 190 239 417 535
14  0 3 150 290 349 427 436 469 487 510 670 764 804 992
11  14 15 19 53 82 213 436 670 737 947 951
1  47
12  85 88 114 213 407 585 724 822 951 963 973 990
1  118
26  17 35 46 63 75 87 93 118 213 241 266 293 500 553 585 616 622 724 737 822 899 944 947 948 951 973
1  276
4  155 166 392 424
2  79 918
2  38 828
7  0 1 79 440 623 709 951
11  0 5 10 91 165 215 623 667 933 951 992
5  202 205 357 476 575
2  196 794
2  84 117
2  545 781
8  240 266 369 440 449 670 828 992
2  172 867
1  594
4  168 685 841 876
1  315
1  547
1  551
34  9 17 18 19 56 58 82 84 88 102 117 131 167 186 213 241 260 277 341 407 472 475 484 498 553 564 565 622 789 822 867 944 947 973
15  12 15 27 86 159 164 188 247 380 445 562 731 749 947 948
1  468
1  253
3  212 825 935
3  453 459 932
1  588
2  379 997
33  11 14 20 32 37 64 74 114 193 202 205 213 217 241 248 275 407 434 467 471 475 495 551 553 623 670 764 789 828 836 852 951 973
2  19 340
2  130 147
1  132
9  0 5 41 111 182 612 951 973 981
1  198
50  5 10 12 21 33 41 49 63 67 75 88 91 101 114 118 120 150 160 167 174 189 215 252 258 260 266 275 277 293 309 328 346 407 436 464 469 470 471 475 498 641 673 764 789 828 852 920 947 951 992
4  127 265 691 970
2  124 225
143  0 1 2 3 4 5 6 8 9 10 11 12 13 15 17 18 19 20 21 22 25 27 28 29 34 36 40 41 44 47 53 57 60 61 71 72 73 80 84 85 88 90 91 98 108 111 114 121 122 126 133 150 160 167 181 190 191 202 205 213 215 225 229 245 247 248 250 260 261 266 275 290 293 305 328 334 341 363 364 368 369 382 391 393 398 406 407 410 414 426 427 434 436 440 444 467 470 471 475 476 484 498 506 508 510 512 518 519 520 553 559 564 567 585 588 610 612 623 630 631 646 661 724 731 764 789 799 805 822 828 836 854 867 887 899 932 946 947 951 973 981 992 996
4  119 170 764 992
3  168 239 535
6  125 275 514 667 854 932
2  1 764
2  62 108
13  3 9 43 56 60 70 98 114 186 505 867 947 951
2  592 837
2  465 887
2  2 191
2  506 947
10  19 23 205 313 436 564 751 836 899 951
1  283
2  285 421
3  579 705 873
3  168 649 876
1  399
1  391
5  181 596 727 744 894
1  347
26  17 23 29 51 167 205 213 241 266 358 368 427 428 467 475 476 484 713 724 822 852 893 944 947 951 992
5  127 219 265 668 970
2  16 433
6  211 267 282 770 788 914
1  623
1  126
1  628
2  311 527
7  81 136 709 739 822 947 951
1  490
5  242 367 431 927 928
3  373 799 972
2  360 968
1  551
2  500 750
1  684
2  438 973
1  38
1  187
65  0 1 2 3 4 18 26 62 64 71 79 81 84 91 100 108 114 123 131 136 160 167 209 215 245 260 277 305 328 407 410 436 438 440 444 464 467 471 472 475 476 498 519 553 567 601 610 623 640 698 726 739 789 822 830 831 852 867 899 905 910 918 947 951 973
2  391 782
3  241 253 277
12  134 167 181 258 260 266 325 382 434 436 724 951
3  690 724 947
2  105 898
3  77 773 802
2  378 579
1  37
3  480 553 946
1  98
6  56 125 207 296 533 983
4  312 390 951 985
7  11 111 150 440 804 899 951
2  501 978
63  0 6 9 17 19 20 23 27 33 34 50 58 84 114 142 167 191 213 293 294 305 323 328 334 335 339 356 434 436 475 476 484 519 520 552 585 587 602 622 633 635 670 690 712 713 731 764 804 815 822 828 836 854 884 899 911 944 947 948 951 973 979 995
13  21 42 178 368 437 484 602 623 731 820 893 944 992
14  0 5 42 49 93 130 277 410 437 519 709 822 867 910
2  688 894
1  37
2  397 808
3  391 610 822
24  74 86 154 341 436 445 475 506 578 605 623 654 670 724 725 749 764 804 811 836 852 899 947 951
2  205 217
4  238 251 271 793
1  573
1  151
1  439
64  0 2 8 11 16 18 21 33 35 37 50 71 91 92 124 167 194 202 213 241 245 246 247 248 250 258 266 268 284 313 328 342 356 380 406 407 434 436 440 444 471 475 492 495 498 551 553 561 607 623 631 635 822 828 836 852 893 899 910 947 951 973 992 996
2  522 577
6  81 136 698 709 822 947
2  317 409
1  261
3  9 20 85
3  393 867 973
1  688
6  369 484 622 899 948 992
6  518 814 854 936 947 999
1  287
2  103 347
6  86 445 605 654 731 947
1  704
2  313 681
5  90 319 544 606 889
2  445 947
1  203
5  165 623 887 973 992
7  17 169 383 559 585 822 951
4  30 199 375 558
2  220 311
1  365
3  449 480 946
2  504 977
4  150 349 476 967
5  329 499 539 577 960
79  1 2 3 4 10 12 15 17 18 19 26 29 37 48 50 59 62 82 95 97 129 150 160 170 189 190 196 215 241 248 249 251 274 283 290 300 328 334 363 368 404 436 440 455 470 471 508 518 520 578 630 661 667 670 671 674 724 731 789 804 822 828 836 854 867 884 909 910 920 932 947 948 951 961 967 972 973 992 996
1  520
3  86 445 947
1  517
2  392 847
1  439
5  211 267 282 693 788
3  218 791 819
6  8 243 312 852 951 955
2  77 715
3  277 374 545
1  605
9  0 18 21 42 49 254 564 836 973
3  178 816 897
2  247 992
3  156 612 943
1  427
4  545 645 786 882
1  710
4  473 822 880 973
2  224 854
2  482 942
1  781
1  13
5  211 267 693 770 812
61  0 1 2 3 4 7 12 13 25 38 50 62 65 90 104 108 111 133 181 202 215 223 252 275 331 334 407 436 440 467 475 498 505 518 553 564 567 598 653 661 667 670 709 764 804 805 822 828 852 854 867 887 899 932 947 951 961 967 973 992 996
1  17
2  771 819
1  16
1  733
1  643
4  216 234 315 975
2  145 899
2  164 852
7  11 29 33 41 67 828 867
11  0 71 190 334 373 440 670 701 867 921 972
1  474
4  510 520 947 973
1  715
1  355
20  0 150 436 440 476 496 630 722 724 731 764 789 822 836 854 899 906 947 951 974
26  1 2 3 6 12 20 41 50 85 103 318 498 531 553 567 670 789 822 828 854 932 947 951 973 992 996
3  365 523 628
1  515
5  77 397 546 599 729
2  268 471
1  253
3  623 731 947
1  788
1  307
2  746 854
6  9 187 519 724 836 944
2  777 897
1  353
2  167 258
2  771 791
6  96 553 559 623 725 822
2  175 204
95  0 1 2 10 23 27 29 34 35 40 41 46 49 61 63 64 75 81 93 100 101 102 114 129 136 181 183 185 190 247 249 260 266 269 277 293 294 301 369 391 407 410 414 440 449 470 472 473 476 498 508 518 553 559 585 587 588 610 622 627 633 635 653 670 690 698 709 724 726 730 737 739 756 764 783 789 804 805 820 828 831 836 852 854 867 876 899 910 932 947 951 961 973 992 996
2  374 877
5  186 407 568 930 947
1  657
2  158 620
4  367 431 609 984
106  0 1 2 3 4 6 7 9 10 12 13 14 17 18 19 20 23 27 29 33 34 37 38 40 50 53 60 61 62 64 65 67 70 73 80 90 92 94 95 108 111 112 114 167 193 202 213 215 222 246 247 258 259 266 274 275 351 356 358 407 410 434 436 440 464 471 473 475 476 498 512 518 524 553 559 565 567 578 585 587 639 646 661 667 670 724 737 764 789 798 805 822 831 836 852 854 867 910 932 944 947 951 959 961 973 992
4  17 58 428 973
3  123 709 973
8  100 709 822 828 836 947 951 973
2  228 947
2  100 879
2  428 856
1  275
45  0 1 5 19 21 23 50 54 73 124 126 167 177 205 215 241 260 382 440 471 564 661 670 681 724 731 737 764 776 804 815 822 828 831 852 854 884 899 910 932 944 947 951 973 996
10  0 2 3 8 12 14 562 592 677 973
3  336 878 913
1  590
2  478 845
5  40 168 301 649 876
1  105
1  607
2  337 385
1  840
5  17 19 150 340 996
1  768
2  458 957
1  402
1  624
5  84 209 423 854 999
139  0 1 2 3 4 5 7 8 10 11 12 14 16 17 19 21 22 23 25 28 29 31 32 33 36 38 43 49 50 62 65 67 71 73 74 79 82 84 88 90 93 101 103 108 111 114 133 134 145 164 165 167 190 202 205 213 215 241 243 245 247 248 250 255 260 261 264 266 268 275 284 293 305 328 334 341 343 344 356 369 407 410 414 427 433 434 436 440 445 446 449 453 462 467 470 471 475 476 484 495 498 524 553 559 565 567 572 621 623 661 667 690 709 731 737 772 789 797 822 828 836 854 867 884 887 899 920 932 933 944 947 950 951 962 970 973 988 992 996
1  440
118  0 1 2 3 4 5 6 9 10 13 15 17 19 20 23 25 41 42 49 50 57 62 63 65 67 71 72 73 80 91 95 97 99 114 118 119 134 162 170 181 183 202 205 213 215 224 247 260 261 274 275 293 305 313 328 334 341 382 387 407 410 423 427 436 440 455 471 475 476 484 492 498 508 510 512 518 519 520 525 540 552 553 559 564 585 587 610 615 622 623 670 673 724 746 764 784 789 804 805 814 822 828 836 851 852 867 884 899 932 936 946 947 948 951 973 992 996 999
2  241 905
2  428 834
2  563 883
1  447
1  239
1  63
3  312 390 951
1  343
1  533
1  140
1  70
1  177
137  0 1 2 3 4 5 8 11 12 13 16 17 18 23 25 27 28 29 33 35 37 41 43 46 49 53 54 56 60 62 67 71 83 90 93 98 101 109 114 124 133 135 141 167 172 181 185 186 192 202 205 213 215 231 241 249 253 260 266 275 277 284 291 305 313 328 333 334 341 343 350 356 358 369 393 407 410 414 423 427 436 440 449 455 465 470 471 475 476 484 498 505 512 519 521 526 553 564 585 589 598 601 610 621 622 623 647 653 670 676 709 726 743 764 789 798 799 822 828 852 854 884 887 893 899 910 932 946 947 948 951 967 970 973 992 994 996
1  102
1  278
1  255
2  90 104
6  318 356 471 911 947 973
11  52 66 69 113 378 420 425 543 579 684 916
1  57
1  579
16  0 2 34 40 168 277 301 356 437 649 685 822 841 932 951 973
1  823
1  838
1  833
1  783
1  275
1  781
2  563 857
20  0 42 75 181 215 226 307 455 596 602 724 764 836 852 854 867 893 899 947 973
1  185
2  153 929
50  0 4 8 10 25 38 50 65 88 97 108 160 165 185 221 277 289 331 335 369 404 414 436 440 449 455 465 470 471 475 484 498 564 585 598 621 623 670 678 755 789 852 867 932 947 951 973 992 994 995
3  356 561 947
1  752
3  378 579 965
1  322
2  382 917
55  0 3 5 7 10 13 16 18 21 35 36 41 46 49 62 63 75 99 111 124 213 215 225 247 266 274 293 300 328 350 369 407 436 440 484 492 526 532 553 585 623 690 725 737 867 884 899 910 944 947 951 973 990 992 996
2  688 727
7  3 9 13 18 114 899 992
3  345 443 947
2  777 816
5  28 105 115 287 714
135  0 1 2 3 4 5 6 7 8 10 11 12 16 17 18 25 33 34 35 37 40 41 47 50 57 58 67 71 73 80 82 84 88 91 92 100 101 114 121 124 126 129 134 135 140 145 146 150 153 160 167 176 181 185 189 190 205 213 241 248 250 258 260 266 277 284 287 290 305 313 328 331 334 341 342 350 356 363 368 369 382 407 410 434 436 440 471 475 476 484 487 496 498 510 512 519 552 553 564 578 585 598 635 670 681 709 722 724 731 737 745 789 796 804 822 836 852 854 867 884 893 895 932 944 947 951 955 956 967 970 973 991 992 994 996
2  14 82
1  603
5  172 231 304 564 994
4  159 201 211 475
1  106
7  241 253 275 410 709 855 947
3  804 945 974
1  29
1  228
5  190 764 961 967 996
20  277 464 472 484 567 709 726 737 764 822 828 836 867 893 932 947 951 973 992 996
9  0 49 318 356 476 724 872 947 973
1  624
1  838
1  693
1  314
6  66 197 257 372 420 873
2  382 892
13  0 5 16 62 75 76 79 124 293 638 709 919 996
2  918 996
17  14 41 56 75 120 174 316 346 427 469 498 667 764 852 933 951 992
1  799
1  278
1  237
3  40 129 368
2  125 940
4  0 42 130 226
3  367 700 928
2  700 927
2  886 993
2  824 947
1  564
78  0 1 2 3 4 5 6 9 10 13 20 41 54 62 65 68 73 74 90 103 108 125 177 181 185 186 213 215 223 230 241 247 305 318 334 341 369 382 388 434 453 459 471 475 476 484 498 512 540 553 567 596 658 670 673 764 789 805 822 828 836 852 854 867 876 887 899 910 936 946 947 951 956 967 973 992 996 999
8  120 165 495 641 852 920 951 992
3  183 600 947
2  212 657
8  382 518 746 854 932 946 967 999
1  472
1  72
2  420 964
4  125 138 925 983
1  179
2  482 785
1  779
32  2 10 25 33 35 91 111 167 192 414 427 464 553 565 585 602 635 653 690 724 725 815 828 836 852 893 899 947 973 992 994 996
2  906 974
17  261 275 410 449 480 495 551 553 670 718 760 854 867 932 936 947 973
199  0 1 2 3 5 10 12 14 15 16 17 18 19 20 21 23 25 27 28 29 33 35 42 44 46 49 50 57 59 62 63 64 65 71 76 79 80 81 86 88 90 93 97 100 101 105 108 111 112 114 122 124 133 134 136 139 142 148 154 159 160 162 167 179 183 185 186 193 194 202 213 215 228 241 245 247 248 249 253 258 260 261 266 275 277 284 288 293 305 313 318 328 334 341 344 345 350 356 358 359 362 379 407 410 427 436 440 443 445 467 471 472 475 476 484 488 498 505 506 512 516 518 519 520 540 553 559 561 564 568 578 585 600 601 605 610 622 623 627 631 635 653 654 667 670 676 680 690 698 709 713 724 731 737 739 746 749 753 764 766 789 801 804 805 811 822 824 828 831 832 836 852 854 867 872 884 887 888 893 896 899 905 910 911 930 932 934 944 946 948 951 959 967 970 973 992 994 996 999
33  14 15 86 88 154 159 160 174 350 379 387 407 423 436 455 465 512 553 585 616 622 635 654 724 745 764 854 867 947 951 973 992 995
1  267
8  17 32 82 309 344 852 951 992
168  0 1 2 3 4 5 8 9 10 12 13 14 15 17 18 19 23 25 26 27 29 32 33 35 37 38 41 43 46 49 50 60 62 63 64 79 81 82 84 88 91 92 98 100 101 111 118 131 133 134 160 167 181 182 183 185 202 205 213 214 215 217 241 243 245 247 258 260 261 266 270 275 284 305 312 313 325 328 333 334 344 350 356 369 382 390 407 410 426 427 428 436 440 467 471 472 475 476 484 487 495 498 508 510 512 518 519 520 524 553 559 564 567 585 600 612 623 627 631 633 635 640 641 661 665 667 670 676 681 690 698 709 712 721 722 724 731 737 756 764 772 789 804 805 822 828 831 836 852 854 861 867 876 887 893 899 910 920 932 933 947 948 950 973 981 990 992 996
3  63 118 553
1  303
1  304
8  7 8 57 111 243 312 772 899
4  899 932 967 973
3  120 458 848
1  140
8  112 139 148 443 540 828 947 970
3  442 539 763
7  764 789 822 828 909 967 996
4  157 471 559 852
4  381 407 633 973
1  939
1  890
14  34 40 47 102 119 121 129 168 170 190 198 373 972 996
17  349 466 475 476 518 762 764 789 867 899 909 932 936 947 956 961 996
1  702
1  347
20  2 12 14 31 54 62 127 265 313 352 440 462 498 668 691 852 867 899 947 959
1  569
12  150 168 190 198 227 368 373 701 764 799 966 996
183  0 1 2 3 4 5 7 8 9 10 11 12 13 14 16 17 18 19 21 23 25 27 28 34 35 36 37 40 42 43 44 47 49 50 56 57 58 60 61 62 65 71 84 86 88 92 93 98 102 103 108 111 119 120 121 123 129 142 144 150 154 159 160 167 170 173 174 181 182 183 185 191 202 213 217 241 247 253 258 260 266 268 277 281 284 300 305 328 334 339 341 351 369 381 393 404 407 410 411 414 427 428 434 436 438 440 449 465 471 473 475 476 480 483 484 505 508 510 512 518 519 520 524 531 553 559 562 564 567 581 585 589 610 623 633 635 653 661 665 670 706 709 724 737 743 755 764 776 783 789 801 805 822 828 829 830 831 836 837 852 854 867 872 876 884 887 893 899 910 911 932 944 946 947 948 951 956 963 990 992 994 996 998
3  804 906 945
2  216 795
3  49 111 992
1  761
1  723
4  6 476 484 724
1  178
12  0 1 33 41 261 519 612 665 670 951 990 992
1  71
5  125 138 207 720 940
2  609 827
1  721
1  117
3  70 80 241
6  7 109 512 553 587 852
3  215 319 544
26  0 5 33 35 41 49 56 62 65 75 92 131 205 241 407 519 548 553 633 893 951 973 981 992 994 996
9  19 23 40 54 301 440 574 588 899
157  0 1 2 3 5 6 8 9 10 11 12 14 16 17 18 19 21 22 23 25 27 32 33 34 35 44 49 50 62 65 67 68 74 80 82 84 88 90 91 101 114 117 124 145 150 160 165 167 172 181 183 189 192 194 202 213 215 217 231 241 247 248 250 258 260 262 275 277 284 290 305 309 328 334 335 344 350 356 368 369 380 387 398 407 410 414 427 434 436 437 440 444 449 460 467 469 470 471 472 475 476 484 498 508 518 519 520 524 530 553 559 564 585 588 610 622 623 630 641 646 667 670 671 690 725 737 745 755 764 778 789 805 822 828 852 854 867 887 893 895 899 910 920 932 933 944 947 948 950 951 973 976 981 990 994 996 998
1  929
38  0 2 5 10 14 20 36 49 50 124 225 231 241 304 328 407 427 440 470 471 475 483 484 508 510 605 867 887 899 902 944 947 973 990 992 995 996 998
11  20 86 404 455 465 621 724 887 948 994 996
94  0 2 3 4 7 11 12 14 16 17 19 32 38 40 41 57 59 60 62 63 65 71 72 76 79 82 84 111 117 121 124 133 134 150 154 167 183 196 210 213 230 247 258 260 270 325 341 380 382 406 407 410 419 436 444 475 476 483 484 498 508 512 519 564 670 737 764 789 805 822 836 846 852 854 867 893 899 909 910 918 919 932 944 947 951 961 966 967 972 973 990 992 994 995
1  660
5  91 581 973 992 994
22  0 1 12 32 49 50 62 75 88 90 108 167 245 247 475 518 746 851 854 932 936 947
