
***ForestFire:  GeoFire  Nodes:1000  StartNodes:1  Take2AmbProb:0
                FwdBurnP:0.35  BckBurnP:0.354  ProbDecay:1  Orphan:0
(1000, 6141)  burned: [1,3,1]  [0.02s]
1000
60  1 14 22 25 27 29 31 48 70 71 95 100 104 115 118 127 158 253 256 273 284 326 362 373 390 400 407 450 457 477 483 492 517 520 522 556 568 599 601 616 619 650 692 709 760 780 806 836 847 855 864 897 905 912 923 924 930 936 941 993
85  0 2 4 14 18 22 25 27 31 48 57 66 70 71 73 93 104 115 118 120 121 127 158 164 181 189 206 252 253 260 273 287 333 343 358 362 368 372 390 400 407 428 450 457 477 483 492 495 508 517 520 522 549 556 568 599 616 619 650 654 671 692 701 709 728 760 762 780 806 824 847 855 864 897 904 905 912 924 930 936 941 955 966 983 993
112  1 3 4 5 9 13 14 18 23 25 27 31 47 48 56 57 60 62 70 71 73 97 100 101 104 115 120 121 154 158 160 181 189 192 206 233 249 253 260 273 289 333 343 358 362 363 368 372 380 390 398 400 407 428 450 457 460 477 479 483 495 508 515 517 520 521 522 527 541 547 549 568 596 607 616 619 650 654 671 692 697 701 709 718 728 760 762 769 780 795 797 806 824 847 855 857 900 904 905 912 924 927 936 941 952 956 966 981 982 983 985 993
114  2 5 7 8 9 12 13 14 21 23 25 27 31 39 46 47 48 52 60 70 73 93 97 100 101 104 115 120 130 131 135 143 154 158 163 201 204 233 249 253 260 273 277 289 333 343 358 362 368 380 390 400 402 407 425 428 433 450 457 477 479 483 495 508 512 514 515 517 520 521 522 527 530 541 543 547 556 568 616 619 650 654 692 697 701 709 712 718 728 730 739 742 760 769 780 792 797 835 836 855 857 864 893 904 905 912 924 927 936 941 952 966 983 993
53  1 2 5 14 25 27 31 70 71 73 93 100 101 104 120 201 206 253 273 343 358 362 363 390 400 401 407 450 457 460 477 483 510 520 522 616 692 709 742 760 780 806 827 837 855 864 878 936 941 952 956 983 993
78  2 3 4 6 8 9 12 14 24 26 27 31 47 48 70 71 84 93 97 100 101 103 115 120 132 163 201 249 260 273 333 358 380 390 402 407 425 428 433 450 460 477 479 483 508 510 512 514 517 520 521 522 527 607 692 709 718 742 760 769 780 786 792 806 837 855 893 896 905 912 924 936 941 952 955 971 983 993
46  5 8 14 20 25 27 31 48 69 100 120 201 216 273 326 333 343 380 400 407 428 477 479 483 508 514 520 522 527 692 718 719 758 760 806 839 893 905 912 927 936 941 955 957 983 993
60  3 8 10 13 14 23 25 27 31 44 46 48 100 131 154 158 233 253 273 289 300 343 362 363 384 390 400 402 407 425 450 457 470 495 514 517 522 556 616 619 650 692 701 709 739 760 781 797 836 839 893 905 908 912 936 941 955 956 983 993
62  3 5 6 7 11 13 20 25 31 34 44 56 69 71 93 100 174 201 245 273 289 300 333 343 363 384 402 425 428 450 477 483 499 515 517 522 575 616 667 692 709 718 719 742 760 769 784 797 806 837 864 893 905 908 912 923 936 941 955 957 983 993
64  2 3 5 12 14 24 27 31 36 47 48 70 71 84 97 100 101 104 115 124 132 154 163 165 189 245 249 273 333 343 358 390 407 479 483 514 522 527 561 616 641 642 650 654 656 692 697 701 709 742 760 769 780 792 835 837 855 905 912 924 936 941 952 993
31  7 13 14 27 31 48 93 100 104 154 158 201 260 273 362 384 407 483 517 522 556 616 709 718 792 836 857 869 912 936 993
54  8 13 14 15 16 27 31 34 44 56 57 71 100 174 201 233 245 273 326 343 357 362 372 384 450 477 479 483 499 515 522 561 616 645 650 709 718 742 760 780 797 842 855 864 893 905 923 927 936 941 952 955 956 993
46  3 5 9 14 17 31 43 45 47 48 101 115 124 193 249 288 362 400 405 428 433 479 483 484 499 514 522 527 616 642 650 667 692 709 733 760 780 836 855 857 864 865 912 936 955 993
65  2 3 7 8 10 11 14 23 25 27 30 31 48 56 70 71 73 100 104 154 158 160 201 253 273 333 343 362 363 399 407 429 450 477 483 508 517 522 530 552 561 616 676 692 701 709 718 719 742 760 769 836 837 847 855 857 864 893 912 927 936 941 952 983 993
78  0 1 2 3 4 5 6 7 9 10 11 12 13 19 23 24 25 27 31 48 55 57 65 71 95 97 100 108 110 120 144 154 158 190 273 286 289 326 343 362 390 400 450 457 477 479 483 514 520 522 561 605 616 619 650 667 692 701 709 742 760 780 792 797 806 836 855 893 896 905 912 924 927 936 941 955 964 993
15  11 16 31 32 269 357 479 695 780 822 923 927 936 941 993
16  11 15 32 34 89 233 479 522 689 718 780 822 923 927 936 993
23  12 28 35 41 45 101 124 210 249 362 479 483 499 522 667 755 836 837 865 924 983 993 994
17  1 2 25 27 31 71 253 343 654 709 780 806 824 908 924 936 952
26  14 31 38 97 120 289 326 343 372 390 396 400 450 479 483 510 616 650 709 806 855 893 952 956 966 993
44  6 8 27 31 37 67 73 98 100 162 193 201 220 227 291 327 333 343 380 384 390 428 457 463 477 483 485 508 522 616 709 719 742 760 780 806 855 912 936 941 955 957 966 983
34  3 23 25 27 31 93 100 135 158 209 277 358 390 407 447 477 483 485 499 517 522 527 530 701 709 718 730 756 780 855 893 924 936 941
13  0 1 25 31 58 118 445 517 780 855 875 897 993
50  2 3 7 13 14 21 25 27 31 48 49 55 71 93 100 120 133 158 251 300 343 359 363 407 477 479 483 521 522 527 552 607 608 701 709 730 760 780 794 839 843 855 892 893 905 912 927 936 941 955
26  5 9 14 70 71 97 101 114 163 233 253 272 273 372 407 442 483 521 522 701 709 780 786 817 843 896
59  0 1 2 3 4 6 7 8 13 14 18 21 22 23 27 31 49 55 70 71 87 100 118 120 201 253 273 300 343 358 362 363 368 390 400 428 429 450 457 477 483 522 556 645 705 709 718 760 780 792 827 836 837 893 936 941 952 955 996
13  5 75 103 123 141 268 338 358 390 400 510 558 855
61  0 1 2 3 4 5 6 7 9 10 11 13 14 18 20 21 23 25 31 48 49 71 73 93 100 113 120 206 207 273 326 333 343 358 363 380 384 390 400 407 450 457 463 477 483 508 616 654 692 697 701 709 742 760 781 806 835 864 936 952 993
16  17 101 124 204 233 407 578 667 684 836 837 865 924 936 983 993
1  0
5  13 128 136 508 552
71  0 1 2 3 4 5 6 7 8 9 10 11 12 13 14 15 18 19 20 21 22 23 25 27 32 38 48 49 57 71 73 93 97 100 193 233 248 253 265 273 326 333 343 351 362 400 407 428 445 447 450 477 479 483 522 607 616 619 667 692 709 760 769 780 792 855 912 936 941 985 993
35  15 16 31 33 38 53 54 68 71 72 85 97 108 149 233 248 269 357 362 365 376 441 457 479 579 619 689 709 718 769 780 792 923 927 993
13  32 38 42 77 149 322 393 579 769 780 872 912 993
17  8 11 16 44 100 201 233 245 273 289 372 483 654 718 839 855 993
11  17 86 182 217 557 657 703 732 807 963 975
17  9 47 48 104 115 189 228 407 479 483 520 522 692 709 912 936 941
15  20 40 155 193 291 327 380 483 597 692 742 912 927 936 955
8  19 31 32 33 97 479 709 993
23  3 46 48 60 131 407 428 442 483 521 530 619 645 709 728 836 840 893 896 927 930 936 941
15  37 61 195 247 283 311 328 431 437 480 545 597 633 668 692
2  17 119
13  33 74 102 109 111 149 179 322 364 704 780 896 914
16  12 45 51 101 122 124 129 249 400 522 642 836 855 865 936 993
12  7 8 11 34 245 273 289 305 343 390 839 941
23  12 17 43 76 79 101 106 124 203 204 249 479 499 522 570 628 685 780 836 864 865 936 993
14  3 7 39 48 131 209 428 451 521 709 836 927 936 941
34  2 3 5 9 12 36 48 104 115 167 191 257 333 400 407 479 483 517 520 522 525 529 549 568 645 650 709 733 760 855 905 936 983 993
67  0 1 2 3 5 6 7 9 10 12 13 14 23 27 31 36 39 46 47 49 70 71 73 81 100 104 115 131 160 164 193 288 333 343 358 400 407 428 450 477 479 483 485 508 514 520 521 522 616 650 692 701 709 719 760 836 855 857 893 905 912 923 927 936 966 983 993
21  23 25 27 31 48 50 71 73 93 100 333 400 428 450 477 479 483 709 718 760 792
7  49 78 400 483 504 709 918
13  43 59 129 271 295 604 615 638 642 664 747 760 855
8  3 112 267 543 547 671 780 835
15  32 54 68 110 152 157 365 376 441 458 479 617 689 718 927
11  32 53 68 108 110 149 365 376 617 736 767
32  14 23 25 64 80 96 120 185 229 273 282 289 300 343 358 390 400 428 477 522 530 556 571 607 642 688 835 837 893 904 941 955
38  2 8 11 13 63 70 100 120 158 171 201 333 372 450 457 460 477 479 483 499 517 521 709 718 719 760 769 780 784 792 839 842 855 893 936 941 993 994
15  1 2 11 14 31 71 233 252 351 450 477 522 709 904 985
9  22 118 197 212 602 780 855 875 897
8  51 259 295 535 604 638 642 747
25  2 3 39 100 131 208 209 333 358 400 407 428 483 521 530 568 619 650 709 760 795 857 893 930 936
7  40 125 247 283 545 597 668
5  2 134 181 483 832
11  56 88 158 171 214 333 400 517 601 740 760
29  55 80 83 96 107 120 161 202 225 266 273 282 303 343 400 522 530 549 556 616 619 620 642 688 692 760 772 955 993
11  14 97 108 110 173 221 232 298 332 353 514
7  1 71 250 265 287 407 677
29  20 82 98 142 146 162 176 193 201 227 258 343 384 390 463 477 485 653 709 760 806 893 903 912 936 941 957 983 984
7  32 53 54 108 149 233 376
7  6 8 100 201 273 522 936
48  0 1 2 3 4 5 9 13 24 25 48 56 71 73 93 100 115 131 151 154 158 163 273 333 343 385 407 448 450 457 460 477 483 522 642 650 697 701 705 709 760 780 830 936 941 981 983 993
58  0 1 2 4 5 8 9 11 13 14 18 23 24 25 27 31 32 48 49 57 66 70 73 91 93 100 104 158 181 189 233 245 253 265 273 284 333 351 358 407 450 457 477 479 608 701 709 718 728 756 760 762 794 806 824 908 936 952
11  32 85 105 177 242 349 365 376 579 758 769
46  1 2 3 4 13 20 27 31 48 49 70 71 90 93 100 113 120 164 181 187 201 206 220 260 333 343 362 407 428 450 457 473 477 483 522 608 616 709 718 742 760 780 792 917 936 993
11  42 102 109 111 179 318 322 364 896 914 987
3  26 558 855
12  45 106 124 204 249 362 479 564 632 697 709 864
4  33 92 393 459
11  50 168 200 254 315 324 478 489 504 532 709
21  45 106 148 204 226 249 319 335 355 479 483 570 692 697 716 718 836 855 864 936 971
31  55 64 96 107 120 153 161 188 225 238 266 273 282 303 343 400 483 522 530 556 568 620 642 688 709 790 837 855 944 955 993
6  48 164 407 520 650 936
21  67 94 98 142 162 193 201 390 450 477 517 576 581 709 713 855 882 893 903 912 983
15  64 107 120 202 273 303 346 381 450 522 567 642 683 688 965
15  5 9 100 132 163 249 358 483 499 522 527 667 709 742 845
4  32 72 376 927
15  35 170 182 217 239 279 467 557 562 657 703 721 732 963 975
15  25 100 233 273 390 407 429 457 483 522 556 701 837 893 996
12  63 171 214 273 333 343 517 601 645 667 760 855
4  16 233 822 936
3  73 362 780
12  71 100 104 256 284 407 441 479 507 806 936 994
4  77 137 459 986
50  1 3 4 5 8 10 21 23 27 31 49 70 71 73 100 101 120 154 158 171 206 230 260 273 333 362 380 402 407 428 450 479 517 521 527 607 616 642 654 709 718 826 837 855 864 893 912 941 955 993
22  82 142 162 172 183 193 201 360 384 457 477 517 576 581 709 713 760 806 909 912 941 983
5  0 14 126 561 681
11  55 64 80 120 225 273 303 343 522 613 642
24  2 3 5 9 14 19 24 31 32 38 65 108 149 457 479 607 619 709 769 855 896 915 982 993
14  20 67 82 99 201 291 327 343 477 483 576 692 927 936
3  98 483 746
97  0 2 3 4 5 6 7 8 9 10 11 13 14 20 21 23 25 27 31 34 48 49 56 60 69 70 71 73 84 87 91 93 113 120 138 144 154 158 174 193 201 208 209 233 256 260 273 333 343 347 358 390 400 402 407 428 436 450 457 477 479 483 492 517 521 522 533 556 570 578 607 654 667 692 701 709 718 760 769 777 780 792 806 836 843 855 857 893 905 912 936 941 946 955 966 993 994
40  2 3 4 5 9 12 17 24 28 43 45 93 104 124 154 203 204 233 253 273 333 362 407 450 477 479 499 522 642 667 701 709 760 780 837 855 893 936 993 994
9  42 74 111 179 264 320 322 415 914
7  5 26 169 215 270 390 855
36  0 1 2 3 4 9 10 13 36 47 48 71 91 101 115 124 233 256 333 343 351 363 407 479 483 522 616 701 709 760 827 923 924 936 983 993
7  72 150 349 579 758 800 993
14  45 76 79 249 362 400 479 687 697 761 864 933 936 957
16  64 80 83 117 120 188 273 450 522 609 619 642 692 728 941 993
15  14 32 54 65 68 97 110 149 400 407 440 514 619 692 966
8  42 74 111 274 322 468 618 987
11  14 53 54 65 108 149 156 313 477 780 912
11  42 74 102 109 211 322 486 565 618 796 914
13  52 235 379 392 411 509 518 543 573 671 780 821 835
20  27 73 100 120 154 158 174 241 333 343 352 400 457 483 522 530 642 917 936 993
7  24 116 163 233 521 709 902
43  0 1 2 3 5 9 12 36 47 48 70 104 121 140 167 189 222 233 273 333 405 407 428 479 483 511 521 522 616 709 719 760 835 857 893 912 935 936 941 954 966 983 993
6  114 163 253 521 522 625
5  107 188 568 619 941
11  0 1 22 25 58 212 556 798 855 897 922
3  41 234 413
57  1 2 3 4 5 6 14 19 23 25 27 55 56 64 73 80 83 93 96 100 107 113 138 144 154 158 171 174 188 201 273 277 333 343 400 450 457 477 483 517 522 556 568 642 667 692 701 709 758 835 855 893 912 936 955 966 993
17  1 2 115 140 181 189 236 407 449 483 517 616 762 806 855 954 983
2  43 865
3  26 400 722
27  9 12 17 28 43 45 76 101 104 154 192 204 233 333 343 477 479 499 522 692 709 760 780 837 855 936 993
9  61 247 283 342 437 597 633 823 913
4  95 178 561 681
12  0 1 358 457 492 517 599 709 760 905 930 955
9  30 147 371 497 508 552 658 709 745
10  43 51 295 505 522 642 747 825 852 855
5  3 139 159 339 404
25  3 7 39 46 48 60 70 208 209 273 400 407 428 441 483 521 530 650 660 709 760 806 857 893 936
6  5 9 84 667 742 835
7  23 158 180 359 366 374 936
3  62 199 569
7  3 21 158 407 855 908 952
4  30 293 330 590
2  92 459
19  100 120 144 158 174 333 343 347 400 423 450 483 533 667 701 780 855 993 994
1  130
15  115 121 189 213 222 236 273 343 407 428 483 709 855 936 954
8  26 268 358 390 400 558 709 782
19  67 82 94 145 162 193 201 343 450 477 482 520 568 584 709 806 855 882 912
3  3 368 556
26  14 100 120 138 158 166 233 255 343 423 483 533 608 667 701 709 719 769 780 855 893 896 936 955 966 993
16  142 162 193 201 280 427 450 477 482 483 522 593 806 855 912 965
9  67 193 384 522 653 709 912 957 984
5  128 371 403 552 614
9  79 194 317 321 355 610 707 718 855
16  32 33 42 54 68 97 108 110 156 457 619 692 769 780 896 912
10  105 331 349 376 454 579 718 758 924 993
1  70
4  53 157 458 617
9  80 224 225 266 312 620 844 855 944
45  2 3 7 9 10 13 14 70 93 100 101 113 120 124 158 192 204 233 241 273 300 333 343 407 436 460 479 499 514 520 522 556 634 642 667 692 709 760 837 855 905 936 941 983 993
5  37 219 291 477 483
7  110 149 198 780 784 912 957
8  53 152 186 275 538 617 694 718
59  0 1 2 3 7 10 13 14 21 23 56 63 70 71 93 100 113 120 133 135 138 144 154 171 233 255 273 277 333 343 359 377 400 402 407 450 479 483 500 510 527 530 548 568 608 642 667 709 719 730 740 756 843 855 908 912 936 941 983
1  130
14  2 13 48 193 446 552 650 692 701 760 837 847 855 941
13  64 80 225 282 343 400 483 530 556 692 855 924 955
25  20 67 82 94 142 145 193 201 280 291 360 390 450 477 483 517 522 568 650 719 760 806 855 912 936
15  3 5 9 24 70 84 114 116 253 428 488 656 667 756 760
10  1 48 73 81 193 350 442 520 713 936
7  9 189 341 407 568 743 936
10  144 255 475 533 667 709 719 777 936 966
24  47 115 175 189 213 236 336 341 363 407 417 428 479 483 517 568 645 742 799 837 855 893 941 954
6  78 315 367 504 572 859
2  103 855
6  86 182 217 557 703 732
23  56 63 88 93 120 158 246 273 296 333 334 343 483 517 521 530 601 642 645 701 729 760 912
6  94 360 384 709 909 962
2  65 232
13  8 11 100 113 120 138 277 343 483 667 692 701 993
5  167 189 213 306 855
8  67 258 390 485 692 709 919 941
2  72 494
4  126 561 681 936
9  42 74 102 184 318 322 364 378 724
5  133 218 359 539 587
14  1 2 62 71 73 121 292 457 477 479 517 522 709 803
15  35 86 170 217 279 443 557 657 663 703 721 732 925 975 988
4  94 201 581 713
2  179 322
3  55 297 358
6  157 196 261 617 694 911
2  73 616
12  80 107 117 120 277 483 568 619 760 936 941 993
39  1 2 9 36 71 115 121 140 165 167 175 206 213 222 228 233 236 341 343 407 428 483 522 568 645 692 701 706 762 837 855 864 898 912 936 941 954 983 993
5  14 340 432 964 972
3  47 257 525
9  2 124 154 204 233 241 477 522 993
46  12 20 31 37 48 67 82 94 100 142 145 146 160 162 164 201 220 253 260 280 343 384 428 442 447 450 477 483 484 485 520 522 526 568 650 701 709 713 733 760 780 839 847 855 912 965
7  148 263 321 355 707 855 910
8  40 247 283 431 480 597 652 668
3  186 261 891
11  58 205 212 237 502 686 741 780 875 897 937
6  156 308 780 784 884 912
3  134 302 569
3  78 489 504
60  3 4 5 6 8 10 11 13 20 25 34 56 67 69 73 82 94 98 100 120 142 145 162 183 193 206 220 233 245 273 277 291 333 343 354 358 372 390 450 457 477 479 483 517 526 556 568 581 595 692 701 713 760 784 792 835 903 912 936 993
10  64 83 273 394 522 529 549 568 650 993
10  45 101 249 345 479 490 524 628 685 936
26  3 28 45 76 79 101 124 154 192 233 249 335 355 436 477 479 499 522 578 692 780 836 837 936 938 993
10  197 281 299 304 516 580 686 780 875 937
21  1 2 4 27 73 93 189 201 273 333 390 400 428 477 522 709 742 806 893 936 993
3  27 273 781
16  60 100 131 209 244 344 426 428 477 483 521 660 760 806 857 876
19  21 46 60 100 131 208 390 400 428 483 522 568 650 709 757 777 806 936 941
3  17 290 325
1  111
10  58 118 197 231 388 602 780 875 890 897
13  140 167 175 189 236 343 363 414 855 856 904 941 954
4  63 88 517 601
2  103 855
3  6 400 508
13  35 86 170 182 239 278 434 557 657 663 703 732 975
3  180 359 587
4  155 291 477 483
11  20 73 193 201 260 273 333 343 390 435 517
4  65 353 588 690
6  115 140 189 223 511 673
5  222 276 528 655 673
6  153 225 620 844 944 974
18  64 80 96 153 161 224 240 273 282 343 384 483 517 522 540 620 629 944
10  79 249 309 316 319 355 483 570 697 971
6  20 67 307 428 457 463
4  36 189 645 837
3  55 556 607
5  93 273 333 380 912
2  212 388
9  65 173 332 514 522 654 817 818 993
52  2 3 7 11 16 24 28 31 32 34 57 68 71 87 89 100 101 104 114 115 124 144 154 158 189 192 201 204 236 255 272 273 333 343 390 428 479 483 522 667 693 719 728 730 792 843 893 908 936 941 966 993
2  119 679
4  112 509 671 780
15  121 140 167 189 213 233 262 343 479 483 649 837 855 941 954
2  197 875
6  80 314 709 790 837 855
5  86 217 278 471 562
6  225 483 522 540 629 989
7  113 154 192 483 522 642 993
2  72 243
1  242
10  208 285 344 428 521 522 603 660 760 941
25  8 9 11 34 44 71 201 273 291 333 343 372 390 401 438 477 479 483 515 709 713 792 936 955 993
5  171 296 334 517 967
11  40 61 125 195 283 342 431 437 597 633 668
12  31 32 253 362 407 447 520 522 709 855 923 966
35  2 3 5 9 12 17 43 45 76 79 84 106 203 204 226 273 362 400 479 483 499 522 560 632 654 697 709 836 837 896 933 936 957 971 993
2  66 677
6  23 407 521 556 855 896
8  1 57 351 477 699 709 742 904
42  0 1 2 3 4 7 13 18 24 25 31 71 101 116 163 193 248 343 358 362 407 442 445 447 457 499 520 521 522 556 692 696 701 709 756 780 806 836 855 896 936 993
2  78 329
17  144 158 166 233 273 333 377 383 510 522 533 608 667 719 839 893 936
12  0 91 100 104 284 407 709 730 776 780 806 993
4  47 191 525 734
6  67 176 485 708 709 941
4  59 462 604 747
25  1 2 3 5 10 73 93 100 193 220 273 333 343 390 402 450 483 495 510 517 701 786 826 855 905
2  186 196
2  236 855
4  194 294 702 707
1  102
4  31 66 71 780
4  64 80 153 422
5  52 481 543 547 780
5  26 141 390 400 782
5  15 32 365 637 695
2  103 855
3  51 638 675
6  24 233 343 483 837 993
94  0 1 2 3 4 5 6 7 8 9 10 11 13 14 24 25 27 31 34 44 55 64 69 70 71 80 83 87 88 93 96 100 101 107 115 120 131 140 154 158 171 201 202 206 207 220 225 230 233 245 249 255 260 277 282 291 333 343 362 372 380 384 390 400 407 428 450 477 479 483 499 510 520 522 530 552 650 654 667 692 701 709 713 728 760 797 837 855 893 912 936 941 955 993
4  109 322 618 951
8  157 356 538 585 617 718 836 911
5  223 424 456 528 655
26  3 21 120 158 174 188 201 273 333 343 372 407 428 483 485 530 568 640 670 692 760 855 920 936 941 956
2  217 239
10  86 182 409 657 663 703 721 732 749 975
7  145 162 193 442 450 477 896
6  205 580 686 875 937 943
17  55 64 80 161 225 273 333 343 372 400 483 522 549 666 709 835 993
10  40 61 125 195 247 342 431 437 597 668
7  0 71 91 256 407 709 936
4  244 521 603 660
3  14 561 936
6  1 66 407 611 879 983
5  12 48 400 405 428
32  2 3 7 8 14 19 34 44 55 301 343 363 372 407 513 514 522 556 709 730 760 784 806 839 851 855 904 912 941 955 956 993
3  210 325 991
18  20 37 98 155 162 201 219 245 273 333 372 390 428 477 483 522 936 955
4  181 477 537 709
5  136 375 554 590 846
2  263 702
9  51 59 129 535 627 642 747 775 852
4  171 246 334 517
1  185
3  65 337 544
4  205 361 808 875
17  7 8 23 25 55 154 358 363 382 506 522 556 794 837 905 941 952
10  289 363 452 546 784 896 904 912 941 970
3  199 323 805
8  64 80 83 96 310 343 613 688
8  205 516 523 580 686 875 881 937
2  44 768
1  175
5  227 457 463 479 530
3  198 503 874
3  226 483 770
1  303
10  40 328 348 465 480 551 597 668 753 813
4  153 496 844 944
1  110
5  238 389 790 855 923
3  78 168 532
5  226 319 483 697 862
3  148 355 855
4  74 179 322 364
12  79 226 316 355 387 395 420 469 483 692 697 836
1  102
5  148 194 811 855 910
13  33 42 74 102 109 111 179 184 274 318 486 618 780
3  302 534 805
2  78 416
3  210 290 991
23  0 6 11 14 19 27 31 333 358 372 400 450 453 477 521 692 773 912 936 941 956 966 993
7  20 37 98 483 692 927 983
5  40 311 348 408 668
2  254 455
2  136 978
4  150 391 454 718
4  65 232 522 817
79  1 2 3 5 6 8 9 13 20 27 31 47 48 49 56 60 63 70 71 73 88 93 100 101 104 113 115 120 124 138 154 158 171 201 206 220 230 233 245 255 260 273 277 282 291 326 343 358 370 372 385 390 400 402 407 428 448 450 477 479 483 487 510 517 522 527 530 601 682 701 709 718 719 730 760 792 855 936 993
4  171 246 296 517
7  79 204 355 436 570 697 836
6  167 341 358 397 407 428
3  298 544 779
1  26
2  130 404
1  190
9  165 167 189 336 343 358 363 407 568
7  125 247 283 431 437 597 633
109  1 2 3 4 6 7 8 9 11 13 14 18 19 20 23 25 27 31 44 48 55 64 67 70 73 80 88 96 98 100 104 113 120 124 138 140 142 144 154 158 161 171 174 189 193 201 213 220 225 233 236 245 253 260 272 273 277 282 289 303 333 341 358 363 372 384 385 390 400 407 428 457 477 479 483 485 491 499 508 517 521 522 527 530 568 601 619 642 692 696 709 719 742 780 792 806 837 855 873 893 904 905 912 923 936 941 954 983 993
4  208 244 715 907
5  203 421 490 524 583
3  83 522 683
7  100 138 483 522 654 709 780
2  311 328
8  72 105 150 376 418 579 758 993
1  164
11  31 57 71 104 252 363 477 582 623 699 709
3  113 400 483
4  65 221 386 848
5  201 542 713 841 880
12  79 148 194 204 226 317 319 335 483 570 697 836
4  275 472 538 585
9  11 15 32 365 376 479 579 936 993
67  1 2 3 4 5 9 21 25 26 27 48 55 60 71 84 100 127 141 185 201 253 300 326 333 336 341 343 362 363 370 372 390 400 407 419 428 442 450 457 479 483 492 506 508 517 522 527 568 599 619 654 682 692 696 697 701 709 718 760 769 810 836 855 896 904 941 966
9  23 133 158 180 218 479 587 608 912
9  94 162 172 384 483 650 709 760 905
4  299 369 680 737
53  0 1 2 3 4 7 10 11 12 13 14 17 25 31 32 73 76 90 93 101 106 248 249 253 273 358 400 407 439 441 457 479 483 499 517 522 616 619 642 692 697 701 709 769 780 836 855 864 893 923 936 941 993
40  2 4 7 8 13 23 25 27 104 167 213 289 300 301 341 343 351 358 372 407 414 419 452 479 506 513 527 696 709 718 760 765 780 794 806 855 896 941 956 994
5  42 74 179 318 785
9  32 53 54 72 269 357 695 788 993
2  133 936
4  168 406 466 859
10  1 2 3 25 143 483 515 556 760 941
3  361 444 737
11  333 358 372 407 479 483 601 682 701 718 855
3  128 147 691
44  1 2 11 19 24 34 56 201 245 273 277 282 289 291 326 333 343 358 363 370 400 407 419 428 450 457 477 479 483 499 522 549 568 601 654 697 709 784 855 912 920 936 956 993
3  0 390 450
1  133
3  293 554 846
17  32 53 54 68 72 85 150 349 357 454 579 689 718 736 758 864 927
8  158 255 383 510 550 608 801 936
3  179 591 724
2  112 835
19  2 3 5 6 20 27 37 93 230 273 400 407 483 508 692 792 912 955 983
1  83
2  300 556
3  255 377 510
23  7 8 10 11 20 27 67 94 146 172 193 225 273 343 360 412 428 473 483 517 522 709 760
13  70 333 343 407 448 460 527 709 780 843 855 864 936
2  353 848
4  319 395 469 992
4  212 231 621 931
4  314 790 837 855
66  0 1 2 3 4 5 7 9 14 19 20 21 25 26 27 44 55 67 82 87 100 103 141 162 176 201 206 209 220 233 245 260 268 273 291 333 343 358 373 400 401 402 407 428 450 477 479 483 485 493 515 522 527 650 654 682 692 701 709 760 792 855 927 941 955 993
2  331 725
2  112 815
3  33 77 993
4  202 522 828 993
2  319 387
1  19
1  336
1  2
2  13 676
79  0 1 2 3 4 6 7 12 14 19 25 26 27 31 43 47 48 49 50 55 60 63 64 80 100 106 108 113 120 123 131 138 141 158 161 206 209 216 249 268 273 282 288 326 333 343 352 358 362 372 380 390 407 419 428 441 442 450 477 479 483 495 522 530 619 650 654 667 709 710 718 760 837 855 896 927 936 961 993
10  4 245 390 479 483 485 515 521 927 941
29  3 5 7 8 93 100 158 260 333 390 450 479 483 499 517 522 527 616 645 667 701 709 712 769 806 837 855 955 993
2  147 614
4  130 339 410 700
8  12 115 288 428 479 498 501 836
3  367 466 859
111  0 1 2 3 4 5 6 7 9 10 13 21 23 24 27 28 31 36 39 47 48 60 66 70 71 73 81 87 91 93 100 101 104 108 115 121 131 135 140 154 158 165 167 189 248 251 253 256 273 277 284 287 289 333 336 341 343 358 362 363 370 372 380 385 390 400 419 428 441 442 448 457 477 479 483 484 499 506 508 517 521 522 527 556 568 616 619 645 650 696 701 709 719 730 780 783 792 797 835 836 837 839 855 857 896 923 936 941 966 983 993
2  328 668
5  279 657 663 732 975
2  404 700
3  112 543 835
4  384 517 709 760
1  119
9  213 363 696 780 806 855 856 941 952
2  102 764
1  324
3  167 428 479
3  349 758 993
13  358 363 372 400 407 428 442 450 477 479 760 855 896
6  319 464 469 474 692 973
1  345
2  266 726
8  138 144 430 450 483 769 780 786
1  276
13  3 5 7 8 461 517 522 661 739 760 864 912 971
1  208
3  145 522 780
84  1 2 3 5 6 8 12 20 25 31 39 46 48 49 55 60 73 93 100 115 131 140 163 167 189 193 206 208 209 227 233 244 273 277 288 291 333 336 343 358 372 384 390 400 405 407 417 419 441 442 450 457 473 477 479 483 484 487 488 517 521 522 530 568 667 692 696 709 728 733 760 836 837 839 843 847 855 893 904 924 930 936 966 993
8  13 25 87 522 530 701 837 893
4  423 450 499 998
8  40 195 247 283 342 437 597 633
1  190
6  3 5 12 514 519 851
3  217 663 703
1  220
7  100 154 204 335 570 578 836
10  40 125 247 283 342 431 597 633 823 913
3  245 515 955
5  362 441 619 642 993
3  108 619 829
18  32 53 91 131 362 400 407 428 439 450 479 616 701 720 836 837 855 993
23  24 39 164 193 253 280 358 400 407 419 428 450 457 477 479 521 619 645 696 701 780 806 896
5  182 566 732 925 988
1  369
12  22 31 253 457 520 521 754 756 780 849 855 936
3  160 586 592
12  21 31 193 248 253 520 521 522 756 760 855 966
10  70 333 385 407 477 479 487 616 780 783
2  121 762
90  0 1 2 3 4 5 7 8 11 13 14 19 25 27 31 48 49 56 57 70 71 73 82 83 93 100 101 107 120 138 142 145 158 162 193 201 260 273 280 326 333 358 372 373 390 400 402 419 423 428 430 441 442 453 460 477 479 482 483 495 499 510 515 521 522 584 616 645 650 654 692 701 709 719 760 769 780 806 837 855 896 912 924 936 956 965 983 993 994 998
5  46 521 709 777 927
6  301 363 594 760 896 941
3  326 450 521
6  150 331 376 563 718 864
2  329 624
1  276
64  0 1 2 3 4 7 14 20 25 27 32 56 70 71 73 87 94 97 100 113 120 127 149 181 201 227 253 307 343 358 362 372 407 428 442 445 477 479 483 514 517 520 556 599 619 692 696 697 705 709 742 756 760 780 792 806 835 836 855 936 941 955 983 993
3  53 152 617
3  77 92 137
20  2 4 5 56 70 154 385 450 479 527 650 659 705 709 780 905 936 941 981 994
2  425 760
3  259 604 747
6  20 27 67 227 307 993
3  420 474 973
1  311
3  367 406 859
3  86 703 975
4  109 612 618 987
4  319 387 420 692
3  7 908 969
3  239 555 889
8  356 538 585 589 694 820 888 911
11  73 384 428 522 709 718 733 760 843 855 966
3  420 464 804
4  166 476 777 936
2  475 863
98  0 1 2 3 4 5 6 8 11 13 14 20 21 23 25 27 31 48 49 55 56 57 67 70 71 73 82 94 98 100 101 110 120 124 142 145 155 162 181 192 193 201 204 206 208 219 245 252 273 280 291 292 326 333 343 351 372 390 400 407 419 428 442 448 450 457 479 483 484 499 508 517 521 522 556 568 598 642 645 667 692 709 742 760 780 792 806 836 855 893 896 904 912 936 955 956 966 993
2  78 504
106  2 3 5 6 9 11 12 14 15 16 17 19 23 31 32 36 38 45 47 48 49 53 56 71 76 79 91 93 97 100 101 104 106 115 124 154 158 167 181 201 203 204 233 236 245 249 273 307 333 343 357 358 359 362 363 370 372 390 400 401 402 405 407 417 419 428 441 442 448 450 457 460 477 483 484 485 499 514 522 527 530 536 556 601 616 617 642 645 650 654 692 709 718 719 780 806 836 837 843 855 893 927 936 941 966 994
7  40 195 311 668 759 921 968
2  267 547
3  142 145 450
150  0 1 2 3 4 5 6 8 9 10 11 12 13 14 17 19 20 21 23 24 25 27 31 34 36 37 39 47 48 49 50 56 60 62 70 73 79 80 84 87 98 99 100 104 113 115 120 121 131 138 140 144 145 155 158 161 162 167 171 174 188 189 193 201 208 209 219 225 226 233 236 240 241 245 249 260 272 273 277 282 291 309 316 319 327 333 343 347 352 355 358 360 362 368 370 372 380 384 390 400 401 402 407 423 428 450 457 477 479 484 485 499 504 508 510 517 522 556 568 601 607 645 650 654 660 667 692 697 701 709 718 719 760 769 780 786 836 837 843 855 864 876 912 924 927 936 941 956 983 993
15  12 193 407 428 477 479 483 485 521 701 709 713 760 855 941
29  20 21 48 67 176 193 258 277 343 390 401 479 483 484 499 508 521 642 650 654 692 709 780 839 855 864 912 927 941
3  111 322 577
4  333 428 448 510
4  163 428 843 905
2  78 200
4  203 345 778 936
3  343 522 665
11  0 1 100 127 358 517 599 760 780 836 955
3  390 692 855
1  177
11  1 2 3 7 260 400 450 553 568 651 760
3  312 844 944
3  128 508 855
1  405
47  8 11 12 17 21 45 56 84 101 124 154 204 249 253 273 343 362 372 402 407 430 450 477 479 483 485 521 522 527 530 642 645 654 667 692 701 709 718 780 839 855 923 936 966 983 993 998
2  158 530
2  405 644
5  197 631 686 741 875
1  308
7  50 78 168 200 478 483 654
2  129 642
8  300 358 363 407 522 696 709 866
2  91 994
32  1 2 3 5 6 13 20 27 30 48 128 216 343 358 380 407 477 483 485 497 522 696 701 709 719 780 839 855 912 936 966 983
5  112 235 573 671 780
21  4 5 19 26 158 255 260 273 333 377 383 450 483 487 522 568 709 905 941 956 993
4  115 222 673 935
4  3 5 760 780
5  289 363 752 806 993
23  3 5 6 7 9 12 14 48 65 108 154 232 289 433 457 479 519 520 522 692 709 851 955
15  2 3 8 11 245 368 390 401 438 450 521 709 718 927 993
2  205 304
70  0 1 2 3 5 7 8 10 13 21 22 47 56 63 82 88 93 94 100 120 121 127 162 167 171 181 201 214 220 225 246 260 296 333 334 343 358 362 384 402 407 412 425 428 457 477 483 492 521 522 556 599 601 616 642 645 650 696 701 709 712 718 727 760 780 836 855 912 941 993
5  112 573 671 780 835
4  433 514 709 955
41  0 1 2 3 4 5 6 14 36 47 48 81 142 154 164 193 248 253 273 445 447 457 514 521 522 556 650 654 667 671 692 709 742 756 760 780 855 936 941 955 965
63  2 3 5 23 24 39 46 48 56 60 93 100 114 115 116 131 171 208 244 251 253 285 326 343 401 407 428 442 445 447 450 451 453 477 484 485 499 515 517 520 522 530 556 616 642 645 650 654 696 701 709 756 760 777 802 837 855 857 893 912 927 936 941
145  0 1 2 3 4 5 6 7 8 9 10 11 12 13 14 16 17 20 21 23 24 25 31 36 43 45 47 48 55 57 64 69 70 73 80 83 84 87 96 100 101 104 107 113 115 116 120 124 129 145 146 154 162 181 189 192 193 202 204 206 209 225 232 233 240 241 244 248 249 253 255 273 282 289 291 300 332 333 343 346 347 358 362 372 384 390 394 400 402 407 425 427 428 429 447 450 473 477 479 483 491 499 506 508 510 514 517 520 521 527 529 530 549 568 642 650 653 654 667 692 696 701 709 728 742 756 760 780 792 806 817 836 837 843 854 855 857 864 893 927 936 941 955 971 993
2  304 635
5  203 345 531 628 744
3  47 191 257
7  193 201 581 713 733 760 855
37  2 3 5 6 9 12 21 23 84 93 158 333 343 358 363 385 390 402 407 460 479 499 522 549 607 616 642 650 654 667 701 855 864 912 927 936 941
3  223 276 655
9  47 202 522 549 568 650 696 979 993
47  3 13 21 39 55 60 64 80 113 131 158 161 171 273 277 307 333 343 400 428 429 479 499 500 521 522 616 619 642 645 654 667 678 692 701 718 760 780 836 837 855 857 893 923 924 936 955
2  524 628
2  78 315
11  100 138 144 166 255 608 719 777 839 936 946
2  323 805
5  59 295 627 642 747
3  479 654 945
3  292 574 709
6  157 275 356 472 585 694
3  180 587 838
3  225 240 629
3  2 3 728
5  354 647 841 858 928
8  3 52 112 267 411 780 835 983
2  298 337
5  40 61 559 668 789
2  301 896
7  2 3 52 267 481 671 780
1  158
22  1 2 47 64 202 282 372 522 527 529 607 616 650 654 692 709 837 864 924 936 966 993
1  377
1  311
12  13 23 30 128 147 160 273 600 672 709 847 906
2  495 643
3  293 375 646
2  471 889
48  0 1 3 7 10 25 55 64 80 87 100 118 120 143 154 161 201 229 251 253 289 300 368 382 407 457 477 479 483 517 520 521 645 654 692 709 756 760 777 780 835 836 837 855 912 936 955 993
9  35 86 170 182 217 663 703 732 975
3  26 75 141
2  545 789
5  249 632 697 709 933
14  9 11 13 14 95 126 178 286 681 797 855 896 905 936
3  86 239 703
2  454 864
1  76
1  111
2  443 925
2  83 662
47  0 1 2 3 47 60 80 117 120 142 158 162 165 167 188 189 193 201 202 209 277 341 343 358 372 407 428 477 483 495 510 522 529 601 607 619 650 709 760 784 855 908 924 936 941 969 993
2  134 199
9  45 79 100 226 335 355 436 578 836
1  55
1  168
8  112 509 518 780 821 835 912 949
1  537
1  8
4  82 94 98 760
1  486
9  28 100 204 436 570 606 626 836 837
14  32 33 72 105 150 349 357 376 718 758 769 791 936 993
6  205 281 304 686 875 937
8  82 94 183 201 526 713 760 855
3  351 623 709
2  345 895
3  142 450 709
6  275 356 472 538 694 911
3  446 636 990
6  180 218 359 539 622 674
1  221
2  472 694
3  136 293 959
2  378 724
1  446
4  145 855 893 941
3  452 760 941
6  201 692 713 792 835 993
1  2
13  37 40 61 125 195 247 283 311 342 431 437 668 955
2  477 960
19  0 1 127 358 457 492 517 642 654 701 756 760 780 836 855 905 936 941 993
2  552 847
18  0 63 88 171 214 333 343 370 372 479 483 517 568 607 645 654 701 709
2  58 212
3  244 285 660
6  51 59 259 462 664 709
1  14
2  578 626
19  2 5 23 31 55 93 97 100 229 483 527 549 568 601 650 654 709 784 864
12  23 71 73 144 158 255 359 377 533 667 777 839
1  107
1  148
2  287 731
4  468 630 648 987
2  96 303
2  147 403
4  51 664 709 747
57  0 1 2 3 4 7 8 9 10 11 12 13 14 19 20 27 31 48 64 73 93 104 115 121 187 362 402 407 441 448 450 479 517 521 527 530 549 619 645 650 654 692 697 701 709 756 760 762 792 836 855 923 936 941 952 956 993
14  53 54 152 157 186 275 458 479 642 654 718 780 911 936
5  109 111 274 322 468
40  0 1 2 3 7 14 31 32 39 60 64 97 107 108 117 149 188 343 358 362 400 407 439 440 442 457 530 568 616 642 654 678 692 697 701 780 855 857 924 993
6  64 80 153 224 225 944
2  388 931
2  587 674
4  351 582 709 802
1  455
2  116 861
3  578 606 836
2  295 535
4  45 203 524 531
3  225 240 540
3  612 639 648
5  502 723 741 904 993
6  76 249 560 697 709 957
6  40 125 247 342 431 437
2  154 814
1  523
1  586
1  269
4  51 59 271 675
1  630
4  277 670 920 956
4  9 698 833 887
56  9 12 43 51 55 59 64 70 80 83 93 96 101 107 113 120 129 154 158 171 241 295 343 362 439 477 479 485 499 505 517 521 522 527 530 535 599 617 619 645 650 654 664 692 709 733 760 780 795 855 864 893 912 927 941 993
1  553
2  501 669
37  11 25 39 47 88 167 171 189 228 402 407 442 450 477 479 483 499 517 521 530 556 601 616 642 654 692 697 701 728 742 760 780 836 855 916 936 993
1  554
5  542 735 816 841 858
2  612 630
1  236
56  0 1 2 3 7 9 11 12 14 19 47 48 60 70 81 131 160 162 193 202 209 273 360 390 400 407 450 460 479 483 485 517 520 521 522 527 529 549 568 607 616 642 654 692 697 701 709 718 760 780 855 864 908 927 936 993
2  495 793
1  195
7  67 146 522 709 760 941 957
60  1 2 3 9 18 27 34 93 100 232 249 273 347 358 372 390 400 450 479 483 485 499 504 520 521 522 527 530 536 549 556 599 601 607 616 617 619 642 645 650 667 671 692 697 701 709 756 760 780 784 817 837 855 864 894 924 936 945 956 993
3  223 276 528
4  9 163 667 941
10  35 86 182 217 279 409 663 703 732 975
1  128
1  460
8  131 208 244 285 483 603 787 857
2  425 760
1  567
9  182 217 279 409 434 557 657 732 975
8  51 604 615 642 692 709 760 855
1  491
3  282 709 993
51  8 12 14 17 28 31 84 88 100 101 120 132 138 144 154 158 163 166 174 233 255 273 400 402 428 477 483 499 520 522 527 530 608 654 656 671 692 701 709 713 756 760 780 792 835 836 855 864 936 952 993
12  40 61 195 247 283 311 328 408 480 545 597 789
1  644
4  277 640 920 956
17  1 2 52 112 235 509 518 520 547 654 667 692 701 756 780 835 936
3  552 847 906
3  222 223 511
2  587 622
2  271 638
3  13 399 692
3  66 250 942
5  530 619 692 780 924
1  234
1  361
5  95 126 178 561 853
6  333 358 370 390 718 855
2  83 346
1  28
2  45 203
11  197 205 281 304 502 580 741 850 875 904 937
5  106 761 864 886 936
6  55 64 80 83 303 692
6  16 32 53 376 718 927
1  221
2  371 748
100  0 1 2 3 4 5 6 7 8 9 12 13 14 27 31 36 37 40 48 64 79 98 100 107 108 120 124 149 154 160 161 174 176 189 201 204 253 273 277 319 326 327 343 358 362 380 390 420 428 450 457 469 477 479 483 485 493 499 514 520 522 530 549 556 595 616 619 642 645 650 654 664 667 671 676 678 688 697 701 709 713 718 733 742 756 760 780 792 837 855 864 893 912 927 936 941 952 955 966 993
2  233 819
11  157 186 472 538 585 589 717 774 820 831 911
5  15 269 365 788 993
25  253 343 358 363 407 414 428 442 457 506 508 517 521 522 529 701 709 719 780 836 855 864 904 936 993
41  2 3 9 27 70 76 79 106 226 249 316 319 335 355 358 362 372 457 483 560 616 619 632 645 650 654 692 701 709 716 742 769 780 784 835 836 855 936 956 957 993
1  641
2  252 351
2  404 410
82  1 2 3 7 9 13 14 21 23 24 27 48 70 71 87 100 101 104 120 138 144 160 171 174 189 193 201 253 260 273 333 358 362 370 390 402 407 429 441 442 450 483 484 499 508 517 521 522 527 530 599 601 616 619 645 650 654 667 671 692 696 697 709 718 720 756 760 780 835 836 837 847 855 864 893 905 912 923 936 941 955 993
3  263 294 958
13  35 86 170 182 217 279 434 467 557 562 657 732 975
2  42 750
9  25 70 457 460 760 780 864 929 941
3  189 711 898
4  148 194 263 714
2  258 771
171  0 1 2 3 4 5 7 8 9 10 11 12 13 14 18 19 20 21 23 24 25 27 31 32 36 38 39 46 47 48 49 50 56 57 60 67 70 71 73 76 78 80 82 84 93 94 97 100 101 104 114 115 120 124 127 128 131 140 141 142 144 146 154 158 166 172 176 181 193 206 209 238 245 248 249 252 253 256 258 273 282 284 289 292 333 343 347 351 358 360 362 363 372 384 385 390 400 402 407 412 428 450 451 457 460 473 477 479 483 484 485 499 506 508 510 514 515 517 519 520 521 522 537 549 552 556 560 568 582 584 601 604 607 615 616 623 632 642 650 653 654 664 666 667 692 696 697 701 718 719 756 760 769 777 780 792 802 824 836 843 855 864 866 904 924 927 936 941 955 983 993
4  400 899 932 940
2  706 898
4  3 402 517 780
22  82 94 164 183 193 201 245 273 354 484 526 581 595 667 692 738 742 760 763 855 936 993
1  707
2  344 907
3  79 697 993
1  694
61  2 3 5 6 8 10 11 13 16 21 25 32 34 49 53 56 71 73 79 93 100 148 150 157 275 331 333 358 363 370 376 400 454 473 479 483 499 515 517 530 579 617 650 682 689 692 701 709 756 758 780 836 855 864 893 908 924 927 936 941 993
34  6 8 13 20 48 56 115 144 158 162 166 233 255 333 343 407 450 479 483 508 533 696 709 777 792 824 836 839 854 855 864 936 946 966
7  441 701 780 806 827 836 993
6  86 182 279 749 950 975
3  123 868 939
3  631 870 904
3  179 378 591
1  391
1  422
1  517
17  1 2 3 39 71 107 233 273 428 522 541 645 760 837 855 924 993
1  171
11  3 21 23 158 233 256 289 333 407 936 941
1  611
13  35 86 170 182 217 279 409 443 557 657 663 703 975
12  12 47 193 428 473 526 642 692 760 855 893 955
1  257
3  647 841 858
3  54 376 758
2  361 369
5  713 763 877 936 948
8  3 7 425 760 766 834 912 936
5  63 158 908 952 997
6  197 502 631 686 850 904
35  3 4 5 8 9 11 13 14 20 27 37 73 84 132 167 206 252 343 457 477 520 522 645 692 697 713 756 760 769 780 855 905 936 941 993
1  165
1  524
2  128 751
1  99
9  51 59 129 259 295 462 535 615 825
2  691 883
4  279 721 950 975
1  704
1  745
3  513 806 993
2  311 813
1  445
2  17 947
35  21 71 158 163 253 445 447 457 520 521 522 556 599 616 654 667 671 692 701 709 718 742 760 780 849 855 864 905 924 936 941 953 955 956 993
2  209 936
14  6 72 105 120 150 349 376 418 579 718 736 927 936 993
1  480
122  0 1 2 3 4 5 6 7 8 9 11 12 13 14 20 23 25 27 31 47 48 49 51 56 60 63 64 67 70 71 73 88 94 100 101 104 115 124 127 131 154 160 162 163 171 188 193 201 208 244 273 277 289 333 358 360 363 368 384 390 400 412 419 425 428 447 450 452 457 461 473 477 483 484 492 495 512 517 520 521 522 526 530 556 568 576 581 594 599 616 642 645 650 653 654 661 664 667 692 701 705 709 713 728 733 739 742 756 763 780 795 836 837 855 864 905 912 924 936 941 993 994
6  106 687 812 864 933 936
8  1 2 71 121 189 449 616 806
6  713 738 760 836 905 936
1  415
1  363
3  739 834 936
2  54 867
1  305
33  2 3 5 8 9 13 31 32 33 56 72 97 100 144 149 358 362 402 423 450 483 579 697 709 742 780 806 835 855 893 936 955 993
1  309
1  708
1  64
2  326 956
3  694 820 831
1  295
1  256
12  100 166 209 451 475 521 533 556 608 709 719 936
1  490
1  337
128  0 1 2 3 4 5 9 11 12 14 15 16 18 20 21 22 23 24 25 31 32 33 42 45 52 56 58 70 73 90 100 101 110 112 124 138 144 149 156 193 197 198 204 205 212 235 253 256 265 267 322 343 347 362 363 385 407 414 423 427 442 445 448 450 457 460 477 479 483 485 492 499 508 509 512 517 518 520 522 530 543 547 556 573 599 617 619 642 645 650 654 667 671 678 692 696 697 701 705 709 712 718 720 742 756 760 769 784 794 806 821 835 836 847 855 864 875 893 905 912 924 936 941 952 956 966 980 993
3  7 27 207
2  141 268
3  407 448 977
21  8 56 156 198 201 289 301 372 568 607 654 697 780 794 817 855 896 912 936 956 957
1  364
5  5 24 260 423 483
1  660
3  365 695 993
3  545 559 668
6  80 238 314 389 837 855
2  579 936
36  3 5 9 10 14 25 31 32 49 56 73 100 201 233 245 333 343 380 390 407 457 477 522 595 616 667 692 709 719 836 854 855 864 936 952 983
1  651
10  23 71 300 363 780 784 864 912 936 952
7  2 60 642 760 836 905 924
1  111
11  2 3 7 8 11 14 273 407 561 936 993
2  118 809
1  167
2  105 993
2  377 936
4  521 623 709 955
1  181
1  474
3  302 323 534
52  0 1 2 4 5 6 8 14 18 19 20 27 67 71 91 94 100 121 131 142 145 162 206 208 209 253 256 289 343 363 402 414 442 450 457 477 479 513 522 720 752 762 769 780 827 835 912 936 952 957 983 993
2  35 975
2  299 871
1  798
1  358
1  321
3  761 864 933
2  311 753
1  634
2  392 885
1  647
8  24 232 332 522 654 784 864 896
1  232
1  693
4  472 694 774 831
7  112 573 780 835 864 893 929
5  15 16 89 936 993
3  125 437 913
10  1 2 18 71 709 719 836 905 936 955
2  129 747
2  93 260
7  4 25 104 720 806 835 836
1  394
1  440
2  70 993
3  694 774 820
1  62
1  641
4  739 766 936 980
35  3 9 27 52 55 112 115 120 132 201 282 379 407 411 457 518 543 556 573 595 667 671 697 701 769 780 806 821 827 836 864 893 912 936 993
78  0 3 7 10 12 13 14 17 25 28 39 43 45 46 48 79 100 204 249 253 275 319 335 355 358 362 405 407 428 436 441 457 477 479 483 492 517 522 530 556 570 578 599 616 626 645 667 696 697 701 709 718 719 720 760 763 780 792 795 824 827 835 843 854 855 857 864 893 904 905 912 924 927 930 936 941 983 993
54  4 5 8 9 13 17 25 28 55 80 87 93 101 124 154 160 167 189 204 228 236 238 249 272 273 300 343 389 400 402 407 428 429 441 450 479 483 521 522 530 549 556 578 654 692 701 728 760 790 847 855 893 904 993
1  539
20  6 7 23 34 44 56 193 255 289 407 428 485 499 508 533 608 719 855 864 966
1  39
6  354 542 647 735 858 928
2  11 56
21  23 24 100 158 233 385 428 473 479 483 488 522 709 836 854 864 893 896 905 966 983
6  153 224 312 496 944 974
1  84
2  293 375
17  0 1 2 13 160 193 428 552 600 672 701 780 837 864 904 936 966
2  353 386
5  445 756 864 905 936
3  686 741 904
4  289 433 514 955
2  129 295
1  681
8  522 719 792 836 843 864 893 936
165  0 1 2 3 4 5 9 11 12 13 14 19 20 21 22 23 26 31 34 43 47 48 51 56 58 75 79 80 82 88 93 97 100 101 103 118 120 121 124 129 135 138 140 142 144 145 148 153 154 158 160 161 162 167 169 175 189 193 194 213 215 236 238 248 251 253 260 262 270 273 277 289 314 317 321 333 343 358 362 363 370 372 385 389 390 400 402 407 414 419 428 441 445 447 450 457 473 477 479 483 484 485 493 497 499 508 517 520 521 522 526 527 530 556 561 568 581 593 599 616 619 642 645 650 654 664 667 682 692 696 697 701 709 713 718 719 728 733 742 756 760 769 780 784 790 792 836 837 839 856 860 864 875 893 904 905 912 923 936 941 944 952 955 966 993
7  213 414 855 904 941 952 993
21  2 3 10 12 13 48 60 100 115 131 208 407 521 522 530 619 660 836 924 936 993
5  542 647 735 841 928
4  168 367 406 466
1  855
1  625
1  316
1  476
70  0 1 3 4 8 11 12 13 27 45 76 79 93 106 189 362 376 385 425 454 483 485 522 527 549 563 607 642 650 654 667 687 692 696 701 705 709 718 719 756 760 761 780 792 794 812 817 821 835 836 839 843 847 849 854 855 893 896 904 905 912 923 924 929 936 941 955 956 966 993
6  12 17 28 43 45 122
2  506 709
2  767 901
3  722 934 939
1  10
1  723
1  808
1  33
1  343
1  308
17  22 58 197 205 212 237 281 299 304 502 580 686 780 855 904 937 966
2  208 483
2  738 936
1  4
2  287 983
1  354
1  304
2  82 142
1  748
1  198
2  815 995
2  687 936
1  641
1  472
2  471 555
2  212 897
1  196
2  23 926
66  3 5 6 7 8 11 13 14 19 21 23 25 39 48 55 56 60 67 82 87 93 100 101 115 120 131 144 167 206 233 255 273 343 362 428 429 477 479 521 522 530 593 642 692 701 718 733 769 780 821 835 836 837 843 854 855 864 896 904 912 929 936 941 954 955 993
1  654
1  583
36  5 14 24 39 42 74 97 144 149 249 251 253 280 301 358 363 400 407 419 442 450 452 477 546 561 784 817 843 864 893 904 929 936 941 956 957
8  0 1 22 58 118 197 212 890
3  189 706 711
2  710 932
1  2
1  867
1  114
3  67 82 201
34  1 2 3 55 57 213 252 289 301 343 358 428 477 631 686 696 709 723 741 836 837 847 850 855 856 864 875 893 896 936 941 957 966 993
44  0 1 2 3 5 6 7 8 9 11 14 23 47 48 100 127 154 260 300 343 360 460 488 510 561 599 701 742 756 760 763 780 795 824 836 843 849 855 864 912 924 936 941 955
2  552 672
2  344 715
14  7 8 18 71 135 158 233 470 568 650 718 740 952 969
2  94 172
2  194 321
6  186 275 472 585 617 694
84  0 1 2 3 5 6 7 8 9 10 12 13 14 20 23 31 33 36 37 48 67 82 93 94 100 110 115 120 142 145 146 149 156 158 162 171 189 193 198 201 230 273 289 301 326 343 359 372 380 425 450 477 483 485 508 517 521 527 556 573 642 692 701 739 760 780 784 794 806 835 836 855 864 893 905 924 929 936 941 955 957 966 983 993
3  125 437 823
5  42 74 102 111 976
1  97
1  645
2  73 113
1  50
1  176
5  277 372 640 670 956
2  480 968
1  118
22  0 8 11 15 16 32 48 104 248 314 343 362 407 499 530 616 701 855 864 936 956 993
42  0 1 2 3 5 9 14 17 18 21 28 104 150 161 428 450 483 530 549 568 619 654 678 709 718 728 756 760 780 795 836 857 864 905 912 927 929 936 941 955 966 993
4  182 443 566 988
1  892
42  2 3 6 11 13 14 15 16 23 32 37 39 46 48 53 85 98 327 376 390 400 401 451 479 483 485 515 521 522 527 642 650 689 692 709 718 758 836 924 936 941 993
3  542 841 858
11  705 821 864 893 896 912 924 936 941 955 966
8  0 1 39 60 127 428 836 955
2  388 621
3  710 899 940
6  106 249 560 761 812 999
2  868 939
2  115 511
182  0 1 2 3 4 5 6 7 8 9 10 11 12 13 14 15 16 18 20 21 23 25 27 28 31 36 37 39 43 45 46 47 48 56 60 67 69 70 71 73 79 81 89 91 98 100 101 104 106 113 115 120 124 131 133 140 144 154 158 162 164 165 166 178 188 189 201 203 204 206 209 233 245 249 253 255 273 277 284 286 291 326 333 343 357 362 366 372 377 385 400 407 428 445 450 457 460 475 477 479 483 490 499 508 520 521 522 527 530 533 549 556 561 568 579 599 616 617 645 650 654 667 671 687 692 696 697 701 709 713 718 719 730 738 739 742 756 757 758 760 761 763 766 769 777 780 784 791 792 794 797 801 806 822 824 834 835 836 847 849 854 855 857 864 877 886 893 896 904 905 912 923 924 927 929 941 955 956 966 980 983 993
7  197 205 281 304 580 686 875
1  204
3  722 868 934
2  710 932
110  0 1 2 3 4 5 6 7 8 9 11 13 14 15 20 21 23 25 31 36 39 44 46 55 56 67 70 93 94 100 107 115 117 154 158 160 167 176 188 189 209 213 233 236 244 258 273 277 289 300 301 326 343 358 362 363 368 390 401 407 414 452 457 460 479 483 484 485 510 517 520 521 522 527 568 593 594 599 616 642 653 656 692 701 705 709 718 730 742 756 760 780 836 855 856 864 893 896 904 905 912 924 927 929 936 955 956 966 993 994
1  677
1  281
9  80 153 224 225 312 496 620 844 855
2  536 654
3  100 533 719
1  755
1  738
1  573
3  721 749 975
1  274
27  2 3 4 5 9 11 13 18 19 25 27 71 135 300 414 616 667 692 740 780 792 794 806 855 856 908 993
1  756
9  115 121 140 167 189 213 236 343 893
61  1 5 6 7 8 11 12 14 20 23 25 37 55 64 80 93 100 120 127 144 161 245 273 289 291 380 390 402 438 457 477 492 514 519 520 522 530 556 597 692 701 709 733 756 769 802 824 851 855 864 893 905 912 924 929 930 936 941 966 983 993
34  2 4 7 11 19 277 289 326 363 372 450 477 483 510 616 640 654 670 697 756 773 780 784 864 896 920 923 936 941 957 966 980 993 994
19  6 8 20 67 106 146 156 249 632 653 697 784 806 896 904 912 956 966 993
1  702
1  590
1  598
1  400
1  172
2  35 86
2  14 190
5  83 145 193 450 520
45  1 2 3 19 20 48 100 108 115 120 144 166 233 248 326 358 407 428 447 473 477 479 499 508 549 692 719 780 839 843 847 855 864 875 904 912 924 929 936 941 955 956 957 983 993
1  246
2  480 921
3  470 568 908
1  301
6  5 79 226 249 425 522
1  190
2  420 464
2  224 844
16  35 86 182 217 279 409 467 557 657 663 703 721 732 749 807 950
1  914
1  783
1  330
2  529 993
5  780 834 936 956 983
3  2 70 460
2  2 97
47  1 2 3 4 5 6 7 8 13 17 20 28 47 48 67 70 82 94 104 115 121 154 158 189 287 327 343 380 407 450 457 483 499 508 543 709 792 806 836 843 879 912 936 955 966 980 993
2  67 146
3  2 31 57
1  92
4  74 109 468 612
3  182 443 925
1  240
1  586
2  290 325
1  387
161  0 1 2 3 4 5 6 7 8 9 10 11 12 13 14 15 16 17 19 22 27 28 31 32 33 34 38 43 45 47 48 56 64 70 73 80 93 97 100 101 104 105 107 113 115 120 124 138 144 150 154 174 188 189 192 201 202 204 206 232 233 241 245 249 253 256 272 273 282 289 326 333 343 349 357 362 365 372 390 393 394 400 402 407 418 428 439 441 450 457 463 477 483 499 510 513 515 517 522 529 549 556 568 579 595 599 616 619 631 642 645 650 654 666 667 692 695 696 697 701 709 713 716 718 720 728 742 752 756 758 760 769 780 788 797 800 806 822 830 835 836 837 855 856 857 864 893 904 912 923 924 927 936 941 952 955 956 957 966 979 983
14  17 56 91 100 101 138 363 450 460 479 507 760 941 956
1  885
2  25 87
1  740
3  430 450 499
1  933
