1000
9  93 199 288 321 467 556 653 741 958
9  2 66 214 221 261 314 316 475 748
14  1 74 402 531 556 560 586 638 644 690 862 865 866 947
6  185 299 307 631 734 925
10  45 134 200 373 459 572 588 634 706 963
7  95 194 364 412 664 872 881
11  44 66 219 220 240 648 666 694 866 914 943
7  44 172 449 706 809 824 905
12  131 226 349 358 436 479 657 710 775 837 913 992
6  181 336 637 742 751 849
2  644 701
10  31 91 92 101 114 262 333 852 924 945
7  24 176 319 611 704 795 988
9  313 352 355 398 566 674 786 822 870
14  114 132 154 197 261 324 356 712 745 820 830 862 871 946
10  149 255 410 456 524 645 683 747 848 983
16  34 50 79 111 149 168 187 398 478 495 549 561 588 816 899 979
15  134 145 149 192 312 408 420 436 455 724 741 834 899 915 939
9  252 345 419 558 600 645 723 767 959
14  24 87 118 246 345 458 521 539 645 650 659 900 939 990
12  48 206 232 281 348 398 479 568 601 609 712 766
11  150 185 580 626 629 660 760 762 939 976 992
15  80 106 336 500 547 601 631 646 687 755 871 876 885 894 950
7  201 446 477 479 611 746 890
10  12 19 198 214 223 359 671 803 835 875
10  45 131 162 264 323 562 612 819 832 959
9  136 208 401 417 450 593 654 838 957
10  54 347 612 646 660 824 858 862 944 979
13  33 117 153 161 228 248 357 525 599 658 705 852 909
9  185 316 319 326 403 488 539 601 773
14  72 172 274 283 285 344 356 376 422 510 673 791 852 988
10  11 218 262 418 462 561 574 777 885 895
8  94 121 248 475 526 551 580 779
12  28 127 170 318 355 541 653 740 769 827 941 943
13  16 333 373 387 397 503 509 718 789 856 857 892 961
8  68 240 394 437 505 969 978 998
7  168 241 270 331 590 626 649
6  261 404 464 489 555 981
11  149 362 453 464 540 701 710 737 895 962 966
12  155 273 292 317 481 497 569 588 692 742 749 830
8  298 316 344 402 638 729 802 849
11  177 250 365 462 520 540 603 694 754 804 999
7  317 418 577 622 750 933 972
10  68 120 272 286 355 524 551 671 677 914
10  6 7 46 90 94 150 229 663 750 774
10  4 25 247 382 563 654 749 763 794 914
7  44 153 363 440 608 610 982
7  329 503 504 600 651 881 980
8  20 49 227 603 622 852 976 984
14  48 68 225 245 326 342 351 353 416 450 532 533 798 998
10  16 67 216 327 424 607 657 884 945 950
4  103 380 660 824
7  225 384 387 430 506 619 660
11  69 166 183 223 316 352 602 642 748 903 959
13  27 199 226 273 378 578 615 662 778 860 891 894 933
7  354 397 399 577 780 901 921
14  64 191 235 248 252 342 357 497 514 759 835 874 875 970
15  190 229 269 291 325 391 411 417 438 617 664 714 753 775 929
10  106 124 151 256 300 594 756 884 964 980
12  152 293 306 332 528 550 560 617 784 916 932 997
7  122 276 367 402 507 513 846
11  71 214 353 442 463 513 562 772 888 924 942
9  400 466 627 672 792 810 882 895 953
5  102 420 463 535 837
11  56 131 306 496 506 572 643 666 711 716 753
10  94 99 288 339 358 491 566 802 877 950
16  1 6 132 188 232 256 322 385 498 640 704 788 815 834 891 945
5  50 206 321 565 901
15  35 43 49 117 165 186 222 265 359 417 594 740 860 915 970
9  53 91 129 363 694 700 703 842 874
12  78 216 295 304 372 503 580 711 806 844 867 947
7  61 310 516 567 629 645 706
15  30 79 116 195 228 251 427 488 494 635 717 838 904 945 953
7  76 142 693 789 854 877 976
10  2 160 246 267 419 591 766 841 898 973
10  217 236 417 443 555 558 709 823 865 892
7  73 238 418 448 479 599 939
10  128 164 310 356 405 443 642 725 738 964
9  70 112 323 505 510 515 601 720 970
10  16 72 211 290 405 451 661 674 769 957
14  22 251 350 363 506 577 594 620 622 665 690 694 889 969
14  104 126 234 347 402 437 470 681 741 763 950 953 985 986
10  341 558 599 670 712 713 714 772 799 890
8  92 209 318 347 407 609 760 941
6  126 132 335 490 701 718
7  148 222 464 550 648 729 779
9  87 138 325 357 378 410 823 873 919
12  19 86 130 219 224 474 500 568 569 612 667 727
10  109 139 253 277 286 393 397 532 623 880
10  156 206 237 403 422 714 728 814 844 937
13  44 188 371 408 429 527 563 580 746 805 836 865 887
12  11 69 110 128 179 267 308 422 500 502 521 716
11  11 83 142 249 258 265 445 544 701 814 972
15  0 222 230 249 252 260 321 401 477 575 695 739 770 787 985
11  32 44 65 452 517 538 553 683 823 892 942
7  5 241 412 539 567 778 862
13  107 384 399 502 685 694 735 751 846 854 874 898 947
4  153 178 203 622
8  544 617 640 663 705 707 812 835
9  65 191 393 471 484 775 808 852 937
9  192 346 473 523 575 709 760 822 864
11  11 121 162 370 597 605 619 706 715 898 971
7  63 144 354 566 858 881 894
12  51 412 454 471 512 535 543 567 693 718 797 879
14  81 312 335 406 441 503 592 599 712 744 828 830 977 981
10  243 284 303 347 442 557 640 830 872 920
8  22 58 441 493 698 718 849 888
11  96 109 122 303 329 530 897 898 902 937 997
8  191 482 513 563 583 653 659 970
8  88 107 129 572 606 761 832 913
10  91 220 247 279 345 371 523 658 868 930
4  16 192 439 874
13  78 130 156 209 264 352 395 572 754 817 867 898 981
11  155 212 233 310 383 528 536 670 763 789 826
13  11 14 125 366 494 520 533 660 662 844 865 884 933
9  175 220 295 332 377 576 740 914 976
10  72 196 226 310 457 522 617 647 762 984
6  28 68 300 681 898 935
13  19 141 286 325 346 442 450 514 530 632 656 876 972
8  256 262 341 346 384 560 614 995
13  43 131 261 275 301 496 600 604 641 669 734 765 940
11  32 101 140 269 296 364 482 595 798 942 966
11  60 107 403 416 570 694 695 773 817 818 867
8  127 303 383 541 707 775 804 855
9  58 132 238 285 429 702 724 774 898
7  114 322 524 653 847 892 990
12  81 84 148 250 289 550 552 607 618 720 807 883
8  33 123 128 282 434 508 579 969
14  77 91 127 212 311 431 468 500 541 573 640 658 714 871
11  69 109 187 259 465 687 733 823 851 868 939
14  87 112 186 216 239 282 307 385 513 724 781 785 806 937
16  8 25 64 120 185 220 414 462 463 495 617 641 680 774 789 887
16  14 66 84 124 181 182 199 245 310 420 609 610 672 799 821 857
8  378 403 509 548 650 779 824 944
12  4 17 217 226 238 308 407 621 665 706 739 786
10  214 399 439 481 610 630 798 800 883 913
7  26 403 444 496 558 747 763
9  251 275 335 479 631 762 799 954 987
8  86 216 229 301 480 594 694 897
9  88 225 403 478 579 816 822 826 937
3  121 222 332
6  118 197 584 669 807 915
8  73 92 159 230 412 476 832 849
12  164 442 471 499 525 540 778 785 810 886 922 992
9  102 393 451 517 615 635 780 964 988
11  17 203 231 262 311 368 401 651 851 869 942
8  188 277 281 601 643 650 660 689
10  253 256 262 309 398 450 486 593 781 966
11  85 126 260 264 346 394 686 707 713 808 849
15  15 16 17 38 232 275 408 413 630 687 723 747 943 980 985
13  21 44 159 285 507 518 589 858 874 876 885 957 988
8  58 313 418 438 509 739 865 999
11  59 195 345 379 424 737 892 908 926 935 979
14  28 46 97 192 290 394 422 487 496 700 736 843 854 944
10  14 228 501 517 603 605 708 719 743 855
9  39 113 221 344 429 696 791 820 956
15  89 112 160 202 303 526 584 612 651 877 918 924 944 945 983
13  217 276 293 304 347 511 517 563 650 710 768 887 922
5  178 210 543 803 882
10  142 150 207 279 284 324 434 613 734 904
11  74 156 221 243 294 297 452 780 847 969 984
11  28 188 195 214 305 338 529 728 752 825 884
7  25 101 400 407 511 813 838
8  222 417 418 549 564 824 876 922
11  77 143 191 210 544 658 672 703 855 876 901
12  68 294 306 329 332 337 348 351 414 504 507 971
9  53 195 417 494 690 693 725 818 941
15  191 206 220 346 376 430 542 548 658 712 804 810 862 984 997
10  16 36 381 521 563 770 821 838 872 894
7  201 244 305 327 594 637 879
6  33 204 455 546 547 907
11  208 429 503 522 532 624 803 841 894 906 955
13  7 30 277 287 317 498 534 554 568 580 858 943 981
10  255 261 440 569 576 681 707 709 807 873
8  241 321 478 633 814 887 973 999
11  115 430 432 465 710 752 764 865 876 940 952
13  12 232 256 261 303 333 407 583 726 800 877 986 992
15  41 217 240 259 304 420 498 504 612 659 667 683 740 781 996
11  97 158 595 638 682 694 715 747 880 916 939
8  91 286 374 441 475 543 800 965
9  220 306 394 421 469 768 831 852 877
11  9 132 192 258 301 327 474 537 788 835 873
9  132 344 365 390 395 414 741 759 905
6  53 252 283 604 605 977
4  277 528 591 992
15  3 21 29 131 203 226 272 330 338 357 548 574 761 795 912
9  68 130 274 389 392 453 695 730 853
10  16 129 224 236 263 675 823 912 918 976
14  66 90 146 161 292 321 460 568 590 669 846 909 920 946
11  212 280 314 390 450 719 746 779 863 876 983
8  57 235 502 554 574 754 784 938
16  56 99 108 164 167 242 384 443 470 510 516 545 632 646 706 772
13  17 100 111 153 181 235 457 507 601 634 710 720 846
5  215 271 363 565 941
11  5 210 220 257 288 518 546 683 707 847 911
10  72 152 161 166 197 395 419 686 763 981
12  116 199 285 387 607 657 737 781 786 854 903 964
10  14 141 195 377 416 434 501 807 927 967
5  24 297 595 946 950
11  0 54 132 196 415 472 550 579 674 816 984
10  4 384 405 519 615 696 697 733 801 806
12  23 169 214 251 411 439 472 545 571 640 643 846
4  156 643 827 987
12  97 145 185 230 506 601 703 755 761 919 967 992
10  170 212 333 456 519 658 817 852 854 912
5  328 358 517 537 900
19  20 67 89 167 273 350 382 426 469 499 502 511 540 578 639 640 753 884 892
8  159 397 414 486 604 928 936 952
11  26 171 313 361 574 676 714 780 845 924 984
14  83 112 215 244 354 420 519 622 649 693 710 743 748 971
11  158 164 194 225 230 515 541 637 742 758 893
8  79 291 427 446 497 573 628 653
11  113 128 189 204 294 378 521 633 642 648 843
11  252 257 368 484 492 545 721 732 766 829 881
13  1 24 61 135 161 201 431 503 526 604 660 709 884
10  193 209 621 700 792 817 831 878 931 963
11  50 70 130 138 286 429 550 792 854 860 970
12  75 134 157 177 296 503 512 608 612 746 889 893
7  31 505 512 557 749 836 890
9  6 87 308 332 400 529 770 930 941
16  6 110 115 131 167 180 194 404 436 444 448 490 624 755 840 890
13  1 155 160 243 276 282 333 352 489 613 663 744 876
15  68 85 93 140 163 268 309 384 456 474 524 683 739 815 891
6  24 53 534 625 662 758
12  87 187 440 475 532 648 661 688 709 729 805 806
9  49 52 139 210 228 592 734 863 993
15  8 54 116 134 185 261 276 277 285 287 413 682 789 835 906
10  48 236 254 409 514 592 610 648 686 941
14  28 72 154 225 241 265 415 422 481 559 573 616 685 800
15  44 57 138 281 305 359 362 386 475 521 574 680 707 874 957
10  93 142 203 210 362 414 471 492 524 764
10  145 291 389 409 433 519 722 868 940 965
12  20 66 149 176 248 287 345 436 586 702 802 999
13  113 388 563 569 693 703 731 755 767 874 981 982 990
12  81 332 394 414 484 546 565 580 591 597 944 987
10  56 190 192 270 280 717 802 832 870 887
13  75 187 227 250 272 392 456 551 561 626 765 812 833
12  89 485 514 578 807 826 850 893 921 941 954 997
12  76 124 134 310 330 437 557 603 724 758 821 971
11  130 282 306 388 394 418 461 499 857 965 970
9  6 35 177 315 338 522 742 753 956
15  36 95 174 228 275 277 380 406 531 540 594 820 875 938 976
9  191 319 386 602 690 745 757 897 943
11  105 160 221 258 304 478 493 664 675 821 952
16  169 209 247 314 320 342 388 395 515 653 711 748 753 755 792 807
8  49 132 255 439 447 530 694 946
9  19 74 394 408 440 468 713 723 799
10  45 110 244 493 567 682 689 735 881 893
8  28 32 56 232 616 673 921 977
7  92 93 489 511 515 541 713
9  41 126 236 269 457 531 556 581 659
11  72 80 137 201 421 577 588 620 642 694 715
13  18 56 93 183 213 378 614 668 722 836 844 881 882
10  88 147 447 713 743 848 866 889 938 976
4  227 615 739 968
11  15 173 245 277 570 618 686 798 842 874 995
12  58 66 119 147 176 422 485 614 660 677 736 933
12  194 213 358 410 448 491 520 598 616 741 782 789
11  92 181 243 604 616 619 796 800 825 838 994
11  129 177 533 691 719 766 785 795 918 962 997
12  93 148 270 276 305 370 434 455 640 745 778 854
11  1 14 37 120 173 176 226 413 457 624 974
13  11 31 119 145 147 308 341 388 461 529 622 828 976
8  187 276 328 433 467 579 587 605
15  25 112 148 421 441 556 593 633 681 695 731 822 939 957 984
11  68 92 228 384 528 561 643 762 930 946 959
9  277 314 326 348 491 532 533 746 761
10  74 91 362 409 521 545 628 762 934 991
11  222 352 390 613 627 715 723 765 783 825 975
14  57 121 250 312 383 407 486 550 638 672 738 758 861 867
12  36 235 260 299 327 441 495 531 684 692 698 856
8  193 323 528 537 604 609 944 951
15  43 185 236 273 340 503 547 584 591 606 618 752 782 847 863
15  39 54 206 272 302 359 423 521 554 599 631 647 724 885 902
14  30 186 303 329 390 421 429 537 740 767 813 861 895 966
12  120 137 149 241 385 535 555 606 687 692 827 994
10  60 157 221 226 260 263 504 666 702 819
20  88 146 172 184 226 241 255 266 322 404 452 594 616 630 644 667 676 708 814 849
8  409 509 515 659 717 896 917 991
11  110 159 332 466 501 676 739 770 785 923 989
8  189 235 653 728 802 818 925 953
12  20 146 229 325 334 337 392 440 735 819 841 952
9  127 130 221 239 421 484 604 653 682
10  30 183 341 347 371 428 665 700 707 735
10  105 159 334 442 480 537 745 864 875 896
9  30 124 150 196 226 495 640 689 712
9  43 88 118 179 216 795 835 957 966
6  172 226 232 294 745 820
9  0 65 194 423 471 602 847 860 934
7  126 418 600 606 660 857 983
10  79 153 295 418 483 579 605 700 845 847
9  57 211 231 332 568 757 773 813 841
11  39 188 368 442 533 561 770 781 836 840 892
8  59 157 469 598 739 807 824 839
15  160 165 212 287 541 544 554 557 590 618 634 651 872 922 991
7  70 115 290 361 506 529 894
12  121 217 312 323 371 390 425 480 523 629 695 988
9  160 198 527 583 742 765 781 954 964
7  40 481 686 707 866 896 927
15  3 270 441 475 477 521 540 558 599 643 702 756 766 793 865
10  58 117 319 523 542 624 645 692 733 858
7  120 138 181 486 493 700 772
9  273 318 323 400 493 715 873 953 976
18  105 107 123 156 176 274 452 509 538 610 623 668 696 706 824 906 928 937
12  70 157 177 243 305 442 623 634 648 780 781 925
11  161 169 229 260 304 427 438 578 714 834 960
14  59 64 165 180 239 344 395 415 479 564 605 753 787 820
8  3 130 515 536 606 636 747 891
9  91 134 219 262 328 353 548 597 849
6  147 222 403 418 629 897
10  71 77 113 116 132 238 392 764 792 923
7  128 145 459 541 633 774 924
12  17 104 269 296 499 503 513 721 731 845 915 970
7  13 151 208 534 552 633 821
9  1 189 244 266 462 631 723 919 979
8  240 415 425 458 562 780 783 848
8  1 29 40 53 357 462 588 634
9  39 42 172 333 374 448 507 908 978
10  33 83 302 420 590 715 735 745 852 959
5  12 29 242 300 473
5  244 359 404 782 822
19  0 67 93 174 188 334 345 371 499 626 640 724 744 796 824 883 891 910 978
7  66 125 277 325 494 916 959
10  25 78 271 296 302 335 402 516 577 878
6  14 159 514 796 844 847
16  57 86 118 281 322 328 356 386 441 569 755 774 801 803 834 933
14  29 49 266 339 340 386 399 407 710 749 772 847 857 953
12  50 169 181 270 375 440 461 481 488 782 898 901
8  205 263 308 325 375 411 465 950
11  47 107 165 274 381 642 820 823 853 896 946
10  185 238 416 468 523 701 736 974 985 995
10  36 344 378 385 733 796 844 869 936 966
11  59 115 140 165 219 234 279 291 335 560 724
14  11 34 176 204 221 317 386 508 519 569 577 595 723 740
9  281 284 321 358 579 591 628 696 766
17  84 104 137 323 332 343 429 471 521 530 546 594 637 659 678 718 856
6  9 22 692 715 748 975
11  165 281 362 393 397 450 492 536 639 746 939
8  161 185 240 442 580 634 709 723
6  65 326 591 699 840 856
11  272 326 512 679 712 731 743 762 819 845 990
7  82 119 262 283 397 399 531
9  49 56 244 345 393 615 874 882 904
4  335 368 590 616
12  30 40 155 182 306 331 513 551 725 776 858 941
14  18 19 110 152 232 321 342 358 445 521 554 763 779 916
12  100 118 119 148 167 382 395 480 509 515 663 857
10  27 81 83 105 157 283 587 635 714 749
8  20 165 266 521 532 628 713 759
10  8 420 431 475 523 545 553 616 864 910
9  80 206 363 401 437 499 540 544 999
7  49 165 487 662 700 761 888
12  13 53 112 221 268 514 532 565 645 680 838 922
8  49 61 308 384 630 726 762 842
12  55 102 209 379 420 521 648 655 780 785 819 983
7  13 33 43 516 704 726 820
12  14 30 77 325 368 393 492 501 606 621 698 943
10  28 56 86 185 316 406 676 822 833 968
10  8 65 205 257 334 345 623 630 678 739
10  24 68 229 273 320 437 475 567 595 633
7  397 481 556 738 788 949 998
12  208 295 411 447 486 548 610 616 764 776 840 868
10  38 229 230 267 337 665 697 727 853 857
10  46 69 80 193 350 368 381 426 799 936
5  5 121 407 654 876
7  41 182 375 395 496 750 848
9  114 577 603 686 698 737 746 903 973
5  60 613 647 745 950
13  145 213 292 343 356 363 547 552 599 716 739 753 902
7  375 426 447 695 738 830 970
9  101 260 434 447 537 617 771 901 962
9  90 110 283 296 321 427 484 596 926
9  70 440 469 477 505 573 605 710 771
4  4 34 434 890
4  179 317 577 883
7  327 328 365 369 471 540 982
6  30 167 527 552 647 922
6  115 197 412 539 682 766
11  54 86 133 212 252 331 436 488 497 854 953
6  152 354 448 715 816 869
7  51 241 419 921 926 944 988
8  168 329 363 415 429 474 657 914
5  45 206 346 650 831
7  113 123 269 395 522 675 864
10  52 96 119 191 200 222 265 353 953 972
9  66 130 275 331 730 731 875 911 930
12  229 242 325 326 333 521 726 798 816 897 935 948
7  34 52 196 518 581 732 742
7  233 239 244 262 512 518 950
6  186 231 399 404 412 978
8  182 189 268 274 296 775 782 985
5  57 515 611 625 671
8  186 236 281 310 415 493 662 797
8  88 99 144 337 342 356 407 996
13  35 148 153 180 234 239 246 446 451 455 721 768 908
15  112 182 195 244 306 346 365 383 426 506 538 595 746 873 935
7  494 495 572 629 811 911 957
15  34 55 88 207 337 341 360 525 624 689 757 759 874 950 995
8  13 16 20 147 628 719 822 989
11  55 96 135 326 341 389 423 469 615 703 811
11  62 162 219 302 411 481 490 551 641 817 827
7  26 93 145 350 416 420 866
14  2 40 60 81 323 486 610 618 645 716 805 834 855 890
8  29 89 122 133 136 139 309 571
13  37 220 277 320 389 481 493 664 710 789 801 953 974
8  77 79 200 526 628 644 862 934
11  104 241 357 428 510 551 683 684 754 794 833
17  83 134 162 176 269 326 364 393 456 540 548 622 681 707 854 871 950
11  17 90 149 246 487 543 598 645 768 772 991
9  227 231 267 278 580 654 841 859 886
13  15 86 257 459 500 520 631 689 708 808 912 920 969
10  57 201 328 361 400 469 486 686 820 825
10  5 95 103 142 377 389 468 674 692 702
6  149 226 261 638 889 972
10  131 165 182 207 230 234 484 662 748 869
10  199 228 306 315 381 392 500 534 852 855
11  49 122 197 330 401 426 449 584 619 799 818
15  26 57 68 75 163 166 457 517 611 809 819 853 872 873 966
16  31 42 76 151 163 239 289 290 309 421 433 508 841 873 930 934
10  18 74 195 380 586 608 613 928 933 983
11  17 63 132 177 209 318 349 354 401 658 665
11  180 251 264 274 282 418 451 468 501 607 878
11  30 89 91 153 228 256 520 648 711 869 875
9  273 288 399 434 519 646 671 696 879
10  50 152 457 529 605 630 687 696 765 843
6  296 315 736 753 840 981
8  206 363 369 395 416 764 844 948
8  72 211 305 371 699 734 868 984
8  283 406 544 576 612 812 822 840
12  90 124 155 171 216 274 335 381 466 706 745 865
9  52 167 175 435 607 668 675 805 851
10  128 214 349 558 562 585 710 715 779 984
6  175 489 607 749 834 841
10  231 263 418 510 523 557 622 656 684 927
13  127 159 197 260 370 373 423 449 707 728 795 949 982
5  430 517 531 575 825
8  8 17 220 232 378 533 612 755
14  35 81 238 350 359 490 493 507 658 674 676 805 860 955
10  57 151 305 510 693 854 867 877 888 989
10  111 135 201 245 543 590 703 708 911 927
12  46 173 224 246 281 327 372 468 513 822 828 895
11  104 106 179 264 270 299 325 591 698 942 961
14  61 105 118 143 284 292 304 338 594 614 784 899 984 998
7  75 77 191 464 738 776 922
7  136 220 622 834 877 912 945
7  92 345 550 620 685 706 977
11  23 211 394 534 689 704 742 788 905 917 922
10  245 253 361 369 370 568 649 668 957 975
11  76 220 257 317 379 542 677 684 708 831 862
8  7 416 434 501 690 730 806 998
12  26 49 118 147 189 337 504 525 569 598 673 909
11  79 144 394 421 682 694 782 788 795 830 948
10  94 160 277 303 625 836 838 853 911 934
7  38 186 502 638 683 781 785
5  103 507 630 756 801
9  17 170 260 394 646 669 781 799 908
16  15 204 222 236 407 487 518 583 592 634 701 801 844 864 932 934
10  116 192 250 261 417 424 597 726 936 944
11  19 315 525 534 610 637 638 791 808 921 938
11  4 311 410 539 644 685 742 866 885 887 943
10  188 464 550 738 748 823 841 894 915 986
7  239 262 327 622 760 974 993
8  31 41 131 314 316 804 815 921
11  61 63 131 558 629 714 753 755 827 862 996
12  37 38 85 443 460 603 628 690 730 840 897 976
9  129 175 328 607 655 690 869 884 915
8  62 279 429 670 697 705 842 965
5  0 263 482 629 964
10  128 246 330 412 421 440 727 732 761 861
13  180 206 293 372 399 411 471 645 721 813 838 875 894
6  81 191 562 607 859 909
12  99 103 143 230 288 335 375 469 569 615 719 853
4  199 201 561 712
10  100 319 630 676 755 840 899 900 946 993
15  87 181 222 381 526 549 560 635 722 728 740 786 814 856 885
12  1 32 179 224 229 299 349 359 614 783 978 998
7  142 584 615 629 716 751 808
9  23 93 299 372 490 500 731 804 947
6  16 139 174 243 753 968
12  8 20 23 76 137 306 495 502 669 784 797 878
9  138 284 296 346 524 914 940 950 968
14  39 135 228 298 327 360 400 404 538 695 790 831 891 897
7  108 121 467 532 686 878 940
7  290 534 672 758 768 824 844
10  99 213 234 282 371 414 796 846 870 935
5  237 256 579 606 996
15  147 207 269 301 361 402 411 514 521 625 769 782 834 850 872
10  153 351 408 456 491 503 615 624 840 975
7  29 72 327 378 700 790 829
8  37 221 249 432 671 839 872 914
15  84 220 400 437 477 559 666 687 715 745 809 815 817 857 936
7  65 257 266 487 591 791 941
9  213 230 337 356 615 670 741 804 868
14  106 243 247 301 302 392 404 437 687 703 934 957 981 989
11  72 114 166 322 396 550 729 790 797 938 959
19  16 131 270 285 396 479 510 526 533 680 704 722 735 785 847 887 894 970 983
8  64 120 136 153 365 524 574 940
7  39 56 211 378 515 585 664
10  66 172 177 510 536 604 607 764 829 867
11  143 206 239 312 321 350 604 638 674 815 999
13  22 87 91 128 410 415 477 648 665 744 849 884 966
13  154 197 279 356 421 449 503 541 711 743 833 898 951
10  91 96 190 206 453 479 747 806 910 936
20  34 47 70 104 171 214 217 272 312 487 501 518 523 663 777 780 781 824 844 972
10  47 165 177 276 450 535 659 701 807 899
7  35 78 218 372 536 547 816
11  52 64 80 203 295 395 509 850 933 984 988
14  60 150 165 192 317 437 454 521 690 740 756 898 914 921
13  127 333 418 560 603 642 662 720 758 770 818 845 863
15  34 133 151 278 303 346 506 536 615 641 693 860 889 954 986
18  30 78 191 406 433 438 495 498 574 587 624 625 678 806 807 808 810 888
10  157 162 206 249 597 640 708 727 983 987
16  103 217 218 340 388 567 613 624 730 753 773 779 815 858 868 930
9  60 61 108 130 312 344 440 532 788
12  56 118 227 237 324 352 486 592 634 782 784 998
12  78 210 244 249 278 307 346 391 497 552 655 854
10  71 191 323 355 563 597 695 748 750 756
13  94 144 154 157 205 417 435 579 707 773 820 841 922
12  150 194 387 388 456 503 540 642 696 817 843 890
8  200 204 209 231 333 423 927 966
11  41 114 257 410 422 625 690 739 844 857 939
18  19 91 168 212 229 267 273 299 335 345 348 354 386 486 507 641 953 998
7  116 171 240 383 685 911 918
10  100 110 296 300 330 349 433 503 929 953
10  15 43 125 222 230 480 496 544 574 819
15  28 143 397 450 458 536 613 621 676 678 692 842 892 939 960
9  32 156 214 405 474 495 532 705 805
9  90 297 376 583 617 619 657 680 773
12  59 113 184 265 271 597 663 702 740 776 938 964
11  161 219 262 295 424 576 659 780 839 938 943
7  107 118 245 335 562 844 976
9  2 241 250 270 341 435 721 806 858
16  49 88 171 224 266 348 352 482 513 526 551 559 611 629 774 775
13  49 114 259 266 292 436 495 807 812 879 932 938 968
12  172 223 313 415 446 458 483 668 724 752 762 830
9  63 103 275 504 660 697 729 817 984
13  113 307 337 498 505 509 525 574 584 774 781 869 909
12  181 205 271 274 284 370 541 570 590 674 697 747
8  94 303 395 481 558 640 811 889
8  19 29 95 377 459 611 844 925
15  38 41 143 206 241 299 350 375 407 518 578 584 622 812 984
14  33 123 128 210 249 294 311 501 537 667 798 940 948 966
13  167 300 448 544 570 624 742 759 780 805 862 931 998
9  103 158 179 408 439 581 785 908 989
12  92 98 164 294 350 428 524 542 689 700 813 859
8  191 201 213 267 349 775 837 930
6  170 194 234 335 643 906
13  22 170 272 368 505 555 628 632 655 662 683 785 899
11  133 167 185 308 361 407 552 560 632 633 665
7  16 163 474 586 664 718 755
13  59 85 126 199 216 269 445 460 494 554 652 779 861
11  32 43 236 344 400 406 532 574 580 678 796
11  126 313 368 376 515 548 558 834 898 944 951
14  94 349 576 584 587 594 678 776 791 833 838 871 983 989
7  172 190 273 294 345 550 610
5  37 75 275 547 711
11  0 2 250 264 360 581 631 659 931 961 998
12  105 218 238 294 433 567 601 626 797 802 833 908
11  18 75 82 136 299 431 463 538 552 605 986
4  228 490 532 795
12  2 59 119 332 474 508 548 583 617 807 817 893
10  16 31 236 265 292 472 564 579 796 965
9  25 61 315 431 470 530 699 779 971
11  45 90 108 157 168 233 516 713 787 910 974
7  163 306 561 677 729 768 819
8  67 193 234 352 600 683 699 963
9  13 65 102 615 651 705 762 800 941
9  71 95 103 247 359 512 557 617 621
13  20 87 172 188 291 447 642 646 688 778 825 830 841
12  39 87 173 233 325 333 450 471 812 921 928 929
11  122 255 537 542 648 685 782 802 865 946 984
7  201 403 644 786 841 876 957
6  4 64 109 112 396 931
6  128 211 228 372 793 984
17  31 185 190 208 229 496 510 524 536 551 581 629 652 923 963 991 992
5  93 100 435 841 955
7  115 173 428 529 553 788 806
11  42 55 80 251 323 333 366 374 625 653 984
7  54 206 237 305 540 726 883
14  127 139 199 263 290 334 485 517 561 610 656 715 731 733
14  21 32 70 90 172 234 338 409 551 591 678 697 935 943
7  250 387 543 556 574 691 862
7  590 620 659 661 673 677 737
9  108 176 297 456 527 560 617 811 931
11  141 156 272 416 476 536 540 553 808 854 872
5  431 497 641 644 803
9  2 232 419 549 676 729 779 803 958
9  263 347 510 553 651 700 784 829 950
7  4 16 39 251 316 808 949
2  150 874
13  36 188 294 318 343 439 537 582 635 650 689 691 759
11  74 184 234 272 334 339 441 491 580 682 857
7  104 225 227 456 514 738 973
8  26 147 264 643 649 688 821 944
11  58 68 80 138 169 241 277 335 442 553 746
9  121 178 198 333 359 395 693 701 995
5  371 639 828 846 875
9  101 234 308 457 511 516 528 756 966
7  257 293 408 450 792 806 910
11  28 76 82 104 273 299 368 657 665 770 996
8  18 47 120 289 565 838 897 917
15  20 22 29 78 146 192 203 557 627 794 820 908 945 949 988
5  53 242 288 884 902
7  41 48 154 238 366 464 508
10  120 183 207 214 258 271 282 498 499 835
12  101 154 183 263 290 306 372 424 558 625 703 746
9  109 272 275 289 307 356 485 661 929
11  50 126 196 421 430 432 465 470 498 675 917
5  46 217 419 679 721
7  20 83 132 271 687 824 960
19  46 132 135 227 303 361 402 458 554 579 630 646 732 756 757 767 796 896 898
12  12 23 391 417 532 539 633 713 825 916 917 968
9  25 27 87 156 177 217 428 436 683
10  159 221 268 367 419 512 525 656 807 986
9  119 252 256 442 475 634 788 862 900
18  54 144 200 254 342 399 471 476 487 492 509 566 643 654 671 762 839 927
11  228 248 257 258 277 343 349 361 790 895 911
14  57 59 98 116 131 370 527 560 567 583 693 914 939 986
8  126 255 272 294 402 670 834 977
13  52 101 258 416 527 630 648 707 736 752 770 825 894
8  80 251 445 582 657 852 857 870
9  134 215 356 525 567 698 701 769 891
17  42 48 80 97 209 262 407 433 444 461 540 650 685 696 795 957 967
7  88 303 304 358 637 836 896
13  171 220 261 300 397 487 510 512 542 672 700 790 980
12  223 391 452 486 510 520 577 605 627 743 846 918
6  21 36 236 321 557 792
8  62 268 601 625 639 755 816 962
13  211 267 334 348 398 405 464 547 661 700 752 808 816
10  21 71 296 309 396 463 467 476 532 574
10  135 149 277 353 358 424 454 473 610 619
11  3 22 137 273 314 410 556 642 863 898 972
6  118 191 547 548 652 941
9  174 212 264 311 313 359 548 611 668
11  4 192 294 304 316 338 456 514 614 708 936
7  72 144 347 474 590 672 693
7  307 663 689 690 718 720 730
7  9 169 210 335 458 623 825
10  2 40 178 269 413 453 458 499 818 915
6  206 337 596 627 674 987
20  66 98 105 128 201 206 260 285 321 511 538 732 741 743 800 849 880 898 924 993
7  120 131 400 509 521 585 653
10  53 77 212 251 329 508 518 568 631 793
14  64 146 201 202 265 299 546 593 615 743 761 797 844 850
10  2 10 277 405 459 571 585 864 984 999
15  15 18 19 71 300 352 402 408 469 662 772 776 782 854 860
9  22 27 191 423 455 568 610 665 851
9  116 273 367 376 696 721 832 858 972
13  6 85 212 224 227 304 354 422 500 570 619 656 759
9  36 209 447 593 812 887 888 930 936
13  19 133 146 157 382 590 622 664 810 840 843 896 903
11  47 145 156 294 566 587 803 822 863 885 910
8  550 574 632 913 923 936 942 981
11  0 33 108 125 211 244 280 282 577 641 781
6  26 45 364 409 615 767
7  354 465 515 547 664 840 868
10  118 433 579 613 648 729 772 817 880 946
9  8 50 196 381 527 599 620 863 991
13  28 110 128 164 167 204 420 437 799 854 884 928 999
11  19 108 177 250 278 335 504 529 556 582 990
15  21 27 51 52 114 146 214 256 289 535 705 766 852 885 990
8  79 224 582 606 628 809 880 921
14  54 114 223 351 392 414 508 547 645 678 721 800 820 960
11  44 98 221 346 503 528 636 757 791 892 906
10  5 57 243 404 497 549 650 655 743 967
15  80 134 283 362 420 500 548 599 646 779 785 886 889 908 956
8  6 64 276 490 681 797 874 891
11  87 177 277 541 689 851 879 880 895 960 984
9  252 303 430 447 534 633 701 721 969
11  120 141 188 455 479 672 833 852 870 917 920
11  82 113 466 492 618 737 827 858 932 933 936
9  24 43 391 423 489 615 761 854 982
12  62 132 164 269 483 624 635 669 705 752 807 934
8  30 248 450 582 910 942 961 995
12  13 79 199 412 437 499 537 639 679 743 823 964
10  187 243 383 430 607 682 686 752 925 941
10  208 277 279 357 437 473 525 586 874 958
8  43 256 448 564 582 741 984 986
11  335 358 510 525 551 553 580 662 689 725 974
8  340 608 674 742 790 822 905 956
8  131 229 352 495 527 681 949 995
8  81 117 173 264 407 666 680 952
12  178 226 247 282 377 451 591 675 758 913 952 993
12  15 94 177 194 222 406 453 547 565 612 711 735
9  270 406 433 448 726 782 899 939 983
10  96 228 445 459 522 570 622 842 901 985
10  148 195 227 255 298 366 411 482 675 873
11  22 129 149 275 424 490 493 609 734 761 878
4  224 568 593 942
15  146 247 285 397 410 446 544 590 636 667 678 795 797 942 951
12  2 80 166 242 449 464 465 507 520 636 946 949
7  259 581 590 755 855 935 985
10  39 270 275 300 336 412 525 699 826 837
14  73 103 166 209 233 438 509 595 617 635 724 789 843 887
16  6 41 69 80 96 122 138 178 245 251 451 747 748 779 796 827
12  93 122 186 264 296 369 481 516 723 772 847 962
11  155 200 303 334 423 424 518 622 647 867 960
8  200 362 466 535 537 580 774 890
11  106 270 356 366 441 621 763 765 767 779 801
6  339 427 562 565 692 712
12  69 153 215 283 290 301 351 488 544 587 624 628
12  10 38 84 92 330 456 504 595 621 668 747 901
7  124 232 276 299 412 528 994
15  69 164 203 233 399 439 493 605 715 717 774 780 844 896 963
5  12 66 355 446 495
8  28 98 466 526 566 660 672 821
13  4 7 71 101 134 191 303 429 445 758 812 823 835
17  98 123 148 173 194 229 283 298 407 434 517 619 792 812 876 912 960
12  154 277 410 439 448 511 634 713 740 772 901 988
10  75 100 173 214 224 338 726 753 887 969
16  8 38 157 175 192 209 326 372 404 431 758 903 907 922 962 969
10  64 70 244 422 501 555 683 903 914 937
12  14 20 82 104 167 285 340 472 699 727 811 968
10  82 148 246 249 253 348 563 611 708 824
11  57 82 89 128 208 305 347 463 821 937 982
16  101 178 251 268 302 318 336 379 431 490 579 703 760 869 918 975
6  64 91 368 402 476 892
8  72 235 278 703 727 792 883 982
10  34 84 103 106 335 549 636 755 763 789
9  154 189 259 398 471 743 748 765 922
7  78 126 192 508 636 810 875
13  213 312 394 469 531 608 647 662 668 835 922 957 974
5  231 252 474 495 913
10  18 149 246 268 314 333 338 695 990 994
11  17 124 130 238 273 321 332 534 693 824 829
5  77 166 344 678 729
9  176 353 355 386 457 578 684 709 869
7  87 362 468 511 712 717 802
8  89 161 280 434 474 763 905 988
9  40 85 224 494 535 564 586 656 725
8  186 385 449 464 512 636 884 905
13  233 264 312 340 385 477 579 733 797 822 869 907 959
9  213 387 468 610 640 800 852 956 982
12  129 200 300 331 579 731 837 843 855 901 950 975
10  3 120 159 225 427 687 737 776 806 978
17  96 247 281 283 318 495 683 742 774 807 814 830 841 865 878 883 992
9  153 256 330 425 619 828 836 873 926
12  38 152 196 366 582 670 734 745 759 833 843 937
8  77 269 360 369 443 460 592 874
11  93 134 151 222 254 279 293 358 368 520 861
14  33 68 115 177 274 333 474 507 528 708 742 756 832 881
8  0 17 81 182 257 492 640 677
15  9 39 210 240 297 387 446 459 542 679 735 740 848 931 946
18  154 209 253 340 501 625 640 643 664 674 719 779 781 796 822 841 854 901
7  104 221 321 500 756 766 873
11  14 242 260 284 287 318 367 429 490 737 750
15  23 90 189 217 266 337 366 395 594 605 850 919 943 966 987
9  15 136 149 178 307 502 537 694 701
12  1 53 209 244 336 414 460 516 694 719 851 954
12  39 45 218 326 347 432 776 848 859 910 959 969
7  42 44 365 516 745 887 983
4  9 96 476 839
13  161 175 272 534 619 628 672 675 777 783 799 898 961
15  57 64 206 240 244 306 368 425 463 478 512 709 832 881 921
5  41 112 190 406 839
16  22 203 220 233 244 325 436 463 473 549 627 691 718 894 895 941
11  58 299 454 507 516 597 610 740 744 804 914
7  242 291 397 610 663 939 984
11  210 223 238 269 483 508 682 706 710 839 863
12  56 182 348 397 542 590 648 737 797 820 892 932
7  21 83 100 461 715 779 869
11  109 185 203 266 351 468 643 671 687 973 989
11  21 116 137 265 267 340 353 534 566 615 832
13  45 81 113 136 195 345 698 718 728 804 846 847 873
8  175 230 310 361 426 498 832 836
9  120 236 268 297 424 698 719 878 911
10  20 74 213 259 299 334 377 660 744 945
9  18 233 274 610 654 698 875 927 951
9  157 180 394 408 483 564 777 911 993
8  33 79 486 621 810 828 988 989
10  93 168 219 279 292 508 599 619 854 876
5  370 372 788 886 958
11  61 82 191 301 326 408 645 656 695 708 903
8  29 122 291 512 517 527 811 981
10  44 124 131 311 325 532 536 697 703 735
12  8 57 99 123 390 532 545 784 845 872 925 954
8  344 361 443 528 553 645 734 749
8  31 503 752 768 820 865 896 950
6  54 95 143 260 568 937
15  32 85 133 189 345 431 512 550 562 586 665 694 698 743 760
12  55 144 160 208 304 315 354 503 529 542 703 893
15  130 147 177 196 292 297 304 453 455 503 536 653 743 931 985
11  257 272 320 327 390 451 486 514 570 645 684
5  268 315 475 752 927
9  59 190 442 479 514 587 775 810 889
11  130 143 259 279 354 453 495 543 547 665 969
6  13 134 196 474 571 817
5  93 306 563 891 995
10  66 181 360 446 451 513 576 614 771 925
9  34 73 113 131 226 257 404 693 718
6  481 488 494 616 624 679
8  30 155 458 491 553 663 895 972
9  62 215 216 244 310 598 626 707 717
6  299 573 642 832 844 971
7  45 406 601 882 899 940 960
9  12 185 259 286 434 451 559 622 689
14  258 321 324 331 484 551 561 610 694 743 799 948 971 985
10  103 392 479 494 557 643 666 689 731 759
9  49 121 135 255 386 541 876 916 988
14  82 132 137 246 363 416 455 658 752 796 813 860 875 975
11  135 176 179 228 258 566 640 662 732 815 936
8  200 325 404 454 456 698 905 922
10  40 65 232 235 280 557 570 727 871 951
7  24 158 171 325 585 586 651
9  41 123 167 462 477 492 756 763 929
9  90 224 402 430 437 526 542 894 938
12  70 130 200 224 449 502 510 531 576 598 734 947
16  126 141 173 197 237 244 293 504 510 533 560 613 672 735 845 942
13  99 148 410 458 476 510 584 588 628 877 888 895 899
5  7 417 490 661 816
9  62 143 167 510 650 720 769 784 856
7  396 399 538 583 712 773 946
11  98 236 428 533 540 569 649 706 707 816 924
10  162 274 291 469 544 799 841 855 921 969
8  89 92 174 277 474 735 831 842
8  66 222 462 490 499 512 800 901
11  16 139 199 379 386 505 627 628 809 812 872
12  112 122 204 215 400 490 518 535 560 656 786 886
8  122 166 280 416 508 638 862 947
11  25 276 281 340 354 417 524 564 850 878 945
15  14 155 241 287 306 329 355 411 517 601 662 759 777 873 875
8  132 168 238 243 313 593 705 714
13  13 100 139 264 320 357 398 428 440 651 679 731 743
13  75 86 94 129 187 329 460 674 706 836 838 909 936
13  7 27 51 133 163 293 303 321 483 503 609 713 724
11  161 258 268 411 435 568 611 619 637 906 969
8  113 139 237 692 850 853 877 912
7  33 202 275 400 463 670 694
8  104 262 440 596 736 769 860 914
8  213 488 498 587 724 874 957 959
12  14 39 104 105 369 451 534 568 735 939 963 990
7  180 215 382 448 481 814 947
12  25 109 142 235 647 740 753 762 764 793 903 959
8  236 357 406 501 553 557 669 737
11  17 66 305 325 402 432 444 486 552 618 850
12  24 56 98 181 226 286 604 706 721 895 921 934
13  90 218 252 292 452 623 736 764 823 869 925 930 938
5  8 63 545 692 733
11  26 72 162 168 258 352 452 469 553 600 823
9  293 489 529 615 751 754 758 854 918
14  220 292 339 361 425 428 464 473 487 650 655 880 888 938
17  74 171 281 291 409 418 432 460 517 568 571 575 735 743 813 922 940
8  69 255 353 466 525 685 814 897
9  153 212 424 518 650 693 733 737 936
17  70 89 114 252 324 331 426 456 483 503 520 530 539 643 703 793 996
12  208 290 312 340 508 775 807 866 910 929 936 997
10  60 96 188 192 201 484 596 625 763 950
13  125 160 194 272 288 290 324 326 495 695 763 993 999
7  15 253 315 365 742 749 898
11  9 40 106 142 148 277 308 500 640 875 993
8  237 486 506 643 746 819 826 834
8  129 145 430 646 667 748 881 944
15  11 28 30 48 99 180 204 318 415 620 660 669 732 951 982
8  186 329 362 417 452 471 826 950
19  73 96 153 196 204 216 260 378 407 438 515 584 645 658 671 743 770 839 869
9  123 154 164 402 415 691 733 813 879
7  34 270 335 339 474 810 939
12  34 132 239 289 326 346 362 490 520 591 620 867
11  27 102 150 172 300 344 512 531 647 670 906
6  409 470 544 749 900 949
13  54 68 216 288 437 509 645 799 828 876 895 907 967
6  269 274 468 550 739 987
12  2 14 27 95 167 405 448 463 542 581 614 818
8  189 225 272 508 631 651 657 758
9  100 284 349 383 456 644 888 948 962
13  2 75 90 114 151 175 299 429 570 735 777 926 957
7  2 6 253 298 401 459 845
10  70 112 122 269 438 498 696 857 884 998
9  110 129 231 361 427 492 512 655 873
13  145 331 379 414 422 465 536 715 726 731 760 836 854
6  13 235 484 620 669 951
6  14 22 128 407 553 802
11  5 105 168 294 417 486 489 584 775 816 917
13  86 173 181 302 395 417 418 686 736 744 763 820 868
15  56 69 96 111 150 229 233 255 342 397 589 666 676 738 829
14  24 56 241 284 385 422 469 596 720 767 799 820 849 985
15  22 118 150 163 164 175 189 221 364 571 707 770 798 860 971
13  65 73 156 176 180 438 444 808 826 889 916 943 991
10  215 323 421 479 482 687 735 765 819 991
8  103 169 423 533 667 855 937 999
11  88 178 640 656 661 667 840 943 944 976 999
10  5 47 102 213 247 252 740 753 851 986
6  62 158 252 342 794 992
9  126 135 321 374 578 717 735 906 937
13  50 58 114 161 206 214 465 500 602 658 730 867 893
8  22 31 150 273 459 474 651 660
6  143 409 665 771 817 969
13  90 131 157 174 235 459 495 649 693 709 750 968 983
9  61 106 351 438 510 649 808 840 864
9  80 217 253 413 509 538 665 784 877
9  23 82 218 220 373 402 518 697 958
11  54 66 222 307 321 481 621 666 787 924 946
13  34 75 94 125 152 206 292 525 663 716 759 893 993
12  210 217 237 247 560 780 884 892 943 968 975 995
13  22 54 102 168 171 295 460 469 495 619 755 805 944
12  31 38 62 274 440 616 667 755 791 808 835 860
10  278 284 298 329 610 623 650 703 777 978
10  107 138 242 309 386 464 481 600 842 946
19  74 96 101 107 112 117 124 327 501 507 552 610 631 640 752 848 942 982 991
11  16 17 442 473 504 547 684 794 808 964 983
6  19 205 473 614 859 927
13  55 67 164 327 370 685 701 708 733 743 815 940 973
4  107 273 368 602
8  53 196 366 650 710 711 772 832
3  72 159 342
7  7 182 446 679 728 730 801
9  171 226 303 546 663 825 858 883 963
5  170 710 731 860 973
9  152 317 394 455 543 557 601 665 961
6  28 188 450 470 536 823
9  321 349 502 563 598 651 673 749 845
9  194 385 396 439 452 522 616 765 768
8  185 187 204 410 444 707 826 920
7  8 109 135 652 682 722 947
13  6 43 45 115 381 480 489 507 617 711 756 828 948
7  17 68 141 312 460 465 638
9  59 178 322 345 611 798 877 933 946
7  278 446 600 607 611 669 872
9  156 187 259 522 625 715 839 921 954
5  86 203 314 746 993
6  105 188 410 669 912 992
15  55 237 248 380 458 462 507 569 661 753 813 835 918 953 966
14  143 157 163 294 352 376 443 446 517 710 719 721 801 841
4  279 310 574 652
8  11 61 156 208 311 640 812 891
8  3 280 304 539 675 775 788 836
8  152 371 380 736 865 928 963 975
9  197 298 433 439 519 615 767 783 900
6  207 303 419 569 658 926
7  57 523 569 606 804 845 936
9  110 219 265 385 418 512 545 649 836
8  215 542 556 572 583 742 781 995
5  59 456 533 670 759
9  42 54 114 256 325 419 506 670 916
9  267 288 405 418 452 456 493 672 835
9  117 152 386 395 484 580 691 961 987
16  207 331 363 457 490 502 634 649 652 670 800 823 843 845 929 950
12  89 99 107 130 139 303 711 714 737 778 879 883
13  190 241 253 458 494 528 529 533 805 836 840 954 986
15  17 19 21 76 129 178 264 337 520 525 617 684 757 830 856
12  120 175 231 480 482 496 541 794 841 901 941 981
14  33 83 166 193 219 227 237 344 491 566 632 675 755 940
13  61 94 121 145 441 652 673 688 689 807 898 957 969
13  6 33 149 172 242 356 459 529 580 746 877 880 893
13  27 133 153 156 234 271 380 457 552 593 851 880 894
10  11 50 66 72 156 444 601 766 819 959
15  14 188 198 245 265 329 473 570 656 690 742 811 891 897 916
10  2 70 96 477 806 818 831 913 980 993
7  386 426 451 541 796 864 914
7  360 434 588 601 680 690 859
17  22 50 65 81 198 328 367 388 397 407 480 587 733 777 846 853 936
9  271 501 552 689 767 802 852 870 988
6  175 207 243 281 681 682
13  62 72 81 280 302 326 378 384 404 521 523 921 969
8  137 237 297 509 748 775 918 938
3  171 437 575
6  155 240 665 679 732 991
15  26 79 150 229 264 286 396 447 493 571 622 721 829 865 942
5  0 586 676 771 890
13  18 25 53 265 318 322 494 731 749 829 832 945 976
9  305 525 609 662 667 696 707 794 977
7  34 441 556 673 752 908 935
8  38 259 370 627 695 710 864 969
8  4 215 565 574 703 830 906 926
9  58 77 144 196 297 467 528 674 899
5  179 231 239 466 561
13  38 121 147 274 286 331 417 500 519 541 597 746 921
5  197 203 622 664 860
9  254 357 478 480 533 611 712 887 893
16  35 80 127 160 410 668 709 710 749 785 813 825 886 942 953 962
9  56 68 78 108 216 239 312 369 495
8  101 165 209 238 562 793 796 876
10  42 92 118 384 413 503 631 647 791 993
7  74 174 366 592 761 901 907
7  261 330 404 461 563 678 721
9  268 336 447 487 715 733 799 893 926
14  21 48 73 115 187 241 253 262 302 464 530 880 959 977
8  104 183 248 445 618 960 976 983
7  35 317 321 389 475 734 896
4  16 27 152 314
5  47 58 149 624 947
11  37 104 112 172 195 233 425 493 652 773 940
10  46 233 375 434 671 714 717 732 852 898
14  15 156 189 289 354 419 495 511 553 684 750 887 899 977
20  48 116 160 167 199 208 264 427 431 442 506 535 540 570 573 577 644 667 677 757
10  81 93 149 330 390 685 691 781 796 875
10  81 176 460 509 558 613 617 677 881 938
8  137 202 234 511 639 746 861 935
13  12 30 144 150 296 380 506 601 708 728 769 798 951
8  279 398 438 493 543 553 761 769
8  19 125 233 340 659 660 723 830
10  267 278 294 408 574 657 877 878 898 956
10  8 21 143 176 184 203 574 735 882 920
12  225 461 473 640 682 768 847 849 892 919 947 972
4  258 275 702 723
10  119 255 330 397 595 673 680 787 893 931
6  177 393 463 485 599 844
6  59 107 167 237 259 845
11  35 49 360 442 449 475 514 521 542 556 867
11  41 151 174 232 350 499 644 658 847 879 880
