1000
12  100 103 118 137 222 258 436 550 623 802 859 923
7  112 433 504 574 622 694 991
6  89 156 299 309 617 956
11  28 30 187 222 276 313 579 650 704 714 850
6  71 296 298 529 597 712
12  18 56 83 308 333 532 613 655 762 766 781 926
7  184 207 403 533 861 879 935
13  33 129 348 387 395 423 457 467 470 648 690 796 959
9  29 76 237 257 441 557 627 664 974
17  118 299 329 377 380 425 429 487 583 674 723 777 799 886 906 919 972
8  282 462 526 545 696 770 788 953
8  91 301 419 576 596 689 720 789
9  38 115 247 332 344 477 580 591 685
9  27 310 323 378 417 615 648 773 831
19  113 125 193 224 258 341 407 415 444 571 591 624 663 750 757 761 779 920 930
11  129 175 315 382 440 586 612 758 790 919 959
12  51 78 260 394 420 479 509 565 639 655 785 990
5  118 190 301 815 908
9  5 95 265 298 508 522 785 809 927
9  135 272 308 353 439 487 570 985 998
10  80 150 171 173 238 341 505 660 697 830
7  116 146 481 621 787 814 822
13  89 157 201 268 293 316 410 444 483 587 694 771 967
5  89 190 492 554 668
12  99 135 183 202 281 291 300 358 394 646 736 943
10  69 73 189 507 567 646 662 732 773 841
12  163 412 586 597 669 698 711 859 863 930 987 996
7  13 196 348 620 653 874 963
8  3 244 403 419 558 599 730 842
11  8 129 178 202 258 273 363 827 847 862 923
9  3 203 213 226 228 557 580 631 660
6  161 344 349 364 393 864
13  36 82 163 208 382 419 541 635 637 788 798 873 891
7  7 125 589 722 723 764 937
9  46 209 218 227 238 298 620 685 795
5  63 187 316 812 965
15  32 100 127 134 144 187 446 493 602 624 661 709 739 806 958
9  93 102 201 542 750 774 795 799 863
8  12 90 343 442 458 502 707 745
7  216 498 628 828 831 868 919
6  95 162 343 393 499 608
7  111 232 390 566 658 720 740
8  328 405 527 747 866 931 939 968
3  513 696 898
5  169 366 367 592 915
9  58 285 363 481 613 635 778 906 952
11  34 76 134 236 383 434 440 443 676 695 874
14  100 243 378 429 613 618 622 634 637 718 765 875 960 970
16  104 129 252 327 348 400 412 438 469 549 581 766 832 880 905 985
19  176 341 410 430 452 465 473 538 589 608 621 654 725 748 761 785 857 917 931
12  81 90 314 391 422 514 557 746 753 770 880 988
11  16 107 245 250 407 461 511 682 780 841 914
11  137 229 233 350 416 574 623 684 687 954 991
8  68 72 245 279 481 712 861 876
7  71 183 268 362 563 665 714
0 
10  5 83 234 238 290 315 347 609 769 857
8  159 186 241 375 411 753 780 918
17  45 79 100 168 416 425 446 457 532 551 570 693 898 908 927 975 999
7  185 240 245 734 742 965 994
10  178 300 478 545 637 721 751 798 879 943
8  122 481 542 609 705 718 760 763
10  234 304 344 395 400 470 611 627 670 698
14  35 157 214 232 314 423 499 560 635 705 714 843 884 974
9  160 196 272 282 329 376 400 453 849
13  164 190 323 382 544 651 697 714 715 781 882 972 998
7  142 342 356 599 605 677 843
8  206 324 417 485 642 734 935 946
15  53 87 124 295 299 336 435 444 473 485 721 727 905 988 993
10  25 103 153 157 248 378 647 757 870 970
8  164 231 331 355 429 468 850 902
12  4 54 118 144 192 272 432 599 695 762 803 834
14  53 112 299 314 490 524 591 595 596 656 730 763 910 997
14  25 122 129 147 164 207 282 336 416 546 548 583 652 804
8  95 108 219 378 472 612 655 936
4  422 431 607 866
11  8 46 299 358 722 778 793 799 827 967 994
9  148 163 189 437 467 590 616 776 977
9  16 226 280 395 557 736 822 842 928
5  58 85 514 871 941
10  20 202 246 304 429 529 587 613 830 852
6  50 274 709 827 940 981
11  32 260 355 362 368 403 428 444 895 900 969
13  5 56 114 335 394 443 505 794 800 811 862 933 962
10  213 220 224 236 309 368 510 565 689 820
11  79 88 109 144 338 465 559 696 707 817 909
10  282 321 368 392 503 608 705 772 869 998
7  68 327 536 553 668 805 942
8  85 185 197 550 601 857 936 991
14  2 22 23 106 134 173 242 291 391 433 497 634 812 889
15  38 50 227 275 284 382 543 635 662 701 718 787 849 943 980
7  11 150 176 253 338 357 730
7  335 372 547 729 948 949 984
15  37 131 145 198 342 417 444 640 689 706 738 745 804 815 858
14  95 113 341 344 389 400 420 456 507 612 719 745 791 915
10  18 40 74 94 184 287 483 579 606 968
7  112 292 561 632 833 846 962
7  118 199 339 422 569 619 625
8  261 476 765 800 823 826 955 962
13  24 117 132 134 303 588 731 789 865 879 889 924 981
16  0 36 47 58 199 212 304 323 523 665 840 868 875 879 921 927
13  154 303 360 367 582 800 818 845 849 950 958 969 973
10  37 145 203 514 583 787 856 867 911 944
8  0 69 140 153 155 521 621 711
10  48 159 279 502 541 606 774 855 978 993
5  258 525 696 784 864
8  89 165 188 421 623 745 894 949
12  51 184 267 292 472 486 563 621 732 777 818 937
11  74 112 198 450 550 650 692 710 852 934 936
15  85 143 151 192 312 349 393 419 431 558 603 717 728 792 983
8  307 345 402 405 439 496 607 958
12  41 123 132 137 183 251 320 455 579 638 929 933
18  1 72 96 108 190 191 325 345 357 404 483 515 602 657 710 778 780 923
16  14 94 129 197 247 254 314 332 387 482 533 770 784 857 933 959
9  83 165 307 481 661 743 779 886 916
9  12 236 307 348 370 439 617 636 766
11  21 151 305 350 354 356 374 408 432 570 941
8  99 147 161 326 454 630 631 816
21  0 9 17 71 97 142 236 239 291 314 388 419 556 595 693 779 869 915 952 958 960
5  240 375 788 886 995
6  123 133 209 482 611 756
7  132 398 432 488 694 704 812
7  61 73 360 583 722 871 897
8  111 120 163 253 371 648 789 801
10  68 150 185 239 341 484 563 588 649 931
13  14 33 171 210 382 398 402 413 556 604 796 901 928
8  418 677 715 724 756 789 934 969
8  36 271 290 336 550 565 911 934
7  235 300 439 494 558 645 738
12  7 15 29 48 73 113 190 737 805 888 938 943
8  264 432 552 645 654 684 788 790
7  93 264 378 425 716 971 996
9  99 111 121 260 266 638 861 899 983
6  120 278 434 456 667 953
8  36 46 89 99 183 711 770 806
9  19 24 477 669 715 727 737 759 932
8  143 171 178 291 307 377 652 662
16  0 52 111 143 297 399 445 455 468 512 520 730 811 830 832 978
7  227 471 666 697 863 870 954
9  143 222 228 429 595 662 760 850 942
12  103 247 333 349 382 413 563 623 853 882 917 950
4  307 352 397 964
8  66 118 167 250 289 486 712 942
9  109 136 137 139 300 385 443 606 936
10  36 71 85 234 261 393 487 555 717 784
7  93 102 293 370 769 876 919
9  21 301 363 411 517 549 661 739 869
11  73 117 148 264 386 391 628 698 757 771 938
14  77 147 263 289 295 296 399 413 503 521 585 667 726 739
4  378 503 648 782
10  20 91 124 165 262 472 566 659 708 980
11  109 116 608 613 647 669 781 872 893 916 998
8  164 182 212 412 564 581 791 965
8  69 103 211 276 338 414 474 946
6  101 359 438 819 879 946
10  103 406 493 522 570 602 754 756 867 969
9  2 191 214 231 294 489 913 953 983
10  22 63 69 249 292 353 520 738 773 927
3  470 666 952
6  57 104 242 257 559 739
6  64 197 259 308 369 546
15  31 117 200 250 286 344 370 477 580 690 706 744 833 919 945
15  40 185 286 330 343 350 375 397 410 422 511 615 662 704 997
16  26 32 77 123 176 201 207 289 373 444 513 553 610 638 730 876
7  65 70 73 152 225 917 932
10  106 114 150 370 419 477 676 705 799 864
10  278 287 377 422 429 466 625 813 892 998
14  142 175 214 332 427 564 593 622 624 796 888 938 942 950
8  58 230 448 474 559 587 748 759
14  44 178 188 327 357 443 607 685 738 801 819 908 937 982
8  186 242 369 382 497 580 628 996
9  20 125 136 469 571 704 784 851 974
4  243 346 440 685
9  20 89 280 598 619 695 737 919 927
11  332 715 745 772 775 799 847 896 933 953 983
7  15 167 186 202 651 653 915
8  49 91 163 523 557 796 813 978
7  208 280 442 811 831 881 946
7  29 60 136 169 294 577 619
12  259 295 349 423 478 516 663 697 708 807 841 844
13  231 252 362 536 542 610 636 674 691 718 856 907 953
10  390 529 543 663 726 770 834 923 940 948
7  152 450 645 692 780 822 867
18  24 54 111 134 200 234 397 479 521 527 539 605 662 720 809 944 947 997
10  6 95 107 220 297 333 589 738 760 883
8  59 88 124 162 203 596 659 692
10  57 170 175 298 335 359 375 440 557 934
15  3 35 36 262 265 350 395 471 478 508 691 776 815 818 935
11  106 169 220 241 335 369 561 582 648 762 993
8  25 77 242 397 482 579 744 885
19  17 23 65 112 129 193 199 232 269 319 321 616 641 668 692 749 953 974 980
12  112 156 208 260 325 347 383 387 553 863 883 939
9  71 109 313 445 552 579 689 764 850
13  14 190 249 413 429 492 506 574 634 642 705 802 960
9  319 398 466 475 489 574 617 791 847
13  217 223 246 297 325 394 522 685 694 796 830 929 935
8  27 64 312 436 555 588 686 935
10  88 113 160 379 551 566 593 617 686 796
9  93 108 317 356 565 678 861 864 900
12  97 100 190 343 404 489 581 663 685 828 885 902
18  161 183 297 343 346 353 406 414 472 557 649 667 725 758 904 958 961 967
12  22 37 163 304 348 714 752 843 872 906 907 948
10  24 29 80 175 223 337 559 590 608 643
11  30 102 185 387 498 539 667 805 808 837 951
5  304 365 688 713 938
9  242 246 344 523 698 714 724 740 814
14  67 298 317 337 374 441 468 549 562 668 813 850 957 967
17  6 73 163 226 267 311 329 359 434 440 453 465 497 623 742 948 981
10  32 177 191 226 318 570 584 736 776 870
13  34 120 320 333 443 450 540 579 729 739 848 940 960
7  125 420 442 465 549 747 911
6  153 289 550 663 760 819
12  100 152 408 469 528 557 568 633 669 753 805 999
9  30 84 328 456 475 506 663 749 861
16  63 156 167 259 266 277 322 423 530 578 597 716 789 799 930 961
10  265 269 285 292 319 468 498 520 589 752
3  39 788 805
8  195 353 432 445 458 497 564 807
12  34 294 319 323 429 502 512 615 626 662 980 985
11  74 249 253 276 423 473 554 601 608 714 745
13  84 184 188 352 543 565 591 599 675 786 879 930 946
5  475 513 575 734 742
12  0 3 139 404 435 535 555 611 616 712 777 836
13  195 202 349 396 456 531 578 696 741 772 924 932 992
13  14 84 271 351 355 468 520 590 600 616 779 951 963
9  164 334 392 594 681 707 812 880 904
12  30 78 207 208 399 629 646 763 864 895 897 945
10  34 90 138 294 370 539 704 771 877 998
11  30 139 294 296 314 736 803 813 859 935 964
8  52 434 444 466 711 719 763 833
4  168 627 836 903
8  70 156 180 329 675 744 859 940
9  41 63 190 424 488 502 647 701 755
8  52 249 460 497 535 712 735 785
9  56 62 144 183 553 562 568 653 665
8  128 291 351 371 489 574 717 946
10  46 84 115 118 278 382 443 577 732 928
4  8 257 423 872
10  20 34 56 396 416 561 685 821 897 951
5  118 124 461 690 822
8  59 119 366 389 443 469 770 969
10  57 188 243 252 385 417 657 705 785 987
12  89 159 170 189 205 267 280 331 628 635 648 924
5  47 172 241 321 564
5  28 368 476 830 859
10  51 53 59 348 461 463 495 555 770 980
15  80 195 205 258 404 543 567 594 624 665 753 772 819 824 921
12  12 113 140 315 343 472 540 563 693 810 824 898
6  69 437 801 863 881 945
9  157 193 219 233 326 460 552 684 829
10  51 142 161 324 493 629 632 653 741 936
8  111 406 432 657 725 764 831 976
10  48 180 241 310 430 552 762 790 882 886
9  91 123 219 419 462 491 538 584 794
9  113 371 422 425 438 475 510 676 876
13  256 307 375 390 425 452 461 551 592 645 663 748 802
5  255 445 627 803 902
10  8 159 237 270 488 495 499 705 915 928
15  0 14 29 105 246 262 326 370 413 496 629 715 848 855 859
12  160 179 214 342 372 482 513 707 744 800 958 997
10  16 82 132 191 291 319 416 704 738 930
14  98 144 459 470 541 572 742 754 785 849 915 927 951 955
9  150 187 258 340 507 696 807 929 947
4  148 276 543 755
11  130 131 147 442 460 466 479 591 615 618 731
10  18 187 215 296 712 719 746 900 969 974
12  132 214 361 410 436 485 628 631 695 712 760 844
13  107 207 242 283 428 512 522 573 600 647 901 947 974
14  22 54 301 339 487 517 611 630 670 675 738 869 893 990
9  190 215 336 460 473 784 844 868 981
7  257 282 434 804 907 938 951
9  127 224 456 591 685 722 741 823 925
8  19 64 71 351 623 632 769 834
8  29 380 652 707 940 956 969 984
11  81 360 388 559 747 763 769 847 850 858 954
11  90 280 300 301 547 717 784 843 850 964 995
12  3 153 219 263 296 433 489 587 759 866 886 952
7  214 315 407 493 584 709 711
6  133 166 236 361 729 883
12  53 104 341 678 696 722 738 806 811 872 896 917
14  78 173 177 242 275 394 458 488 506 526 663 714 733 871
5  24 346 723 764 843
12  10 64 73 86 270 769 819 830 844 878 964 988
10  267 327 332 399 578 689 781 837 852 900
5  90 685 697 897 937
7  45 215 354 404 435 486 840
4  161 162 575 945
13  95 166 327 448 455 483 561 603 618 699 808 884 934
12  333 357 652 715 721 728 744 842 845 936 981 999
14  142 148 163 211 351 369 392 427 533 548 656 764 849 963
11  56 127 396 403 489 578 606 643 797 900 937
13  24 89 118 136 235 260 318 483 695 715 731 833 855
15  96 107 157 215 323 396 427 476 568 661 666 705 764 816 854
7  22 145 528 556 664 821 966
12  156 178 218 227 228 539 554 617 620 667 761 862
10  68 148 179 467 482 736 817 881 892 982
18  4 148 228 265 276 307 312 336 368 486 632 670 754 849 852 867 890 967
10  137 184 195 200 460 591 677 862 926 942
14  4 18 34 186 206 311 587 693 725 856 872 891 926 987
12  2 9 68 72 76 316 372 499 549 598 710 942
8  24 60 128 143 275 566 591 824
15  11 17 146 268 275 450 458 485 577 622 626 715 824 856 884
7  366 373 402 468 475 873 959
6  99 101 551 614 714 892
8  62 80 100 201 204 370 678 820
8  116 312 371 690 742 755 828 996
10  331 430 446 537 665 739 759 847 863 915
14  110 114 115 136 141 255 296 333 482 570 638 739 762 785
11  5 19 160 376 515 584 617 624 760 828 916
12  2 84 337 343 405 406 444 640 705 722 768 836
10  13 252 494 524 650 758 826 828 882 911
9  207 298 405 419 644 666 718 821 921
9  109 196 296 305 494 553 575 706 929
9  3 192 339 419 528 642 657 675 854
9  50 63 72 113 118 228 586 638 857
11  15 56 247 277 674 700 728 781 909 924 982
11  22 35 299 467 579 582 608 642 709 765 810
6  198 206 321 341 516 799
11  208 291 373 451 519 552 554 673 756 824 978
11  190 194 215 218 260 334 414 671 752 884 973
3  111 209 989
12  86 190 243 317 336 339 431 461 520 720 759 986
7  214 359 523 785 856 901 928
12  13 65 100 218 292 353 432 549 642 730 802 817
6  67 250 434 482 501 702
8  112 191 195 368 385 463 588 876
6  117 249 258 404 618 679
14  48 87 169 283 287 417 418 456 518 649 667 917 975 996
7  42 213 517 633 778 828 928
9  9 64 207 231 497 518 549 567 609
4  162 349 543 980
11  70 242 306 444 532 580 690 850 903 922 995
6  12 113 167 174 283 777
11  5 140 184 209 288 307 349 679 686 708 914
6  225 319 694 720 794 957
8  83 92 186 188 454 675 803 975
13  68 73 127 269 296 321 339 398 411 659 672 953 977
10  202 206 309 416 675 753 795 836 899 924
6  85 91 153 419 422 516
10  97 268 313 321 336 362 385 811 864 872
9  262 579 592 615 656 835 925 935 981
19  14 20 49 94 124 279 317 487 539 541 567 593 604 643 644 726 785 800 920
9  66 93 259 464 678 805 844 924 989
16  38 40 162 199 200 247 309 449 508 527 536 551 554 606 694 720
12  12 31 62 94 161 205 430 472 500 536 678 810
13  110 112 531 548 575 654 655 693 881 894 949 979 990
11  172 200 281 374 503 511 537 683 810 826 950
8  56 191 353 589 618 702 718 923
10  7 27 48 115 201 245 766 832 854 954
18  31 109 140 179 223 330 333 382 427 459 494 664 723 737 769 944 951 953
11  52 116 162 187 408 425 710 711 763 792 828
16  224 235 272 289 421 430 449 588 666 670 740 813 883 900 958 996
9  141 220 384 560 679 743 917 946 979
11  19 157 200 217 323 347 459 579 594 655 664
7  116 285 425 704 805 884 951
7  70 82 224 583 752 811 915
12  66 116 198 358 464 501 697 704 857 890 892 974
13  91 112 169 288 368 393 540 608 621 786 794 799 889
8  24 76 356 451 890 908 909 976
8  154 186 207 322 548 561 725 875
7  101 122 274 510 565 820 985
10  266 278 364 412 457 463 719 915 962 987
11  54 82 180 339 389 410 506 542 604 671 976
8  29 45 146 549 552 644 753 851
8  31 361 398 535 811 875 930 951
10  204 403 521 676 721 734 746 807 951 997
12  44 240 302 405 411 522 572 639 706 743 877 986
7  44 101 491 498 613 804 843
15  82 84 86 244 296 325 357 391 459 485 753 773 941 943 976
10  160 170 188 289 386 516 865 881 929 952
16  115 145 161 165 227 258 304 463 523 526 725 797 813 897 931 952
20  123 235 254 305 420 444 509 510 517 580 584 656 676 713 734 741 907 923 985 999
11  92 259 299 470 479 578 646 723 741 749 797
7  163 302 318 446 611 635 814
6  116 206 346 574 738 858
10  57 119 162 186 255 425 562 697 754 992
7  64 308 426 427 783 932 953
10  9 136 166 397 498 631 724 764 795 896
9  13 47 69 74 131 149 613 673 696
5  197 522 738 874 946
8  9 273 434 496 514 718 777 852
7  392 457 504 696 849 859 999
21  15 32 65 90 125 140 170 236 349 404 456 559 631 720 763 767 839 897 956 957 979
7  46 191 500 602 749 758 781
12  352 478 486 532 602 615 779 806 900 930 967 997
11  143 241 325 339 413 653 687 698 714 846 860
10  147 369 412 480 583 743 757 783 897 929
14  7 113 191 203 535 604 608 658 663 759 823 858 880 905
4  118 274 689 710
8  94 240 362 482 553 554 653 904
9  41 181 255 425 470 707 807 830 973
12  50 89 147 368 543 643 729 754 772 785 957 982
11  86 225 289 381 475 497 499 587 647 697 849
8  31 40 109 144 357 454 461 465
9  16 24 83 195 280 486 935 971 987
12  7 62 78 187 430 747 772 783 812 821 860 982
9  223 238 290 292 429 498 698 790 964
11  141 162 183 189 377 399 583 762 763 824 990
14  121 125 194 336 364 408 440 457 485 818 828 906 930 944
11  137 148 226 283 397 407 415 419 548 741 874
10  48 62 64 94 562 622 713 758 937 990
11  487 581 642 656 682 707 742 824 846 847 972
4  110 125 302 821
13  6 28 82 290 365 406 440 503 572 635 693 736 856
16  112 199 222 246 285 326 382 427 451 624 736 758 767 843 950 980
10  42 110 309 311 366 496 637 681 826 874
12  155 200 251 309 403 701 799 838 844 872 930 959
10  14 51 277 399 572 648 752 831 928 968
9  116 212 350 398 461 561 839 862 938
5  484 677 782 825 926
10  22 49 162 266 362 436 542 594 696 752
8  57 146 336 366 469 574 631 974
9  26 48 152 361 386 639 754 772 931
15  125 140 148 193 258 385 432 496 586 601 624 627 631 734 836
9  153 200 319 451 583 775 788 848 910
9  14 399 486 705 739 761 764 940 970
13  52 58 73 238 260 337 458 792 869 929 940 955 965
14  13 67 93 241 327 438 634 658 665 706 750 787 797 965
8  126 327 595 670 713 903 945 975
13  11 28 32 109 118 165 253 311 313 338 399 493 583
13  16 94 210 371 438 506 575 596 872 933 947 955 992
11  106 351 430 459 471 612 696 705 788 819 898
13  50 75 97 162 166 254 338 509 597 621 918 927 939
13  7 63 179 214 219 237 488 619 635 696 793 911 955
5  232 645 678 856 866
15  9 58 131 254 255 350 354 375 390 429 456 479 695 945 959
5  376 445 598 700 926
13  167 289 292 349 376 404 484 536 715 758 762 923 959
8  82 267 439 664 732 762 812 864
12  9 47 70 80 139 166 193 218 396 425 512 579
17  49 252 306 344 351 395 421 472 499 514 564 595 596 643 663 675 689
10  75 109 321 541 577 661 699 806 927 975
16  71 116 121 130 217 251 323 413 477 480 502 631 634 686 728 942
6  1 89 276 688 822 877
14  46 133 207 229 270 324 380 516 643 728 802 841 886 962
7  68 222 285 534 538 870 945
11  0 196 266 410 449 476 495 555 660 702 730
10  77 248 460 465 635 786 814 847 898 927
9  48 154 254 417 420 721 744 780 887
14  19 110 115 128 428 467 573 687 718 813 826 931 952 956
18  15 46 172 186 207 398 403 452 569 670 689 711 721 777 785 835 899 947
12  8 206 448 454 549 555 575 586 618 646 846 977
11  38 177 210 264 499 525 553 560 605 668 874
14  46 83 143 169 209 236 240 475 591 690 731 738 757 914
16  14 22 68 82 93 163 229 309 331 371 461 524 609 755 865 914
11  137 192 217 256 426 450 503 896 913 954 956
11  36 58 306 373 558 559 603 809 843 913 980
7  482 660 684 712 759 887 980
6  168 287 441 497 550 602
10  343 351 436 628 733 865 940 942 966 975
9  108 182 209 301 445 565 739 826 970
10  318 358 404 414 526 559 745 825 892 907
7  49 255 440 627 642 849 997
7  64 207 531 680 712 967 971
5  117 335 393 441 722
7  111 137 287 575 590 610 954
13  94 133 213 223 271 327 382 425 682 719 805 811 856
10  7 58 361 381 398 472 574 790 920 953
14  38 217 280 301 416 517 556 565 579 621 643 651 686 817
12  261 349 353 368 421 500 507 654 663 730 863 906
12  233 249 264 269 297 437 748 760 803 915 961 969
17  51 239 245 255 321 393 408 444 487 633 672 674 684 826 860 879 919
7  10 253 553 598 620 693 996
11  245 325 361 370 469 492 720 771 775 862 996
9  342 356 483 497 554 677 873 881 914
11  49 85 207 210 393 437 490 573 657 751 947
7  166 194 229 264 554 588 841
11  7 77 295 316 439 610 670 686 720 885 892
19  70 137 206 215 224 302 469 472 494 512 520 612 637 737 757 843 883 908 943
12  48 171 212 240 411 463 468 621 690 812 941 987
13  7 62 158 261 372 390 530 542 660 724 913 938 983
12  138 187 421 489 540 542 704 755 850 921 965 981
12  74 107 150 200 247 344 430 457 468 763 878 951
7  49 68 219 269 689 839 941
6  153 168 550 559 633 937
12  194 213 221 254 302 392 443 651 740 835 909 971
10  98 244 292 436 528 679 751 866 908 951
11  12 135 161 165 432 577 670 711 799 808 932
10  60 179 187 384 558 566 620 768 769 881
13  16 183 264 372 425 607 683 704 768 901 923 963 987
9  386 432 538 611 637 763 789 790 899
10  21 45 53 61 114 486 493 728 850 979
13  113 120 189 259 295 307 324 389 447 542 545 935 962
12  22 95 112 287 291 464 621 701 741 746 758 893
8  124 409 427 486 495 570 750 794
10  67 68 266 301 368 398 487 599 676 733
11  107 142 285 296 384 394 415 481 484 632 662
12  9 19 144 268 341 401 461 485 744 766 990 999
11  121 232 257 280 423 756 763 794 864 917 994
14  156 194 199 235 276 290 471 509 603 635 639 851 854 876
7  72 465 501 700 832 844 882
5  253 367 596 621 875
11  23 193 463 563 670 706 822 828 847 971 979
12  36 155 250 277 419 481 505 538 618 667 837 917
7  128 310 312 349 468 523 880
9  245 257 436 484 550 738 788 842 901
7  110 258 380 405 413 622 996
12  89 170 207 217 233 329 392 448 464 554 810 979
10  39 203 215 367 377 396 811 825 855 974
14  40 63 257 299 392 430 442 692 762 804 912 919 934 951
7  344 383 459 556 579 647 657
7  324 356 490 628 775 851 983
13  38 104 218 232 432 521 551 647 692 724 736 950 976
16  86 148 149 346 403 445 515 582 589 681 762 793 808 865 919 984
3  1 381 717
9  20 83 493 547 548 557 643 722 917
12  193 213 280 362 420 511 527 574 610 820 916 936
8  25 94 262 459 636 811 931 976
9  18 187 343 573 649 801 823 827 913
8  16 371 422 489 627 754 857 953
12  84 254 360 371 578 585 628 664 820 849 858 872
8  51 162 346 506 690 725 821 889
11  137 218 267 429 468 522 592 618 652 971 978
9  43 163 221 259 636 697 711 820 954
9  50 79 102 380 430 733 764 900 906
5  112 308 503 547 630
8  179 317 338 369 434 635 823 998
12  146 268 328 371 458 534 558 567 600 643 776 946
6  327 329 718 790 860 864
7  318 564 688 872 888 910 989
11  137 157 215 224 321 468 643 746 771 824 838
12  103 148 183 365 502 566 696 732 781 887 940 959
11  18 155 195 267 366 379 512 673 754 943 946
15  100 176 205 322 370 494 656 658 681 717 752 778 826 882 997
11  72 310 444 584 625 731 772 864 962 968 969
6  105 442 553 745 830 911
6  10 280 370 451 749 788
6  42 183 343 506 594 923
10  212 293 313 476 650 676 698 699 903 966
8  4 80 181 637 657 665 821 862
6  214 470 635 877 945 987
8  223 345 453 709 848 856 875 964
12  5 58 331 384 669 674 810 843 885 895 920 997
8  6 113 289 558 676 716 738 835
9  435 517 574 578 600 653 730 844 976
11  222 233 364 387 597 612 649 701 800 832 957
9  87 180 343 344 427 559 638 777 836
6  306 346 609 659 731 958
8  49 253 435 480 493 599 749 980
9  183 203 227 294 341 551 623 795 957
9  209 247 357 471 822 834 936 952 968
9  32 104 261 341 431 713 791 910 954
16  37 61 180 362 410 470 471 482 581 637 688 689 692 728 775 920
10  90 181 220 246 263 330 391 586 735 999
5  65 702 855 870 990
7  10 60 482 693 821 891 948
8  73 160 565 632 739 830 847 878
7  92 275 505 515 743 903 926
10  73 289 345 359 399 505 685 828 915 923
13  48 146 206 210 299 323 329 363 441 682 813 954 995
15  0 88 108 127 211 448 474 495 692 707 771 796 881 903 951
11  58 197 255 303 343 502 539 634 799 867 906
10  130 192 249 252 318 363 719 750 767 843
11  87 163 191 234 312 389 442 462 525 838 853
13  23 219 294 318 343 389 464 466 497 566 765 941 970
14  144 196 222 245 436 441 592 651 678 683 761 886 902 980
8  118 125 293 458 500 632 831 870
12  8 30 50 78 176 186 200 212 505 569 731 837
10  28 109 128 446 478 517 533 600 838 980
14  85 159 168 202 274 382 446 451 474 536 698 734 833 892
5  63 352 442 659 911
14  96 188 238 287 359 408 649 697 813 833 899 901 931 999
6  206 234 375 400 841 912
9  54 107 124 140 247 492 569 660 729
10  152 167 217 243 430 519 629 685 821 884
12  16 84 127 198 220 360 450 458 546 604 875 948
11  41 150 197 300 478 521 554 724 751 862 935
12  25 246 329 341 517 622 627 702 721 865 926 940
14  212 234 292 584 692 718 745 760 765 776 798 811 841 858
12  97 440 557 563 602 618 630 734 783 803 920 973
10  19 58 116 155 208 307 484 631 817 967
2  14 171
7  261 366 403 407 712 797 917
7  267 439 465 508 594 726 826
13  1 52 193 194 235 374 411 457 506 534 725 778 890
13  221 286 312 345 420 441 455 590 633 701 786 847 963
4  11 673 705 819
12  178 236 301 431 477 584 594 598 753 796 870 889
11  214 223 283 290 372 510 534 877 879 966 987
19  3 95 111 189 192 209 316 340 353 429 458 500 586 611 631 892 908 919 990
12  12 30 161 170 331 371 637 736 762 778 822 843
10  48 152 199 401 542 635 689 713 736 870
7  101 188 316 503 624 660 686
15  9 73 102 122 355 386 397 414 419 700 750 839 937 977 983
11  208 253 277 308 371 524 568 577 611 674 963
5  148 510 737 786 984
13  15 26 314 413 441 543 579 624 641 710 715 853 980
11  22 80 168 276 298 392 596 605 878 947 973
11  99 124 196 325 351 466 733 738 913 924 939
10  33 49 184 215 347 503 613 697 836 952
9  77 202 224 455 575 596 691 762 767
12  12 14 72 220 264 271 297 300 443 697 869 890
6  44 255 340 512 555 604
13  167 197 341 595 597 680 701 715 778 787 839 890 893
13  225 246 353 410 527 573 577 611 658 675 769 869 952
8  72 118 139 418 430 593 626 940
16  11 72 185 420 430 491 587 590 621 622 679 756 758 875 905 997
9  4 26 214 422 535 593 714 913 919
8  173 299 426 462 577 752 803 924
13  28 66 71 220 485 538 605 650 686 703 831 921 922
9  224 267 517 534 558 618 688 759 793
6  88 219 413 757 777 845
9  36 112 155 383 384 448 569 723 935
6  109 287 446 489 733 977
7  125 341 362 387 565 592 995
10  66 183 442 587 599 610 656 857 965 981
9  95 104 143 290 343 622 626 726 909
10  75 110 169 479 676 679 832 861 867 893
12  40 49 86 151 202 219 316 357 387 656 812 831
8  56 61 329 444 537 813 854 915
13  163 180 455 467 506 605 687 825 886 934 958 959 984
13  62 120 222 268 373 480 579 584 594 675 706 832 986
11  15 74 94 421 468 535 688 734 905 951 973
12  5 45 47 80 151 367 378 589 664 712 883 892
9  303 691 721 771 804 807 893 898 957
10  13 162 218 264 340 384 617 636 742 945
5  77 190 222 224 830
13  2 115 194 197 294 308 615 628 650 741 780 865 928
11  47 264 287 326 347 441 493 512 569 600 903
6  97 173 178 423 748 845
12  27 34 294 462 478 682 696 737 825 920 954 981
12  21 49 103 107 357 422 458 469 483 491 596 864
18  1 47 167 301 400 496 567 596 606 638 688 716 773 799 914 928 945 982
10  0 52 106 140 207 272 539 698 742 910
10  14 36 167 246 308 404 413 582 586 879
9  97 166 524 647 673 712 768 821 845
4  218 301 595 606
11  8 62 230 256 413 452 509 567 701 794 959
11  39 147 170 242 266 449 501 510 617 684 850
6  226 250 258 564 903 904
7  117 268 515 569 838 944 975
14  30 117 266 377 382 411 413 432 570 579 704 727 805 824
10  96 250 272 296 486 546 556 690 941 985
13  212 328 461 474 575 677 684 700 731 875 901 951 994
9  47 89 193 417 432 551 669 779 932
16  32 45 63 90 242 373 403 423 437 489 516 530 581 747 905 985
7  115 180 507 513 615 766 884
10  32 47 60 405 468 480 529 542 580 913
12  111 132 163 307 314 536 622 742 831 856 860 996
9  16 366 412 489 669 699 837 869 937
6  93 309 652 743 893 988
3  190 586 849
8  67 193 313 316 323 401 452 755
13  202 290 341 391 430 434 458 505 517 520 657 928 953
7  311 341 363 734 753 846 935
9  128 130 182 255 424 790 927 980 999
9  24 25 226 372 441 755 759 834 993
12  69 151 232 267 392 500 502 625 807 815 888 900
7  7 13 123 149 188 242 407
7  124 200 327 508 535 561 933
11  3 108 310 528 599 617 864 876 877 913 914
9  65 175 458 475 555 718 777 891 996
11  73 136 273 288 512 640 696 762 776 908 942
12  27 175 234 250 385 389 534 663 687 705 722 790
6  49 130 345 459 770 883
8  5 16 74 345 353 683 817 930
12  72 289 340 371 401 523 605 608 703 729 759 901
11  112 241 251 313 465 500 529 643 775 832 956
12  41 387 417 523 594 688 711 731 744 825 911 943
7  150 185 336 537 560 677 988
10  20 30 436 447 470 563 582 679 901 981
8  36 114 146 292 431 833 883 922
12  25 90 136 139 162 183 218 486 728 782 870 901
14  14 179 181 199 211 213 255 280 387 430 459 653 778 871
10  8 293 349 353 428 510 613 723 838 910
10  54 100 234 246 306 417 529 857 984 987
8  138 158 292 311 351 804 853 976
10  133 148 200 203 294 327 493 762 825 884
8  23 87 190 206 442 752 966 993
12  26 135 151 212 532 634 639 844 845 894 918 979
10  62 268 296 351 418 440 467 477 492 744
5  319 362 721 784 992
4  336 461 890 981
12  318 378 522 576 625 692 717 779 850 927 929 935
9  9 180 315 461 532 584 686 713 985
13  220 231 268 313 335 337 430 594 611 703 718 768 783
12  46 165 254 365 371 485 528 533 607 817 971 985
8  66 126 297 409 464 633 659 831
10  198 279 304 342 344 424 555 697 739 821
8  326 333 352 476 596 607 660 835
5  453 593 722 884 899
6  225 405 503 523 975 977
7  51 401 456 549 620 767 805
6  346 479 555 655 755 982
9  52 130 249 447 461 628 633 701 777
14  12 34 169 172 195 199 238 271 284 548 564 849 873 997
13  196 197 333 432 458 467 582 599 674 795 874 947 986
7  52 385 439 610 653 721 779
13  204 433 519 542 600 612 622 658 695 860 887 985 986
15  11 84 93 192 283 388 430 440 473 542 581 813 816 839 898
15  7 161 239 305 331 443 469 511 632 756 768 771 778 799 893
7  180 187 590 614 877 923 928
14  108 182 185 190 499 502 542 550 568 673 808 813 865 898
12  58 118 247 298 345 403 462 545 717 727 750 891
8  1 22 121 195 334 343 836 951
12  46 71 173 266 291 425 688 710 747 914 938 953
19  10 43 85 105 223 262 279 378 381 410 421 423 521 620 652 736 857 979 997
15  20 65 138 179 284 356 375 392 513 561 589 591 678 731 800
10  26 62 147 205 385 396 528 559 623 802
5  287 431 528 639 960
13  315 426 490 583 633 740 745 748 778 860 903 928 962
10  90 232 406 483 535 575 593 627 684 929
9  324 347 436 544 567 818 871 879 924
5  599 656 675 736 804
13  3 121 162 171 227 260 354 356 471 479 631 718 979
16  61 63 86 165 193 241 257 292 309 415 421 576 653 743 961 963
10  93 161 312 366 417 492 611 874 933 987
11  38 85 225 259 273 390 401 550 838 898 939
4  150 179 333 782
6  36 81 277 316 531 908
8  108 112 299 350 388 586 695 812
14  26 103 134 229 277 350 440 477 513 658 753 835 881 929
13  4 53 142 222 233 265 266 447 453 572 613 625 887
8  204 371 400 418 541 581 674 826
18  3 54 63 65 201 205 219 280 303 385 597 715 727 737 740 829 878 969
15  65 126 135 174 258 288 291 301 427 586 593 714 903 905 921
7  131 214 533 622 743 897 934
10  109 144 235 275 504 523 673 693 741 836
16  47 61 90 180 311 347 380 439 518 568 651 675 704 852 881 911
7  94 229 265 361 456 552 999
11  11 41 183 321 334 343 382 463 467 773 936
11  60 68 288 365 438 440 567 614 671 687 792
13  33 76 122 271 279 309 454 505 653 680 772 841 845
11  9 33 281 349 372 602 664 730 757 777 912
8  126 205 377 470 502 566 859 900
9  49 200 251 298 359 370 511 574 858
5  148 181 341 573 606
7  68 135 631 693 714 760 767
9  109 288 315 432 434 481 542 662 765
7  92 209 278 391 563 656 857
11  28 72 91 137 163 323 436 459 534 723 869
12  99 264 291 443 524 537 557 633 658 697 814 932
9  25 107 236 428 521 819 840 942 977
7  280 449 485 514 588 603 854
15  59 67 221 365 371 413 559 569 612 644 846 914 945 974 998
4  233 543 871 993
14  24 78 208 228 295 403 404 502 580 581 696 703 917 942
10  129 135 173 349 468 585 620 714 853 876
17  93 128 157 169 184 260 268 279 374 379 443 495 533 588 816 927 999
16  36 146 148 159 209 306 307 415 450 546 678 766 800 837 903 959
8  41 205 351 475 700 714 824 972
10  223 250 271 371 372 399 483 617 717 966
11  59 207 221 261 305 401 615 623 638 798 990
12  114 352 366 386 547 640 705 716 780 812 870 946
10  161 189 231 259 288 438 487 658 670 939
11  38 93 94 106 174 219 451 525 568 700 917
5  50 265 365 483 520
8  42 210 274 395 635 695 911 998
7  49 168 255 460 619 700 818
11  190 213 372 383 526 538 769 849 944 991 994
11  14 37 417 484 552 583 693 759 803 901 996
6  60 465 476 566 847 857
9  201 215 319 355 407 410 523 598 668
15  50 57 212 246 337 363 368 577 644 711 785 810 843 907 964
10  155 261 296 375 391 412 509 522 941 992
9  232 263 305 444 471 642 646 683 860
7  120 126 155 318 488 596 690
10  14 69 147 386 443 468 601 723 935 966
10  15 200 310 383 400 404 427 483 596 786
13  135 168 276 306 321 387 447 600 646 656 750 867 969
14  61 139 184 211 266 308 460 568 727 815 837 908 921 962
8  14 49 294 415 555 851 911 943
17  5 71 188 252 307 397 427 428 499 503 580 590 652 667 763 799 884
14  61 72 226 229 274 350 382 397 472 480 488 762 768 813
13  33 192 251 281 289 292 377 415 514 785 890 915 927
8  47 98 316 554 568 728 787 822
11  5 48 115 348 487 636 739 814 850 907 915
11  382 404 552 590 682 727 920 928 959 972 993
9  309 478 479 625 675 690 763 808 951
11  56 145 272 274 282 349 478 594 749 808 933
11  10 50 113 134 181 240 245 654 957 986 990
9  22 147 227 463 520 550 614 690 864
10  86 174 223 246 391 395 412 524 722 865
8  13 25 157 368 622 720 909 940
3  37 104 798
7  174 414 463 501 542 657 935
8  77 187 208 517 568 652 901 929
12  9 107 222 332 380 440 536 601 651 684 723 929
14  45 76 112 328 523 574 580 593 663 690 700 864 885 934
11  14 114 118 224 384 634 673 687 817 908 931
11  51 57 112 182 438 617 743 807 822 966 971
8  5 65 151 283 315 383 521 834
5  149 409 662 708 803
6  376 386 395 569 675 968
8  105 113 144 171 269 275 671 857
14  16 18 49 233 241 261 307 322 341 391 440 753 764 931
7  220 357 437 575 585 758 929
8  21 90 102 417 593 765 951 953
11  10 32 119 130 216 414 421 495 526 814 856
9  11 99 123 126 214 480 913 925 942
11  15 130 252 396 457 480 518 645 653 814 919
7  94 152 194 541 830 857 899
4  109 350 416 721
5  76 423 503 600 860
9  83 253 334 357 484 488 627 865 957
7  34 37 337 377 539 686 969
10  7 125 167 176 195 197 550 577 855 927
6  290 370 372 417 572 895
5  32 60 568 742 774
19  9 37 76 165 174 214 317 357 406 477 551 622 690 762 804 871 902 980 991
10  83 98 101 259 341 535 697 739 834 898
4  123 169 248 508
7  0 193 255 323 434 698 933
12  71 228 256 335 460 569 598 750 782 869 909 986
12  73 93 270 367 499 614 666 703 799 842 879 929
14  87 129 203 212 216 342 354 456 631 682 843 855 894 926
6  36 134 279 384 431 818
9  179 217 262 365 390 614 647 780 907
12  203 287 477 503 692 768 769 871 875 876 939 982
5  18 183 446 822 963
9  247 316 344 346 497 532 753 834 919
12  83 137 177 279 339 355 364 456 498 507 568 854
11  35 89 121 225 395 428 469 608 710 743 965
14  166 176 206 228 351 370 439 549 561 609 689 692 763 882
12  21 205 373 437 731 766 788 790 844 872 947 979
7  17 93 187 647 760 838 953
7  117 292 689 738 820 849 858
10  85 295 323 458 570 655 676 779 829 963
9  101 107 187 398 702 748 806 885 964
11  154 169 211 246 282 421 576 732 922 959 990
11  84 304 360 506 510 513 816 907 974 977 993
12  238 293 311 395 402 511 529 545 564 625 678 864
12  21 78 182 239 433 492 540 580 765 780 809 959
5  98 271 387 508 516
13  246 247 300 301 318 397 401 520 631 740 891 968 983
9  409 451 498 610 620 658 667 828 877
11  98 310 346 405 439 450 461 523 573 713 832
7  29 76 81 508 890 917 918
12  39 199 305 308 310 328 350 398 492 548 825 912
6  249 714 817 937 957 970
12  20 80 137 195 244 282 390 525 546 616 791 983
12  13 39 177 251 407 556 599 608 638 677 835 986
12  48 137 348 490 535 607 611 657 826 884 957 966
9  96 161 229 291 559 561 661 960 991
10  71 181 272 540 646 781 800 810 848 914
8  340 440 475 533 679 711 831 883
10  222 230 309 337 413 536 589 694 717 927
8  203 283 493 557 639 739 760 941
8  406 520 553 558 630 664 707 815
8  382 408 473 583 593 689 940 945
4  100 285 732 946
13  25 51 179 434 466 562 568 722 907 973 980 983 997
5  28 78 288 495 804
15  63 66 201 275 281 367 404 446 468 532 552 580 753 805 912
10  179 266 269 282 342 406 490 534 669 814
7  101 288 601 619 625 669 722
8  96 385 401 441 644 734 870 996
11  29 174 194 274 306 401 437 492 546 575 751
6  209 258 414 531 834 856
15  64 90 101 261 289 296 381 392 452 510 641 685 749 816 906
13  3 70 139 192 206 274 275 331 471 481 628 673 766
5  171 363 489 501 761
7  80 108 283 296 380 718 908
5  140 553 586 666 737
8  292 313 348 489 609 733 811 905
8  104 258 291 498 544 796 805 888
15  102 180 298 301 322 403 424 456 531 638 788 848 905 965 976
17  49 56 88 113 314 356 509 605 665 696 729 751 784 791 916 928 967
10  93 274 374 387 510 568 725 816 865 905
9  0 26 228 231 244 258 381 724 992
10  385 395 461 518 638 688 700 755 793 911
6  6 53 132 198 213 607
10  29 83 294 297 408 463 529 566 972 989
7  26 37 138 191 248 306 459
18  31 105 165 198 226 339 428 488 518 524 621 650 771 778 821 879 885 945
12  99 369 444 449 503 567 617 692 772 794 858 952
6  42 75 276 424 476 878
8  102 155 182 296 551 607 759 919
3  39 100 269
12  86 118 146 268 416 591 594 639 730 803 928 978
16  69 138 208 435 544 556 577 581 662 743 846 896 904 946 947 962
9  79 122 280 663 702 735 799 808 941
14  151 201 237 279 298 339 406 420 510 519 814 876 924 980
6  32 302 464 685 944 946
9  27 46 379 399 405 442 686 706 968
10  47 100 359 364 491 531 565 596 633 808
11  53 145 163 254 325 489 650 737 808 872 992
9  227 366 433 530 578 650 691 825 889
8  282 472 546 587 714 866 898 909
13  6 60 99 100 154 220 461 578 624 702 804 864 999
5  48 50 225 387 494
11  177 248 295 345 369 464 478 550 711 718 912
8  65 140 252 310 490 523 813 998
10  184 191 278 351 468 613 654 661 835 895
12  63 287 301 319 354 564 636 667 680 762 832 995
8  189 199 467 532 778 818 864 964
8  9 114 119 252 276 434 555 610
6  438 447 521 688 712 914
8  129 167 519 647 855 906 918 992
8  89 99 357 511 577 877 927 960
9  296 356 358 574 591 593 672 764 827
7  32 298 545 651 693 824 993
9  166 295 303 356 451 467 559 579 613
8  151 268 483 593 607 614 640 690
6  106 345 669 805 979 997
6  82 226 532 797 883 912
6  174 279 377 445 870 942
9  122 226 238 284 370 382 386 716 906
13  43 58 247 421 437 614 689 692 707 800 878 903 988
8  132 337 440 480 561 680 791 925
10  82 198 265 283 290 351 384 514 647 724
13  125 267 322 479 495 561 633 656 660 662 750 776 961
6  70 199 256 555 799 987
12  230 331 418 528 547 550 618 629 700 715 739 898
5  200 225 389 629 870
12  48 68 387 596 612 635 715 854 856 858 956 993
11  9 45 201 398 459 514 551 849 888 897 983
11  180 201 270 371 451 753 766 807 820 841 913
12  17 58 169 358 468 476 579 652 709 760 779 852
8  85 315 358 475 606 773 803 878
7  72 414 519 541 623 664 977
12  102 127 210 310 423 525 560 658 718 747 761 860
7  499 562 723 828 843 881 895
11  156 445 446 470 508 588 597 637 650 789 907
11  51 333 443 444 464 622 650 695 734 834 887
14  44 94 118 175 257 261 306 355 361 460 548 609 764 766
6  114 151 308 506 857 991
14  49 140 164 279 327 352 488 493 505 572 736 745 827 927
5  57 422 669 827 888
14  9 15 39 145 161 173 461 499 503 579 597 790 810 867
9  14 341 457 532 542 569 620 767 988
8  100 246 311 471 599 715 760 953
6  331 599 661 819 926 958
11  0 29 112 181 347 371 427 479 527 548 691
10  99 223 242 315 337 342 588 598 702 872
4  271 340 789 899
11  5 297 298 409 426 547 567 805 922 935 968
17  18 58 100 157 173 261 422 431 437 645 673 738 764 796 836 889 917
15  78 125 236 257 322 328 407 617 622 643 691 700 767 857 869
14  111 195 262 312 369 386 416 673 701 711 776 777 786 804
12  14 26 214 220 260 364 384 398 406 655 960 978
10  42 49 124 370 412 439 507 561 779 785
9  135 164 223 376 477 634 731 938 993
9  83 111 113 174 420 649 706 769 802
9  108 126 127 186 287 499 610 716 778
19  6 67 187 195 196 228 340 394 482 566 602 644 673 757 775 926 947 950 969
10  74 88 108 143 250 288 506 540 720 959
10  33 107 169 284 290 400 474 583 639 829
10  129 147 167 204 270 408 470 695 932 974
7  42 191 422 588 707 744 808
15  81 181 209 231 273 415 416 449 521 567 595 773 839 947 984
13  79 116 368 469 473 554 632 754 837 871 958 962 976
13  87 139 142 167 297 299 432 449 652 732 736 789 896
10  24 60 90 129 368 468 522 658 761 952
7  102 183 349 398 630 749 873
14  161 226 248 286 418 425 435 530 615 622 734 839 864 986
15  67 153 154 177 220 235 352 379 517 522 743 840 870 873 950
12  183 262 267 420 440 465 587 686 814 870 935 940
7  92 181 201 207 545 565 978
3  92 106 345
8  101 140 167 346 404 502 935 946
19  203 224 238 261 270 349 354 364 365 472 476 499 550 612 633 694 768 787 994
12  45 118 158 276 369 370 439 540 589 594 865 943
17  10 133 156 174 180 190 336 349 376 457 509 643 695 787 815 921 982
10  52 138 274 348 445 455 513 541 549 620
6  98 261 416 420 423 976
7  2 273 382 439 445 657 905
12  206 334 382 391 535 539 614 770 794 829 832 978
11  36 101 110 118 200 259 351 537 610 922 941
17  7 15 113 302 406 425 427 521 610 627 739 767 819 822 936 968 972
8  47 118 193 209 699 833 889 930
5  200 214 460 705 901
11  83 96 98 361 434 482 524 700 760 870 941
9  27 224 289 479 575 584 705 809 817
9  141 228 275 282 396 531 753 818 885
10  35 59 152 416 417 471 605 812 856 995
9  293 449 528 578 668 741 757 780 832
10  22 76 200 206 296 384 453 570 857 991
12  42 95 407 524 540 783 824 874 926 959 979 981
13  82 101 126 155 240 265 273 460 524 714 759 795 935
6  47 69 415 450 554 829
9  131 394 453 475 492 512 676 780 973
8  9 65 401 740 767 862 959 988
8  101 319 390 569 587 612 841 971
12  8 63 171 190 265 267 356 411 498 734 820 938
8  58 327 335 418 431 449 630 681
11  251 358 362 368 502 507 534 666 856 941 955
9  77 336 441 583 603 681 732 820 910
9  104 137 176 318 512 869 930 948 957
13  345 352 382 481 492 497 669 696 704 814 894 968 992
17  90 150 190 218 245 330 404 446 447 538 555 558 586 645 799 841 872
12  81 99 207 269 288 340 471 605 620 660 672 968
9  169 295 315 391 395 622 683 808 953
11  109 132 156 174 470 501 583 824 830 841 906
7  92 273 503 585 610 665 940
10  19 48 218 360 371 632 635 674 676 688
10  321 366 611 686 688 770 803 831 945 987
13  26 241 298 361 394 469 479 530 578 665 706 902 986
9  50 68 282 640 659 898 920 972 990
4  320 342 519 862
12  16 268 345 397 400 487 544 579 742 770 819 988
8  1 52 88 749 799 833 916 967
9  223 375 420 671 754 859 876 888 979
11  68 104 188 646 668 735 767 820 891 905 932
6  59 76 488 633 749 951
8  119 275 331 549 604 884 965 997
13  26 131 170 305 327 351 462 463 496 638 651 750 846
15  72 162 183 259 365 384 452 523 532 596 685 696 841 894 995
10  19 65 86 151 166 227 516 734 747 882
12  58 212 288 371 381 487 543 561 645 719 738 879
