1000
7  253 261 274 376 531 679 788
13  30 55 91 162 340 361 379 401 566 680 867 911 987
6  41 203 231 315 374 399
7  148 245 253 555 841 949 958
9  50 330 343 352 419 435 528 611 930
8  107 120 281 749 778 807 911 993
7  232 234 492 655 828 830 938
14  45 62 259 292 326 413 510 692 744 805 891 916 945 982
13  117 204 218 378 460 478 490 572 834 918 949 958 980
12  83 178 180 377 442 458 481 571 810 815 817 907
11  153 163 195 267 331 546 558 639 833 917 932
5  375 390 511 641 898
17  62 65 106 151 177 181 187 241 254 285 449 499 607 786 798 881 905
7  165 277 301 378 391 561 783
16  24 234 260 272 296 308 398 505 594 634 638 688 830 859 958 994
11  145 148 190 195 289 339 442 677 759 791 999
12  24 29 62 181 208 388 428 507 568 861 879 890
8  186 235 393 401 586 849 857 876
9  21 139 266 680 731 768 877 885 911
10  107 211 489 652 703 735 751 820 826 831
11  236 567 576 583 614 645 709 729 738 770 940
7  18 149 151 161 430 443 907
7  77 140 236 352 388 669 789
10  204 248 456 466 519 525 555 660 908 929
15  14 16 114 129 215 234 276 341 443 513 596 623 702 749 989
11  63 139 529 662 681 742 756 758 882 901 943
13  31 63 329 349 379 420 607 632 851 893 900 945 983
13  114 352 393 402 417 567 577 606 613 687 779 787 826
16  60 150 175 221 252 256 444 525 561 612 624 632 663 675 841 880
15  16 45 191 217 261 376 462 497 500 575 601 658 852 950 954
8  1 282 304 309 352 746 789 942
10  26 222 277 441 451 552 559 790 858 873
6  260 311 457 549 635 674
10  60 152 326 408 435 448 465 687 741 978
11  114 116 180 288 365 406 422 603 741 893 949
14  44 210 233 241 305 444 456 501 700 717 780 957 960 990
14  45 100 106 118 133 175 207 258 296 494 557 677 724 907
12  115 182 248 267 359 391 415 418 449 586 939 963
16  44 122 134 141 155 172 279 365 549 565 710 852 958 972 979 997
7  192 248 272 348 475 642 895
7  95 338 434 684 708 983 996
9  2 43 206 335 396 506 555 607 633
8  91 235 276 399 563 637 681 847
6  41 588 735 870 897 990
11  35 38 233 308 708 731 768 809 865 901 989
12  7 29 36 391 392 406 453 532 633 735 786 963
10  106 313 395 452 463 668 759 794 857 888
8  169 172 448 454 552 678 966 971
5  144 397 427 441 775
8  128 207 368 586 691 828 877 915
12  4 88 98 113 130 136 353 628 746 785 894 973
13  143 154 218 263 297 337 388 391 402 427 450 470 786
13  197 272 300 322 402 446 537 562 569 575 622 706 881
10  61 197 219 241 474 500 558 631 773 944
4  421 618 828 935
12  1 59 91 113 362 398 505 541 699 707 862 893
17  94 220 332 343 386 403 447 519 617 660 665 693 703 744 854 960 990
10  225 268 310 553 586 667 730 781 857 950
7  212 227 495 548 610 614 848
8  55 66 244 292 408 648 667 999
11  28 33 264 269 275 506 516 548 738 786 914
12  53 129 147 191 281 345 346 347 585 778 809 961
16  7 12 16 71 93 194 219 468 496 498 524 616 635 714 793 860
8  25 26 74 199 600 661 885 915
8  98 127 627 632 695 735 811 907
12  12 67 272 310 322 324 415 681 700 710 793 961
16  59 119 137 297 308 350 396 462 534 535 606 639 723 796 802 958
6  65 285 301 505 662 731
10  268 338 362 365 376 493 554 610 832 925
10  115 197 484 533 545 590 710 751 817 989
8  271 506 605 727 748 786 840 856
13  62 254 259 289 301 311 404 547 650 684 722 818 990
13  190 247 317 418 488 535 593 641 708 719 782 932 946
4  253 319 720 844
6  63 463 515 599 899 975
13  123 131 202 292 350 377 379 419 463 521 645 670 958
14  278 510 518 612 630 701 734 775 797 901 916 925 953 972
10  22 171 234 396 504 615 663 706 759 848
7  103 136 212 253 379 411 550
9  348 398 521 718 746 797 864 891 932
14  93 160 240 298 491 508 510 710 732 792 813 831 851 861
5  122 319 402 675 768
11  236 307 370 529 627 648 711 727 869 971 975
14  9 92 109 160 227 465 562 565 572 657 742 767 772 897
5  296 381 646 738 998
10  145 534 537 551 556 656 740 804 919 965
5  518 559 876 949 997
8  192 278 561 798 799 802 921 936
14  50 225 308 515 573 581 645 672 735 790 838 858 893 981
7  94 200 347 575 928 983 993
9  157 213 307 352 658 710 849 904 927
11  1 42 55 153 217 459 479 574 584 794 830
8  83 261 322 599 766 819 846 997
11  62 80 143 156 213 236 360 391 723 927 968
16  56 89 109 119 135 208 358 497 525 580 659 671 681 802 873 944
7  40 121 178 266 326 367 661
10  109 300 388 512 542 620 681 737 881 964
12  174 188 500 586 628 728 741 778 792 820 874 883
8  50 64 194 280 407 573 633 654
9  116 120 205 250 304 375 503 628 655
14  36 150 181 242 264 359 403 423 546 550 895 911 919 999
9  122 333 400 422 475 578 775 801 976
11  141 293 327 420 432 454 508 533 706 717 812
8  78 130 355 770 774 806 904 915
9  342 360 428 562 592 618 647 814 962
11  281 300 337 463 531 611 666 721 768 945 965
12  12 36 46 135 158 324 349 351 543 741 838 860
16  5 19 128 224 250 265 276 358 453 471 667 823 858 906 934 953
8  244 333 358 377 785 812 847 989
13  83 94 96 128 160 168 194 367 649 694 696 920 935
9  368 399 564 618 657 674 856 926 971
4  246 499 777 834
13  118 169 171 373 387 451 519 576 593 675 757 852 996
13  50 55 163 259 272 331 597 783 801 881 920 928 961
10  24 27 34 256 371 449 548 585 676 777
6  37 69 140 150 799 896
7  34 99 340 494 830 944 977
12  8 136 215 251 345 462 517 585 658 725 779 942
12  36 112 408 516 660 831 848 862 905 927 936 943
9  66 94 315 556 651 724 753 894 925
13  5 99 152 155 349 368 439 484 663 836 947 955 962
8  95 470 545 583 661 754 850 992
7  38 81 101 352 651 734 777
6  75 126 209 295 535 958
10  198 213 274 309 376 379 527 604 919 990
4  278 429 573 668
14  123 247 269 281 300 304 322 385 615 639 697 768 860 954
14  64 169 180 307 309 330 404 416 664 833 836 892 906 975
11  49 107 109 168 528 536 556 600 642 858 867
9  24 61 221 287 339 448 696 710 995
11  50 103 217 319 543 643 718 751 795 860 887
9  75 184 256 329 481 526 716 876 966
4  222 311 318 755
11  36 175 228 381 520 529 576 585 586 846 878
11  38 180 252 254 261 369 501 549 686 753 891
12  94 106 217 280 299 441 696 708 716 808 912 999
10  50 78 117 301 410 533 735 746 925 943
9  66 198 441 471 487 617 620 691 696
12  165 171 262 402 477 553 588 775 805 890 962 981
12  18 25 277 290 422 512 590 603 607 621 850 917
9  22 115 192 271 371 461 686 702 965
12  38 102 277 434 435 462 500 545 619 705 764 818
9  275 435 447 510 684 791 874 903 986
9  51 93 242 429 488 630 711 895 955
10  48 324 357 392 402 662 748 848 872 966
6  15 85 442 671 933 994
4  170 482 587 689
10  61 151 182 556 592 735 740 771 799 897
10  3 15 388 419 559 561 592 728 774 995
7  21 245 346 690 805 814 924
14  28 100 115 161 270 277 326 380 467 495 711 747 876 982
15  12 21 147 211 236 314 384 591 658 675 701 712 788 810 826
10  33 120 173 194 270 283 299 424 689 969
13  10 91 185 306 428 465 467 484 596 634 732 853 906
8  51 182 389 426 441 511 666 872
6  38 120 468 640 861 867
10  93 190 250 299 351 502 574 638 705 991
8  90 163 312 316 426 769 837 853
14  106 175 186 189 200 454 553 622 756 794 806 819 911 920
15  219 263 287 343 449 491 626 636 667 687 754 803 874 925 995
18  80 83 109 168 315 340 365 395 421 556 590 675 735 774 839 861 910 916
9  21 150 162 240 456 581 598 754 900
10  1 161 241 347 439 519 685 752 811 819
9  10 113 157 627 794 866 888 943 994
3  376 379 815
12  13 138 285 382 600 605 705 732 786 797 815 944
12  231 328 407 471 477 493 616 643 804 805 868 986
9  344 400 422 515 525 615 638 789 970
9  109 128 160 265 447 465 887 919 939
12  47 112 127 223 314 406 541 680 814 850 928 970
7  146 286 334 407 678 698 921
11  77 112 138 224 309 399 515 556 596 787 815
14  38 47 382 435 628 688 696 746 776 798 857 898 899 943
7  152 180 214 259 316 950 996
9  97 200 237 663 899 912 940 969 972
8  28 36 133 158 223 329 613 676
8  256 557 583 674 744 835 893 990
6  12 449 481 523 590 976
13  9 95 256 343 376 514 571 697 751 842 870 904 926
6  213 313 386 580 728 902
17  9 34 127 134 173 230 291 314 576 603 614 625 704 766 880 921 976
13  12 16 100 344 375 398 446 612 674 689 725 807 974
9  37 147 154 525 599 601 693 736 871
11  190 291 373 386 502 546 763 806 882 938 966
13  131 201 309 314 350 373 506 573 586 687 845 918 948
11  153 239 319 364 426 469 647 651 715 949 955
7  17 158 227 317 393 778 957
8  12 306 503 564 676 748 880 933
7  97 275 398 443 520 742 852
9  158 345 383 413 501 523 535 580 584
7  15 72 156 183 343 400 778
11  29 61 320 383 589 671 750 779 915 921 969
12  39 87 140 201 203 287 301 631 655 757 778 811
8  228 552 562 601 680 801 859 908
9  62 98 109 152 393 495 588 591 719
9  10 15 479 514 562 617 635 652 668
7  280 645 698 885 955 958 962
8  52 53 69 414 712 818 900 949
12  124 137 230 263 305 322 502 612 776 827 918 983
10  63 224 235 378 546 738 854 902 924 934
13  89 158 174 203 309 370 381 416 799 806 852 996 999
10  184 192 339 473 576 660 784 792 796 977
10  75 252 453 557 686 706 711 852 871 875
9  2 192 200 244 478 491 549 667 807
10  8 23 224 376 464 473 482 586 645 975
12  99 214 219 248 407 415 476 477 582 725 820 964
5  41 216 267 414 508
16  36 49 307 365 371 555 564 567 597 625 699 778 801 835 863 999
11  16 94 244 287 320 330 521 736 834 858 942
9  123 245 326 379 455 728 827 834 838
6  35 247 583 599 673 748
9  19 151 294 445 459 509 704 810 985
16  58 78 227 320 324 422 484 486 529 585 663 699 781 799 911 972
13  90 93 124 179 215 288 419 454 462 559 711 880 920
7  173 205 429 746 877 898 913
13  24 117 213 318 321 363 391 503 582 818 924 963 971
10  206 237 302 394 402 452 604 806 821 849
12  29 91 130 135 298 318 393 492 567 783 870 962
8  8 51 236 557 595 624 974 996
9  53 62 159 205 258 433 649 650 759
6  56 223 335 368 874 925
14  28 129 307 397 451 500 524 551 635 651 652 668 748 815
7  31 132 255 561 685 759 916
10  169 175 220 330 366 402 630 696 819 968
12  107 171 199 204 294 332 333 362 376 689 834 958
14  57 88 342 367 473 551 569 606 657 711 758 763 783 928
8  264 322 351 711 742 744 781 905
10  58 83 186 212 246 325 508 805 807 820
11  133 193 320 487 793 824 846 877 909 964 999
10  274 338 485 557 671 694 705 817 860 875
12  180 198 412 568 616 622 623 650 661 728 947 992
9  2 166 277 518 686 776 822 926 960
18  6 234 322 325 344 364 420 453 488 510 531 542 592 622 670 922 968 972
4  35 44 701 898
16  6 14 24 77 232 303 398 499 708 805 808 821 847 863 979 981
10  17 42 199 330 454 464 473 863 936 952
13  20 22 82 93 151 218 241 534 679 739 792 906 938
9  174 216 341 411 494 654 695 710 990
8  239 398 534 650 738 767 886 907
10  185 238 316 335 373 400 541 677 708 743
14  80 161 397 428 474 513 518 521 622 756 779 780 820 970
20  12 35 53 162 236 277 347 453 477 519 547 555 569 685 687 718 768 773 791 855
7  100 143 402 706 727 861 881
7  425 431 459 589 593 874 917
12  59 108 203 208 257 365 380 467 493 841 962 970
14  3 149 209 417 437 441 512 513 657 679 694 913 951 967
5  111 227 524 618 712
16  72 126 210 301 336 394 477 502 574 653 751 779 809 887 910 991
6  23 37 39 205 344 836
6  275 333 402 573 577 812
11  99 107 156 256 259 570 572 657 749 776 939
11  117 264 299 575 593 602 615 639 652 708 729
5  28 134 202 503 761
10  0 3 73 78 552 627 756 807 837 850
7  12 71 134 450 596 845 926
8  222 451 466 479 547 558 617 850
18  28 114 131 176 178 250 257 482 495 566 601 631 656 765 770 899 918 958
7  244 256 387 431 520 582 613
11  36 219 303 405 474 517 520 538 679 717 956
12  7 71 113 173 250 276 277 460 556 855 868 929
8  14 32 339 365 481 766 885 912
17  0 29 92 134 279 285 370 371 446 466 488 511 612 627 667 830 902
4  138 630 843 875
10  51 159 198 354 415 470 508 527 806 936
9  60 100 226 251 560 590 669 749 804
9  107 168 337 367 475 598 648 697 707
7  18 95 596 689 819 827 837
10  10 37 206 277 370 488 491 690 747 917
14  57 68 278 304 393 464 628 630 669 800 812 823 894 970
16  60 126 283 350 644 680 689 711 717 746 779 814 824 880 915 980
6  150 152 844 862 971 975
6  70 140 291 550 697 904
14  14 39 52 65 113 290 315 517 533 668 735 844 979 995
10  320 341 444 451 478 486 495 633 924 999
6  0 124 229 587 718 972
10  60 142 188 249 310 460 567 607 723 945
13  24 42 107 259 290 340 387 420 475 499 647 842 924
21  13 31 139 141 150 231 241 259 267 359 431 672 697 765 850 866 884 890 928 948 956
9  76 87 125 268 327 366 493 615 906
4  38 261 356 715
18  98 135 196 371 379 386 451 485 494 552 573 660 668 778 809 827 871 893
13  5 61 105 126 333 431 458 488 563 687 716 808 944
8  30 287 298 497 616 685 770 828
6  152 269 434 465 668 976
8  332 349 361 382 654 663 891 943
14  12 67 165 261 406 429 531 756 891 911 924 928 964 970
6  170 435 697 702 762 767
9  129 159 192 208 282 541 640 908 925
8  34 213 420 480 722 782 812 869
8  15 71 448 558 658 795 850 919
6  139 272 276 421 718 832
6  180 183 271 399 889 963
7  7 59 75 694 808 912 945
8  102 311 328 501 634 656 667 952
7  211 224 460 514 520 922 955
12  123 320 364 430 568 699 703 769 781 857 877 890
13  14 36 84 373 478 542 638 670 740 757 798 927 966
11  51 66 416 647 649 657 671 678 726 752 988
12  80 217 282 338 349 360 436 599 691 777 892 953
8  135 152 156 251 502 512 691 811
12  52 96 105 126 386 410 551 646 750 882 883 958
17  13 67 71 136 192 247 304 311 357 364 469 504 508 567 600 851 939
8  216 328 353 393 429 603 612 742
6  234 258 456 594 748 931
14  30 99 126 268 301 364 375 435 458 627 685 818 918 926
8  35 198 357 379 492 500 663 946
5  153 187 404 439 516
13  82 90 127 207 221 333 382 463 794 892 927 929 970
11  14 44 66 88 384 507 592 660 704 755 971
13  30 124 127 171 184 200 374 446 454 577 639 659 965
12  57 65 275 324 359 390 446 449 517 672 773 828
8  32 71 132 293 301 319 439 450
9  157 354 401 493 599 647 812 902 907
11  46 179 367 452 528 592 661 751 859 860 955
6  151 169 180 184 676 940
8  2 119 160 272 326 450 558 649
10  157 173 239 475 481 496 705 726 821 881
11  72 186 358 449 523 554 672 678 759 800 899
10  132 215 217 323 473 620 621 640 877 881
9  73 81 130 185 311 414 688 824 971
12  191 208 212 228 273 295 386 544 615 719 729 852
3  215 432 448
12  52 65 92 126 198 226 232 458 658 733 862 918
9  318 394 422 450 468 596 604 914 973
9  65 106 144 212 310 414 569 753 942
6  227 232 748 753 806 971
15  7 33 95 150 209 315 384 406 680 691 848 860 907 954 977
13  102 278 339 351 381 495 503 513 526 637 684 813 976
10  166 293 302 369 400 539 595 680 774 936
9  26 131 175 339 464 604 639 816 855
13  4 127 208 223 235 457 564 567 716 854 906 931 939
10  10 113 344 392 406 407 480 501 810 904
10  56 224 284 353 413 470 525 747 794 995
12  101 108 224 249 281 307 373 396 564 659 690 906
8  170 380 390 444 456 569 849 881
9  41 220 239 513 605 758 792 829 869
11  247 358 459 483 622 738 830 863 873 899 906
8  51 105 265 429 549 612 643 877
14  40 68 229 298 403 420 437 581 641 643 845 866 882 937
11  15 129 201 260 327 329 500 644 754 976 999
8  1 116 160 276 625 728 790 941
8  24 237 273 384 467 525 650 765
6  104 225 499 504 701 744
12  4 56 159 178 190 436 627 628 652 671 903 934
5  167 181 232 248 331
9  61 117 189 365 477 606 653 904 939
5  61 149 412 467 768
7  61 89 162 241 489 509 984
7  39 79 402 724 910 925 994
15  26 106 120 284 298 354 381 394 560 623 731 810 890 899 956
11  66 75 184 269 492 551 798 815 844 857 980
11  106 156 226 327 366 558 610 642 728 843 919
9  4 22 27 30 90 122 583 609 855
12  50 302 332 356 379 411 596 677 750 814 904 944
9  263 312 349 513 627 651 665 825 986
7  103 536 761 888 890 933 989
8  279 353 498 731 757 795 933 987
10  144 301 305 509 518 553 637 680 723 932
9  94 107 108 317 336 527 533 571 715
13  37 100 277 310 371 444 459 500 515 554 588 665 881
7  93 104 298 488 636 659 661
9  1 284 492 654 662 699 827 867 966
7  55 68 224 365 459 710 858
10  215 432 460 529 532 780 902 906 919 924
11  185 232 295 301 304 390 395 579 597 746 903
15  34 38 68 160 207 244 260 345 362 406 551 670 748 793 864
9  223 278 351 423 531 642 707 719 806
12  95 109 225 265 313 421 452 538 581 665 930 966
8  49 110 120 220 380 683 768 932
8  134 328 506 507 594 620 836 948
14  82 200 261 267 470 516 550 596 626 658 777 824 850 997
12  114 140 207 261 280 359 558 589 680 759 828 921
3  507 796 821
20  112 183 184 239 296 333 379 443 453 486 541 585 637 818 864 890 918 935 953 964
11  2 309 482 524 551 610 640 796 837 905 957
7  11 99 181 304 417 433 719
14  0 29 68 124 164 178 204 224 536 541 678 792 880 912
11  9 75 108 387 446 510 623 731 738 791 916
10  8 13 199 408 475 516 645 666 863 992
17  1 26 75 78 124 164 209 280 305 353 373 829 910 934 943 958 971
11  150 244 334 368 397 410 546 609 677 705 983
14  84 133 200 327 349 390 391 589 600 684 702 797 813 844
13  165 172 284 307 521 525 609 687 850 909 922 936 971
9  189 191 547 643 797 830 866 871 996
9  151 308 326 341 563 645 692 738 975
4  126 688 696 827
12  56 179 183 280 300 320 548 609 704 892 898 985
11  112 257 276 377 556 656 742 769 832 953 993
18  16 22 51 96 148 457 469 511 539 544 548 611 731 819 915 918 928 972
3  154 480 568
7  11 310 334 364 381 499 524
13  13 37 45 51 93 215 381 572 575 654 746 894 963
11  45 144 331 403 404 602 741 806 810 836 999
11  17 27 186 194 217 268 302 397 717 824 986
11  216 247 323 349 451 517 643 710 821 932 996
6  46 160 364 624 708 878
8  41 66 77 333 480 569 694 886
10  48 221 240 380 393 581 859 870 903 988
13  14 55 79 181 188 234 238 408 515 602 690 719 997
8  2 42 110 171 291 659 686 844
17  101 167 190 239 328 461 494 496 519 571 593 629 635 728 872 902 966
7  1 17 312 516 742 836 981
17  27 51 52 81 138 144 216 223 242 249 348 430 439 525 622 850 992
8  56 100 338 392 535 536 638 782
12  71 127 306 392 547 603 686 740 798 809 814 926
5  258 407 473 591 854
17  34 45 169 285 326 331 365 437 512 548 624 638 672 720 786 885 927
13  98 166 170 205 331 405 419 439 561 595 672 722 746
8  33 59 118 378 398 592 668 799
6  535 557 568 676 861 939
7  136 300 380 609 885 907 974
7  78 237 353 629 803 848 953
8  230 346 455 516 550 775 823 905
7  7 189 332 532 602 840 993
7  197 206 319 324 488 630 674
9  37 65 205 263 488 746 751 918 951
10  127 200 297 443 446 466 486 568 623 671
5  27 245 375 700 906
7  37 72 873 921 925 946 986
12  4 75 148 213 407 422 426 456 520 668 802 993
11  26 102 232 276 288 338 518 565 577 628 777
10  54 160 290 367 458 489 525 678 714 827
17  34 101 139 167 212 323 419 484 530 599 650 684 811 834 874 897 929
6  100 366 425 577 793 969
7  152 563 589 829 857 897 958
7  243 423 435 444 511 661 954
7  154 157 185 419 611 628 916
11  48 51 467 567 732 741 849 876 913 947 951
10  16 104 153 240 469 503 681 728 816 883
15  125 143 214 285 302 337 490 644 778 781 872 881 959 979 988
10  21 295 402 431 487 544 725 791 854 987
8  243 257 277 281 430 539 746 877
9  102 321 363 647 689 734 794 929 955
7  219 375 494 504 630 720 773
9  40 141 283 484 535 714 716 867 937
15  4 33 141 142 172 286 304 425 578 622 687 693 744 759 965
9  298 343 461 497 515 674 683 697 964
7  245 338 406 774 884 941 986
3  569 837 882
14  120 162 306 311 402 407 593 610 682 701 840 854 920 987
3  504 889 898
10  31 48 135 137 154 245 570 644 790 844
9  9 15 145 483 643 717 770 778 803
9  21 24 188 373 416 530 706 950 984
9  28 35 273 334 359 425 503 720 983
10  211 476 488 652 688 716 748 770 820 972
11  52 181 261 309 310 377 416 451 691 805 875
6  56 142 168 488 873 955
8  33 47 129 289 321 550 645 980
11  12 37 114 159 177 310 317 741 834 921 960
8  51 254 311 315 323 486 529 539
12  31 112 221 255 273 280 394 446 565 862 877 951
15  46 216 313 367 557 566 607 613 665 778 879 907 931 954 993
9  45 107 202 232 241 373 461 697 916
8  47 102 158 213 235 309 514 982
6  209 412 488 759 763 771
12  23 35 161 303 334 419 499 697 724 790 875 952
7  32 330 388 502 505 843 969
14  9 281 304 322 421 496 533 628 746 764 812 830 954 971
15  91 211 243 336 359 362 534 655 680 754 876 944 951 954 968
10  8 259 275 294 363 504 547 659 870 908
10  140 400 436 453 586 797 828 941 977 995
11  29 66 117 141 213 547 695 737 771 799 809
11  46 74 75 105 307 503 686 703 803 907 912
9  204 235 268 329 565 649 748 858 931
12  33 83 153 168 283 606 779 861 899 908 917 930
8  23 255 261 416 473 509 793 922
11  150 153 244 341 346 427 595 619 742 754 784
14  62 155 323 480 584 629 655 829 847 872 893 924 965 973
9  185 301 388 428 567 596 781 863 923
15  51 121 263 332 370 536 565 629 723 753 801 816 935 947 979
8  107 137 166 538 703 806 942 967
6  478 483 582 605 607 859
13  201 204 225 235 318 405 466 602 668 721 733 866 987
7  53 240 258 536 659 838 904
14  39 101 265 276 316 378 580 776 810 822 842 870 900 982
9  205 445 511 518 606 643 715 960 971
7  138 166 205 241 247 345 756
10  8 203 273 296 472 610 706 899 939 998
8  91 195 255 502 511 655 787 935
6  288 331 389 396 468 791
8  9 131 177 260 316 680 817 862
10  146 204 256 374 529 582 594 606 936 941
9  336 442 472 681 763 815 850 923 946
15  69 120 153 212 422 434 504 551 669 700 774 815 826 845 891
7  229 280 507 516 532 629 686
12  212 273 373 416 450 524 525 555 671 881 931 998
8  137 228 430 534 598 604 787 796
16  72 143 232 261 267 281 360 414 415 445 447 455 514 700 821 973
10  19 347 421 526 620 642 676 682 835 862
6  8 429 499 808 942 997
11  80 159 203 267 537 551 584 642 678 744 826
11  6 217 305 350 361 503 510 544 589 825 880
8  68 166 244 278 312 750 904 975
11  36 116 237 280 400 433 528 548 584 801 811
11  58 150 194 256 273 327 603 770 779 860 948
10  62 316 400 458 587 691 716 722 829 845
8  29 94 282 436 626 650 914 936
8  62 356 629 632 748 847 920 935
8  12 111 234 276 342 390 456 490
13  29 53 97 141 221 305 339 359 645 698 717 911 961
10  35 134 189 293 331 538 705 799 811 944
11  156 183 198 247 299 457 479 561 588 701 735
12  99 187 215 252 327 428 444 463 492 617 697 866
13  77 301 342 433 440 460 484 622 670 875 947 995 997
8  14 55 67 457 630 757 895 978
8  41 60 70 184 369 614 727 814
9  16 308 369 372 485 683 816 865 937
14  80 102 206 227 263 301 514 518 563 565 615 846 863 958
7  211 347 357 466 544 737 778
14  7 76 80 142 232 377 492 517 539 638 806 809 912 932
9  11 154 261 388 425 476 479 692 754
13  96 139 245 299 406 527 539 625 650 674 748 781 831
10  24 240 245 327 335 354 549 585 618 705
10  178 195 294 454 488 508 632 740 856 926
9  74 88 167 171 359 398 436 681 789
11  60 118 306 370 378 401 412 485 560 816 868
10  117 258 272 310 394 510 527 544 628 777
11  76 86 231 240 357 420 476 508 550 716 835
11  23 56 112 162 241 400 625 637 660 882 921
12  133 188 257 258 294 419 558 605 607 736 776 882
11  75 79 208 240 382 647 700 742 775 816 971
7  588 658 702 758 835 937 964
9  177 189 317 616 637 747 791 868 924
11  62 221 246 374 390 486 540 617 785 852 899
15  23 28 94 167 182 332 341 382 402 421 486 608 650 852 915
8  131 327 489 533 595 873 875 919
14  124 263 358 512 517 744 786 811 823 848 899 929 938 991
7  4 128 313 494 558 564 676
10  25 82 133 212 363 450 482 625 772 924
4  422 443 826 998
12  0 105 232 285 366 640 666 674 690 702 902 930
10  45 363 413 485 781 825 835 851 925 998
15  69 102 136 272 358 458 526 542 614 725 750 803 807 859 899
12  66 85 236 238 459 487 643 667 710 768 795 908
9  66 72 123 189 403 409 434 767 877
12  128 355 376 403 470 474 554 593 628 821 897 995
4  52 85 491 996
8  258 367 471 501 600 630 662 980
13  328 388 431 450 510 512 542 609 755 788 826 895 906
4  524 701 949 988
10  55 169 239 287 373 376 566 723 747 917
10  96 232 296 533 539 560 614 718 930 975
7  106 130 589 723 841 899 936
8  320 388 430 492 509 517 550 564
9  69 121 141 595 633 676 809 874 940
10  10 100 183 199 380 569 614 870 873 892
16  71 241 255 383 404 460 462 559 567 573 574 616 705 892 912 995
10  58 60 114 386 388 406 494 652 684 763
10  32 38 134 203 337 513 746 796 822 932
13  78 100 271 370 412 448 518 544 781 807 958 990 997
12  85 221 225 300 350 365 374 484 491 703 920 943
14  31 47 193 253 280 595 752 784 787 803 818 847 855 930
9  57 138 158 357 595 596 709 891 965
5  68 317 359 536 922
10  3 23 41 207 241 486 606 667 803 843
9  85 119 128 147 160 171 259 387 633
10  36 176 202 218 229 409 452 811 818 900
12  10 53 255 289 315 351 371 520 528 852 904 950
11  31 86 148 213 547 563 597 672 884 964 997
7  264 349 516 542 588 816 942
17  13 28 87 148 222 407 502 628 647 743 772 812 814 829 855 941 959
12  52 83 104 193 195 581 622 628 717 734 814 863
11  42 281 384 424 508 559 638 735 736 814 970
13  110 187 207 330 333 528 544 634 656 769 854 864 998
13  38 83 420 451 464 470 508 739 751 816 822 831 991
12  1 256 452 541 607 619 788 836 840 863 879 934
12  20 27 207 217 275 301 330 427 469 547 607 620
14  16 230 295 389 409 416 601 602 624 853 882 951 960 992
12  52 225 241 324 334 396 438 546 609 866 911 999
7  250 441 576 664 707 759 761
6  9 178 358 400 769 771
9  8 83 250 391 620 622 742 907 977
12  88 98 125 184 249 280 547 645 707 742 829 978
6  91 156 247 547 629 660
8  29 52 89 251 391 761 790 858
9  20 112 133 180 201 570 741 860 889
10  27 249 309 420 423 622 697 699 816 889
6  101 435 604 850 922 939
6  364 673 807 900 939 993
8  94 179 189 475 600 615 771 904
9  88 161 338 367 397 562 732 887 981
9  205 215 257 472 482 704 782 845 887
9  20 121 176 210 352 589 596 790 949
9  91 189 468 491 494 595 650 830 979
13  61 114 117 133 212 373 513 587 646 663 686 790 953
10  17 37 49 57 97 133 184 204 461 636
9  146 274 496 585 689 702 853 860 890
10  43 138 194 359 502 522 560 688 753 914
12  191 243 371 381 424 492 543 583 732 845 946 973
7  69 139 160 177 264 716 771
5  151 194 405 828 837
8  104 147 148 232 308 313 408 933
12  72 112 243 251 400 439 536 627 641 694 789 910
8  14 303 369 482 609 661 844 887
12  218 328 407 467 526 545 552 553 584 678 978 988
21  24 153 171 254 266 323 353 370 469 553 583 621 635 645 748 789 816 884 968 971 979
10  113 207 364 559 638 753 821 831 832 882
6  161 265 487 684 855 905
10  74 92 182 210 298 312 422 992 993 997
10  63 128 165 301 381 538 580 615 637 821
8  29 182 193 256 568 741 934 936
8  251 392 398 413 473 568 607 828
11  34 139 180 302 404 495 623 638 828 864 893
7  124 216 323 329 487 578 876
7  70 165 335 472 520 769 982
10  27 66 225 345 465 476 482 555 776 947
17  12 26 41 139 275 452 472 520 566 567 602 730 735 754 957 972 982
6  525 727 757 791 918 924
12  352 380 382 386 410 539 569 594 642 652 683 690
11  58 68 351 374 439 478 694 826 913 940 987
8  4 105 388 426 634 744 848 861
11  28 76 181 198 261 302 337 756 826 851 908
5  27 175 257 452 658
8  20 58 180 506 533 542 546 662
13  77 126 167 251 278 320 508 580 600 664 758 933 985
8  62 166 230 282 523 547 695 894
9  56 137 195 255 503 524 725 939 978
7  54 104 110 246 513 676 794
4  141 467 566 839
10  96 137 318 369 489 567 572 822 849 964
6  139 318 596 679 748 784
17  52 158 230 232 240 336 402 435 504 562 572 577 894 899 955 957 999
10  24 230 349 377 416 603 651 681 693 948
13  28 218 395 406 568 643 678 689 742 779 799 816 959
10  180 207 340 512 519 529 670 688 917 972
3  159 370 497
10  64 82 163 253 261 304 343 354 593 862
19  50 97 99 172 268 343 420 426 458 517 536 561 562 654 710 779 819 928 965
9  400 411 468 470 485 498 574 786 894
13  76 143 223 262 268 414 433 505 538 740 814 831 864
3  53 192 256
8  26 28 64 498 514 813 846 973
11  41 45 98 273 545 556 698 753 759 813 853
7  14 153 293 564 611 742 929
10  32 62 195 221 400 596 723 750 761 772
7  159 360 586 685 698 809 999
8  42 327 357 373 519 523 600 828
11  14 156 167 296 403 406 510 563 597 603 956
9  10 66 126 251 309 329 737 900 949
8  155 287 318 374 531 702 779 808
7  11 72 338 593 706 711 994
11  39 128 351 366 489 491 609 686 700 785 946
12  130 166 337 338 383 394 442 476 534 624 664 701
10  269 339 429 441 652 748 795 855 922 950
18  20 75 88 196 204 378 384 448 500 573 596 680 709 782 833 886 928 930
6  84 300 585 696 863 918
9  104 185 276 297 312 432 521 561 709
7  59 82 265 789 841 860 898
6  109 219 297 315 464 907
14  71 219 230 238 341 422 497 512 525 584 657 674 698 735
9  119 122 185 221 354 623 723 886 964
14  19 195 221 251 343 445 548 609 644 704 829 886 914 944
8  247 345 659 775 789 815 903 932
8  98 237 284 361 391 628 862 986
11  6 99 192 459 468 479 679 726 791 844 908
9  85 256 293 387 564 669 902 907 921
12  83 110 225 245 250 297 650 686 770 902 911 963
15  29 90 117 151 289 322 370 522 613 721 744 805 845 926 954
11  94 309 333 360 399 460 474 653 818 821 980
10  23 56 118 201 280 308 519 574 685 962
10  63 95 121 230 313 360 425 594 825 915
10  25 67 144 361 538 614 727 853 975 986
11  28 77 120 174 212 284 305 585 689 836 917
9  127 570 615 643 791 820 859 970 992
5  56 354 359 367 452
7  105 154 378 531 823 846 966
11  57 59 107 159 203 261 293 534 555 895 969
14  46 125 195 221 272 280 283 408 419 473 749 828 829 898
6  22 264 268 484 656 719
9  75 232 296 365 504 625 704 878 992
12  94 145 191 229 297 343 416 486 675 881 983 990
9  88 277 310 317 406 407 559 854 978
9  210 579 824 838 851 888 936 958 986
13  32 110 176 181 414 436 512 531 650 686 698 872 951
9  28 81 112 151 160 671 709 733 843
13  114 175 187 314 409 489 528 545 618 722 801 926 933
7  15 36 239 353 380 860 925
13  47 170 297 317 376 421 491 595 624 803 833 889 989
10  0 236 245 258 621 655 703 777 890 995
14  1 18 169 193 269 326 328 357 371 459 481 645 704 968
14  25 42 65 94 96 428 483 515 623 774 799 890 916 941
6  439 489 759 862 947 958
8  368 436 507 609 767 866 948 960
11  40 71 142 327 381 422 548 598 763 967 982
8  162 222 241 282 304 636 660 955
14  134 140 202 231 399 404 463 485 585 642 657 674 823 857
9  27 33 159 184 241 281 382 435 697
11  14 172 319 385 445 588 625 754 841 896 963
12  146 152 181 224 266 269 432 587 624 663 762 970
9  149 267 333 398 531 609 793 898 922
13  49 137 298 299 326 446 496 713 715 753 821 917 999
4  7 384 511 843
6  56 182 435 623 927 956
9  109 229 245 292 396 593 610 702 871
5  64 237 462 616 873
11  109 129 135 137 172 223 385 646 876 901 908
15  126 178 265 271 277 286 436 453 456 503 577 687 786 823 927
7  170 196 500 633 636 650 674
8  55 207 212 295 361 577 739 768
9  35 65 417 484 488 521 642 962 989
11  76 151 233 342 439 502 540 643 753 845 957
10  24 140 286 381 522 531 587 640 694 911
9  19 56 295 463 471 551 679 903 956
10  180 211 308 386 582 652 670 680 817 927
11  141 156 165 229 316 380 501 513 547 842 991
10  52 77 102 202 242 443 478 641 846 973
10  55 265 366 570 573 762 874 897 899 991
8  40 44 72 135 234 239 251 395
9  20 553 645 647 675 723 878 916 928
13  38 65 69 80 90 129 237 362 394 534 628 870 924
11  82 143 150 202 213 225 226 269 641 785 974
4  151 197 246 786
5  691 740 880 887 929
3  62 421 434
9  185 279 358 476 691 829 846 883 892
10  131 135 281 330 434 445 496 518 590 888
10  35 102 258 269 393 442 500 562 907 992
11  79 130 241 274 290 542 725 752 756 916 977
9  72 194 320 366 375 398 669 769 770
7  73 406 433 444 800 840 923
5  105 473 658 751 857
5  71 288 407 496 676
16  66 93 275 357 470 541 543 635 651 709 742 786 858 871 940 941
4  36 119 348 456
9  117 181 205 430 533 617 718 746 932
5  297 316 655 960 973
8  70 82 242 506 608 662 737 893
14  97 148 179 209 230 340 351 400 428 788 876 914 990 999
5  20 251 320 868 970
7  57 607 744 798 890 940 955
10  18 44 67 349 356 377 388 734 813 981
6  80 153 165 427 581 589
5  322 473 675 780 998
8  76 122 432 562 731 763 944 949
16  19 43 45 64 88 136 147 160 272 502 563 607 650 744 875 942
6  182 208 520 563 748 932
7  96 462 509 639 727 789 915
11  20 60 84 199 238 336 377 384 770 859 890
4  236 565 699 906
8  85 147 296 404 514 630 713 988
12  33 34 97 106 392 427 449 576 601 805 905 998
20  25 83 188 226 302 387 401 467 521 572 573 624 634 723 775 925 927 975 977 997
2  239 561
15  7 56 176 226 342 435 491 527 611 658 730 735 840 872 996
1  929
18  30 50 79 136 172 214 269 364 391 407 415 431 458 549 725 833 986 993
10  150 267 332 523 541 780 817 887 927 974
17  70 144 187 210 221 303 325 365 445 464 498 512 596 621 644 736 916
7  5 24 250 264 668 859 948
8  191 300 353 493 533 635 785 977
12  19 69 130 178 247 313 415 565 721 948 954 965
6  162 297 552 718 796 905
15  119 134 324 325 470 588 597 633 691 701 769 797 839 907 980
12  121 159 161 339 459 467 511 607 688 777 870 990
6  132 308 539 802 917 950
14  25 158 240 253 285 477 612 718 796 807 849 887 913 960
12  112 192 296 356 505 608 765 790 838 907 922 965
9  25 225 335 522 615 767 776 905 997
14  15 46 77 219 222 317 371 435 455 570 633 682 879 997
5  782 815 866 913 998
7  252 355 570 575 635 778 795
5  286 689 707 786 853
8  183 225 455 483 548 684 734 918
6  141 458 800 856 943 991
6  256 277 341 757 901 975
4  92 180 260 909
9  83 238 286 535 683 758 773 807 991
14  18 44 81 105 126 241 346 368 534 699 827 890 923 955
9  157 295 387 564 571 605 719 753 776
13  20 103 256 282 442 445 495 657 719 738 775 838 978
9  147 455 462 571 580 590 830 905 928
8  83 529 561 635 813 834 928 989
13  53 241 310 433 767 774 827 836 866 878 937 950 970
9  103 148 160 328 437 484 681 773 981
12  48 76 101 138 412 521 653 742 770 788 798 831
10  172 198 231 250 475 520 606 758 769 904
10  111 114 122 298 370 420 517 679 754 966
15  5 61 97 186 190 192 207 280 429 442 452 509 761 805 978
16  27 117 191 240 247 269 465 495 624 628 640 786 794 828 838 891
8  35 240 363 733 747 781 794 964
12  57 212 226 295 429 469 512 532 550 780 879 938
7  72 288 403 582 645 760 988
6  13 113 217 225 835 900
7  201 467 552 621 929 941 974
7  50 108 524 642 711 750 997
16  12 45 51 60 70 165 406 527 629 697 712 723 762 779 802 843
9  27 171 479 487 552 796 825 845 961
10  0 151 539 566 728 775 893 912 970 984
11  22 30 167 515 593 596 648 653 737 877 940
9  31 88 340 441 456 575 583 585 757
13  15 142 241 377 430 480 523 608 655 664 880 941 990
7  80 97 201 236 335 376 911
10  62 65 228 365 423 466 690 815 948 954
16  46 91 158 163 307 332 432 618 779 780 893 951 961 964 967 997
6  130 289 356 534 644 761
10  66 201 372 374 487 549 752 756 787 976
7  76 79 165 381 383 461 753
10  12 87 172 296 350 404 730 775 821 866
11  87 115 147 200 212 408 462 501 624 681 812
5  268 317 720 764 989
11  101 113 193 207 470 494 676 821 866 871 956
10  66 87 94 419 755 786 816 861 918 985
11  159 411 442 463 533 552 555 678 924 927 990
5  85 166 264 806 989
12  7 138 149 166 227 234 446 658 741 778 864 929
15  103 158 183 200 216 263 325 366 392 471 510 804 825 881 886
12  5 181 203 227 253 533 550 579 756 767 932 995
10  135 234 281 292 490 640 894 913 938 975
15  44 61 247 280 404 462 510 545 636 875 884 894 921 937 970
8  9 151 211 331 349 392 475 943
10  64 162 192 299 422 494 501 527 557 927
10  102 108 249 268 288 312 458 561 799 862
9  80 327 381 632 633 731 772 910 926
13  104 149 169 269 353 404 506 561 562 563 630 898 910
12  9 164 165 171 221 350 483 484 653 760 793 846
16  329 428 470 507 516 521 560 565 577 596 624 802 848 929 974 995
9  9 69 229 481 704 747 823 858 870
12  71 141 197 215 304 373 552 557 659 849 927 994
9  92 158 162 223 266 388 628 896 914
9  19 97 205 227 240 445 664 873 932
14  216 234 316 372 394 488 536 597 600 659 691 798 801 976
8  231 475 549 565 620 884 885 911
13  107 268 412 527 666 686 697 817 864 895 950 969 991
8  228 269 319 370 393 673 984 988
7  354 492 532 661 787 806 950
11  19 27 151 484 491 530 539 610 612 840 950
10  198 209 266 280 361 385 421 768 773 870
16  6 49 54 282 310 371 461 591 602 603 637 668 779 837 846 964
12  335 379 424 468 496 561 573 652 668 715 913 939
10  6 14 91 116 261 336 383 458 584 771
8  19 80 118 512 565 597 630 775
4  68 290 387 597
9  10 127 645 678 746 944 954 980 985
13  8 111 208 209 224 422 449 772 842 843 879 966 971
8  176 207 489 518 522 532 783 978
10  120 127 248 369 392 401 566 663 773 979
8  157 253 266 374 438 591 828 849
8  88 106 209 474 673 757 770 779
6  160 619 753 888 961 998
8  70 413 439 566 720 744 826 925
7  3 28 244 543 648 688 980
6  178 276 475 705 834 855
9  262 351 457 555 675 692 786 834 970
9  73 270 272 350 381 399 441 594 655
12  184 254 338 484 496 582 589 658 701 787 887 935
10  92 133 228 508 632 666 706 715 815 828
8  42 108 234 468 498 552 856 933
11  58 77 118 144 326 411 527 611 816 925 931
10  17 90 216 334 427 620 756 818 837 984
12  121 139 169 253 255 277 289 370 382 402 483 578
7  26 80 301 532 612 673 913
11  29 38 112 188 200 202 320 524 525 558 870
9  153 157 568 587 633 662 762 869 960
10  56 199 330 405 430 439 564 672 898 976
9  241 259 329 352 552 561 598 644 842
8  70 110 514 764 847 866 882 983
13  17 46 57 172 295 350 424 686 721 878 906 954 956
12  31 88 107 128 208 362 464 575 723 817 916 962
10  14 193 313 397 472 533 664 738 749 977
12  62 106 126 130 229 313 326 495 576 587 648 677
13  16 80 155 160 242 409 465 611 802 871 920 938 990
11  55 118 270 322 451 481 489 627 654 682 812
10  207 234 235 336 378 469 508 562 566 646
10  79 365 373 564 603 630 805 823 869 951
2  44 507
13  163 277 338 383 473 503 569 683 760 773 798 801 856
7  1 128 155 361 434 924 965
6  166 259 516 523 729 915
7  82 288 335 853 864 871 983
13  43 178 217 397 460 475 546 710 754 817 827 852 883
11  182 202 280 383 694 723 801 861 869 941 946
7  144 154 400 429 468 674 744
10  31 94 336 418 447 526 546 695 820 874
11  97 142 159 220 243 422 545 707 873 878 922
9  202 229 262 446 456 504 526 735 809
9  17 86 131 150 427 459 604 696 728
13  18 49 214 228 295 318 337 431 451 535 789 887 904
8  133 395 670 709 773 857 874 926
6  16 452 566 759 781 834
11  28 180 187 213 269 376 492 713 791 943 975
14  12 52 96 113 242 316 318 334 359 429 486 671 806 929
12  25 183 300 338 438 519 520 568 597 856 972 992
7  97 300 428 715 870 899 984
7  277 437 559 596 809 822 899
8  18 63 196 260 406 410 822 927
8  238 396 645 651 652 806 906 995
12  130 168 247 581 582 594 713 747 756 845 877 920
7  46 163 355 673 716 839 906
7  291 440 576 577 678 946 974
13  16 138 277 295 349 355 373 587 679 681 730 738 768
9  7 79 134 284 285 484 553 779 967
9  127 298 307 386 546 547 715 939 992
12  26 34 55 88 176 280 468 603 727 788 794 914
11  50 119 268 391 616 622 629 808 809 949 983
10  39 100 143 505 539 667 823 905 977 996
5  115 688 819 936 995
8  43 83 147 422 424 536 707 964
14  11 172 214 233 386 440 648 668 690 814 854 924 925 996
17  74 172 174 256 317 336 349 465 478 524 527 533 543 622 707 883 884
8  26 161 197 475 557 579 639 783
6  25 44 76 696 765 986
10  179 199 261 312 363 400 531 656 657 996
8  142 343 364 397 653 703 960 991
13  90 103 178 271 331 345 353 474 493 558 580 776 877
11  12 118 226 374 412 598 741 752 758 771 895
15  107 127 153 236 278 330 333 336 363 417 539 739 857 886 888
17  9 21 36 64 238 312 326 410 452 463 572 649 656 717 753 757 959
9  23 193 287 460 465 534 612 655 696
4  228 382 766 944
8  160 247 348 379 593 813 814 913
13  1 5 18 100 158 212 285 500 569 657 702 792 822
10  135 174 260 292 376 463 510 547 788 917
10  214 245 427 610 756 760 808 829 851 910
8  60 323 497 588 652 728 819 893
10  49 63 103 191 269 388 525 661 737 868
13  7 76 160 222 377 426 453 681 709 718 748 858 990
12  10 139 243 267 465 541 625 663 691 755 912 987
15  8 184 198 256 304 322 373 388 415 608 646 763 802 935 951
9  85 100 124 168 289 351 363 526 944
9  109 113 158 213 439 498 551 861 887
10  87 170 180 191 371 418 449 519 656 809
11  232 294 382 466 554 578 644 690 757 874 997
5  469 483 720 768 983
16  149 199 215 273 276 285 363 468 523 529 608 710 803 867 898 933
17  68 76 119 136 159 220 287 348 418 532 677 742 840 848 898 938 985
11  110 178 231 254 304 404 514 658 676 813 878
16  90 93 118 296 307 406 693 697 704 742 747 803 811 818 885 941
12  89 113 169 225 277 285 388 628 645 709 771 772
13  23 259 307 422 432 527 634 713 745 784 805 816 881
9  4 367 465 531 542 552 645 947 969
6  303 330 452 464 486 848
14  10 72 79 357 368 394 510 549 653 725 736 807 820 940
11  145 187 355 356 592 615 676 847 924 968 996
7  107 199 343 379 566 601 966
8  54 109 373 470 479 498 845 918
14  87 118 235 263 328 382 482 497 543 601 673 896 970 986
8  338 434 507 522 773 809 972 998
8  6 183 236 527 781 808 861 925
14  37 168 250 301 330 345 409 478 578 579 617 829 892 976
9  20 174 314 545 610 723 730 789 932
12  340 437 461 482 561 681 723 784 791 871 927 990
8  30 117 208 324 471 490 560 735
11  25 118 136 163 172 284 379 551 764 810 880
14  53 94 116 165 281 353 459 501 652 734 833 909 919 959
5  7 26 105 275 292
8  72 305 418 483 589 642 871 889
8  120 230 427 470 504 606 682 930
10  184 277 369 495 623 683 749 751 793 963
11  3 8 34 86 185 197 540 583 639 734 894
11  29 57 173 443 558 644 755 773 823 825 826
11  245 415 427 451 459 568 674 794 864 918 960
3  235 293 456
8  76 107 298 373 387 411 585 996
12  29 126 326 425 452 458 459 658 751 793 833 857
12  120 143 185 196 294 313 432 447 622 685 730 768
8  258 277 349 638 693 703 801 857
6  35 186 374 607 622 701
18  3 8 14 38 66 75 123 196 224 256 300 379 424 508 550 673 682 999
7  429 561 624 907 944 965 988
13  35 56 231 449 476 568 683 726 756 853 903 951 991
7  61 65 113 500 787 794 839
9  104 120 138 196 217 244 660 700 858
8  37 45 215 291 391 657 688 948
14  96 205 228 285 373 436 522 559 620 651 780 794 828 897
14  85 105 140 309 435 468 553 628 751 757 867 959 984 994
12  47 131 144 183 296 361 367 400 666 777 834 934
5  245 471 684 794 891
7  93 223 232 459 596 680 933
8  152 174 191 423 457 667 823 930
16  167 169 240 244 268 285 307 563 664 689 729 773 788 809 843 936
15  47 82 110 215 270 308 319 325 379 382 458 476 521 596 834
12  38 76 174 212 232 274 388 445 607 625 882 937
8  50 323 468 488 589 632 706 726
9  181 218 410 711 747 784 816 889 989
13  74 82 127 204 270 384 493 542 662 742 765 808 880
10  101 177 180 283 327 339 796 821 854 939
10  116 201 326 461 572 718 742 750 859 895
9  33 505 573 595 617 672 770 778 835
8  38 234 272 429 470 584 596 836
9  8 269 350 448 538 659 753 833 841
7  88 138 234 401 581 731 774
7  7 150 454 475 605 607 684
11  26 40 89 198 380 444 671 856 869 894 923
8  347 443 788 824 849 883 965 987
6  211 386 615 802 833 925
12  142 166 354 393 418 437 654 662 673 746 901 936
8  1 356 430 439 473 610 917 984
9  297 397 429 540 595 740 782 824 959
11  24 44 69 108 355 678 700 772 800 804 974
16  35 43 56 71 124 176 237 550 671 728 754 791 803 861 916 941
11  156 247 527 565 705 707 764 767 823 903 960
11  121 230 378 402 568 599 664 670 717 882 892
9  5 89 387 413 419 452 579 599 746
7  14 145 163 348 641 818 965
14  129 148 159 272 332 461 504 536 547 679 807 816 886 896
14  40 112 173 200 218 383 394 537 744 895 898 902 933 953
16  38 86 92 370 398 490 504 550 559 599 742 758 759 785 794 922
11  84 478 486 530 532 564 733 741 760 839 937
16  15 59 100 135 200 207 228 273 339 392 569 622 636 691 728 958
