1000
13  77 168 252 348 423 450 478 561 658 693 835 871 874
10  27 29 111 300 365 378 427 480 839 870
10  126 267 286 415 607 642 687 703 737 866
8  127 194 488 503 686 848 936 999
10  7 146 320 632 667 821 823 840 848 865
10  46 115 140 142 226 279 399 403 549 963
4  102 201 225 249
13  4 35 50 91 339 350 489 589 695 785 819 850 904
7  145 360 401 518 570 636 792
7  50 106 233 356 406 646 762
12  136 214 251 287 554 673 746 764 781 898 956 969
10  91 117 427 585 710 834 838 870 875 952
10  129 132 179 195 327 469 535 880 939 965
13  82 98 230 251 284 535 544 561 611 733 749 825 983
8  75 352 485 494 645 651 842 971
14  27 95 177 185 190 263 512 528 613 691 734 895 971 994
16  35 141 203 215 275 305 347 463 555 583 660 668 777 807 820 901
6  70 92 227 440 514 857
6  63 309 350 362 605 831
12  150 164 211 238 294 304 351 387 421 536 625 944
9  35 125 142 278 510 621 765 831 832
8  306 462 484 550 584 648 745 969
6  234 316 469 537 664 872
12  108 319 460 503 536 623 705 721 764 837 869 896
12  27 162 222 233 280 304 542 592 669 837 846 995
15  126 134 142 341 363 466 511 590 613 614 696 834 873 948 960
12  126 139 231 251 435 521 546 631 636 863 978 999
7  1 15 24 323 400 666 714
10  111 173 175 229 413 457 553 596 610 862
9  1 64 318 364 482 491 789 966 974
9  96 304 329 393 484 532 560 678 782
2  503 794
6  143 175 193 330 545 730
8  64 161 282 515 609 755 800 807
12  87 156 215 295 312 398 557 571 594 755 807 825
15  7 16 20 72 384 552 605 716 721 758 810 830 894 970 993
19  103 225 227 408 429 441 475 633 650 737 779 816 825 872 885 886 902 921 927
7  160 243 549 661 682 818 968
9  81 290 307 385 485 553 840 920 954
11  165 269 580 582 665 793 839 842 860 904 957
10  75 123 284 488 511 672 766 773 885 958
12  130 162 220 241 361 535 676 754 801 894 900 921
6  111 207 312 574 711 814
13  99 245 269 360 364 374 391 444 483 639 767 773 982
7  55 139 156 281 387 674 787
8  96 385 453 487 549 618 689 755
12  5 190 282 411 514 515 530 683 798 894 900 983
7  53 54 229 506 540 832 896
15  83 140 195 207 211 230 360 599 623 682 730 816 839 909 911
8  141 286 289 316 538 555 563 974
13  7 9 62 76 99 197 545 550 773 777 783 955 957
11  58 64 73 101 195 202 493 551 638 768 947
6  63 194 592 634 833 895
8  47 212 542 573 640 770 812 917
13  47 166 254 295 475 526 771 841 889 894 908 986 998
9  44 111 349 352 411 529 685 696 940
7  88 287 306 392 513 731 853
5  319 424 610 654 817
7  51 87 252 262 412 589 825
13  220 226 404 423 428 487 561 595 794 841 842 855 866
7  102 482 497 716 768 862 967
7  102 678 735 738 775 857 876
11  50 123 396 414 420 451 747 805 844 847 988
16  18 52 151 257 274 336 378 425 514 529 597 745 793 810 830 868
12  29 33 51 105 306 310 411 422 478 554 714 730
8  132 256 311 537 642 650 851 876
16  117 169 175 176 355 379 510 548 577 650 786 860 864 894 984 988
14  95 389 398 404 480 501 542 588 591 639 691 723 833 965
6  298 700 818 824 917 971
9  84 342 347 349 391 414 529 617 778
11  17 97 183 295 416 474 536 624 646 652 920
7  219 285 401 498 509 653 832
13  35 89 152 332 353 487 593 600 666 825 858 897 930
16  51 109 153 185 216 315 469 488 508 614 678 689 816 898 912 957
9  437 443 604 670 772 866 929 936 976
15  14 40 204 468 664 743 757 759 760 761 764 818 871 909 947
12  50 132 149 225 263 411 599 657 916 943 944 967
10  0 84 155 356 409 428 586 786 910 915
7  227 244 317 424 479 591 838
6  128 156 556 608 933 941
9  179 186 188 308 449 470 704 901 944
10  38 83 100 277 302 413 420 483 742 803
11  13 139 358 393 433 466 528 542 912 984 999
7  48 81 90 336 437 672 764
4  69 77 418 781
8  139 186 554 824 847 917 949 972
5  121 373 699 776 871
11  34 58 136 335 341 435 494 655 661 733 804
9  56 213 221 235 260 523 530 588 740
10  72 333 437 447 481 544 727 836 880 906
8  83 150 269 376 677 879 927 981
11  7 11 179 327 589 670 680 721 821 965 987
11  17 131 138 146 316 333 401 423 740 765 897
11  213 325 464 480 517 603 624 642 793 801 819
8  110 253 350 376 474 523 553 923
8  15 67 135 483 565 649 664 932
15  30 45 117 154 177 210 425 437 471 658 668 693 697 740 836
11  70 136 169 181 254 290 382 559 569 651 985
7  13 318 376 428 535 551 893
11  43 50 220 265 467 561 588 612 788 894 920
10  81 175 203 280 407 493 595 707 760 817
9  51 417 476 618 623 684 699 864 882
8  6 60 61 225 374 550 579 894
9  36 122 188 336 491 651 689 731 978
7  184 186 372 613 734 791 959
11  64 117 136 185 254 462 480 657 699 889 912
12  9 137 219 239 474 554 558 636 643 764 783 804
10  128 258 434 536 587 711 719 761 777 811
5  23 743 767 915 982
16  73 183 196 252 330 370 441 506 669 672 790 825 868 909 930 975
13  94 215 308 382 403 466 500 555 641 704 721 791 797
10  1 28 42 55 406 509 574 595 940 949
14  191 196 390 457 475 479 569 617 637 661 813 865 911 997
11  195 398 512 723 751 788 805 827 902 903 967
14  277 332 384 522 526 563 606 613 719 843 874 882 895 992
14  5 122 201 302 425 524 604 616 624 667 723 743 817 835
6  134 185 205 223 744 960
14  11 66 96 105 176 218 320 345 468 521 562 817 824 861
11  135 202 208 285 328 355 621 723 772 782 794
12  135 185 289 479 523 578 603 659 868 915 916 967
9  250 325 403 427 459 518 641 784 826
14  86 122 137 285 323 333 348 410 533 770 856 944 945 952
8  103 115 121 134 137 195 263 592
10  40 62 243 377 509 594 680 761 857 995
9  156 276 288 305 360 409 685 844 934
13  20 136 424 462 525 546 553 634 717 739 867 952 990
13  2 25 26 134 384 491 638 643 776 825 927 971 996
9  3 196 504 597 708 730 803 945 948
4  79 107 719 788
10  12 316 430 454 494 560 585 657 829 833
11  41 149 225 236 263 324 450 482 776 900 984
10  92 206 230 271 521 558 571 674 777 918
10  12 65 76 138 255 470 559 580 646 680
10  140 204 305 362 445 508 521 544 681 851
16  25 116 122 126 230 270 537 558 622 661 724 733 786 919 942 952
5  95 118 119 203 778
10  10 87 97 105 125 449 526 623 747 960
9  106 121 122 344 351 357 420 585 659
8  92 132 268 340 407 440 616 901
9  26 44 82 85 236 318 369 423 571
9  5 48 133 327 420 762 852 868 974
13  16 49 151 195 263 274 287 367 632 683 783 895 928
9  5 20 25 379 442 446 756 825 906
7  32 256 403 665 678 780 987
5  191 323 346 843 997
8  8 228 318 365 431 471 638 944
10  4 92 355 536 540 565 646 747 811 919
9  164 228 512 608 694 705 827 924 980
14  183 223 419 587 602 640 760 818 822 853 881 930 956 986
12  76 130 325 383 443 449 591 618 659 822 970 981
14  19 90 250 253 254 269 307 323 551 846 851 865 867 983
4  63 141 768 947
8  72 298 417 427 572 753 893 976
14  73 162 255 322 549 571 577 588 723 777 923 947 968 975
6  96 243 655 843 887 971
12  77 250 260 462 488 575 590 631 641 725 795 919
10  34 44 79 124 220 228 330 440 606 832
5  241 449 652 683 861
12  334 582 671 686 711 723 730 771 791 817 831 946
8  257 318 399 477 524 549 621 821
13  37 204 265 284 295 316 428 557 561 581 652 753 778
7  33 327 430 486 548 551 772
8  24 41 153 491 681 762 769 963
5  272 356 766 791 859
15  19 147 293 318 429 511 578 595 602 606 766 790 867 919 998
10  39 197 248 265 329 332 369 803 848 849
8  54 214 372 409 574 661 902 935
13  200 216 286 329 331 398 403 479 507 702 714 728 930
1  0
13  66 97 266 426 434 535 543 612 672 761 762 836 879
15  283 339 354 562 577 620 649 724 768 862 922 923 938 959 973
9  178 232 235 268 754 800 956 973 999
8  272 539 615 788 804 852 922 927
12  28 190 279 397 453 522 555 594 661 671 894 973
7  258 268 295 311 758 835 897
11  28 32 66 100 307 318 332 580 591 844 876
12  66 117 210 275 380 388 491 517 730 823 834 861
13  15 96 241 273 275 378 385 553 744 782 816 907 948
8  171 216 251 297 500 621 867 931
13  12 80 91 187 197 235 255 360 489 519 760 772 965
8  306 347 636 777 804 918 963 989
7  97 188 247 272 456 495 523
10  338 347 481 608 610 727 881 920 943 949
14  70 109 148 228 290 361 388 562 681 692 733 795 833 938
10  104 235 311 504 521 647 704 705 743 900
12  15 73 105 116 119 199 227 274 354 471 548 588
15  80 85 104 187 233 391 495 506 622 645 728 771 942 965 979
11  179 186 262 308 333 394 422 437 564 686 759
17  80 103 181 206 248 396 520 561 566 656 688 713 833 847 893 986 994
10  217 264 333 403 406 508 770 778 816 931
10  15 46 173 346 557 582 624 632 666 757
10  112 144 355 536 546 560 760 793 822 976
9  247 488 526 534 540 765 845 855 984
9  32 464 506 537 662 675 771 832 869
12  3 52 324 348 410 443 508 656 806 813 852 939
11  12 48 51 113 122 141 305 321 447 449 789
10  109 112 127 206 560 586 678 709 817 819
14  50 165 179 232 251 457 628 694 756 769 807 816 891 973
5  251 257 425 759 990
8  185 252 355 462 604 639 803 847
6  167 450 480 508 692 990
5  6 115 262 385 841
7  51 118 359 557 676 712 748
10  16 100 135 204 400 581 663 673 704 708
11  75 133 160 203 324 331 349 463 544 690 744
15  116 241 347 487 507 571 669 675 723 778 823 829 860 916 958
13  131 188 196 260 347 350 536 633 716 728 733 775 826
7  42 48 410 434 574 797 997
14  118 268 317 390 487 500 578 602 692 728 892 899 914 951
6  238 275 340 422 824 913
13  96 176 283 294 361 436 491 576 641 717 765 841 907
10  19 48 227 237 331 418 742 889 895 901
8  53 275 277 532 617 693 705 972
13  88 93 236 244 324 331 370 380 393 413 599 724 747
13  10 166 281 530 557 756 847 868 900 903 908 915 965
13  16 34 110 334 425 499 527 543 704 844 907 993 994
13  73 167 178 227 299 492 509 716 731 852 908 943 973
7  189 224 452 522 708 754 816
13  117 477 537 555 636 765 766 854 890 926 956 992 995
12  71 106 282 375 427 454 489 670 689 763 934 982
9  41 59 99 156 277 679 824 884 994
9  88 296 327 376 416 455 474 670 947
7  24 280 297 501 512 808 828
7  116 148 274 378 552 575 962
3  217 480 606
15  6 36 76 102 130 341 454 513 530 622 701 725 884 931 971
10  5 59 499 505 646 733 734 751 881 930
12  17 36 78 185 211 216 245 435 531 705 762 839
12  145 147 156 183 276 343 597 622 659 803 866 900
8  28 47 245 375 533 692 857 925
8  13 48 131 134 283 604 661 745
7  26 323 342 454 636 683 922
6  171 197 290 317 685 768
11  9 24 186 360 414 513 608 623 722 821 971
9  22 319 498 612 725 742 808 962 994
11  88 171 179 184 251 271 487 531 756 881 908
10  130 139 213 281 414 543 622 663 964 968
5  211 479 637 784 941
9  19 209 357 369 425 467 565 799 824
10  106 317 396 413 421 526 534 569 669 748
5  275 360 555 563 571
8  41 157 177 205 486 531 595 618
9  265 288 313 377 435 497 505 704 875
9  37 123 154 352 508 564 786 792 976
10  78 213 278 332 355 640 668 894 903 937
6  43 227 229 392 803 867
6  645 690 775 841 887 921
8  181 192 388 451 609 705 914 954
7  165 188 305 428 703 729 770
4  6 839 860 960
9  120 150 155 345 364 390 737 947 973
12  10 13 26 178 197 198 235 433 537 646 775 895
13  0 58 109 199 476 575 611 633 679 687 725 744 864
9  94 150 285 512 569 587 882 890 905
7  54 97 105 150 567 620 853
12  132 153 179 495 513 538 611 656 744 789 971 996
5  65 143 574 698 731
10  63 159 198 415 582 647 715 737 894 913
10  107 174 329 397 434 567 684 906 933 987
4  662 817 919 998
15  88 155 206 266 373 382 415 435 769 794 851 859 881 890 935
6  282 434 445 713 759 808
10  58 187 201 349 489 563 713 735 849 912
13  15 76 122 130 141 281 329 409 433 458 499 637 661
10  189 267 293 340 503 595 702 711 785 859
9  99 160 165 242 479 519 648 766 989
8  169 260 428 634 655 754 876 974
12  2 264 271 451 537 688 724 834 837 958 989 996
8  138 171 174 208 430 587 947 988
17  39 43 90 150 279 333 461 491 501 563 570 584 723 834 856 875 879
8  134 302 545 686 731 772 799 964
6  131 235 267 395 523 533
11  163 172 181 276 619 625 644 718 875 967 974
13  177 398 436 441 465 509 548 554 595 646 677 680 824
14  63 141 185 223 341 503 506 538 575 585 590 742 762 790
15  16 176 177 209 212 240 418 484 485 488 500 727 807 850 852
8  124 228 272 735 815 854 875 948
18  81 114 212 220 291 309 320 507 580 664 689 721 831 843 865 885 951 961
7  20 244 311 313 386 688 828
6  5 173 269 305 500 759
7  24 100 222 298 299 755 924
16  44 214 236 263 321 381 390 432 535 635 648 797 872 892 927 974
14  33 46 219 261 479 584 611 665 706 722 749 786 936 988
7  170 210 230 297 604 664 901
10  13 40 160 321 398 560 676 711 768 850
9  71 118 121 253 611 633 734 872 900
10  2 49 167 328 639 645 690 707 735 900
7  10 56 141 290 357 729 769
9  124 242 497 539 591 613 726 770 839
11  49 119 328 392 458 613 623 750 861 864 879
11  38 97 183 232 287 343 471 486 513 577 901
7  277 370 518 710 770 894 921
3  310 513 731
7  164 264 429 594 688 857 917
12  19 210 320 328 407 445 501 518 603 649 661 931
8  34 54 70 160 174 567 581 984
7  221 387 485 556 638 749 862
16  178 222 283 345 353 511 528 627 630 705 782 811 814 918 928 951
15  68 152 280 342 371 487 527 576 584 603 606 693 789 814 817
12  216 280 303 304 335 350 358 543 651 655 942 986
12  1 384 418 420 438 497 543 602 647 781 866 898
8  378 382 386 469 475 607 749 925
12  81 115 270 325 453 467 519 650 789 810 912 945
7  299 339 350 422 437 549 627
13  19 24 30 299 362 518 526 645 737 825 896 951 977
11  16 124 133 195 248 279 418 539 574 814 870
8  21 56 64 180 389 644 646 831
13  38 150 175 397 455 458 514 574 662 760 815 874 976
9  80 110 187 502 505 621 663 789 946
11  18 277 342 359 362 520 576 659 662 680 818
9  64 292 355 425 445 587 699 799 977
20  65 174 184 278 316 326 327 328 338 399 404 579 583 603 659 673 714 722 834 921
9  34 42 345 476 666 668 777 949 978
5  242 278 502 596 662
7  340 396 424 676 734 924 953
10  73 387 541 648 654 744 746 750 880 892
9  22 49 92 129 160 311 603 663 746
13  78 208 232 239 322 436 458 557 622 624 915 924 992
16  29 98 139 145 159 164 175 383 419 501 567 588 613 614 626 879
11  23 57 234 362 389 572 738 831 868 931 954
9  4 117 277 294 402 825 826 875 947
9  195 281 284 345 467 556 600 638 900
5  153 317 805 881 965
14  27 121 144 150 231 418 556 578 729 824 849 886 945 954
8  130 194 204 213 354 688 812 922
14  93 120 149 302 328 392 497 546 668 726 841 882 934 960
8  311 499 623 717 779 876 948 965
14  12 91 140 161 221 311 614 714 717 767 816 901 906 949
14  118 286 289 294 311 325 414 444 465 561 607 609 834 903
12  30 165 167 258 263 335 386 553 564 580 710 760
7  32 109 156 559 598 653 845
12  167 204 211 213 375 494 502 559 608 756 909 947
18  72 114 165 175 244 442 486 603 605 759 813 816 826 831 842 871 900 985
11  89 92 121 187 189 269 404 652 679 974 987
7  158 215 401 590 598 683 987
12  87 299 329 415 533 678 728 821 829 830 922 927
5  63 83 103 749 874
10  354 364 393 397 494 579 594 742 778 786
10  182 311 568 587 625 681 775 783 857 903
13  7 170 303 392 400 416 426 456 715 745 765 853 924
8  138 209 264 314 455 496 625 830
10  25 87 225 274 491 538 558 703 770 950
15  69 231 298 309 370 507 538 542 627 714 760 878 888 931 964
6  228 290 406 643 768 771
5  137 405 717 841 897
11  117 250 297 312 321 443 526 775 790 860 874
8  144 190 412 465 644 798 835 972
12  16 69 180 182 205 206 496 578 845 898 973 981
9  0 121 194 508 548 587 637 857 995
8  55 69 204 262 433 652 711 720
9  7 18 94 206 299 303 585 829 942
10  19 137 382 513 668 699 710 712 766 848
9  14 55 243 458 470 687 739 827 927
10  72 297 460 552 591 598 610 723 759 922
13  170 185 324 337 397 436 467 552 722 730 797 848 854
16  66 118 146 191 199 244 310 371 393 559 690 737 780 851 910 967
11  9 77 163 368 575 623 646 678 762 917 944
10  137 238 287 442 603 655 828 894 926 947
7  82 299 497 534 595 842 887
8  202 309 516 589 671 690 735 884
10  8 43 48 124 179 233 240 536 628 807
8  41 183 210 767 777 844 879 966
11  18 133 304 309 319 380 503 656 673 776 877
6  25 390 408 554 697 838
11  29 43 250 337 525 785 794 841 847 858 972
8  1 145 395 535 652 755 792 988
6  487 496 609 772 779 799
9  141 430 460 462 575 622 717 828 845
5  356 672 874 924 957
8  139 165 238 678 743 779 958 999
9  109 213 291 342 590 841 858 904 938
8  298 355 607 650 800 913 922 964
10  104 166 377 638 652 661 740 815 837 889
6  86 260 374 466 753 845
10  43 102 373 408 418 525 563 589 618 820
10  219 229 331 471 505 611 698 834 856 899
8  90 94 98 221 383 438 711 753
8  123 242 372 508 660 815 824 915
8  1 63 177 223 301 533 643 943
10  66 142 388 389 399 746 776 860 909 982
8  176 213 362 434 490 491 525 844
9  281 392 446 485 501 522 536 568 954
12  97 110 260 301 351 423 505 531 565 657 738 903
15  149 318 376 431 564 690 696 761 762 858 859 864 917 934 992
11  35 114 126 300 417 529 551 577 587 866 874
9  38 45 177 201 412 610 653 660 755
13  278 301 329 389 455 523 542 543 669 725 904 920 925
12  19 44 296 315 445 461 514 617 765 773 922 928
7  176 183 247 379 439 442 851
15  67 306 319 379 386 429 478 589 621 686 696 729 772 813 999
10  112 208 250 281 363 452 480 782 906 979
13  43 69 186 421 446 463 527 544 739 879 959 980 995
12  56 245 289 325 339 381 493 541 580 586 608 887
14  30 82 213 337 355 448 452 531 533 569 667 706 863 896
7  187 550 679 725 773 878 996
10  271 365 432 455 616 658 685 752 927 987
10  62 188 239 314 495 933 945 952 955 979
11  173 258 307 337 354 403 572 576 736 752 899
17  34 67 113 167 273 284 479 533 571 642 650 781 790 797 835 877 934
14  5 159 311 379 411 452 501 502 545 723 743 761 851 868
9  27 203 339 433 439 485 636 639 838
7  8 71 92 334 479 857 929
7  320 422 562 807 837 903 977
13  5 110 120 143 167 189 397 419 472 492 528 862 876
9  59 67 311 333 608 664 669 734 756
4  344 414 719 772
13  9 111 189 343 486 559 610 653 682 749 767 869 992
6  100 138 294 543 599 799
12  36 363 374 564 582 631 694 720 721 756 771 876
12  77 124 166 263 473 533 583 606 749 824 897 899
7  121 194 207 537 604 664 794
13  46 55 64 76 399 436 463 641 664 765 822 869 913
12  58 346 385 471 539 642 658 727 809 821 892 999
11  28 81 213 239 642 779 856 870 912 923 930
10  62 69 233 236 328 405 535 629 645 843
10  2 257 260 335 469 561 707 708 716 934
4  70 221 339 716
6  101 152 384 586 827 987
14  84 211 275 300 305 323 374 536 564 681 776 852 964 981
5  148 318 403 783 904
10  62 81 137 140 300 480 588 921 957 975
5  19 239 391 646 759
9  64 187 209 303 402 630 662 758 881
7  0 59 92 139 382 556 617
11  57 78 125 314 536 689 736 871 887 964 977
10  63 96 115 198 215 238 310 450 504 960
5  169 339 626 776 800
6  1 11 120 152 219 507
17  59 77 98 160 248 266 455 471 473 526 671 672 680 743 759 867 986
9  36 164 293 389 459 500 578 863 867
6  129 161 268 367 445 992
6  145 383 669 678 852 983
9  281 395 565 770 785 846 959 980 991
10  82 251 263 349 400 501 525 598 650 862
9  107 169 207 258 261 380 720 768 930
9  26 87 227 242 260 596 622 933 973
14  210 273 317 354 411 484 534 572 633 646 793 839 930 932
10  74 83 89 96 187 303 441 474 559 654
7  300 376 494 708 789 940 974
9  388 400 619 754 769 811 875 900 917
5  17 138 156 450 531
8  36 109 273 437 453 539 725 977
6  142 332 357 388 641 858
12  74 149 194 345 467 607 638 749 778 854 876 902
8  43 328 447 556 639 742 791 836
13  133 261 294 310 387 430 526 580 586 614 646 885 936
12  142 381 391 634 684 697 741 749 859 878 964 967
10  89 195 444 520 555 557 627 663 727 822
3  393 652 847
13  80 136 149 157 195 660 661 663 706 744 797 972 988
10  0 130 200 425 440 688 832 863 880 929
9  62 247 267 525 532 538 728 754 973
10  217 390 393 399 503 566 673 771 859 965
9  45 173 302 441 521 711 788 905 945
11  129 219 225 231 455 655 662 733 934 949 955
16  221 307 340 386 395 428 454 497 511 525 666 741 812 879 909 977
6  181 339 596 726 837 959
10  28 112 197 467 566 611 669 812 894 925
11  263 289 307 317 352 554 700 754 814 876 886
6  120 429 491 593 624 667
11  23 353 367 469 472 512 607 686 791 888 985
9  269 387 524 528 530 562 572 598 652
10  21 105 125 155 199 367 536 748 789 838
10  16 204 391 411 519 653 759 789 932 944
8  93 193 481 593 833 898 981 996
10  273 328 346 585 636 781 812 951 988 997
9  25 82 110 373 497 609 807 902 964
15  99 238 302 321 354 443 457 501 600 628 647 682 757 784 785
9  75 117 483 526 544 660 803 937 974
14  12 22 73 301 415 460 523 542 554 573 661 749 775 814
4  80 132 352 660
12  96 145 185 290 375 412 428 498 540 553 648 827
3  403 460 671
5  409 428 690 728 953
10  70 94 106 221 437 502 804 808 812 979
10  36 54 112 301 503 762 897 913 967 986
10  101 252 312 508 552 650 824 931 955 969
7  159 218 556 636 714 804 951
10  0 64 389 530 580 658 748 875 916 947
17  78 112 119 167 237 265 282 398 401 537 674 744 799 853 860 911 955
11  1 67 93 105 200 224 390 420 509 595 773
7  89 182 464 654 729 746 943
9  29 60 130 740 785 897 913 924 961
11  43 81 95 468 519 635 683 691 719 846 971
7  21 30 275 436 588 780 956
9  14 38 275 296 381 400 794 918 972
12  161 241 290 332 406 510 518 564 575 619 638 646
13  45 59 72 205 208 235 298 366 506 734 748 815 868
9  3 40 73 155 192 275 518 549 644
6  7 179 219 262 855 898
6  380 614 723 783 825 865
20  29 103 126 162 176 210 269 341 380 459 567 634 710 736 769 795 802 843 861 995
8  216 403 726 776 882 929 956 996
9  51 100 392 536 568 619 732 988 999
11  14 87 129 331 337 438 500 680 689 953 970
16  181 186 255 396 599 610 637 708 742 753 765 775 810 854 882 995
9  340 347 366 502 558 837 840 845 898
9  60 242 288 300 325 358 455 466 749
8  71 234 471 515 575 809 813 889
8  215 226 263 326 615 871 881 949
13  110 178 208 275 279 429 494 568 862 873 898 958 987
11  67 222 269 294 318 381 399 433 467 659 905
12  308 313 331 399 474 496 629 649 825 868 951 964
12  3 23 31 264 274 362 452 475 570 609 789 922
8  127 184 425 564 591 676 682 757
10  226 242 308 375 382 544 605 629 804 849
14  47 109 186 193 274 487 515 543 583 615 699 811 932 973
11  167 205 277 342 427 582 670 764 767 833 958
17  73 133 189 194 200 243 348 377 476 618 634 688 695 827 879 901 998
16  71 111 123 216 273 480 543 548 561 586 597 639 710 740 792 985
6  20 66 486 556 874 921
12  25 40 164 297 455 529 557 594 755 758 970 980
11  15 113 147 222 253 460 534 562 754 814 842
11  56 225 233 255 290 292 351 546 690 791 930
9  17 46 63 307 387 619 710 745 760
8  33 46 498 506 535 760 956 994
2  359 983
7  93 176 633 697 899 918 931
13  8 120 291 294 304 486 488 535 584 613 770 882 983
10  179 265 302 463 483 548 612 751 948 980
7  188 309 447 814 834 916 926
9  26 117 131 133 184 453 604 859 870
8  114 173 217 381 545 647 794 989
10  88 94 119 181 271 386 469 563 776 896
11  115 159 461 549 593 719 782 793 841 874 988
11  125 364 374 380 433 451 455 545 611 883 959
15  54 114 136 192 239 304 345 428 445 468 544 682 701 859 889
7  215 298 391 568 732 944 949
11  15 82 297 403 461 721 787 823 846 909 997
11  55 63 69 384 511 562 622 732 797 821 895
9  46 88 214 225 461 478 687 833 886
10  227 235 241 382 393 440 717 866 877 992
9  30 212 451 595 616 688 808 866 920
12  121 229 271 335 378 393 398 409 596 763 790 880
10  192 239 358 436 512 600 617 631 793 995
18  12 13 41 98 169 281 365 414 515 518 624 636 753 760 783 794 804 809
20  19 23 70 107 146 191 206 360 381 418 424 462 493 567 668 798 909 926 937 977
13  22 65 134 193 218 251 267 410 479 571 743 817 863
12  49 255 274 341 342 451 546 688 869 890 896 920
9  172 288 305 412 441 732 888 918 968
10  47 146 192 471 591 596 621 653 758 878
6  315 392 594 728 778 786
8  24 53 67 82 342 386 469 741
12  169 215 236 299 300 386 407 506 509 613 636 878
14  13 89 133 204 391 468 505 526 553 629 630 646 783 818
12  32 50 270 399 522 525 689 691 705 759 933 992
12  26 125 191 325 513 538 676 691 716 770 942 949
2  696 845
15  66 161 185 273 348 509 519 555 557 673 700 749 804 820 898
10  5 37 45 153 159 303 488 524 659 796
8  21 50 102 394 634 818 893 900
9  51 98 150 161 384 646 859 862 880
10  35 223 353 354 476 604 620 648 665 917
13  28 38 94 125 177 329 471 544 614 709 806 816 990
15  10 64 85 106 273 363 458 469 561 566 631 737 833 859 928
13  16 49 110 173 218 240 447 548 690 698 879 936 980
10  79 296 321 323 423 444 477 510 764 848
12  34 160 190 202 214 317 447 511 548 582 735 882
10  106 131 134 341 496 620 645 652 870 998
9  97 132 330 331 355 406 437 853 860
9  30 129 191 196 284 658 678 831 940
17  0 13 59 99 160 188 328 415 509 554 579 637 693 786 801 857 883
14  117 170 183 402 461 512 529 584 591 625 724 761 917 939
10  49 114 240 262 269 374 523 658 824 969
11  187 243 329 383 408 418 486 504 717 750 842
10  95 146 238 382 432 681 688 712 733 797
7  188 452 457 554 630 797 814
9  254 258 295 318 491 536 569 767 955
9  338 381 493 500 527 571 653 829 979
7  97 112 239 253 393 567 957
6  8 269 503 574 769 930
12  34 131 139 153 205 240 398 537 568 660 695 710
11  152 319 397 436 461 667 777 788 834 877 963
6  53 469 641 820 849 892
9  42 111 166 207 256 305 307 570 988
12  155 223 252 274 356 367 486 498 651 658 712 944
10  210 298 309 397 610 640 706 822 916 992
7  66 153 170 290 384 736 781
9  119 164 208 323 347 429 645 801 983
9  102 311 337 561 634 719 782 827 851
15  39 132 175 277 329 392 445 478 622 808 863 877 907 943 955
8  160 203 295 622 636 856 902 992
11  39 158 190 257 408 507 557 670 780 862 990
8  16 311 409 506 701 749 852 922
12  21 269 282 298 518 562 740 743 763 797 816 847
9  11 129 137 274 350 465 814 838 980
9  77 196 392 417 445 509 696 803 818
16  107 148 253 268 310 338 348 384 591 679 719 725 915 960 983 993
10  67 88 99 153 185 318 420 484 590 833
8  7 58 91 359 374 389 928 952
14  25 155 274 334 370 588 592 663 708 765 841 852 873 966
15  67 78 149 175 288 353 504 540 562 587 803 838 849 851 859
9  24 52 122 590 644 712 912 918 997
11  72 459 464 524 635 681 688 815 912 939 949
10  34 123 173 293 337 511 541 674 682 838
12  59 100 111 164 241 264 273 358 480 532 606 922
10  28 313 435 456 533 540 761 873 894 998
6  63 127 228 509 760 780
11  330 334 353 433 461 606 660 789 878 913 930
10  48 76 213 407 495 656 685 725 937 952
7  72 321 467 534 828 870 905
9  649 700 766 787 795 808 854 886 957
9  148 164 208 300 703 853 855 901 906
9  93 119 294 298 311 316 332 357 948
12  74 115 199 230 283 410 521 552 661 733 766 841
7  18 35 332 505 791 923 998
9  114 156 164 224 298 409 595 598 854
7  2 301 328 371 443 460 807
9  79 147 182 233 331 392 404 691 881
17  33 247 328 366 466 503 650 663 675 719 736 768 798 821 916 928 929
12  28 57 182 353 385 406 495 576 617 866 868 999
13  13 252 255 282 285 375 457 525 654 684 796 804 952
9  99 169 234 519 749 774 784 972 985
14  15 25 104 114 288 289 318 518 543 710 763 781 850 902
11  25 73 318 327 445 490 553 713 945 988 996
9  172 499 506 679 814 867 922 926 967
7  115 138 395 532 732 779 918
11  69 112 212 387 423 534 610 644 826 866 920
12  45 101 149 241 374 508 661 673 782 790 913 981
8  272 439 486 493 514 771 794 849
7  170 254 552 558 625 641 684
7  20 118 159 178 308 389 540
14  134 186 225 228 236 317 367 435 529 580 581 665 746 913
12  23 48 101 136 233 289 326 356 685 879 926 951
9  70 93 115 190 317 459 535 811 989
8  19 272 338 340 562 620 752 853
6  318 426 658 754 934 955
9  297 303 342 447 657 658 712 941 992
10  197 360 467 713 732 742 758 847 848 858
8  414 502 505 544 634 838 891 916
4  297 422 544 566
8  26 155 408 534 554 705 805 939
7  4 141 190 691 747 923 994
10  36 206 252 285 436 517 636 770 863 873
10  52 125 266 446 491 508 550 579 629 642
5  281 483 593 777 910
17  8 26 106 180 218 231 400 465 477 535 543 581 633 697 855 960 992
14  112 237 263 348 495 561 657 670 781 785 882 888 930 935
14  51 126 145 296 321 372 443 486 658 668 705 730 940 946
9  43 67 199 286 400 444 509 701 999
5  53 148 244 576 972
11  110 120 155 210 411 442 573 620 796 833 926
10  2 65 93 398 412 413 634 647 980 984
8  106 126 343 378 737 779 791 853
10  272 306 346 488 592 617 824 899 923 969
9  14 186 246 286 304 414 558 578 954
17  9 70 132 146 226 251 273 306 356 421 436 445 486 544 551 785 969
7  184 257 300 467 522 642 862
7  21 265 281 315 471 552 779
10  95 170 294 502 601 703 815 826 837 899
14  36 65 66 302 371 398 433 476 609 786 829 874 979 992
7  14 97 103 299 575 922 948
12  70 157 160 333 349 365 372 448 461 558 675 780
14  71 330 385 406 463 540 568 683 715 721 731 791 909 959
7  57 315 437 481 611 939 989
8  87 154 266 299 357 454 704 999
9  188 194 255 362 599 824 832 853 972
6  76 105 129 382 627 637
18  0 96 395 412 478 560 563 575 626 627 638 681 762 796 819 904 963 990
13  119 137 149 228 309 311 501 549 670 710 880 901 914
11  16 377 385 449 468 470 571 598 675 717 773
18  37 87 112 134 166 173 230 263 294 372 449 469 604 618 694 775 798 839
10  193 259 307 309 313 422 454 666 669 789
13  203 236 308 316 447 449 590 609 808 812 867 916 952
10  22 75 95 277 283 404 410 411 826 925
10  39 143 282 552 622 786 791 861 900 999
8  27 72 190 312 455 662 784 957
10  4 115 393 459 572 708 738 922 984 997
10  16 96 244 312 325 351 536 638 762 906
12  24 109 205 239 386 404 431 457 662 746 877 922
12  74 91 219 221 507 582 637 659 712 730 844 892
8  158 173 359 428 472 694 852 980
7  40 83 109 169 368 428 977
10  10 203 311 362 452 548 618 859 932 942
5  44 131 479 594 927
10  193 205 609 652 660 712 808 817 965 970
7  41 202 284 314 504 546 784
4  90 273 874 989
14  30 61 73 143 196 335 356 369 431 560 712 782 796 993
11  220 252 333 394 587 615 731 764 892 955 977
9  91 123 132 273 309 428 494 933 982
13  133 162 183 338 418 565 593 658 821 835 853 877 989
10  37 48 406 467 504 526 594 694 851 893
10  46 141 157 231 334 483 653 762 763 988
7  101 258 446 611 620 735 919
6  55 124 232 395 599 623
9  3 158 187 270 389 460 708 899 948
10  2 252 352 530 711 772 781 783 829 929
16  188 267 278 293 324 450 508 532 538 565 593 712 722 832 900 913
10  45 73 103 219 277 424 494 545 809 967
12  204 246 286 355 359 383 473 513 555 715 750 852
10  15 67 483 545 546 608 632 734 926 963
5  183 200 208 229 950
6  0 96 212 298 561 791
12  147 197 408 661 671 682 737 793 809 815 831 882
6  7 508 571 768 832 888
6  25 55 383 389 547 586
7  96 363 446 517 636 756 909
5  256 375 555 760 855
12  86 101 105 310 351 506 752 759 878 911 918 921
7  68 458 548 601 778 807 938
11  225 526 583 639 708 835 850 892 898 921 999
6  167 264 708 752 756 957
10  2 248 341 602 649 714 797 926 930 938
10  80 110 184 203 215 242 655 737 840 981
10  23 147 184 212 227 247 297 545 631 638
7  282 393 449 576 717 755 888
8  100 286 415 717 764 772 928 985
16  127 203 217 415 438 495 590 667 686 701 702 721 766 839 846 963
4  196 553 803 984
11  11 291 329 351 491 509 514 571 613 659 918
12  42 107 158 264 284 349 376 453 687 772 926 999
13  202 351 565 575 592 627 670 675 678 688 726 892 980
7  188 261 262 614 628 811 913
9  27 64 167 311 327 342 477 703 829
4  257 339 653 690
11  35 60 206 216 415 416 546 722 786 873 910
14  125 210 326 327 344 367 531 564 660 706 707 741 804 922
4  272 753 758 910
12  107 114 128 405 483 524 579 587 609 810 812 952
3  349 408 434
12  23 35 91 110 277 408 528 653 708 777 965 986
12  233 282 311 354 688 716 737 796 818 877 903 915
14  67 113 115 118 153 158 205 269 353 399 490 844 928 983
9  134 170 213 267 562 747 868 912 915
12  155 225 234 252 386 394 441 587 599 791 903 921
8  288 325 456 492 712 812 840 990
10  89 182 275 412 447 737 740 750 764 965
11  167 186 206 208 335 451 473 541 759 761 980
6  248 287 323 389 481 773
11  32 48 64 127 158 176 354 638 670 806 860
10  56 103 216 256 270 292 653 679 735 806
9  493 527 529 539 616 628 754 915 985
12  13 87 134 183 206 226 454 565 604 869 887 983
10  15 104 226 285 314 404 487 691 745 822
10  61 262 276 286 359 557 684 731 791 975
6  397 424 491 577 609 912
13  2 36 250 257 304 355 554 643 694 704 722 727 838
5  61 319 382 667 899
5  125 352 391 796 817
13  88 92 96 372 482 509 584 727 745 829 837 922 983
5  446 455 542 717 849
10  81 211 234 274 337 444 495 628 769 861
14  75 108 115 184 369 399 428 537 584 746 772 830 894 923
8  116 177 204 252 255 315 449 479
12  21 63 230 339 514 734 740 749 773 911 957 976
10  10 315 316 379 481 622 669 743 761 908
7  62 136 146 213 632 724 843
7  202 239 462 478 487 794 869
18  13 282 296 301 336 406 409 443 446 469 497 548 583 612 745 851 880 998
6  289 315 564 690 727 815
5  113 226 519 878 937
8  395 397 625 699 702 809 933 942
13  152 160 373 376 495 535 718 850 878 899 909 929 985
12  41 171 217 266 439 451 458 512 626 732 882 961
13  33 34 45 280 365 385 511 706 786 915 965 996 999
9  142 197 214 235 331 404 408 697 702
5  75 190 467 504 997
11  35 174 422 511 540 628 718 775 815 974 975
16  75 187 198 261 279 332 353 421 428 463 545 699 728 832 884 996
13  75 100 148 179 191 307 329 342 514 515 535 597 698
11  75 107 123 169 383 399 562 596 728 746 840
18  9 140 162 169 227 274 356 383 475 658 668 683 808 817 892 940 942 961
7  219 533 584 613 683 769 834
11  10 23 75 83 106 507 556 679 707 727 847
16  20 92 192 210 218 339 387 411 495 590 811 843 871 907 921 974
10  40 163 164 218 265 351 601 604 708 966
10  43 108 327 361 406 507 567 776 877 960
13  51 60 151 170 232 284 343 434 609 695 769 827 868
14  162 197 260 287 439 491 570 742 763 768 783 786 885 906
15  53 121 189 248 288 291 341 432 518 546 633 789 915 936 976
9  54 158 186 193 343 408 452 619 932
16  74 118 161 179 270 366 389 405 687 707 711 743 832 903 922 981
16  40 43 50 387 394 480 660 729 745 776 818 824 852 889 953 956
5  612 776 894 949 991
11  61 206 246 251 338 345 469 495 661 758 996
15  86 126 130 362 379 418 426 492 523 767 773 774 806 944 978
13  16 50 107 131 153 180 312 361 572 635 721 905 920
14  69 135 160 189 205 337 443 541 700 794 829 907 913 999
11  36 326 366 369 413 616 643 648 787 848 931
7  143 355 484 582 597 652 926
11  10 84 300 398 465 577 613 637 687 820 888
13  30 118 177 297 390 524 579 618 678 783 814 867 877
15  50 106 141 338 419 490 535 544 687 769 782 813 887 952 975
10  120 237 467 612 666 676 839 861 904 982
9  7 264 364 432 467 482 637 646 958
17  66 77 134 243 282 337 541 561 650 665 716 755 769 800 951 970 976
7  44 528 601 779 788 860 959
10  99 113 128 172 453 572 787 843 956 978
16  29 195 255 298 302 308 438 462 463 503 598 662 770 798 904 957
10  109 164 274 345 398 533 618 804 922 924
15  104 110 158 163 444 460 513 605 643 653 665 693 725 735 945
9  8 243 365 509 887 905 930 956 994
10  39 63 93 191 436 524 534 694 851 942
15  31 59 118 260 364 410 485 522 535 619 748 778 901 923 973
4  155 183 491 601
7  549 611 641 658 678 722 739
14  110 207 281 354 398 449 529 565 566 584 703 860 870 906
7  46 346 536 609 661 789 968
6  238 270 310 366 407 479
6  33 171 371 426 786 812
7  41 93 561 578 827 861 985
2  491 927
13  81 127 165 199 228 245 468 586 591 709 849 858 872
13  87 106 172 180 474 477 505 535 548 611 717 790 961
4  62 113 322 631
8  194 553 730 731 776 823 828 899
10  16 33 34 197 275 360 402 466 607 700
11  222 234 261 474 532 580 601 663 675 762 925
8  412 498 535 689 694 752 844 852
10  35 63 302 495 719 871 950 972 979 996
11  107 146 297 439 506 624 713 765 824 838 947
13  53 324 455 457 465 474 663 719 726 800 814 889 952
8  112 194 332 389 498 783 834 991
15  42 297 298 305 458 469 512 520 566 585 615 782 812 853 981
11  276 307 372 377 487 593 649 694 750 758 816
14  36 48 73 177 189 197 217 327 332 553 584 815 909 929
14  57 100 115 117 158 196 259 298 537 675 739 762 828 912
12  37 68 75 148 309 544 550 586 722 773 833 848
6  7 93 196 658 943 981
5  16 374 548 573 781
12  4 91 159 233 335 412 529 609 681 851 954 989
8  148 149 191 411 447 576 734 924
7  4 176 205 528 806 841 885
16  68 85 117 209 220 238 273 323 377 409 476 563 644 656 773 811
16  13 34 36 58 72 109 126 142 304 320 490 502 862 868 873 908
7  120 206 320 332 617 649 664
12  113 147 352 417 471 508 579 768 801 892 897 964
7  222 278 357 367 600 806 817
10  129 205 335 350 568 650 687 714 740 778
8  35 63 335 340 743 855 908 947
14  18 20 158 277 306 319 332 560 694 853 888 904 929 957
13  20 47 71 156 193 450 656 688 695 759 772 893 928
16  52 67 129 183 188 464 507 530 554 588 641 818 856 951 982 989
15  11 25 176 267 269 311 328 375 520 572 763 813 842 952 997
9  0 115 174 346 398 681 701 888 939
6  89 96 169 444 891 936
9  23 24 267 372 402 456 496 649 740
11  11 78 363 400 462 585 591 594 629 737 811
13  1 39 48 227 249 288 436 661 708 784 882 893 942
8  4 38 496 704 726 761 884 973
15  54 59 201 210 246 325 344 364 370 524 590 604 823 869 884
8  14 39 59 332 358 512 564 834
11  114 144 154 277 414 491 747 765 788 896 951
10  62 124 175 215 361 380 670 723 809 949
8  192 330 347 367 373 496 547 945
7  24 150 432 483 528 708 951
12  62 85 188 199 214 364 448 584 628 764 868 884
10  3 4 165 351 354 556 628 779 818 945
9  165 262 323 505 573 591 619 741 803
10  7 275 284 613 701 753 879 893 944 961
14  65 133 150 260 355 388 399 579 591 682 749 793 821 882
15  140 172 194 216 275 418 431 583 590 671 690 773 809 972 997
17  56 148 254 339 479 559 602 625 643 656 681 814 831 860 877 905 972
8  218 276 354 443 495 601 606 907
7  59 192 489 602 636 698 830
8  121 269 375 413 581 833 873 976
10  17 61 123 229 293 338 348 401 561 880
9  72 364 370 383 442 628 803 943 988
14  163 260 264 383 446 452 521 526 551 554 591 673 962 974
14  39 66 205 249 345 379 479 559 730 787 797 853 913 969
10  117 157 176 289 491 665 742 784 801 912
13  28 60 170 296 403 433 500 551 582 647 825 902 979
9  26 393 429 450 537 580 633 903 997
5  66 101 252 289 383
10  4 112 150 277 490 918 940 942 966 968
10  2 59 74 228 300 384 531 532 610 617
10  125 150 164 178 245 428 429 615 663 782
15  63 109 119 140 214 319 399 487 502 610 724 768 825 847 960
8  23 193 406 411 538 733 748 841
10  1 11 305 413 521 558 600 797 906 916
10  0 75 86 332 424 499 765 810 881 915
5  22 36 281 285 803
9  25 500 590 596 633 716 825 856 964
11  0 114 307 336 345 368 384 510 524 650 677
9  11 242 269 272 276 320 439 478 888
9  61 65 175 266 326 403 408 443 458
12  362 398 531 572 580 669 681 722 767 782 853 901
13  342 394 446 540 543 598 699 751 753 883 903 904 935
12  90 169 269 289 318 361 391 455 508 555 623 850
9  12 89 315 450 533 551 659 749 857
12  148 182 226 235 260 322 422 499 608 871 966 976
15  101 114 253 325 492 495 518 557 637 694 754 839 851 940 944
5  525 561 878 984 995
8  220 225 359 759 840 841 847 985
6  36 40 277 445 769 823
5  36 323 458 530 601
8  154 246 358 392 424 733 783 792
12  342 460 539 637 695 706 781 831 835 875 918 982
9  54 105 211 372 498 526 773 812 951
5  218 253 260 538 989
3  197 629 836
13  208 281 315 412 573 670 679 701 712 762 827 944 982
8  98 152 188 550 682 832 839 850
18  35 41 46 54 66 99 102 173 244 257 291 357 457 596 743 774 908 948
8  15 52 114 141 211 251 529 911
9  23 47 304 393 523 538 843 898 996
8  72 92 174 344 409 475 482 827
13  10 73 300 347 464 489 496 500 548 701 896 909 958
13  208 375 397 409 517 644 649 686 738 753 806 979 984
14  41 46 130 184 214 228 285 286 321 332 439 550 665 688
13  16 80 138 211 283 290 327 508 602 659 794 877 959
9  36 113 166 443 466 581 613 862 943
12  113 214 244 328 338 382 402 722 725 772 863 878
10  7 39 370 386 419 658 784 789 831 878
9  253 453 501 600 777 792 853 942 975
11  89 142 258 327 390 602 668 769 797 870 950
8  177 210 215 580 765 778 854 942
8  54 214 216 235 746 825 830 894
16  48 75 109 331 379 455 528 536 653 697 753 816 898 940 997 998
6  77 355 635 716 718 953
9  48 112 479 699 745 895 950 952 975
12  73 82 105 262 302 413 592 593 724 736 817 861
15  209 257 371 411 475 482 598 618 622 688 713 778 860 931 961
5  208 247 659 962 984
15  77 108 119 214 317 377 587 722 724 732 755 770 871 926 961
10  76 119 205 478 520 576 609 629 663 870
9  53 68 85 293 356 383 439 552 562
13  131 180 297 485 517 539 592 616 699 710 865 888 988
7  134 146 155 164 259 684 982
11  38 70 99 182 386 532 538 617 777 954 985
11  36 41 246 291 311 420 510 699 701 725 765
19  170 172 231 324 335 353 371 387 503 583 595 615 651 667 669 717 740 772 790
10  94 153 170 413 605 632 644 743 794 962
12  147 280 314 317 339 368 482 790 822 949 967 998
7  229 301 386 457 664 808 985
12  218 357 520 536 615 623 641 691 703 711 780 915
10  36 90 126 172 281 335 352 395 674 802
9  141 297 387 554 589 609 707 723 832
9  74 401 450 492 609 687 753 816 831
15  72 109 148 167 226 413 434 436 513 570 598 637 703 792 998
11  178 189 225 294 319 342 476 517 779 913 958
6  95 436 463 506 673 771
7  79 258 396 435 545 680 752
9  124 219 325 383 398 415 454 626 950
5  166 260 637 878 964
7  3 74 282 445 555 770 836
8  244 468 536 599 751 942 950 962
6  170 183 370 700 703 954
7  12 194 562 593 631 654 835
11  55 111 438 560 638 762 865 882 909 950 970
4  79 237 627 957
14  134 186 299 350 546 673 752 762 793 839 865 905 907 937
10  76 182 216 378 481 580 819 858 902 968
13  19 76 80 121 145 356 463 527 575 776 850 882 892
10  121 127 302 323 396 453 614 791 845 848
3  158 308 638
13  51 75 151 153 221 250 268 320 331 357 478 811 830
10  25 127 177 276 326 519 603 651 686 894
13  85 111 182 312 327 454 499 527 546 593 774 844 924
8  341 692 810 906 911 934 937 940
13  208 277 297 304 465 477 502 623 786 833 843 846 889
16  11 121 125 134 396 589 599 611 663 719 783 812 834 911 964 982
7  314 473 494 773 910 962 977
9  38 247 319 323 381 645 821 920 938
9  50 396 454 476 479 567 580 626 679
10  10 148 171 218 484 492 515 773 788 792
14  39 50 73 368 420 569 601 666 702 745 789 831 941 988
11  40 205 267 369 500 507 785 898 931 976 990
10  104 170 391 432 456 525 653 787 901 975
10  25 116 136 249 325 425 587 636 767 868
8  277 482 754 762 804 850 913 915
8  223 234 859 914 923 937 953 997
7  5 162 180 572 658 691 708
13  236 270 342 371 418 424 446 466 502 827 873 935 952
14  12 67 91 179 186 214 322 326 452 675 721 727 755 994
6  29 361 590 766 865 881
11  60 76 113 119 272 355 446 475 615 689 924
7  37 153 236 539 798 865 943
8  10 21 476 563 644 646 860 983
7  35 149 494 511 675 786 940
10  14 15 68 126 154 225 233 255 483 975
12  85 212 346 364 449 485 612 640 656 810 852 853
12  170 171 173 197 216 250 347 435 451 506 794 840
12  29 49 140 266 272 281 333 438 468 758 765 859
10  109 153 420 735 758 783 905 911 959 971
11  74 152 191 243 307 745 770 786 856 881 958
11  304 310 402 424 441 455 536 672 679 953 987
5  26 103 312 776 788
9  186 390 396 474 568 650 810 862 899
11  147 391 432 511 519 555 585 642 671 712 728
10  90 149 347 418 464 618 704 772 814 819
11  43 108 219 379 680 784 833 888 892 919 952
12  13 46 150 431 516 518 578 587 723 733 740 969
11  66 82 130 192 295 642 667 709 883 899 914
12  97 332 460 509 612 707 732 753 801 884 920 925
7  54 148 188 299 428 475 721
9  91 143 258 333 334 395 417 500 977
15  62 66 268 282 365 449 465 493 524 574 614 683 858 918 957
11  180 265 267 522 624 654 677 681 821 833 890
8  125 198 200 553 582 658 726 958
3  432 774 813
13  114 218 317 383 406 430 531 545 576 581 627 636 650
4  35 215 587 678
9  15 188 215 220 234 515 632 792 965
9  24 123 218 348 391 491 495 534 883
12  126 255 267 394 464 492 614 755 759 775 810 896
13  112 144 207 465 528 592 667 757 834 852 863 909 962
11  54 164 259 508 558 596 605 749 909 924 930
16  3 26 82 171 369 389 412 493 610 639 655 665 701 711 755 778
