1000
6  417 569 615 766 899 943
9  5 261 272 355 418 675 752 800 804
17  33 34 46 96 150 159 426 485 615 623 627 654 674 682 724 802 816
7  249 257 313 452 814 834 945
8  37 137 308 351 444 458 742 988
14  1 15 44 149 154 529 534 684 746 834 838 904 940 961
12  81 92 202 211 288 310 314 389 455 592 627 871
5  428 487 572 698 983
8  63 90 91 405 417 551 789 941
7  84 208 330 387 503 519 902
14  42 45 47 87 152 412 534 536 645 722 726 780 855 895
6  81 91 186 314 516 705
11  16 19 45 86 226 268 508 604 749 810 932
11  53 169 208 355 488 569 843 864 885 898 960
16  65 86 204 224 433 507 554 625 638 650 671 757 760 782 908 977
12  5 165 171 256 333 408 443 582 589 627 770 849
10  12 178 223 297 422 512 642 666 884 936
7  54 170 298 516 526 557 999
9  38 227 453 590 617 648 740 878 989
10  12 151 280 321 421 506 518 623 921 984
11  254 398 549 658 697 735 760 785 865 892 997
8  132 195 277 340 407 574 656 919
12  175 205 257 310 341 395 551 583 584 698 836 895
11  83 97 322 465 596 617 760 762 809 979 991
9  38 129 132 190 207 342 462 591 960
12  96 132 209 312 380 394 565 650 758 815 890 917
14  76 121 212 267 363 367 466 558 725 730 740 794 882 891
5  155 477 572 598 910
4  132 691 697 812
9  215 303 333 389 570 628 796 850 959
7  96 102 387 399 615 718 825
4  258 692 707 835
8  118 135 161 531 636 725 731 845
14  2 188 221 251 312 342 439 566 655 675 696 802 907 952
8  2 281 311 367 394 749 835 903
7  173 233 458 459 497 565 687
11  138 158 287 360 417 471 585 671 742 839 901
14  4 181 401 486 535 542 550 588 641 649 661 725 768 834
11  18 24 55 194 245 373 489 614 802 848 994
14  47 51 79 195 235 242 372 388 495 581 779 816 878 900
10  121 260 299 375 521 539 567 725 848 952
6  58 181 234 312 772 882
12  10 233 322 351 419 471 498 531 815 904 930 979
13  104 261 282 308 393 487 502 510 523 590 854 917 958
6  5 115 339 555 659 921
7  10 12 250 615 670 785 849
13  2 182 352 409 421 491 511 664 801 816 838 869 913
8  10 39 52 107 136 195 320 377
4  368 382 597 873
8  88 106 149 422 471 539 561 750
8  72 164 218 234 517 624 804 828
15  39 87 142 236 280 358 372 403 540 546 664 749 785 872 911
7  47 169 521 540 880 886 948
12  13 79 115 229 275 296 426 435 516 534 588 923
8  17 288 308 530 545 562 777 814
8  38 118 150 173 358 593 702 963
9  232 442 474 521 630 649 658 725 920
9  129 295 306 467 527 647 875 883 941
9  41 107 138 306 398 432 564 607 636
10  278 347 537 551 617 674 758 840 851 999
10  134 222 299 615 652 661 786 807 845 943
8  111 216 324 427 434 557 583 700
7  159 361 419 546 548 566 574
11  8 81 397 480 668 703 719 784 813 900 973
14  192 344 355 399 649 677 703 785 834 851 857 862 905 998
12  14 131 206 327 442 451 515 562 644 783 807 990
13  89 153 184 321 385 460 560 628 663 676 747 814 898
11  74 116 141 253 376 454 623 639 876 982 995
8  148 171 184 444 478 520 819 977
11  132 232 252 286 314 555 753 758 813 969 988
9  226 373 385 392 461 572 631 676 842
12  139 201 247 271 311 483 592 657 684 793 834 904
5  50 284 462 504 912
6  82 138 424 776 863 871
11  67 112 249 477 527 588 699 739 918 956 958
8  189 257 391 791 816 847 890 920
9  26 250 262 299 446 598 730 768 781
11  108 216 224 256 442 602 664 859 928 942 951
8  224 324 549 611 618 725 740 966
10  39 53 128 181 208 213 347 435 438 469
8  124 319 509 638 873 876 877 985
11  6 11 63 135 140 363 440 553 812 876 993
7  73 177 363 496 652 769 840
10  23 122 302 343 532 538 752 957 964 987
6  9 346 376 413 692 836
17  95 109 134 282 285 406 425 435 510 642 655 667 684 862 871 936 947
12  12 14 103 161 398 486 492 578 623 664 700 856
11  10 51 122 143 310 358 433 436 542 771 848
10  49 123 291 342 553 588 701 765 788 850
8  66 332 529 634 704 755 757 777
10  8 180 210 234 447 592 593 677 748 770
9  8 11 154 163 195 799 802 886 969
13  6 153 263 377 396 464 535 551 575 698 718 844 988
10  169 229 315 334 430 532 558 878 888 982
15  285 381 499 607 609 712 716 806 823 834 874 877 884 986 991
11  85 189 216 233 445 542 599 648 734 781 849
17  2 25 30 292 333 337 377 410 573 582 588 590 606 805 823 920 948
6  23 315 415 502 844 863
9  260 293 371 398 580 593 660 684 934
11  167 173 276 300 313 387 594 618 695 909 938
10  139 170 184 186 241 505 566 643 662 979
8  133 261 264 563 635 749 758 840
13  30 163 212 230 308 313 479 538 569 623 656 825 934
13  86 262 454 554 684 745 781 822 844 869 929 941 986
8  43 239 559 606 686 739 942 970
20  123 194 234 278 304 452 477 496 498 566 596 619 672 740 775 801 817 903 982 993
11  49 349 541 583 654 658 728 749 780 965 984
10  47 58 167 206 301 354 360 604 766 900
15  77 203 212 259 278 283 314 338 343 439 546 599 859 867 933
8  85 136 154 226 288 373 829 876
10  162 184 208 323 347 489 491 566 674 757
9  61 119 163 246 255 607 840 906 980
10  74 215 310 366 448 511 715 884 937 971
7  121 241 443 513 736 768 919
8  122 227 260 637 643 674 714 958
16  44 53 189 192 269 510 611 620 693 699 788 846 911 947 958 981
10  67 141 205 255 261 432 604 711 771 975
6  272 320 323 717 913 983
9  32 55 286 304 587 644 656 700 845
11  111 239 290 500 527 559 646 760 783 940 975
7  275 751 782 821 848 849 968
13  26 40 113 242 276 326 352 370 406 592 752 899 950
10  83 87 114 167 195 769 802 899 900 988
10  88 105 196 355 468 479 728 828 830 907
6  80 260 351 379 580 939
10  327 482 561 679 720 785 795 853 865 916
12  216 266 322 352 551 628 644 711 866 902 935 981
8  203 235 286 297 372 437 455 862
7  79 129 205 282 516 661 803
13  24 57 128 139 273 280 325 459 692 702 772 790 811
12  259 300 323 497 673 703 720 762 768 859 927 932
10  65 175 421 466 680 694 735 791 813 901
13  21 24 25 28 69 336 405 444 460 689 737 833 985
12  101 146 196 317 474 516 560 626 721 734 798 869
4  60 85 426 713
11  32 81 155 297 346 432 505 513 600 921 927
6  47 109 375 576 645 920
6  4 258 522 545 832 951
12  36 58 73 222 406 643 647 711 722 832 931 952
10  71 100 129 507 555 596 617 705 838 985
5  81 147 222 565 773
10  67 116 194 195 204 220 256 308 323 599
15  51 170 198 341 438 473 601 612 654 669 682 739 836 936 995
10  87 251 280 297 634 824 852 855 926 986
12  168 196 318 355 488 598 622 639 845 904 969 987
8  190 419 474 524 635 889 917 964
6  133 449 457 543 567 787
8  140 307 310 367 700 704 937 965
9  68 155 247 326 588 768 773 928 953
11  5 49 234 241 279 312 550 651 709 804 937
17  2 55 227 257 308 321 331 337 350 398 500 643 686 773 833 859 900
13  19 163 200 202 263 283 544 586 645 802 808 884 908
5  10 350 353 673 739
10  66 92 195 303 580 604 660 879 945 946
10  5 91 109 321 340 510 599 708 827 902
14  27 135 148 220 262 476 550 558 577 583 586 735 844 974
5  223 341 400 643 903
10  169 245 268 290 296 593 672 697 843 936
11  36 171 281 313 371 374 440 562 673 719 955
13  2 62 212 252 265 545 601 606 654 658 754 857 991
10  230 393 492 515 597 627 743 846 849 977
6  32 86 343 575 705 988
10  110 230 231 306 370 600 628 671 711 912
12  91 102 111 151 207 322 562 602 697 782 874 876
13  50 183 239 243 277 294 370 471 545 552 857 882 945
5  15 257 380 726 832
7  201 214 250 593 802 860 927
11  99 107 122 225 282 284 334 454 469 477 676
8  144 195 355 533 595 649 688 815
14  13 52 93 157 265 304 354 433 556 627 765 860 871 928
14  17 100 142 232 245 283 297 400 506 521 578 628 721 866
7  15 68 158 408 596 708 805
7  179 302 322 399 633 635 934
10  35 55 99 236 247 281 335 565 750 869
6  195 353 667 702 760 866
13  22 131 183 368 463 488 510 516 573 617 717 758 776
8  212 417 459 499 517 641 809 947
10  82 297 375 555 580 671 799 832 951 981
13  16 184 193 211 316 364 487 511 601 798 856 930 932
7  172 244 360 433 557 785 796
11  90 271 370 485 544 551 674 679 779 907 974
11  37 41 79 269 330 602 614 622 695 743 851
7  46 395 466 696 727 900 977
10  164 175 437 487 607 648 750 874 901 971
14  66 68 100 110 178 242 312 352 366 641 746 769 971 976
7  187 201 267 304 621 652 903
6  11 100 303 737 933 986
8  185 214 407 579 674 707 801 976
6  33 340 347 480 513 625
10  75 95 115 229 241 290 427 619 721 850
12  24 145 198 249 254 266 471 500 620 760 791 892
13  218 300 338 384 528 546 602 659 771 866 876 920 950
11  64 115 266 430 497 649 737 768 819 905 987
11  178 199 353 410 477 526 540 577 598 802 807
11  38 105 141 227 266 451 552 645 666 921 943
13  21 39 47 91 122 141 153 168 174 256 410 547 587
4  123 133 144 204
12  297 395 430 444 446 551 566 668 820 863 865 990
10  142 190 254 300 341 516 805 856 863 973
6  193 371 449 696 899 910
9  151 330 383 419 432 466 690 806 895
6  71 166 185 478 590 892
9  6 151 474 518 689 803 807 856 978
13  108 127 276 285 348 489 580 609 647 862 895 940 960
11  14 141 196 508 615 661 701 750 780 800 817
14  22 116 128 212 349 364 372 377 411 424 444 652 846 857
11  65 107 284 454 515 551 650 718 881 915 992
8  24 163 360 460 501 577 708 713
14  9 13 79 110 393 436 461 505 574 583 659 737 848 924
7  25 232 248 301 630 699 705
9  90 297 379 536 607 700 715 758 989
9  6 178 342 662 676 794 947 954 961
16  26 102 108 159 176 205 267 282 286 307 598 750 850 859 929 935
7  79 479 494 571 648 935 944
6  166 187 235 451 833 999
9  29 112 281 308 309 460 621 660 982
14  61 77 95 126 251 351 489 501 512 522 573 654 872 885
9  238 271 323 669 675 751 900 948 983
12  50 191 241 274 317 377 508 514 723 758 790 803
9  247 400 546 771 826 910 939 953 964
12  141 155 371 442 467 593 665 707 792 826 936 970
9  33 478 680 690 774 884 910 935 960
8  60 138 140 380 451 538 714 843
8  16 156 299 359 437 439 658 717
9  14 77 78 427 471 654 787 837 892
9  167 391 428 579 711 712 731 906 988
12  12 70 109 315 383 647 719 768 784 862 914 956
12  18 114 150 194 231 263 329 472 488 585 841 906
7  237 312 546 587 641 650 932
11  53 93 189 305 476 593 764 773 884 934 955
9  102 160 162 448 540 554 560 843 956
8  162 227 322 353 512 553 746 899
16  56 69 170 209 247 313 399 401 464 572 648 735 739 749 766 823
13  35 42 95 339 397 463 516 651 672 739 848 906 985
13  41 50 90 105 149 256 276 311 441 472 483 529 830
11  39 127 214 270 284 650 720 728 802 932 938
9  51 173 427 502 673 752 770 899 917
7  228 244 264 372 446 597 681
6  217 320 610 813 890 986
14  104 119 164 355 453 485 520 556 586 620 642 760 779 842
5  343 652 673 843 846
12  100 113 149 189 218 290 539 583 607 659 807 885
16  39 121 184 309 338 378 399 490 526 545 567 575 662 719 770 821
9  164 510 541 553 668 695 767 949 953
5  179 237 310 639 894
19  38 157 170 295 371 451 477 478 481 498 537 538 623 624 667 669 716 906 968
8  111 420 425 454 576 640 721 893
11  71 148 173 219 232 446 615 643 717 803 911
6  209 328 574 645 706 968
10  3 74 190 496 539 625 745 787 804 872
13  45 76 166 304 422 442 459 506 512 636 684 748 877
14  33 143 216 482 533 572 573 634 670 684 709 715 895 959
7  69 159 502 560 796 880 890
8  67 276 317 331 455 517 569 609
10  20 190 198 328 409 453 727 738 964 969
7  111 116 522 534 638 898 915
9  15 77 141 195 234 781 793 799 878
15  3 22 75 150 165 327 367 411 487 651 721 732 750 751 873
9  31 137 486 491 499 526 594 798 818
10  108 130 360 425 530 553 675 731 807 819
11  40 98 114 124 412 491 552 866 895 954 986
16  1 43 101 116 479 554 597 631 640 663 705 765 894 898 921 924
5  76 103 155 301 604
9  92 151 227 404 693 783 795 935 967
8  101 237 278 317 419 476 800 885
8  159 169 324 669 687 726 910 990
13  126 190 192 194 398 489 564 579 647 671 833 879 998
7  26 185 212 355 501 521 726
9  12 157 338 371 598 664 754 831 876
5  115 181 327 488 629
14  235 275 491 513 537 615 622 642 691 766 781 899 910 992
8  71 180 217 373 570 615 951 973
9  1 117 306 656 669 729 764 809 910
4  129 636 677 736
9  218 314 348 416 569 678 715 777 863
7  53 120 270 323 353 630 663
13  99 121 203 234 253 358 442 455 464 609 754 831 922
7  21 164 460 493 520 628 973
17  59 105 108 264 281 311 312 361 404 482 492 500 755 797 831 847 899
15  149 333 352 372 494 537 602 643 688 726 782 865 897 932 946
12  19 51 129 143 300 352 528 679 724 753 906 941
9  34 158 173 215 278 331 334 557 820
11  43 85 128 167 212 465 487 590 775 787 978
10  108 151 170 345 444 472 689 794 817 955
12  72 167 206 235 316 333 467 589 681 684 756 951
14  85 94 203 306 340 384 508 630 675 686 688 892 977 992
16  69 118 127 212 288 303 418 447 457 469 530 587 790 792 848 897
5  36 307 386 614 896
11  6 54 109 286 442 449 512 524 690 908 914
7  342 490 491 537 579 770 878
10  119 157 189 241 329 368 370 561 753 840
7  88 385 464 611 717 810 891
3  96 440 828
5  98 302 535 748 914
10  164 353 411 442 510 627 668 722 830 875
7  57 245 524 694 900 932 973
8  53 157 308 361 404 477 750 797
14  16 127 135 143 170 177 197 210 385 525 614 633 852 976
7  17 306 384 407 863 894 932
8  40 60 76 223 576 615 676 687
14  99 130 191 198 280 622 646 685 734 795 803 826 865 872
10  107 209 262 384 458 773 812 843 936 959
11  83 172 293 333 629 692 728 895 962 965 999
12  29 153 186 286 379 466 608 627 654 676 726 744
15  105 118 169 185 250 337 376 396 424 601 618 836 860 915 973
11  229 445 475 633 668 694 717 774 883 968 979
17  57 58 162 272 285 298 370 446 493 510 522 591 617 662 829 836 942
10  147 212 287 332 402 483 625 756 884 908
12  4 43 54 102 141 150 215 296 424 477 702 709
5  215 242 310 814 881
17  6 22 87 112 147 244 309 440 475 494 500 511 542 799 804 825 848
13  34 71 234 278 377 397 425 427 585 601 610 720 850
15  25 33 41 149 184 228 278 354 435 497 688 743 746 965 991
11  3 99 102 158 232 325 383 510 824 884 967
10  6 11 69 108 274 338 343 606 815 837
11  93 97 226 375 420 478 646 663 667 743 789
12  178 284 336 341 550 563 564 642 680 788 863 973
13  133 218 253 264 342 527 588 667 706 716 727 798 940
10  144 340 484 511 587 657 717 765 916 932
5  80 667 720 802 938
10  47 117 238 322 395 446 492 618 696 933
11  19 66 150 154 330 727 810 834 843 918 954
12  23 42 126 163 172 231 320 713 876 887 923 924
10  110 117 130 141 217 275 361 649 770 791
11  61 78 265 430 569 615 671 695 767 853 973
6  129 313 469 500 619 950
11  121 148 327 390 500 597 618 623 670 854 973
8  65 125 257 269 326 500 868 885
9  248 254 331 429 454 472 487 615 830
10  227 290 372 443 588 671 683 887 947 995
10  9 181 200 321 333 342 631 665 674 701
14  150 253 281 328 545 558 589 629 683 736 778 941 955 988
5  89 307 531 782 927
16  15 29 96 279 284 302 330 366 370 376 673 682 813 857 920 932
12  93 167 281 358 369 443 526 561 781 832 862 953
9  173 430 487 514 531 674 708 950 980
4  132 316 697 737
10  96 150 304 436 488 568 611 659 822 921
9  108 191 242 268 314 343 438 448 606
7  44 233 430 618 688 759 893
15  21 154 188 285 318 363 382 434 562 574 637 640 694 757 763
11  22 142 156 198 316 446 472 612 692 787 810
14  24 33 88 211 289 317 330 474 554 636 687 754 851 875
13  83 108 161 240 314 338 492 499 605 678 749 934 954
9  64 361 379 562 598 728 788 845 868
6  283 410 674 830 885 987
7  84 135 362 518 712 857 875
16  59 79 110 188 358 534 646 666 764 787 846 860 879 886 980 997
7  203 274 420 532 790 857 881
6  106 205 418 423 718 811
8  150 152 415 452 513 618 783 971
11  4 42 124 216 518 595 725 911 959 982 987
13  46 121 126 184 279 280 377 398 502 570 714 904 926
10  152 174 193 231 275 294 414 654 665 669
7  107 169 312 410 602 706 995
15  1 13 64 123 144 168 239 267 371 471 832 849 927 970 981
6  530 603 629 726 727 821
9  375 382 440 571 700 754 811 913 943
11  51 55 87 276 334 347 370 713 813 931 940
9  223 392 533 694 768 813 824 906 987
11  36 107 179 207 259 432 509 540 791 795 901
10  62 278 296 323 344 433 658 748 803 871
7  346 415 634 711 779 941 942
12  26 81 82 340 393 526 566 601 692 714 762 853
12  178 205 372 394 444 486 636 649 652 679 700 849
6  451 586 709 793 972 984
12  112 184 333 434 443 778 793 812 865 903 937 943
8  26 34 147 257 447 735 746 983
10  48 175 290 379 459 505 563 656 926 952
7  334 623 759 760 889 943 948
12  121 162 164 180 290 306 333 358 451 648 802 952
11  98 158 199 220 245 268 355 732 749 791 858
12  39 51 127 205 237 279 329 364 414 451 801 897
8  38 70 109 271 491 565 640 689
11  158 496 543 546 567 606 800 841 887 900 927
11  40 136 177 315 357 379 434 570 586 716 879
11  67 84 304 333 419 705 755 774 815 936 974
13  47 92 96 205 218 311 352 436 506 549 610 653 781
6  242 429 482 720 760 901
15  124 210 303 344 368 375 423 456 480 487 503 508 564 624 849
9  25 165 222 387 525 654 733 872 980
9  94 456 511 734 885 892 916 958 978
15  48 340 357 383 458 653 657 740 781 853 901 918 953 955 993
10  200 226 313 382 447 462 494 545 936 983
13  191 285 298 301 446 509 595 710 725 739 743 747 830
8  66 70 291 297 530 674 853 979
11  287 452 498 678 712 807 837 842 939 954 980
11  9 30 99 380 413 610 700 722 732 734 808
5  39 498 504 561 736
11  6 29 390 457 489 508 629 735 761 774 915
4  326 389 546 844
5  75 225 755 977 987
10  70 359 482 598 722 825 829 904 922 967
10  43 160 208 363 444 533 539 566 746 830
10  25 34 364 445 522 662 846 857 870 964
10  22 182 197 320 542 652 717 846 889 947
14  92 304 402 460 529 538 560 602 737 787 923 938 955 957
9  63 233 311 533 562 617 696 885 886
15  20 58 86 98 150 266 352 410 577 579 600 861 868 870 944
8  30 64 172 232 242 470 737 942
7  156 170 219 601 728 878 925
6  37 232 482 615 824 910
12  307 396 472 658 742 834 854 866 933 935 946 989
5  51 762 765 904 930
11  263 278 296 449 678 692 756 787 838 957 978
6  8 132 417 442 581 844
8  85 121 138 601 742 918 920 975
17  21 187 298 413 534 544 564 700 709 760 799 805 814 818 880 947 998
10  15 171 480 508 669 696 790 792 901 986
7  46 254 629 854 938 981 993
11  96 193 195 345 354 398 426 492 511 581 847
9  205 257 294 622 701 743 803 821 998
4  10 260 482 641
8  84 387 407 572 605 695 721 928
9  353 372 558 713 733 794 853 944 976
10  97 350 362 515 554 651 687 724 782 945
6  274 444 472 737 914 961
16  0 8 36 176 405 436 591 604 634 655 681 690 709 738 785 848
9  1 286 349 423 503 530 537 908 927
11  42 62 145 200 264 376 423 584 601 856 969
8  246 315 348 511 582 726 784 848
9  19 46 131 435 523 563 574 717 776
16  16 49 250 443 467 472 721 735 739 744 841 843 870 991 994 999
15  349 379 418 419 439 495 501 642 694 696 716 755 760 854 945
11  73 205 304 308 430 639 659 671 732 854 955
11  85 246 259 311 426 436 514 726 756 800 901
11  2 53 134 410 425 435 464 702 732 781 866
9  61 189 224 236 311 476 625 707 880
12  7 225 460 488 494 502 511 600 676 760 856 991
10  328 378 456 473 583 604 865 941 947 950
14  93 192 197 324 335 339 424 444 470 488 656 746 858 922
6  530 654 666 711 749 943
10  58 116 135 200 360 470 590 771 873 972
10  14 87 169 179 361 498 602 622 720 952
10  61 340 366 375 505 587 621 740 867 993
15  53 79 85 312 421 426 516 646 693 701 803 858 892 943 958
15  87 208 337 377 417 425 591 603 608 615 656 707 789 976 997
7  127 183 223 531 625 731 793
10  79 142 338 469 517 670 738 764 915 948
8  33 108 223 423 735 755 855 954
9  81 158 292 310 357 539 661 914 974
10  234 574 634 645 738 744 889 906 937 977
14  56 65 77 220 250 276 288 294 405 583 647 718 783 801
8  15 113 329 334 366 422 630 751
13  4 68 132 197 205 283 364 393 416 430 446 541 780
12  95 305 394 548 578 605 615 683 801 844 868 908
16  76 197 237 247 306 320 341 384 444 514 551 621 633 645 781 986
10  90 286 367 383 569 571 640 713 816 834
7  112 230 338 586 693 794 927
10  146 199 288 404 494 507 520 660 910 968
4  493 838 854 996
15  65 194 214 222 245 365 370 372 476 636 641 730 751 894 915
10  3 105 350 386 581 609 611 751 874 924
11  18 239 254 461 567 594 605 736 779 819 940
8  67 103 167 206 246 328 571 877
12  6 127 253 276 462 495 513 548 551 672 765 817
8  379 381 429 581 603 782 818 967
7  146 286 389 733 826 903 927
8  4 35 301 382 467 628 634 926
8  35 129 176 250 368 615 724 747
14  66 132 207 215 277 396 428 671 673 736 859 890 923 949
9  70 208 453 625 669 710 738 766 775
8  24 72 383 455 495 648 797 834
11  175 233 507 523 534 558 571 639 870 910 962
9  92 232 276 291 426 477 849 936 964
9  23 282 506 621 676 706 730 811 972
11  26 131 182 200 303 480 482 552 711 793 830
8  57 220 284 422 458 554 778 985
7  123 478 482 622 738 941 951
10  79 167 286 325 438 483 762 842 915 942
5  399 430 432 757 823
14  36 42 49 164 190 224 355 505 521 566 707 934 949 991
10  227 234 283 328 341 402 416 422 566 706
5  142 429 708 794 970
8  56 133 145 202 342 701 726 825
6  305 310 546 608 844 862
12  155 229 264 427 451 541 549 570 731 740 756 874
12  27 74 105 167 193 245 296 308 464 491 584 958
12  68 201 221 245 315 468 486 643 732 807 906 922
10  102 123 213 261 495 672 728 772 893 904
10  63 188 379 408 466 629 652 853 920 972
8  245 534 593 684 739 868 951 953
14  125 251 278 378 392 401 412 466 468 575 633 689 874 993
9  71 234 307 469 491 528 763 801 847
7  318 520 672 752 786 884 943
11  2 180 239 539 663 665 891 895 905 986 993
12  37 86 258 364 478 524 621 642 656 795 822 952
13  7 43 178 183 257 282 328 335 379 630 731 847 973
17  13 144 175 227 269 337 428 430 725 828 854 891 903 908 934 942 975
11  38 110 203 216 266 389 724 760 773 901 936
6  242 289 505 510 573 905
16  46 110 258 260 270 289 373 477 483 506 509 515 596 954 985 990
9  86 160 278 320 343 410 603 966 972
9  277 306 450 505 559 561 657 928 978
13  213 279 310 383 428 449 507 541 588 714 774 806 832
11  39 423 455 462 479 515 538 590 764 903 940
11  82 105 249 374 516 607 689 690 799 836 883
9  35 130 192 312 564 583 676 795 867
14  42 105 245 386 388 433 528 544 613 769 776 819 822 934
7  94 176 258 343 558 702 885
16  119 150 190 278 310 325 326 327 527 579 660 748 774 791 892 973
12  207 216 267 423 543 645 754 760 795 864 887 910
11  43 97 236 252 352 428 550 554 602 660 968
4  9 379 418 695
9  72 388 674 702 723 791 898 969 993
10  100 135 208 368 434 471 490 493 838 942
8  19 170 250 377 465 491 664 678
8  14 139 449 463 494 701 865 891
9  12 204 218 285 379 389 408 628 737
12  80 360 384 491 548 626 632 707 813 872 874 910
17  43 85 115 154 175 243 294 306 313 490 513 667 726 756 874 888 992
17  46 112 178 310 318 381 410 420 428 513 525 548 642 728 797 851 994
8  16 216 231 250 288 553 670 770
17  113 135 188 270 350 455 510 511 554 565 610 625 629 700 860 891 975
11  218 335 425 446 596 727 751 753 768 796 895
13  65 160 206 415 491 495 556 580 692 700 894 916 977
14  11 17 53 128 133 175 198 233 435 496 525 607 652 716
15  50 176 253 438 530 585 590 598 604 694 807 897 925 934 969
7  19 202 346 351 563 607 915
5  9 593 627 684 694
10  68 239 277 449 484 580 607 676 932 978
9  40 52 56 170 267 471 542 556 818
7  137 216 255 306 394 685 875
7  43 421 463 742 787 822 982
5  145 288 295 486 791
11  297 380 511 516 573 668 757 780 820 836 858
11  17 193 242 258 334 363 546 799 863 903 950
12  57 74 119 317 500 633 636 639 707 768 946 997
8  191 280 483 498 721 754 920 937
11  5 89 234 396 588 609 668 809 844 855 871
11  54 259 286 356 385 418 431 517 769 806 966
10  32 42 332 335 437 568 677 704 786 851
8  83 93 348 561 737 800 825 921
10  168 251 359 393 397 607 651 714 797 800
10  5 10 53 255 347 407 463 481 609 842
8  37 92 293 552 683 786 812 868
6  10 210 610 626 929 960
8  59 245 270 279 289 418 704 919
9  83 102 222 245 396 495 683 760 889
9  40 49 241 249 393 440 485 735 878
7  51 52 193 230 360 702 723
8  106 243 444 476 494 751 843 929
9  37 87 95 310 395 521 697 756 977
5  146 374 501 695 972
9  151 180 407 498 560 564 656 670 676
14  54 137 159 164 242 331 383 683 685 767 823 866 909 971
14  51 62 108 191 219 228 374 390 475 526 560 699 761 922
4  195 729 848 989
10  62 445 455 509 511 591 633 743 918 980
9  20 78 377 476 619 743 772 787 898
9  37 149 155 316 502 553 822 827 979
14  8 22 59 92 126 180 197 206 446 455 683 753 766 838
7  164 194 260 466 535 726 972
13  81 88 231 243 259 512 550 578 592 745 747 774 871
12  14 103 230 261 342 415 467 502 513 664 898 922
7  44 69 139 177 605 686 998
8  169 239 515 521 726 762 772 833
7  17 61 179 281 564 870 874
11  26 93 155 331 414 463 499 714 718 834 840
7  104 119 493 565 804 805 988
13  66 133 230 252 396 544 546 627 662 716 800 869 876
10  49 125 290 334 388 493 532 763 946 976
12  54 65 158 163 340 344 397 565 570 588 631 653
8  101 316 368 421 518 683 773 996
13  58 266 316 379 407 497 544 557 597 670 724 817 820
16  25 35 140 173 373 513 559 562 795 852 854 867 942 944 968 971
15  33 62 100 105 110 197 363 393 471 472 694 695 747 830 929
6  40 146 242 374 453 985
8  337 531 604 632 725 846 867 931
10  0 13 102 253 274 324 447 631 780 869
14  29 271 352 375 476 562 643 726 764 875 887 895 912 985
14  213 357 447 454 463 612 614 618 632 704 708 732 760 805
7  7 27 70 232 251 413 591
9  96 175 216 251 490 525 691 720 887
14  21 62 208 248 340 421 441 599 636 667 690 696 786 900
7  92 161 242 482 676 729 886
6  136 246 299 604 616 653
6  155 193 207 398 582 852
13  86 170 445 553 582 671 687 751 753 777 782 818 824
9  187 225 266 289 398 500 653 681 729
11  98 124 153 177 203 515 520 581 583 637 704
10  39 405 410 452 456 580 647 765 847 863
12  15 96 420 577 578 585 624 711 719 828 851 853
17  22 61 106 155 208 241 429 442 497 580 605 667 706 722 748 897 983
5  22 419 477 843 919
7  36 227 311 517 582 722 859
12  151 155 239 365 375 448 620 640 653 681 774 876
13  118 195 228 286 318 434 604 653 718 827 861 955 992
16  37 53 74 88 96 148 317 329 494 529 562 658 729 745 890 981
10  15 284 331 719 764 789 863 915 950 973
14  18 43 96 201 282 432 495 517 633 661 805 921 924 976
12  24 306 417 436 548 572 643 684 704 769 812 934
8  6 71 90 121 553 673 729 732
13  55 90 98 157 166 220 229 481 519 633 678 713 818
8  99 258 453 657 845 867 913 914
7  168 351 384 666 708 828 922
9  23 105 139 171 491 514 677 750 947
9  48 160 237 261 326 564 801 950 979
12  27 76 144 193 212 268 344 392 517 637 664 668
8  95 108 141 154 574 709 710 784
6  135 162 398 428 750 760
10  142 159 178 304 311 363 400 406 419 820
12  77 163 181 191 279 354 396 433 502 693 848 981
4  356 436 456 492
14  12 107 116 153 262 417 429 517 568 576 587 712 768 899
8  343 413 445 453 555 583 842 957
9  96 104 159 314 338 374 707 848 916
17  58 94 111 183 210 241 496 516 518 520 533 689 769 795 838 874 925
3  303 436 475
9  94 203 253 276 452 529 534 780 852
9  238 311 377 387 513 536 775 839 922
7  78 115 291 337 452 743 965
5  142 341 571 617 838
9  498 621 644 685 793 798 854 876 987
7  38 181 287 297 571 636 866
20  0 2 30 45 60 204 247 270 271 299 324 328 401 436 445 459 637 781 812 979
3  576 831 852
12  18 23 59 139 175 306 397 612 618 698 827 837
14  78 99 304 320 326 339 350 571 617 704 733 910 959 976
9  105 189 325 549 781 873 907 971 973
10  115 190 239 586 632 648 685 832 912 955
9  185 215 434 446 465 486 613 644 971
10  144 181 270 300 411 433 468 686 688 796
9  2 19 67 86 102 245 326 369 867
9  50 245 379 582 667 717 739 888 932
12  14 188 249 307 427 437 461 513 746 762 774 882
6  133 509 536 629 846 900
16  2 6 15 160 169 294 303 519 560 631 644 796 854 879 916 970
10  29 66 126 162 170 277 458 508 715 888
14  269 302 331 356 389 409 480 513 626 776 783 787 875 930
9  56 209 275 285 443 487 732 847 958
10  70 261 330 562 569 627 697 821 829 867
10  509 568 571 620 676 698 761 764 935 965
11  172 297 305 446 482 527 548 590 593 877 908
12  89 143 251 362 417 441 458 688 860 864 874 940
6  101 145 172 765 849 871
16  32 58 250 273 342 364 451 527 574 614 672 753 778 780 838 968
10  114 340 580 598 615 867 907 943 961 968
7  14 80 255 710 888 959 998
12  67 144 244 424 463 527 641 753 788 843 938 942
8  246 261 340 373 447 586 709 952
11  37 176 184 228 412 451 639 699 815 832 880
12  16 85 239 270 316 423 486 511 669 701 850 863
10  100 114 138 150 156 247 279 478 570 591
7  65 118 126 613 621 627 868
14  10 136 151 194 248 441 446 501 662 667 716 787 943 945
9  119 300 315 347 435 669 725 795 850
11  57 138 203 226 266 442 581 702 910 961 990
12  18 95 183 213 232 370 462 620 662 849 917 959
11  37 56 64 168 192 323 364 805 825 907 961
8  14 25 206 228 235 713 894 998
14  149 233 257 415 533 731 739 761 790 814 843 855 935 977
11  60 82 185 205 240 364 395 480 516 727 797
9  377 382 562 576 579 586 587 940 988
20  2 106 142 159 216 224 303 353 380 431 660 679 711 736 781 786 796 815 900 993
7  33 85 417 684 731 742 795
11  21 102 118 272 368 430 436 486 544 660 908
5  71 318 382 493 594
10  20 56 106 159 223 361 402 588 867 974
13  44 191 208 241 337 424 666 685 708 731 827 873 898
11  98 153 215 449 500 502 654 656 821 865 912
10  37 60 128 204 440 590 775 815 911 947
11  100 211 242 306 394 560 645 648 731 885 894
8  66 261 275 315 485 688 766 885
11  46 51 77 86 268 506 554 598 754 814 887
6  220 330 353 485 689 773
14  16 194 347 431 595 659 741 779 822 860 881 905 935 947
12  85 174 245 315 317 319 510 574 583 624 645 945
14  63 197 243 294 305 525 529 598 674 700 761 794 889 900
13  142 217 245 265 272 353 408 461 642 646 673 767 995
7  45 251 326 438 512 544 564
13  14 36 162 177 266 324 329 424 460 578 777 875 890
9  105 157 233 455 479 484 636 982 983
12  130 152 158 236 240 333 460 592 669 731 856 879
13  2 59 110 114 180 187 330 335 345 385 504 668 724
8  1 33 217 259 285 746 771 817
17  66 70 167 211 299 303 428 465 497 520 544 575 632 689 815 956 977
7  64 90 273 531 596 779 859
11  274 343 386 404 506 593 775 776 812 926 938
5  125 180 280 364 654
6  131 221 316 771 813 899
8  237 284 417 579 586 694 749 916
7  2 142 333 683 693 813 899
11  329 331 445 535 538 545 551 563 682 800 856
13  5 71 85 98 103 250 251 284 481 519 591 655 984
11  300 522 545 613 620 659 726 866 897 899 960
7  104 150 285 555 622 798 958
7  35 265 299 342 415 578 966
11  168 279 285 312 339 622 634 663 844 977 983
14  132 202 283 373 482 496 607 665 676 716 772 793 818 847
9  200 221 288 417 496 574 760 780 872
5  28 270 573 881 958
10  31 84 129 302 341 363 404 515 718 827
7  115 263 435 448 602 682 896
13  131 295 305 340 359 423 517 519 566 681 715 921 922
9  99 181 243 324 413 503 543 566 936
12  33 182 199 320 397 408 423 574 729 851 905 948
12  20 28 157 163 336 542 631 708 745 756 846 986
8  7 22 92 617 632 853 928 967
6  74 115 209 546 641 784
14  61 86 118 147 210 357 364 387 407 513 515 668 787 860
13  88 204 330 411 435 474 507 642 739 746 786 799 862
12  55 129 174 308 426 499 504 540 647 896 950 956
5  63 64 130 741 921
11  89 147 531 537 571 580 591 618 714 751 983
9  11 139 161 209 261 376 838 839 992
11  248 317 354 465 472 583 747 913 955 958 991
11  31 187 220 427 436 471 509 527 606 710 872
11  154 171 207 335 473 571 595 659 697 729 870
11  149 251 308 365 407 417 599 640 799 800 867
6  384 461 599 638 707 981
11  116 126 138 162 225 362 431 466 582 654 725
8  94 225 346 386 604 794 954 979
10  134 207 322 358 414 447 593 650 748 856
13  114 222 352 363 494 533 558 704 738 774 878 882 919
9  112 210 251 274 628 694 918 935 947
12  94 245 317 375 423 516 560 645 689 798 986 994
15  117 175 223 247 291 305 318 395 421 624 738 780 800 829 996
10  30 92 206 349 442 558 587 692 902 991
9  63 158 226 242 582 589 821 952 968
12  125 130 235 311 319 378 433 573 779 830 854 998
9  133 170 189 246 257 413 422 528 789
9  10 138 294 387 392 583 585 868 881
5  218 504 540 816 939
12  2 280 415 459 489 564 674 803 804 837 873 908
16  26 32 37 40 56 78 351 384 488 568 646 711 862 880 887 921
16  10 165 265 267 279 303 356 420 425 474 510 552 556 570 685 787
8  182 254 317 321 356 514 652 977
11  106 123 235 302 344 400 479 511 754 883 914
10  272 547 575 579 588 592 696 708 737 828
6  26 76 451 465 920 925
13  32 225 259 437 476 487 651 655 659 662 673 732 885
11  257 371 387 424 426 478 571 592 630 731 950
6  380 414 457 618 974 975
7  95 133 300 381 387 814 843
13  20 131 155 232 367 389 422 439 539 798 851 966 999
9  113 273 331 388 453 460 654 893 992
13  132 186 192 208 336 396 399 416 508 532 729 779 843
10  254 417 438 441 461 468 714 717 926 954
16  74 104 142 152 232 233 384 422 481 624 651 701 746 813 910 918
10  18 26 78 105 382 434 476 755 894 933
4  666 703 746 986
6  4 36 402 406 523 655
14  160 181 312 315 384 411 548 549 611 771 857 880 929 965
6  303 422 441 832 895 902
8  103 249 553 588 697 880 947 973
13  5 184 231 312 367 393 430 625 675 701 739 741 769
11  66 384 459 553 566 706 802 824 845 882 990
10  90 250 293 361 500 583 713 836 928 990
11  12 34 51 101 106 232 343 371 431 681 918
13  49 173 183 204 212 257 296 596 600 767 785 815 975
10  120 217 257 443 451 452 514 541 578 704
9  1 83 121 236 484 846 888 904 985
12  69 280 290 514 551 578 636 639 763 851 857 958
11  159 268 276 342 357 501 528 664 728 970 976
11  89 278 376 391 423 439 740 791 818 926 962
11  284 307 404 425 476 510 542 697 791 910 976
9  14 89 110 340 470 525 834 968 988
7  25 59 69 101 175 210 218
4  339 369 839 911
22  14 20 23 119 174 190 239 369 378 407 423 428 489 501 538 571 600 690 767 769 802 889
6  389 546 632 651 668 778
10  23 130 363 403 469 556 625 774 813 820
5  340 483 561 753 854
10  229 272 347 438 495 570 589 632 930 955
9  88 169 261 318 403 455 581 635 820
7  0 107 232 270 461 551 663
9  243 324 545 669 750 760 845 897 945
12  37 76 113 130 148 192 226 359 514 527 604 814
12  82 122 184 498 530 591 607 746 760 872 877 953
9  15 90 236 242 289 323 512 866 970
10  87 116 191 219 432 675 680 743 834 987
9  41 129 479 549 556 689 802 811 960
9  140 148 150 229 301 489 563 665 876
13  221 305 376 389 494 500 553 586 625 714 762 803 947
9  105 282 461 610 661 678 868 876 964
7  73 175 421 498 629 678 948
6  54 89 274 578 671 874
7  331 366 467 636 761 877 907
10  39 180 239 362 453 666 677 720 737 901
12  10 106 204 444 525 569 609 636 690 717 887 943
17  76 95 103 256 270 334 377 382 426 446 615 619 654 821 824 854 932
11  14 120 163 279 332 415 456 578 908 962 969
9  65 119 263 350 442 629 915 933 990
5  63 226 420 599 699
9  20 45 51 64 125 179 417 750 888
7  60 484 531 535 574 654 701
17  146 224 249 282 341 347 396 404 523 549 629 645 700 726 818 914 948
6  88 115 316 344 639 863
9  8 315 436 589 721 800 855 875 979
10  129 218 286 348 408 651 813 821 846 868
16  75 131 190 323 360 371 500 504 524 755 756 808 882 907 927 944
8  220 286 408 817 886 951 979 983
12  71 256 365 366 437 466 613 689 907 933 961 989
9  26 211 283 414 448 473 668 712 917
17  125 263 300 360 486 497 501 565 607 646 655 823 848 872 894 921 922
13  29 179 252 514 622 627 654 821 843 902 924 928 944
9  278 296 462 511 533 652 957 980 999
10  133 178 258 317 613 686 716 735 847 878
11  91 177 256 310 407 496 526 701 709 882 999
14  1 204 264 374 425 532 533 560 683 709 717 789 829 902
9  46 105 187 372 442 445 483 597 839
16  2 33 38 91 122 151 166 193 235 319 370 747 760 772 915 993
10  128 202 218 247 300 361 411 435 724 774
8  1 50 149 249 310 559 724 855
8  96 171 198 407 559 571 590 649
8  94 200 494 530 836 847 856 929
10  60 65 193 202 241 259 386 478 517 808
7  151 387 791 807 873 885 888
6  23 176 272 529 873 990
6  12 291 321 341 836 986
5  129 349 357 465 772
10  28 81 301 366 535 591 615 678 901 938
14  63 69 131 238 333 358 359 509 680 682 739 762 790 914
10  3 54 66 309 407 651 664 734 768 945
12  25 42 168 314 376 641 654 661 676 750 949 986
7  2 39 46 75 447 723 920
9  105 204 283 455 564 675 792 825 921
13  258 407 456 521 578 593 689 755 787 837 950 962 995
5  68 192 259 453 498
7  197 281 525 564 601 762 765
11  120 242 356 411 631 660 719 781 790 796 946
8  103 337 486 498 523 550 666 824
9  94 96 232 470 545 795 863 930 943
8  143 313 359 401 578 747 781 822
11  30 102 310 392 474 532 649 817 875 912 925
8  219 220 300 457 838 852 903 960
9  154 550 587 617 659 692 836 873 935
9  50 123 292 488 582 595 729 937 983
11  109 306 392 631 717 800 879 881 888 901 972
11  123 234 294 328 345 384 393 466 566 720 990
8  268 276 278 616 859 867 913 948
12  137 138 165 177 334 355 494 620 641 744 896 898
7  132 150 214 266 556 870 917
14  3 5 37 64 71 94 321 402 447 462 558 757 771 865
3  31 34 976
13  22 84 142 304 306 496 525 748 806 810 827 839 941
8  224 314 386 617 724 818 881 995
16  5 46 139 404 450 505 551 607 612 636 705 826 854 861 924 991
7  36 610 705 759 801 836 973
6  59 82 101 111 290 558
4  227 374 422 908
6  70 239 386 469 534 605
18  13 157 222 230 240 301 321 422 541 584 639 651 734 737 796 844 861 940
12  92 97 103 155 390 405 445 475 529 688 843 919
11  32 60 118 144 344 594 747 767 954 959 962
16  115 160 205 240 347 394 395 568 626 697 752 790 893 926 962 980
11  75 278 410 483 487 581 630 689 798 806 891
16  38 40 87 120 208 233 286 310 417 420 547 602 606 795 871 987
11  15 45 95 120 160 355 364 379 464 635 648
8  29 88 189 212 311 642 646 996
11  59 64 181 342 511 531 582 696 735 753 935
10  143 297 565 577 609 616 826 863 872 908
12  125 324 363 382 385 414 480 582 698 877 881 924
16  43 326 402 409 423 424 450 488 565 613 627 720 763 781 838 917
9  10 143 439 529 651 789 804 970 980
13  86 178 198 202 419 428 673 683 713 806 876 879 885
10  64 159 164 205 333 346 348 394 743 753
4  371 430 435 525
11  77 108 130 150 212 460 585 677 831 902 992
11  166 169 304 347 513 634 666 700 921 956 959
5  398 587 838 843 914
12  64 85 127 203 226 334 475 701 725 941 943 971
15  73 97 197 198 274 298 316 526 581 589 642 788 823 852 890
4  13 501 634 944
13  20 125 197 279 300 366 429 507 660 834 891 897 943
11  126 170 174 191 260 402 426 545 614 685 770
13  108 434 497 565 568 594 623 631 637 658 709 831 943
12  327 344 398 445 481 535 644 722 775 790 901 979
6  46 103 133 173 560 569
8  394 398 422 463 557 708 833 938
9  6 73 85 169 361 529 553 635 848
14  51 216 249 300 380 509 690 707 769 795 852 945 957 972
12  48 80 257 432 619 659 724 808 809 827 889 954
12  94 163 183 452 476 482 509 510 557 607 634 777
10  57 294 342 346 522 570 629 671 789 825
14  67 80 81 109 163 191 268 322 560 586 613 773 775 856
8  80 94 250 454 633 769 778 853
10  18 39 93 256 289 400 539 714 798 984
10  153 266 347 375 627 673 829 856 942 986
11  52 252 407 427 641 725 743 745 965 976 985
10  206 309 348 666 691 722 829 837 853 991
10  26 41 164 625 714 747 791 799 972 991
6  57 305 496 728 895 934
11  16 94 112 151 221 229 307 313 484 923 943
15  13 216 241 264 327 345 381 397 499 662 663 731 808 856 979
6  52 91 347 397 575 792
11  322 329 374 501 570 573 664 725 780 938 939
9  93 510 624 628 638 752 785 808 829
8  145 369 395 441 538 668 760 873
9  25 75 238 252 460 588 671 863 965
9  26 291 485 488 507 513 847 865 895
8  20 190 201 224 285 381 435 500
5  246 339 479 736 846
10  244 261 298 451 515 650 662 740 795 920
15  10 22 200 203 251 260 302 485 514 570 744 883 891 930 961
5  287 693 702 832 935
12  279 286 372 517 583 685 767 865 914 940 954 998
10  13 66 255 261 504 549 554 659 832 923
13  0 121 122 199 231 236 270 278 604 680 682 685 997
13  39 63 107 122 150 182 217 295 374 574 626 654 668
14  36 131 183 360 378 382 408 425 489 779 812 829 868 998
8  9 126 154 718 744 796 800 859
11  34 105 156 185 366 457 488 495 526 826 951
9  5 42 71 144 352 392 403 479 752
7  64 192 485 490 666 696 983
10  111 225 227 233 245 280 359 441 478 928
10  33 123 180 619 637 649 778 791 793 915
14  14 151 288 307 418 445 488 633 656 724 782 841 852 940
4  99 545 910 939
19  27 199 219 221 265 270 272 401 449 463 501 509 618 647 739 756 909 939 971
7  51 115 247 351 661 759 930
7  72 162 570 620 660 825 926
6  46 117 357 594 706 831
13  226 288 293 416 440 594 728 787 813 861 897 918 934
13  206 255 304 389 438 451 469 518 589 783 802 907 941
9  125 318 381 515 606 627 681 948 992
9  25 43 145 236 648 794 833 854 956
11  74 321 382 406 548 715 739 749 914 965 968
7  21 113 537 584 714 844 980
14  56 75 96 136 191 333 406 480 528 730 816 894 988 997
16  19 44 135 194 261 337 532 590 694 703 725 795 817 860 951 962
10  276 392 430 478 546 554 595 610 694 795
6  53 322 396 460 884 898
9  208 261 322 452 590 796 838 853 961
5  400 517 607 730 825
9  143 352 368 458 678 738 755 846 912
11  130 135 166 332 355 374 418 448 457 791 955
9  77 148 169 413 493 698 748 796 906
7  103 212 536 541 566 743 806
8  42 178 403 629 764 823 895 911
3  138 358 568
14  12 130 178 228 235 279 295 298 318 333 520 624 781 968
9  108 186 320 402 740 783 793 940 994
12  98 102 172 229 343 471 488 498 517 591 883 914
13  126 212 213 221 263 402 632 651 666 715 827 851 896
12  16 85 142 157 220 301 376 383 464 489 695 984
8  112 147 149 366 441 528 828 938
14  99 235 319 396 409 639 678 812 870 887 937 956 964 970
7  124 219 386 723 887 909 910
13  5 119 203 317 358 453 495 634 653 843 897 908 933
11  8 57 103 280 331 362 429 468 836 862 915
11  77 104 306 362 399 469 488 505 565 639 879
17  0 60 194 357 366 369 431 435 484 637 645 780 823 862 865 867 884
7  213 398 414 565 791 796 864
11  3 153 164 415 423 645 667 767 814 872 980
7  153 279 402 527 561 821 961
14  85 115 176 211 329 395 407 429 596 661 666 715 745 774
10  52 96 217 369 438 696 776 787 831 916
4  243 460 471 815
11  121 191 325 335 429 526 589 597 702 732 818
10  77 137 177 271 284 468 481 792 903 921
9  33 40 138 368 370 433 486 640 719
7  148 219 243 334 382 481 769
12  211 260 321 343 386 439 491 712 738 845 873 897
12  158 229 283 331 382 396 424 587 620 706 764 927
10  74 226 230 676 702 860 917 938 973 978
7  83 396 404 605 797 872 969
12  43 74 114 115 381 435 477 630 686 691 706 753
9  29 251 301 351 618 638 648 845 860
9  13 24 203 221 536 685 772 826 965
11  5 211 416 637 647 649 793 895 924 946 983
9  302 463 755 782 818 845 846 921 992
1  55
9  83 145 219 254 394 464 775 938 976
11  106 147 302 312 611 632 743 880 890 918 960
6  78 492 530 687 735 970
6  263 313 392 456 698 969
13  120 245 248 305 449 502 565 636 637 719 757 918 932
10  69 91 144 254 419 504 517 782 957 967
10  104 220 355 473 627 754 770 855 938 966
10  112 183 184 350 545 565 619 621 862 910
10  365 432 465 480 492 543 552 829 872 882
16  63 198 271 277 295 304 316 324 326 487 500 589 619 745 839 956
6  155 180 376 440 658 733
7  116 119 406 488 513 733 750
13  184 187 297 414 436 561 590 618 754 756 835 880 964
13  14 68 160 182 285 391 441 515 542 651 676 688 727
7  202 282 381 404 493 520 956
13  23 42 100 305 385 550 597 615 712 789 792 868 885
11  111 335 347 380 386 548 797 846 855 919 945
8  115 126 177 355 409 588 602 710
7  67 93 105 215 351 523 672
13  7 117 217 367 383 583 672 688 704 792 828 905 961
6  19 106 365 684 878 936
10  80 132 139 233 467 491 567 570 752 880
15  94 103 143 186 238 260 408 446 485 697 716 741 810 815 879
10  83 144 192 345 351 359 391 613 771 848
12  4 69 92 122 161 225 331 559 653 757 920 990
5  18 210 402 547 793
12  65 197 265 491 647 747 748 783 809 830 988 993
12  23 94 159 312 422 428 471 706 718 838 881 882
10  206 270 285 510 587 705 736 859 916 962
11  81 105 382 409 434 482 485 504 654 802 990
5  38 422 511 716 933
7  67 142 329 354 669 818 837
4  450 563 717 850
6  20 347 436 527 899 920
10  64 266 407 411 555 638 650 720 897 901
8  17 59 214 302 422 735 797 799
