1000
14  130 324 344 406 448 464 501 628 656 660 841 845 956 958
11  28 189 309 391 497 714 773 853 863 895 944
14  47 122 207 233 294 341 442 468 499 506 695 838 895 989
15  58 83 258 325 384 434 685 709 723 752 856 866 934 966 998
14  97 101 139 179 271 281 321 370 445 584 663 673 711 910
9  41 100 107 189 317 341 427 458 569
13  40 119 426 429 593 660 695 765 841 892 922 927 950
6  114 176 406 415 668 959
9  9 107 230 361 616 739 857 879 881
6  8 234 493 626 735 882
6  19 318 450 566 792 969
11  135 192 215 419 541 544 596 621 647 733 809
12  88 96 176 373 405 498 513 711 739 798 805 859
11  101 153 186 208 285 301 373 394 403 477 720
8  169 288 514 548 566 617 853 947
7  188 253 689 762 921 927 950
11  96 236 272 294 588 649 664 682 760 859 939
8  106 343 632 712 767 821 855 997
11  220 367 388 422 455 478 755 763 821 870 973
5  10 337 753 845 936
16  88 103 168 233 273 322 349 359 476 495 587 635 644 829 868 890
9  123 198 424 597 658 708 771 774 885
6  117 340 514 534 537 807
11  39 206 267 339 434 536 590 654 829 858 890
5  397 452 500 630 756
6  70 348 429 574 583 589
12  43 119 129 189 323 410 518 637 823 856 948 971
5  114 231 345 531 596
13  1 52 297 475 500 594 661 669 721 797 809 858 887
11  166 232 240 456 547 551 632 651 666 736 927
9  66 162 350 667 670 769 878 886 987
9  88 168 340 358 409 413 561 681 901
9  58 65 143 281 376 418 466 592 801
9  65 108 169 258 274 596 604 801 888
8  279 315 634 813 821 868 869 996
10  82 137 217 238 341 361 469 662 955 992
8  57 130 414 423 541 585 773 787
7  340 448 462 485 502 529 772
9  291 426 500 504 637 640 788 877 880
11  23 289 382 392 425 539 684 689 714 897 904
6  6 605 652 693 737 965
5  5 251 570 855 979
14  101 123 136 148 250 345 432 489 495 567 600 616 885 926
14  26 113 124 175 297 376 407 649 735 745 836 857 969 970
8  113 233 362 438 445 702 721 850
12  68 132 321 376 431 496 693 731 751 852 904 990
8  251 557 602 731 746 815 885 988
12  2 135 211 250 438 472 608 646 906 947 961 974
7  112 239 256 359 544 570 927
14  53 109 147 199 247 341 404 482 497 525 554 603 875 970
14  139 181 226 258 328 340 360 536 739 766 854 883 900 936
5  136 158 195 344 364
12  28 381 588 634 689 790 859 861 876 915 975 983
9  49 81 174 212 248 581 683 812 869
13  242 254 347 464 473 488 512 530 532 874 914 946 966
9  85 287 546 568 588 629 679 729 965
13  105 176 253 334 498 771 780 799 824 830 894 908 918
6  36 240 505 555 691 949
11  3 32 79 108 543 576 584 604 720 822 823
10  130 181 197 292 332 456 502 522 750 977
8  92 132 482 504 644 781 889 991
11  97 100 109 195 286 331 476 545 576 868 967
17  84 191 216 224 234 250 428 580 671 720 756 823 830 928 955 993 995
13  233 247 255 273 337 532 614 706 715 792 858 891 966
10  86 251 297 301 343 355 652 743 790 897
12  32 33 116 238 477 585 625 773 808 913 941 951
7  30 231 238 304 715 808 885
14  85 105 140 313 392 491 496 516 732 740 844 864 923 926
14  45 99 226 280 307 387 422 425 591 690 854 930 961 990
12  82 217 286 534 643 648 693 782 910 940 955 990
11  25 73 197 334 387 404 424 703 833 845 901
10  142 266 334 402 411 628 798 815 818 951
7  354 419 681 770 792 916 951
9  70 124 409 522 600 710 818 889 990
11  102 110 202 257 405 428 533 662 761 879 985
11  124 178 201 285 287 360 683 706 711 767 808
5  77 121 190 833 875
6  76 101 393 686 852 939
13  96 301 318 319 393 396 410 613 621 682 723 740 959
14  58 110 319 408 431 479 515 519 549 573 695 791 817 983
10  144 208 365 376 480 486 543 802 825 913
13  53 236 256 371 462 666 686 695 745 747 771 856 863
8  35 69 136 185 458 705 714 930
15  3 105 136 251 437 439 500 592 654 665 730 733 790 835 852
12  62 122 155 191 391 394 432 619 642 648 790 939
12  55 67 171 255 364 404 484 636 695 795 845 957
11  64 102 204 266 327 520 738 828 853 867 872
8  97 230 414 497 602 670 695 808
11  12 20 31 103 125 370 630 657 699 862 964
9  170 231 294 424 532 539 593 700 719
5  150 246 270 605 773
5  324 463 495 745 836
13  60 101 259 333 375 483 544 562 571 615 619 705 754
4  373 478 723 905
3  281 609 664
8  142 190 353 362 504 552 664 970
5  12 16 78 949 987
16  4 61 87 126 172 236 260 319 568 606 761 785 882 913 933 941
10  101 281 295 426 466 642 648 767 849 937
12  68 128 185 282 570 612 643 715 802 885 947 976
11  5 61 101 275 452 487 545 701 745 776 789
17  4 13 42 77 92 98 100 143 157 320 443 559 614 705 725 950 973
11  74 86 124 180 236 362 524 592 705 805 984
15  20 88 110 160 186 209 360 385 452 585 694 708 737 768 884
17  210 325 361 486 507 537 597 638 748 765 775 787 829 834 892 930 944
14  56 67 83 160 219 343 366 404 519 593 680 730 955 973
10  17 123 141 188 274 402 451 537 843 883
13  5 8 176 319 339 376 410 475 527 529 678 888 911
11  33 58 141 261 323 339 360 430 440 441 491
10  49 61 120 143 435 704 733 855 946 986
17  74 79 103 147 239 278 370 581 648 697 752 759 782 786 823 843 937
2  341 902
15  48 128 204 307 360 437 497 520 531 574 725 770 790 840 932
5  43 44 533 617 747
7  7 27 176 218 358 423 564
8  187 262 293 449 458 570 746 966
10  65 162 177 279 297 299 360 436 477 604
9  22 161 185 265 379 387 447 505 583
8  241 335 378 458 462 485 617 881
9  6 26 294 343 488 590 640 933 957
5  109 181 257 368 750
11  76 329 334 364 433 472 558 603 632 900 963
14  2 84 170 226 272 362 367 440 519 581 679 858 903 998
14  21 42 106 253 265 276 297 301 319 529 691 729 866 940
15  43 73 75 102 141 259 294 337 484 502 738 779 811 850 953
6  88 450 545 630 677 721
4  97 690 754 935
10  133 138 227 250 282 332 562 705 763 818
8  99 112 289 360 463 502 597 910
9  26 303 405 426 452 469 573 633 971
7  0 36 59 682 740 781 841
12  371 446 594 637 649 736 845 862 866 869 994 997
10  45 60 176 345 575 695 726 794 870 937
12  127 268 321 341 361 409 563 694 704 755 843 958
14  172 192 313 359 375 394 428 466 572 643 743 773 968 982
10  11 47 196 306 362 561 631 657 695 794
17  42 51 82 83 152 310 342 358 625 635 639 739 812 829 889 928 960
5  35 183 313 419 979
17  127 147 194 209 322 427 510 557 575 708 762 829 859 863 911 917 993
12  4 50 157 168 191 235 316 337 615 827 846 973
7  67 429 625 707 854 899 991
11  106 108 124 202 313 511 567 599 622 630 746
6  71 95 184 258 402 758
15  32 101 109 247 312 389 571 702 705 730 809 916 922 990 995
10  80 219 266 281 480 497 725 906 956 987
7  178 409 456 847 854 887 923
7  191 201 343 730 825 922 984
14  49 110 138 232 280 324 407 416 570 582 636 849 879 900
8  42 213 389 410 766 837 912 935
12  198 371 695 731 743 789 862 869 876 892 924 928
10  90 416 456 487 522 659 767 773 838 963
8  197 218 294 330 691 778 846 939
10  136 182 202 331 502 506 519 799 826 966
7  13 253 268 360 473 596 743
4  390 426 546 774
11  84 169 210 242 284 411 500 544 658 754 853
3  320 605 829
7  101 139 497 656 781 890 985
10  51 232 389 481 489 497 501 690 784 876
12  179 336 341 389 390 507 689 818 822 856 915 923
9  103 105 172 296 398 606 666 900 973
7  117 311 467 565 584 820 993
10  30 116 171 255 537 676 695 875 899 941
7  329 404 477 480 717 721 785
11  169 247 256 388 454 474 601 635 667 739 941
7  172 221 229 445 609 751 878
7  29 172 357 465 517 859 905
8  321 449 474 486 615 809 822 882
9  20 31 139 615 617 683 689 743 910
15  14 33 155 164 218 287 407 475 630 641 678 716 741 803 831
7  89 122 431 449 682 701 704
12  85 162 201 290 330 458 508 640 758 836 957 961
11  97 134 160 165 166 376 408 532 703 934 982
9  200 596 679 692 830 832 879 907 958
12  53 183 300 306 325 347 390 446 520 620 628 917
8  43 240 368 437 467 556 857 973
20  7 12 56 107 114 132 189 310 328 354 442 539 652 659 660 785 868 906 977 985
8  116 181 399 539 594 818 876 924
6  75 145 211 224 748 913
12  4 159 311 333 337 460 646 693 709 716 723 903
14  102 188 278 294 334 400 450 483 689 821 836 896 939 994
11  50 59 120 177 315 358 372 437 794 845 889
11  152 235 388 469 635 719 726 735 737 862 947
8  137 174 200 303 318 553 872 923
9  142 231 495 498 567 701 958 974 975
14  82 99 117 206 296 348 369 499 595 613 714 774 800 870
10  13 103 253 304 318 373 497 753 871 982
8  115 467 539 584 659 820 857 973
10  15 106 180 208 280 409 432 512 570 860
9  1 5 26 176 198 310 833 891 956
14  76 95 203 208 323 421 458 657 676 697 722 775 829 882
10  62 84 139 146 243 381 384 394 824 876
14  11 134 252 314 433 461 688 695 720 745 775 905 945 992
10  195 242 320 363 430 629 660 711 780 832
9  138 325 335 619 696 918 939 985 988
12  51 61 193 318 385 442 675 803 832 895 945 991
10  135 199 570 609 791 804 824 885 931 970
15  59 70 151 211 258 304 336 376 490 585 592 601 771 816 855
10  21 149 189 321 488 540 548 569 646 719
6  49 196 644 795 836 875
10  173 183 417 542 596 640 674 685 854 868
12  75 146 171 320 404 442 612 683 713 716 902 981
8  74 141 152 213 243 365 569 884
8  190 219 295 343 577 663 736 919
8  86 112 268 503 538 698 917 976
4  313 432 487 625
10  23 185 350 366 397 446 492 512 661 700
8  2 409 463 516 693 899 986 994
13  13 80 188 190 396 400 442 499 651 652 805 830 921
9  103 138 246 295 376 824 854 883 893
6  104 155 260 609 846 968
10  47 178 197 249 329 576 799 894 989 996
10  53 228 248 484 660 686 838 930 955 993
8  148 202 628 654 683 684 834 900
3  327 487 769
9  11 329 336 481 621 633 635 670 690
10  62 222 284 321 435 451 703 777 785 829
10  35 69 496 611 645 649 796 817 856 889
12  114 151 169 338 366 426 444 446 458 538 564 974
11  105 144 203 258 293 333 373 585 695 795 834
12  18 251 399 418 453 511 517 557 603 685 794 987
14  165 225 280 308 342 353 664 737 789 883 963 966 967 990
8  216 552 617 625 677 708 876 932
7  226 392 538 596 852 906 934
9  62 178 302 467 559 606 616 761 818
2  221 644
8  50 68 122 223 355 460 593 981
9  127 329 351 448 475 482 489 780 912
5  212 294 604 834 994
11  165 233 243 302 309 383 532 567 601 710 907
16  8 87 264 424 477 514 525 625 637 751 763 784 791 793 931 999
11  27 66 89 184 450 510 558 849 862 866 894
13  29 147 158 238 259 282 307 537 614 634 665 723 747
11  2 20 44 63 229 550 577 663 709 747 981
9  9 62 311 536 631 685 845 930 980
5  139 182 355 804 950
14  16 81 97 102 277 306 338 375 396 475 622 709 754 942
8  258 293 356 391 491 639 714 897
12  35 65 66 232 330 382 390 397 432 600 833 989
8  48 110 258 403 444 458 524 633
12  29 57 175 395 460 528 599 657 698 726 805 840
4  118 316 792 875
4  54 155 193 853
7  191 202 229 298 374 890 970
9  276 300 501 735 755 811 816 817 985
5  345 348 487 654 697
9  90 209 396 404 442 663 693 847 885
11  49 63 143 164 357 397 407 600 677 700 890
8  53 212 617 679 696 725 978 991
10  211 285 292 389 456 536 573 682 685 714
10  42 47 62 127 481 546 579 605 770 954
10  41 46 64 83 220 312 423 579 609 692
8  192 417 430 472 581 799 810 991
10  15 56 123 153 186 338 404 667 785 826
8  54 256 356 614 615 720 823 952
12  63 85 162 259 318 356 708 733 740 929 940 947
8  48 81 164 254 379 452 708 936
12  74 120 291 360 378 422 536 565 620 675 707 768
17  3 33 50 142 197 219 237 239 467 500 558 585 713 771 864 943 945
18  92 124 232 255 339 464 494 532 543 682 690 751 817 834 855 874 916 955
8  97 210 311 404 554 710 834 943
11  108 333 487 547 549 601 727 743 831 906 986
8  115 451 491 558 607 706 793 945
6  364 479 681 772 844 978
5  230 278 662 705 800
11  117 123 349 364 537 544 610 743 801 886 958
8  71 86 144 385 436 491 524 665
5  23 339 443 715 732
13  133 153 204 507 622 695 707 722 740 767 802 816 976
8  294 358 454 518 581 746 910 984
4  90 521 570 670
9  4 423 491 609 688 716 739 781 904
8  16 122 303 346 388 520 702 935
11  20 63 375 471 533 534 550 593 609 859 866
8  33 106 286 321 631 646 700 788
12  100 326 376 380 459 653 674 738 763 775 862 995
6  123 244 399 524 559 865
6  236 467 533 543 594 828
12  110 180 264 284 457 470 480 481 546 717 826 965
11  34 116 303 332 434 520 772 799 807 888 926
9  68 147 188 221 481 616 629 824 932
15  4 32 94 98 144 306 348 410 424 429 596 600 708 771 789
16  99 127 232 326 392 439 468 580 689 694 700 701 839 880 943 987
5  305 457 605 684 695
12  155 216 278 312 337 533 546 568 596 682 788 887
8  13 75 249 372 527 565 646 873
9  61 69 274 369 491 516 548 616 742
12  55 75 169 298 658 689 720 753 780 809 885 970
7  14 454 558 795 824 862 957
15  39 128 358 474 619 651 657 718 726 750 775 899 921 942 946
6  171 317 469 765 853 955
15  38 257 301 394 479 484 697 718 743 871 875 928 929 939 972
7  59 249 376 638 725 804 960
10  115 219 237 366 567 707 724 827 845 993
12  2 16 89 119 124 151 180 228 269 363 457 635
8  98 203 209 376 593 606 688 736
16  160 185 312 314 316 345 403 426 471 509 545 567 728 792 857 861
8  28 43 64 116 123 405 653 846
8  243 287 316 527 613 675 855 949
6  116 414 476 636 890 977
7  174 244 511 539 667 900 939
11  13 64 78 123 291 362 479 566 725 887 995
9  224 229 327 445 603 660 710 760 929
10  129 183 272 279 420 569 645 895 929 935
9  66 186 197 314 407 457 695 834 975
9  283 365 388 486 551 701 820 991 999
5  135 174 236 281 699
9  68 112 232 429 786 823 899 907 999
6  221 457 760 795 864 872
5  1 229 671 859 869
5  136 176 189 550 941
15  161 179 234 260 488 489 574 607 669 801 837 891 900 901 909
12  143 251 284 296 362 485 502 607 613 783 909 965
16  67 134 137 141 205 421 442 486 525 595 669 688 804 812 873 942
12  192 296 304 393 437 588 613 618 647 696 717 968
9  34 181 404 596 651 691 700 862 870
15  139 241 296 298 409 414 431 440 507 518 555 561 645 678 960
5  5 290 756 806 846
10  10 78 183 186 195 255 387 776 969 983
15  78 79 97 107 123 359 418 437 455 488 560 590 601 624 931
14  101 156 193 201 431 456 643 671 712 758 858 860 931 939
15  4 45 133 167 198 216 274 432 474 540 544 622 742 891 984
8  20 138 354 389 570 573 937 965
6  26 108 190 438 567 633
10  0 91 147 381 574 589 622 721 839 924
14  3 104 174 194 450 466 627 641 719 810 833 872 888 949
12  275 282 348 392 397 531 596 658 670 720 746 761
13  86 214 302 347 408 505 507 571 665 817 860 912 938
11  50 176 445 547 596 646 648 712 798 822 824
12  121 163 211 215 227 346 726 738 796 822 861 947
12  151 171 238 667 712 774 799 807 809 824 865 942
12  61 152 436 470 567 598 615 876 941 961 979 989
8  59 127 279 592 624 719 888 914
12  92 179 219 261 427 587 596 649 772 822 871 981
13  56 70 71 121 180 372 374 438 440 469 594 646 681
12  118 194 338 389 440 486 604 621 849 904 920 922
10  159 197 215 405 630 740 835 901 943 965
11  19 63 124 139 179 284 346 407 507 629 883
10  218 236 253 335 440 536 541 658 670 869
13  23 107 108 259 267 417 596 627 704 722 779 876 984
6  22 31 37 50 482 664
12  2 5 35 49 111 133 159 431 454 487 725 963
7  136 221 367 436 786 793 980
8  17 64 105 119 146 203 430 627
5  0 51 543 608 623
18  27 42 132 245 296 367 440 508 524 564 626 681 685 744 823 848 882 912
10  272 329 337 475 479 609 645 813 905 927
7  54 174 327 410 412 587 769
11  25 185 245 281 326 484 485 504 763 768 928
10  20 265 440 593 614 695 716 754 755 883
13  30 206 370 484 546 650 706 728 758 857 892 893 920
11  227 398 420 476 576 595 605 606 627 887 958
4  494 510 794 837
5  95 221 398 472 755
10  72 176 322 365 392 668 670 691 804 834
9  64 226 235 376 527 569 752 855 996
7  237 254 255 451 701 801 826
7  166 247 458 535 573 659 794
16  31 114 136 181 269 289 363 571 639 713 740 805 806 831 946 956
8  20 48 134 319 367 567 663 780
14  50 75 103 108 112 116 128 153 257 463 657 769 863 913
13  8 35 104 133 400 423 438 471 489 624 632 665 847
10  44 95 102 122 135 301 312 574 686 773
9  193 294 358 508 515 548 606 778 996
8  51 85 121 263 265 453 666 741
6  80 202 305 354 603 645
4  105 206 218 293
12  18 122 342 345 359 401 431 550 694 720 776 916
8  120 175 470 477 541 593 795 901
5  185 286 592 953 999
10  4 88 110 350 486 594 624 644 649 957
9  81 131 149 466 513 521 586 761 831
8  181 285 334 493 547 795 859 964
12  12 13 93 186 219 453 535 728 798 810 903 953
9  243 334 458 511 512 770 840 852 962
13  92 134 236 273 423 543 544 599 633 668 676 812 857
17  32 43 45 80 107 172 197 209 275 292 295 355 384 580 692 701 743
7  422 424 642 696 833 936 974
13  118 257 388 473 574 582 621 829 867 873 877 892 909
7  117 256 436 551 613 680 799
6  275 475 534 584 775 916
6  52 191 324 548 890 956
10  39 238 408 534 682 751 767 826 942 972
7  229 444 461 592 797 801 990
11  3 191 376 424 555 613 639 786 841 905 908
6  103 195 266 449 763 834
5  846 865 871 896 998
8  68 70 117 318 410 806 814 980
8  18 164 182 272 305 378 885 934
15  143 148 158 159 249 322 335 516 531 559 586 623 772 879 898
15  154 159 174 238 414 435 519 593 605 617 715 722 734 938 940
7  1 84 237 589 697 714 840
15  39 67 223 282 326 354 398 432 463 498 716 795 857 974 982
5  77 78 314 444 680
12  13 84 134 191 291 410 509 511 519 525 828 940
1  240
9  78 208 236 246 431 584 617 703 763
9  24 206 238 247 326 842 843 914 950
15  160 351 353 392 411 511 581 609 659 668 705 795 828 915 944
7  177 220 276 528 540 594 638
8  180 208 361 468 473 569 608 884
8  367 427 428 444 622 731 790 806
6  71 106 142 519 700 829
9  13 239 296 452 629 632 761 809 918
15  49 70 85 105 163 201 246 253 260 315 715 778 782 859 962
10  12 74 129 297 336 708 846 865 869 971
4  0 7 667 778
13  43 147 169 247 304 337 502 621 753 800 913 941 986
10  79 172 327 382 458 520 587 844 893 977
14  31 73 133 145 188 207 316 580 639 766 779 784 815 852
13  26 78 107 148 281 347 387 394 426 757 766 958 966
10  71 155 398 486 532 551 628 683 756 782
7  347 682 695 874 913 962 968
5  31 527 715 746 861
11  36 87 299 316 390 472 481 666 678 825 989
5  7 604 750 862 888
8  147 150 505 532 558 641 758 865
10  200 252 339 478 495 554 613 700 731 932
5  32 220 319 664 937
7  11 72 137 540 575 635 952
10  303 351 445 515 553 598 855 967 971 984
6  190 313 445 492 784 785
11  18 68 257 377 535 676 722 803 871 881 955
14  36 114 251 271 361 375 450 616 677 776 777 831 895 902
14  21 70 89 230 281 377 384 487 492 513 554 697 729 799
5  39 68 444 650 987
12  6 38 98 129 154 218 296 410 498 531 532 597
8  5 138 333 401 475 559 833 922
8  62 74 134 401 493 640 686 706
11  6 25 140 281 307 475 640 722 728 905 913
7  108 193 252 343 747 891 938
18  45 79 170 316 320 341 367 396 469 504 598 686 714 753 784 825 969 995
12  42 84 188 205 238 321 392 456 514 560 645 720
8  121 192 544 716 734 742 889 902
7  3 23 279 561 673 777 923
7  109 216 390 713 782 789 841
9  116 266 331 342 379 471 560 689 779
17  83 112 175 181 314 319 459 604 687 690 728 751 787 849 923 937 986
11  44 47 323 334 361 687 691 790 897 919 961
12  83 282 446 571 580 584 809 819 825 952 967 985
12  108 122 316 334 335 338 345 349 582 732 831 838
9  108 452 699 711 726 735 742 812 966
11  2 176 195 201 208 246 313 488 501 844 918
9  101 267 494 500 573 580 784 857 899
15  218 239 383 393 401 425 477 491 564 738 759 813 821 858 871
10  4 44 165 302 328 420 421 446 653 796
15  131 174 206 218 439 445 537 547 548 549 632 648 821 828 857
4  117 566 765 801
7  0 37 227 530 536 873 916
5  115 167 170 385 858
7  10 125 180 231 325 423 461
9  106 216 262 356 480 486 774 828 891
15  24 100 103 129 256 403 441 511 544 613 718 771 855 864 937
7  220 364 373 498 732 753 760
9  164 269 288 341 490 633 765 772 990
7  18 319 528 566 759 800 827
12  29 59 145 150 249 320 432 460 465 675 765 930
11  278 283 294 304 308 461 473 729 755 789 885
15  5 82 115 118 171 190 218 239 357 374 408 487 688 809 849
5  275 437 627 649 857
9  179 226 240 456 498 542 726 741 850
12  192 383 450 457 464 558 622 663 688 793 901 990
7  37 81 118 555 667 839 843
9  91 128 207 360 392 710 804 814 848
11  0 54 259 461 503 581 614 822 933 943 953
4  166 456 764 935
8  32 98 134 325 371 541 708 871
8  161 175 187 224 258 277 625 808
10  2 282 400 482 714 721 726 827 843 976
12  35 129 182 290 334 431 572 577 632 714 832 969
12  278 331 368 543 571 676 686 749 870 885 892 931
9  273 296 361 436 513 581 650 677 720
8  47 121 252 353 414 626 862 969
8  54 153 378 400 457 520 885 939
9  164 167 289 321 488 622 625 931 935
14  28 107 169 227 236 346 380 427 429 476 587 659 828 854
11  20 61 299 351 475 513 536 550 771 864 895
16  13 65 116 163 230 368 444 528 578 608 633 640 815 837 941 957
10  18 93 417 579 629 721 760 769 833 914
12  79 263 291 301 346 530 597 764 811 898 908 975
12  80 144 163 278 451 481 614 678 711 722 945 979
10  158 215 250 278 280 414 480 653 715 991
12  49 60 227 340 468 649 741 849 918 954 957 978
9  92 180 512 526 678 700 756 771 884
11  85 124 212 291 348 350 504 670 780 851 968
8  37 118 312 348 590 637 816 981
15  80 104 167 305 313 335 370 411 451 651 663 685 772 846 963
15  100 150 205 214 245 261 341 424 458 496 541 662 670 724 928
10  54 119 198 311 319 442 474 561 589 636
11  42 158 227 311 361 503 626 691 823 835 842
8  197 454 619 622 659 764 845 949
14  67 108 237 262 266 271 286 444 517 571 709 752 851 968
11  206 421 424 543 619 626 693 766 860 861 899
5  9 372 428 636 980
6  259 352 443 576 734 738
8  20 42 91 184 417 625 723 942
8  45 67 217 487 523 842 923 938
12  1 49 87 112 144 157 158 186 624 642 823 958
12  12 56 184 392 426 453 460 662 705 855 875 961
10  2 185 208 514 749 776 833 880 951 987
10  24 28 38 83 155 258 443 613 672 886
12  0 158 244 442 556 603 617 634 638 737 766 952
10  37 59 124 128 152 312 407 639 647 816
9  204 464 489 695 723 887 910 946 964
13  38 60 95 348 431 484 524 704 774 779 806 880 889
8  57 117 327 416 523 637 741 893
2  2 152
13  104 159 268 316 327 337 573 632 652 715 732 733 836
6  171 345 363 587 896 970
7  296 394 556 696 794 812 870
9  138 231 352 518 848 874 910 947 969
14  141 220 300 374 394 398 452 530 546 562 675 748 887 939
12  54 188 206 374 483 520 535 753 763 865 877 988
11  12 371 424 471 476 533 571 589 598 668 931
9  14 22 230 432 499 554 571 918 982
7  79 363 420 618 632 636 685
11  67 207 286 389 688 753 795 856 865 879 944
6  166 220 491 762 773 898
9  26 269 316 510 557 559 610 626 712
8  79 105 122 152 390 394 402 935
14  86 112 174 272 279 408 473 512 556 577 779 873 889 994
7  270 371 590 604 612 753 950
6  59 73 150 555 638 704
5  496 505 571 619 687
10  102 239 266 276 345 504 618 716 721 973
11  49 230 313 394 529 565 788 828 831 875 976
6  483 808 839 894 929 991
9  107 285 298 355 413 624 643 912 974
9  240 399 455 477 547 577 768 922 958
14  37 107 123 525 551 632 651 784 788 797 806 813 852 907
9  54 448 479 511 532 775 855 902 966
7  27 112 326 389 426 887 969
12  54 63 89 172 229 259 411 416 426 530 884 954
12  74 113 273 277 284 513 536 743 761 909 958 962
8  22 69 273 380 382 598 603 741
10  357 373 422 512 566 616 675 747 846 915
17  23 50 234 249 257 338 448 476 533 610 681 688 795 841 850 906 939
12  22 104 106 162 232 265 446 574 622 723 828 921
8  204 218 223 660 688 727 770 854
8  39 89 176 177 187 300 771 822
7  198 321 399 419 578 594 864
7  11 36 338 368 466 487 704
5  200 460 588 644 978
10  58 80 259 277 344 375 470 492 634 695
17  11 48 92 155 265 321 375 433 452 631 695 795 818 823 890 922 951
14  61 100 125 296 572 592 640 690 789 861 876 896 912 990
14  55 154 250 278 284 350 511 561 588 613 700 715 880 997
10  29 261 328 372 446 528 553 812 875 918
12  14 198 286 363 381 446 619 731 778 779 872 873
6  79 261 446 866 945 987
10  233 273 310 367 476 579 586 617 945 985
10  29 305 379 411 529 599 610 688 889 969
9  95 222 606 685 771 794 889 930 972
9  183 420 547 563 585 632 831 862 871
10  49 260 417 424 514 558 698 720 761 906
11  57 316 384 462 522 701 869 895 913 929 931
6  175 501 509 520 694 792
7  46 138 220 518 677 773 934
9  121 231 258 262 288 416 461 554 934
11  101 224 276 389 427 518 645 647 706 732 769
8  319 432 436 577 617 864 881 961
8  31 135 316 434 488 546 757 869
7  92 127 511 593 636 670 724
10  133 553 589 691 780 793 835 870 932 973
7  114 218 345 444 657 784 997
9  161 257 285 525 622 704 735 810 970
10  10 14 301 447 455 535 593 610 668 736
12  42 141 184 229 293 296 323 331 359 572 644 662
6  55 97 284 605 895 933
14  5 198 202 303 355 400 592 669 687 697 788 791 835 899
11  41 48 99 115 147 188 196 270 322 798 860
15  92 143 327 358 439 470 491 513 514 523 585 659 720 885 940
8  134 469 545 567 674 830 925 948
12  79 129 249 322 357 443 507 769 830 843 864 954
10  25 112 311 324 362 378 537 592 940 951
6  132 138 419 587 748 802
9  58 61 211 351 494 577 652 680 767
11  203 233 469 520 528 560 576 594 659 852 896
6  477 540 605 632 813 829
9  250 251 478 550 611 624 756 771 846
8  62 282 376 409 439 443 715 788
15  53 110 122 252 269 398 464 471 603 617 793 836 858 873 924
6  147 378 440 765 800 939
9  25 117 670 789 831 852 871 922 962
13  4 58 161 187 380 396 439 680 709 723 885 906 934
10  36 65 103 197 219 258 553 571 588 896
7  371 389 550 670 858 897 990
11  20 333 347 408 475 508 575 798 881 904 939
12  16 52 55 314 542 546 585 682 744 747 810 969
10  25 324 391 488 513 563 686 697 779 924
8  23 119 319 485 521 638 875 879
8  68 598 642 703 762 764 828 944
13  32 83 102 197 332 369 383 545 569 574 720 864 949
14  6 89 105 226 273 295 349 368 390 562 566 692 767 843
14  28 131 177 277 334 370 399 540 577 630 654 747 872 943
4  185 313 351 772
18  11 27 33 153 173 200 223 281 284 315 326 328 333 339 777 818 871 939
7  21 104 128 426 479 710 805
8  331 420 431 513 534 591 824 981
7  141 240 375 551 600 766 816
8  42 73 238 247 281 599 637 652
9  164 197 229 261 319 756 765 775 873
8  46 87 757 828 890 933 955 961
12  49 121 220 302 365 501 534 581 632 765 850 972
13  33 58 116 228 335 415 437 521 658 725 763 816 828
16  40 90 156 250 283 351 390 568 578 607 646 671 776 782 841 974
11  97 160 224 295 351 363 552 615 829 831 891
6  262 311 312 605 699 787
14  47 344 400 477 618 628 644 646 711 747 823 860 931 933
12  94 165 196 210 251 271 273 346 398 737 878 881
9  265 518 536 551 566 686 703 936 992
4  217 579 949 974
9  99 201 521 811 896 904 951 991 995
14  78 185 298 312 314 379 384 417 452 500 546 638 858 868
9  63 101 232 254 349 464 480 791 914
13  92 139 167 168 254 331 606 634 764 786 794 846 998
11  8 42 224 280 286 423 535 695 696 906 922
13  14 113 118 168 222 248 390 396 501 550 560 581 820
7  314 515 524 608 715 764 949
12  84 92 194 289 490 492 523 548 807 815 849 952
5  174 257 833 909 967
9  11 78 215 335 378 407 764 845 894
16  141 236 268 321 324 401 461 474 490 537 565 628 694 734 745 788
6  344 389 654 811 883 972
12  319 332 361 370 497 527 579 744 822 863 944 961
13  65 136 140 205 222 230 467 474 495 632 779 784 966
8  9 345 472 489 492 518 777 812
10  325 339 343 351 459 737 762 952 974 998
11  0 71 174 213 411 608 622 673 744 878 996
14  55 193 280 337 403 478 642 676 710 757 801 972 995 996
12  24 88 125 141 169 336 594 664 734 758 824 862
12  135 234 274 544 753 756 764 817 864 875 879 936
17  17 29 121 361 403 446 469 507 515 529 553 578 603 625 824 932 990
9  129 215 239 323 375 454 477 657 758
9  34 52 232 501 543 615 653 806 915
8  20 136 164 182 215 294 419 711
12  85 147 299 488 493 515 562 671 759 931 965 988
8  26 38 131 230 485 505 600 974
10  104 292 399 501 522 590 613 674 837 852
8  136 237 358 384 409 502 799 809
13  38 119 171 200 428 429 477 545 732 757 929 987 990
7  169 325 416 909 919 931 963
11  84 98 377 497 591 629 653 735 765 911 981
11  69 99 134 320 527 699 791 883 921 938 970
10  20 60 199 225 370 542 567 608 762 833
11  217 303 316 346 365 432 559 674 732 807 897
15  47 179 198 274 285 328 334 605 608 674 675 812 864 906 971
5  11 314 502 559 781
11  69 84 98 110 328 446 741 811 863 918 966
11  16 43 131 217 333 370 459 482 672 866 891
5  350 425 471 708 960
13  29 208 289 315 486 529 686 694 734 735 751 774 942
9  40 64 176 208 507 576 600 719 752
8  275 297 445 481 634 642 855 872
9  23 83 213 245 594 623 727 871 921
2  728 969
5  0 157 681 714 883
13  88 135 190 240 289 360 564 633 737 739 741 905 957
9  21 155 287 326 338 604 675 808 911
13  150 176 187 357 398 475 490 571 577 670 690 884 912
9  0 6 176 193 212 302 538 681 943
5  28 206 721 967 982
9  35 74 264 487 498 567 830 831 896
8  4 203 233 246 359 461 486 667
9  16 94 95 221 340 418 630 791 921
7  83 232 266 327 361 854 922
10  29 81 160 364 414 748 758 770 902 975
13  30 164 253 300 330 406 462 663 840 849 907 971 978
7  7 354 375 398 513 566 900
8  28 311 313 569 802 841 935 960
19  30 87 215 270 326 338 354 484 487 562 583 586 659 690 693 734 738 839 907
7  62 309 320 605 636 791 871
5  500 649 738 825 937
4  4 434 628 847
9  200 275 572 638 645 646 722 931 962
12  195 257 298 456 511 535 646 658 765 789 890 985
10  162 190 375 422 470 629 702 711 869 958
12  125 222 247 423 471 557 770 823 886 887 970 985
7  107 169 316 414 480 483 853
10  55 122 173 248 740 752 855 860 881 935
10  105 379 393 576 584 793 836 842 951 997
11  31 72 263 334 345 536 656 660 684 765 874
15  16 78 130 170 249 259 284 382 412 588 717 736 751 873 877
8  53 75 168 201 213 411 721 823
8  39 213 283 681 791 898 936 965
13  3 200 220 234 249 345 486 515 552 715 810 836 851
10  77 81 212 362 428 431 470 589 610 651
8  437 438 523 569 830 874 932 934
13  192 271 295 313 458 461 516 536 538 551 730 932 940
13  15 39 52 159 168 180 282 287 436 710 801 802 977
13  68 126 158 215 259 437 545 659 670 790 806 867 875
11  57 123 151 315 354 438 489 563 735 782 998
6  173 251 376 593 745 891
12  40 45 69 179 207 246 492 670 800 834 921 956
11  103 133 282 367 556 622 651 791 826 832 951
28  2 6 79 81 85 87 132 135 149 162 192 219 268 283 304 349 412 503 543 544 616 697 710 713 772 892 907 953
12  194 248 314 377 509 616 778 817 865 889 890 944
10  110 190 245 291 391 424 569 589 695 769
6  204 240 554 808 851 914
11  88 306 441 607 643 747 781 819 830 903 957
11  89 206 247 274 282 315 402 417 483 546 798
13  100 170 184 282 305 356 376 555 781 899 946 956 965
7  44 143 272 676 787 965 968
8  70 172 216 396 591 610 780 861
9  109 133 170 339 504 522 541 565 769
11  82 92 101 102 127 143 264 398 498 767 986
9  63 75 262 350 428 559 785 845 890
5  140 257 268 293 788
15  21 103 138 222 255 256 281 405 466 650 721 750 812 926 997
7  3 179 233 236 491 584 928
10  73 229 260 302 463 597 629 689 695 765
12  4 12 75 193 441 480 608 635 676 737 906 932
8  17 320 328 330 518 716 800 843
11  201 258 358 435 695 730 789 840 857 921 983
12  1 39 82 185 237 249 391 431 468 469 656 903
16  63 66 99 267 390 404 413 481 507 546 580 618 685 852 875 980
9  169 179 201 271 349 392 433 524 712
7  163 278 314 682 774 842 871
4  289 291 452 910
8  89 182 198 325 332 652 863 948
16  13 58 62 192 254 287 326 367 432 471 554 571 592 850 910 934
14  28 44 125 163 324 468 478 524 661 683 708 771 825 996
11  190 268 339 390 422 429 480 674 816 839 894
16  3 78 93 179 232 495 503 537 584 761 812 847 860 914 940 985
8  293 487 562 813 815 901 903 990
11  101 112 144 248 292 301 341 604 912 924 964
11  132 182 240 289 329 441 460 468 827 862 939
5  261 538 654 835 941
11  296 350 373 429 437 655 738 754 843 851 884
6  55 123 424 457 920 983
13  83 105 143 146 688 713 756 788 797 849 863 908 973
7  45 46 149 401 417 548 904
16  67 267 440 453 507 559 640 645 775 801 833 877 958 969 991 997
8  11 83 109 255 507 765 939 958
9  390 433 494 622 630 651 670 870 875
13  9 43 182 244 441 565 642 651 691 796 881 937 941
8  29 131 203 295 566 682 797 942
12  40 103 182 221 501 609 627 657 711 777 913 958
13  86 124 275 329 444 494 670 672 728 768 835 852 965
11  8 12 50 136 164 271 657 770 828 932 960
10  67 78 130 255 268 336 358 679 866 953
8  169 364 460 482 505 534 648 657
7  286 321 433 441 745 851 990
14  64 134 149 153 168 261 265 291 376 533 753 797 800 854
11  345 588 624 628 761 787 803 806 861 969 990
9  43 81 91 100 192 622 692 742 797
8  46 115 141 269 326 413 822 939
12  81 113 232 233 430 535 588 594 608 699 951 992
6  104 178 511 575 666 980
3  470 499 963
6  59 120 289 415 708 984
9  45 165 230 259 382 437 651 682 857
8  3 110 355 491 652 679 770 942
13  19 186 287 407 431 453 512 516 521 631 743 816 954
13  92 126 155 236 349 728 764 783 811 838 890 984 989
9  18 133 244 349 353 457 804 951 969
12  24 62 317 411 483 579 601 631 730 948 952 979
9  410 561 602 629 640 794 826 880 987
11  142 171 320 350 416 630 633 666 765 865 942
7  110 444 455 636 814 939 996
9  16 302 308 453 478 826 854 935 948
12  74 97 224 326 371 403 533 554 723 744 883 965
7  15 138 517 591 627 644 859
10  18 127 230 275 348 385 396 512 604 766
10  465 479 490 591 615 618 621 631 754 827
20  6 104 290 447 454 456 582 601 603 642 675 681 710 733 758 770 774 921 954 962
9  50 148 409 410 492 501 599 763 846
14  17 75 98 150 268 382 576 593 705 877 943 965 978 992
11  103 257 348 528 738 777 819 822 909 969 970
11  30 214 347 360 478 559 573 697 704 862 871
12  72 112 250 374 538 666 677 739 752 765 922 932
16  21 56 81 197 258 281 452 476 483 539 552 579 721 887 905 945
14  37 263 279 333 389 454 486 595 695 803 809 826 841 899
13  1 36 65 90 134 150 362 517 557 857 872 883 966
9  21 154 185 330 451 504 651 717 765
10  104 190 192 275 289 380 530 601 732 889
10  100 318 367 423 499 605 823 845 878 958
10  216 423 434 596 626 737 768 805 821 898
6  151 363 404 406 548 696
11  124 339 409 436 504 520 548 589 625 804 901
10  56 193 227 287 359 484 563 703 857 901
12  60 130 157 271 647 699 701 782 858 921 942 987
11  69 110 404 411 435 605 691 781 826 853 922
5  312 754 800 940 957
10  158 230 409 421 431 443 529 564 625 917
10  97 163 176 216 253 421 706 867 914 921
7  110 307 342 384 615 788 843
8  36 104 437 607 702 744 903 952
13  38 274 284 525 529 569 580 622 707 730 786 790 875
11  100 149 221 281 435 457 545 583 675 713 790
12  52 64 83 84 112 401 438 690 788 789 927 981
11  79 196 230 569 614 643 664 671 684 694 966
6  10 63 72 241 296 556
10  230 262 342 461 563 581 680 864 951 979
12  132 135 181 220 352 357 509 552 615 757 848 895
12  85 199 219 288 308 368 372 392 398 516 536 544
7  217 329 445 735 916 929 945
10  28 383 529 730 736 743 745 915 979 991
11  12 71 328 373 570 587 700 799 876 887 937
13  56 152 211 252 279 330 379 424 639 798 803 903 934
10  185 264 407 455 582 693 712 743 783 963
11  32 33 265 311 356 383 447 629 689 732 888
8  80 99 268 575 669 689 937 951
8  169 195 422 744 772 799 815 978
8  196 235 292 313 354 463 755 779
7  12 102 208 240 358 597 777
10  317 358 387 401 504 529 634 690 744 948
8  22 279 330 619 645 817 878 919
10  65 66 75 87 467 526 658 698 885 916
12  11 28 143 167 287 330 403 439 458 639 772 903
8  252 325 373 565 588 685 910 927
8  124 244 479 612 623 648 754 812
14  53 136 313 375 441 509 547 626 646 708 723 811 820 947
7  34 346 444 529 578 724 836
4  387 463 759 877
9  46 71 409 477 619 724 803 953 981
11  197 244 268 485 502 599 604 722 753 962 993
12  79 217 244 259 327 631 696 807 828 883 948 975
12  71 73 127 159 177 224 544 596 882 916 972 989
5  439 699 768 885 990
5  161 187 305 617 812
9  17 18 34 180 444 446 777 899 958
11  58 159 167 328 329 333 464 539 624 746 768
17  26 58 62 110 254 307 345 489 497 544 608 677 683 776 938 980 983
12  56 191 196 209 280 288 328 330 598 630 632 849
8  80 146 414 431 439 672 721 856
11  152 253 278 356 382 694 757 760 772 782 879
8  139 293 455 468 726 764 884 914
16  86 277 394 398 446 451 475 525 537 591 602 604 739 817 860 949
12  20 23 104 136 138 156 190 216 378 402 578 606
16  56 62 173 208 572 573 662 687 699 847 848 876 897 908 920 960
12  169 261 358 371 423 440 525 553 583 606 662 873
6  173 193 195 469 694 988
13  70 76 189 238 325 377 427 478 499 620 644 732 949
10  104 213 219 228 259 260 304 354 385 693
11  83 336 489 563 569 727 738 949 963 987 991
13  43 91 171 180 199 507 581 680 685 813 863 900 931
5  148 311 352 477 638
6  2 150 212 440 754 927
10  282 324 462 526 670 722 865 904 910 924
6  112 240 374 391 667 713
12  0 6 130 384 435 536 605 669 772 904 914 943
6  397 489 496 680 717 871
12  106 110 133 397 462 468 573 593 712 728 786 997
8  67 263 408 442 938 951 956 976
13  0 19 70 85 131 181 234 293 490 621 706 776 990
14  139 151 210 297 317 386 405 486 535 579 615 766 916 929
7  145 246 361 673 723 830 872
7  345 463 510 794 830 880 966
12  98 147 231 335 437 458 482 619 667 730 824 929
7  44 124 460 536 603 720 910
8  484 491 685 698 728 742 948 974
13  45 77 83 223 374 409 529 577 583 638 715 738 965
9  1 14 86 155 242 290 678 782 957
11  50 68 140 145 200 209 475 538 665 743 760
14  17 41 109 197 259 298 355 420 452 498 530 653 679 880
8  3 26 81 159 217 516 825 923
16  8 43 175 187 296 350 375 392 443 446 459 713 751 773 780 944
12  23 28 63 122 320 444 449 581 586 613 781 927
10  12 16 52 138 166 273 309 372 404 762
12  188 320 327 492 570 608 679 723 828 881 942 943
11  52 296 329 413 492 545 703 744 900 929 935
14  88 131 149 182 231 275 288 315 415 472 553 630 726 769
10  1 81 138 360 624 648 719 730 836 904
14  67 258 308 452 476 540 560 573 592 631 646 793 889 971
12  276 330 386 405 416 512 516 696 758 839 873 942
10  3 123 131 231 273 549 649 740 881 997
4  86 378 690 785
8  20 34 61 176 200 613 935 987
10  34 53 131 149 309 338 405 555 561 676
11  18 132 185 315 470 509 563 734 892 938 973
17  186 291 333 386 422 444 466 553 583 596 654 671 717 769 842 931 956
10  86 183 308 325 548 594 653 773 847 887
13  285 313 378 448 520 548 581 601 682 831 865 944 964
7  54 259 412 510 681 687 895
17  49 76 162 199 241 291 498 525 547 590 631 690 715 734 788 908 987
11  52 149 158 177 191 222 331 339 545 798 830
8  38 378 512 682 732 767 814 894
6  30 165 609 628 776 807
10  8 74 147 173 389 516 590 631 826 972
8  38 282 499 504 546 757 848 855
13  8 118 422 560 587 609 679 735 860 866 902 961 978
10  9 97 167 190 345 818 907 959 991 998
14  50 106 209 221 337 349 623 643 656 761 773 817 906 953
8  103 202 400 483 532 659 728 827
18  21 42 46 66 99 196 246 287 388 457 470 473 571 584 808 819 933 947
6  30 265 500 677 945 958
13  28 145 284 301 351 503 511 531 677 771 798 872 961
7  33 107 279 325 332 415 801
14  60 73 136 181 217 433 504 520 551 552 696 775 864 977
17  20 23 157 243 247 299 381 544 602 675 696 706 754 918 975 985 990
9  63 189 311 321 430 451 606 649 692
8  6 104 149 350 378 470 695 870
5  209 350 408 505 996
8  56 211 231 526 621 722 877 951
10  1 2 195 303 423 476 555 568 794 874
9  180 386 508 545 577 585 612 662 931
7  39 64 237 438 586 645 830
5  389 479 517 684 777
12  140 162 207 289 307 443 492 569 701 772 821 918
11  50 121 147 160 213 300 311 668 836 861 937
9  31 70 311 336 368 461 724 779 780
7  111 201 423 433 530 666 881
11  122 179 373 699 714 724 787 799 809 957 989
10  39 45 271 335 587 612 731 839 841 863
10  93 166 192 346 384 429 657 771 916 977
12  47 144 176 223 261 536 554 584 616 646 711 883
8  173 229 307 529 667 670 695 882
6  56 384 479 730 830 875
8  311 312 378 533 620 641 768 931
14  4 69 128 168 269 503 510 718 720 810 839 850 934 988
5  107 138 642 658 968
8  148 227 327 345 527 545 659 725
11  65 80 97 178 360 407 412 429 555 737 934
12  54 332 397 478 614 698 723 785 827 841 924 995
6  52 159 398 535 634 797
11  72 143 259 367 380 448 796 808 818 846 905
6  138 174 204 784 946 977
11  56 194 403 442 482 514 547 648 890 899 991
5  203 438 641 807 982
5  335 350 729 830 934
14  15 208 289 537 643 654 664 693 713 765 781 785 972 979
13  6 143 146 335 427 528 544 583 616 665 770 782 979
8  67 145 159 183 434 437 496 856
9  149 177 324 581 589 725 839 914 972
1  572
4  42 67 279 708
10  6 15 29 48 346 790 810 838 858 977
7  62 136 149 291 348 487 709
11  255 291 302 303 526 555 640 796 846 849 861
7  68 82 104 212 234 456 552
18  196 230 319 320 470 474 513 555 608 636 641 674 836 871 896 909 955 963
14  112 222 280 417 563 632 687 688 711 739 770 942 958 963
8  97 119 464 568 602 608 885 958
13  3 172 223 388 557 558 584 687 720 799 910 913 920
14  126 148 272 303 465 474 519 669 679 760 861 868 942 982
7  19 50 256 377 610 631 684
14  98 110 132 322 418 437 452 672 735 798 802 900 940 989
8  327 390 430 496 643 823 844 870
20  16 77 84 151 180 194 291 300 320 473 511 536 582 587 596 726 733 746 759 996
11  69 123 255 390 394 571 574 688 723 783 937
10  65 97 162 164 310 331 407 477 727 735
16  236 289 313 330 382 495 651 736 752 758 781 860 865 932 935 976
10  258 260 282 336 464 594 660 767 841 860
10  1 104 398 516 591 624 696 857 873 982
10  192 195 258 262 480 549 550 771 796 886
7  54 109 289 358 503 701 917
9  14 47 99 182 255 329 510 812 885
8  26 572 719 756 760 806 817 851
12  57 96 298 325 490 592 611 618 828 833 835 951
6  6 15 101 235 397 521
16  65 71 72 499 544 574 612 680 694 747 755 793 802 844 894 949
8  254 419 439 501 619 627 756 787
8  124 369 373 464 695 740 815 883
6  250 482 532 573 753 765
10  35 62 69 105 212 259 290 422 602 931
10  0 144 189 358 381 693 701 844 871 962
12  85 119 171 288 370 477 482 657 699 783 853 903
19  0 133 173 184 265 351 410 497 528 533 676 732 733 737 776 821 886 932 933
5  7 78 882 962 990
9  136 292 316 650 669 739 830 973 999
11  47 68 171 331 438 498 560 602 624 881 887
10  374 404 412 533 583 674 765 816 956 959
11  121 150 221 341 486 641 749 800 835 931 932
5  88 372 503 725 873
15  40 55 278 312 322 336 636 684 701 702 738 761 767 852 977
14  3 54 63 115 152 221 410 441 530 625 648 773 791 848
6  61 221 420 439 620 661
8  134 210 314 412 484 491 702 911
15  10 43 318 431 469 472 510 531 551 588 655 732 744 755 768
11  43 49 95 196 243 287 508 565 643 677 768
8  26 129 405 420 646 667 864 986
10  291 382 552 603 623 629 818 879 921 924
12  18 101 105 139 160 175 187 524 563 730 870 960
11  47 184 218 377 392 527 605 611 627 637 851
7  52 184 304 479 666 817 890
7  99 204 268 468 525 844 942
10  59 176 299 408 689 889 905 917 927 965
8  248 263 482 542 667 767 803 881
9  41 137 331 480 756 793 797 921 922
8  234 342 387 493 715 748 823 982
10  201 226 233 333 485 598 642 790 815 998
11  134 172 186 392 514 661 919 935 944 980 992
6  52 79 318 713 729 823
8  102 146 269 321 339 420 750 754
11  74 157 176 194 244 439 550 675 677 723 890
7  109 207 261 407 437 705 971
14  30 96 144 220 282 425 499 549 640 757 781 835 868 875
7  46 194 512 636 832 910 990
9  2 211 238 331 414 754 818 903 937
21  45 68 69 73 143 221 383 454 461 545 586 632 640 724 742 744 819 845 890 959 988
14  60 140 195 248 252 305 481 526 612 732 797 835 882 918
6  35 192 610 747 767 982
6  62 138 161 212 293 816
5  131 180 207 228 520
8  62 143 275 301 431 612 629 914
10  34 211 355 363 628 629 721 759 893 939
9  17 131 546 564 680 708 732 843 866
8  3 122 386 615 627 691 882 981
5  230 305 307 369 960
