1000
10  28 156 164 169 194 467 652 721 725 824
7  89 531 579 648 795 855 961
10  388 398 406 422 426 482 622 660 738 884
6  202 231 271 631 816 961
11  40 53 105 177 204 253 279 362 413 677 990
6  34 85 196 573 576 862
12  24 40 154 343 365 411 431 469 719 784 797 814
15  23 47 84 119 154 264 334 446 474 506 521 652 748 749 892
7  32 56 64 78 212 547 678
9  84 180 286 538 600 813 831 860 918
7  184 293 538 756 757 879 961
10  164 261 412 466 510 600 627 668 705 889
8  337 471 519 683 716 827 837 964
5  63 461 571 641 749
9  74 147 426 525 571 699 830 891 968
12  204 219 378 443 520 588 639 692 852 883 965 982
10  27 37 140 266 341 450 769 833 859 916
10  102 233 241 267 299 569 671 790 843 862
10  100 129 239 266 476 588 635 734 793 816
9  170 200 263 447 568 599 716 740 952
9  105 112 129 151 659 785 825 931 936
9  34 145 192 427 611 639 720 822 876
11  52 67 159 299 424 497 587 620 751 773 959
12  7 278 291 316 317 440 480 565 628 831 897 932
9  6 165 213 541 629 736 741 846 962
12  367 486 501 516 520 526 744 912 915 934 943 952
13  80 305 369 442 566 570 618 647 718 747 840 865 910
8  16 75 137 171 540 726 868 902
7  0 76 119 695 729 825 884
14  39 129 133 263 327 478 551 611 808 835 868 902 931 991
11  157 431 480 605 673 674 698 713 740 966 970
7  227 312 366 451 577 801 863
11  8 189 194 263 268 298 324 514 742 924 971
7  251 258 373 377 539 855 960
8  5 21 77 484 637 810 939 969
9  79 133 279 345 451 518 675 766 886
3  249 298 503
11  16 195 495 517 547 691 704 706 820 852 897
15  221 296 327 359 405 416 458 462 563 666 742 797 861 876 900
10  29 72 104 158 295 488 506 539 558 929
16  4 6 67 72 108 137 200 255 270 315 421 621 679 702 785 827
11  98 259 395 458 647 666 705 729 748 777 887
7  365 558 593 802 845 941 980
15  105 121 158 318 617 632 655 756 760 762 771 849 910 956 978
10  108 176 184 506 510 555 593 733 755 948
4  208 789 924 944
8  47 116 234 284 372 379 690 952
13  7 46 176 282 365 476 490 618 619 677 841 852 995
9  74 196 321 334 340 360 498 784 785
5  285 370 523 906 922
10  195 292 414 426 484 488 625 737 823 944
6  243 365 514 623 702 824
6  22 108 176 399 790 918
11  4 125 136 145 408 435 470 716 739 755 820
5  672 703 715 719 720
10  61 225 302 440 458 483 528 571 643 976
11  8 137 164 404 423 558 576 829 837 844 985
10  74 182 466 514 525 748 774 881 926 947
2  233 432
9  149 215 282 704 838 885 886 914 936
7  250 264 341 744 748 831 928
11  55 170 408 420 424 587 670 683 712 813 890
5  175 181 544 778 830
10  13 223 309 398 511 719 772 823 849 899
8  8 331 466 647 731 748 749 873
6  121 384 587 613 810 868
4  93 214 485 542
8  22 40 143 344 387 476 608 988
11  93 254 391 557 665 716 758 816 849 913 920
7  85 275 305 490 499 655 999
12  102 233 378 430 451 564 707 756 794 808 881 891
9  128 202 254 433 526 579 602 728 761
11  39 40 122 211 294 316 451 567 663 714 990
11  114 142 185 295 354 378 656 739 771 810 925
11  14 48 57 169 290 485 572 741 766 807 959
8  27 228 318 383 478 483 510 564
8  28 226 237 438 494 628 632 664
15  34 169 252 348 354 386 397 411 623 649 789 817 843 863 988
12  8 152 223 240 269 546 592 654 656 748 762 853
13  35 81 260 359 370 467 673 739 756 877 884 886 956
5  26 369 400 640 959
9  79 173 212 291 373 375 387 465 588
7  264 383 476 772 790 838 952
11  199 305 308 419 447 479 686 780 835 850 888
17  7 9 133 184 258 279 295 365 496 554 701 777 785 874 884 928 997
10  5 69 136 140 267 362 527 739 760 939
6  474 639 762 780 835 979
9  176 183 421 438 452 490 713 723 811
12  99 147 217 254 390 391 493 499 562 627 772 933
13  1 196 203 240 379 419 420 505 573 581 610 793 965
7  321 345 462 506 532 603 663
12  157 175 242 322 357 502 503 555 692 761 817 820
4  294 655 726 840
4  66 68 187 285
7  108 250 527 598 732 793 967
10  140 211 246 458 526 639 734 763 918 926
9  243 324 428 551 552 697 762 872 984
8  99 127 287 392 506 531 846 848
10  41 123 148 200 304 343 462 697 814 860
13  88 97 243 365 375 436 582 607 765 857 858 937 985
10  18 105 204 297 335 417 634 845 864 971
10  223 330 358 382 441 588 610 702 709 964
12  17 70 123 165 192 252 447 547 606 721 761 772
5  142 153 436 982 986
8  39 117 135 180 325 416 484 895
10  4 20 43 100 207 444 631 911 922 976
6  114 319 429 468 789 797
11  137 159 337 378 407 460 500 553 597 980 997
12  40 44 52 94 240 360 506 509 917 923 949 966
4  293 694 704 818
11  210 245 320 421 443 605 627 824 891 910 973
17  120 128 159 326 400 402 485 499 503 571 597 619 708 729 748 849 853
7  20 224 285 336 419 560 946
8  180 393 398 433 521 668 855 891
12  73 106 115 117 147 195 203 223 230 374 440 634
10  114 145 183 287 313 347 447 795 856 875
9  46 166 389 527 529 549 718 793 887
9  104 114 270 565 713 731 794 842 884
8  189 401 562 625 657 723 968 970
8  7 28 198 308 550 761 821 892
15  111 135 143 157 368 436 453 465 547 599 683 759 803 809 940
8  43 65 155 322 350 416 523 543
7  72 450 492 512 567 699 716
6  98 102 455 673 676 742
16  179 256 258 271 295 308 321 419 479 532 598 637 643 674 848 937
8  53 243 247 319 337 344 578 940
10  129 134 254 324 355 397 440 642 821 981
12  97 156 248 323 393 441 488 552 754 768 830 911
12  71 111 228 446 515 532 540 629 803 816 980 983
10  18 20 29 126 163 311 331 678 770 992
17  164 180 214 230 366 403 407 536 554 627 645 861 865 891 918 923 930
10  173 359 500 741 828 853 903 911 943 989
8  139 354 600 672 681 803 958 996
10  29 35 84 172 185 222 307 344 439 513
13  126 281 305 307 320 381 469 572 662 668 671 826 946
9  104 120 199 316 338 405 447 686 956
11  53 85 218 381 399 403 466 624 723 790 951
8  27 40 56 107 181 579 649 703
7  328 345 560 643 677 732 803
11  132 173 179 448 612 711 722 800 805 923 982
12  16 85 95 144 242 438 650 877 933 940 977 994
8  229 255 285 858 862 902 959 999
12  73 103 209 236 336 376 425 599 601 767 770 790
10  67 120 183 223 246 696 774 784 878 885
10  140 173 205 244 381 586 623 880 905 977
9  21 53 115 342 804 823 845 909 968
14  163 235 285 379 382 391 449 463 474 537 644 698 773 922
7  14 88 114 232 324 784 850
8  98 384 527 635 743 765 918 957
7  59 192 220 428 498 750 919
3  391 661 731
9  20 498 515 812 850 873 911 957 967
8  78 343 389 438 645 692 812 893
15  103 222 257 311 347 375 464 481 486 490 512 533 564 605 941
7  6 7 252 286 536 844 893
11  121 524 547 561 689 720 745 910 957 962 973
9  0 127 191 294 535 667 671 786 969
16  30 91 120 318 325 382 451 746 767 809 819 889 899 918 963 977
8  39 43 207 257 378 427 526 548
11  22 107 111 466 614 724 808 840 843 850 942
9  274 378 428 457 494 564 603 815 995
7  182 357 429 510 539 697 943
9  165 224 297 331 401 507 587 595 961
12  129 146 229 267 367 374 540 615 841 862 898 954
13  0 11 56 130 175 268 501 541 552 645 665 752 870
14  24 102 162 300 427 468 473 491 494 505 596 807 946 956
13  116 249 349 398 508 575 586 691 758 771 918 934 992
8  306 333 354 644 705 750 794 977
3  468 860 940
12  0 74 77 221 222 339 448 455 582 734 880 983
12  19 61 184 294 449 474 674 691 768 845 924 927
11  27 185 276 306 638 689 792 890 905 936 975
9  133 293 368 449 481 618 657 788 923
11  81 131 139 144 283 345 378 599 741 770 773
11  210 362 366 371 420 722 741 798 835 889 928
8  62 91 164 216 238 598 710 744
10  44 47 52 87 200 274 293 367 518 711
10  4 194 221 346 368 377 551 594 601 882
8  293 341 368 394 487 522 695 930
12  124 139 307 387 511 644 652 714 823 939 967 987
15  9 104 113 130 289 294 423 426 512 580 655 783 809 817 919
10  62 137 397 413 474 482 622 784 821 929
13  57 161 313 324 363 377 391 501 509 654 882 916 992
9  87 115 143 230 619 779 785 844 952
13  10 44 84 170 186 391 502 635 656 848 922 945 988
11  73 133 171 295 333 350 657 732 773 947 961
11  184 322 327 373 538 570 632 666 743 756 899
5  93 237 247 420 580
3  210 633 776
16  32 118 218 233 318 356 525 542 582 590 602 612 616 664 902 965
8  242 285 300 331 340 517 666 992
11  156 474 541 587 601 649 653 681 714 726 938
9  21 102 149 246 427 466 633 699 783
7  329 362 720 795 859 926 961
8  0 32 177 238 612 692 702 714
6  37 50 114 432 825 843
12  5 48 89 258 301 393 474 512 520 945 947 962
5  503 706 926 956 968
10  119 219 358 362 470 507 706 749 781 906
11  83 135 352 393 437 514 616 647 786 819 881
12  19 40 98 176 270 324 345 510 511 535 644 929
7  223 261 657 681 698 738 790
14  3 71 226 284 298 410 491 521 570 593 644 859 981 997
13  89 114 257 319 323 442 485 720 779 784 830 868 872
10  4 15 100 419 543 584 666 691 733 926
5  144 260 393 532 969
9  223 429 455 592 625 684 809 830 845
8  105 158 438 452 579 594 709 756
12  45 324 352 462 547 551 552 617 738 771 864 962
12  142 245 251 322 381 408 422 432 571 609 729 903
11  110 174 188 369 406 447 601 655 697 764 905
10  72 95 372 428 503 515 594 598 692 961
12  8 81 234 260 311 392 481 526 591 631 654 963
10  24 354 377 676 695 726 803 846 876 980
9  66 130 296 297 581 593 832 932 955
9  59 290 359 536 644 742 795 917 941
10  175 325 468 600 633 755 846 881 922 963
9  88 256 343 350 360 416 603 676 778
13  136 189 349 502 551 653 693 699 873 896 909 971 973
11  15 198 257 466 614 689 702 766 784 859 885
8  149 275 281 379 499 600 903 990
11  38 169 177 262 275 283 365 441 491 831 934
7  133 153 169 253 780 836 925
12  63 78 101 114 143 201 206 412 415 419 580 967
7  112 162 689 762 781 800 992
9  55 273 285 295 506 720 784 877 929
8  76 202 250 462 562 814 888 974
8  31 242 397 568 652 687 818 977
5  75 128 355 482 804
12  141 163 245 269 324 447 569 646 683 773 866 930
7  114 130 183 401 413 736 794
5  3 566 632 937 938
12  147 342 461 491 524 607 641 733 751 888 910 919
7  17 58 70 189 346 786 887
10  46 212 364 522 536 750 789 870 923 945
8  146 286 556 723 881 948 991 993
5  142 507 791 899 915
8  76 187 277 551 577 631 691 888
8  175 194 322 476 529 537 887 994
15  18 277 326 388 500 502 632 727 772 782 841 863 868 983 991
8  78 89 108 350 476 735 832 908
12  17 248 268 309 396 518 627 662 776 805 858 910
12  91 140 190 227 256 441 550 581 714 757 785 999
11  51 96 99 125 368 377 490 582 585 839 956
5  144 298 773 812 878
12  110 209 229 474 605 629 697 748 755 968 970 976
8  95 143 192 375 711 718 774 963
12  125 187 297 425 486 526 529 539 574 599 802 994
5  127 241 272 810 850
13  36 166 305 461 586 701 712 729 742 809 820 953 974
10  60 94 226 277 419 438 478 564 615 890
7  33 209 302 419 494 516 826
7  77 102 154 279 620 817 958
10  4 222 367 425 453 454 664 813 893 912
9  68 71 88 126 398 427 526 563 598
8  40 141 485 572 674 720 911 965
10  124 217 242 285 289 650 703 858 877 950
17  153 158 203 219 367 414 468 476 502 508 655 659 716 808 898 965 988
9  33 84 124 196 261 297 512 770 950
7  41 376 555 616 637 694 831
18  79 205 212 285 316 333 370 395 445 472 488 513 541 676 787 837 840 962
9  11 201 258 349 439 506 620 629 858
14  221 399 400 409 472 544 569 578 703 720 744 883 926 941
9  19 29 32 358 592 840 862 961 987
7  7 60 82 340 534 624 873
5  330 374 399 618 800
9  16 18 379 386 425 442 447 661 918
8  17 85 163 564 635 736 747 854
4  32 164 241 380
9  78 229 364 454 553 649 720 840 843
5  40 117 200 361 439
9  3 124 378 539 542 716 919 936 988
14  248 278 490 507 527 569 711 821 856 902 925 940 955 999
10  225 290 341 427 452 524 578 638 945 958
11  160 176 283 317 465 511 622 771 870 951 998
7  69 220 221 523 532 741 794
10  171 296 356 365 534 670 690 725 805 830
9  237 239 250 342 424 441 483 781 815
9  23 272 309 330 513 537 584 630 646
12  4 35 84 252 459 460 499 555 638 718 820 976
4  285 308 437 916
7  134 220 391 399 420 529 591
9  47 59 294 325 351 407 530 746 940
11  173 221 274 427 557 725 756 765 864 870 877
7  46 202 406 563 834 872 954
17  49 93 112 141 146 190 225 256 260 280 445 527 606 631 858 863 869
10  9 154 235 403 486 546 584 797 851 859
8  97 115 346 635 688 726 884 914
8  300 325 337 430 444 511 663 749
7  180 256 536 549 576 721 782
6  74 215 273 417 752 831
13  23 81 318 340 401 406 463 498 586 608 731 754 789
7  50 350 463 586 854 908 990
11  10 109 172 176 178 351 430 443 690 891 905
13  72 92 156 170 180 282 296 468 481 744 812 902 975
11  39 73 84 124 185 225 524 571 589 888 914
10  38 214 276 294 490 571 825 831 886 887
13  100 162 214 247 258 440 450 472 552 592 678 710 790
10  32 36 202 244 336 494 616 619 705 766
11  17 22 311 393 437 546 590 640 693 720 941
11  165 190 288 448 595 717 781 810 853 942 989
10  196 307 426 502 761 765 853 882 929 983
10  55 251 454 548 683 705 772 836 857 958
8  366 387 476 508 569 757 902 958
9  98 392 409 463 574 743 754 929 993
13  26 69 83 134 249 351 398 463 479 575 760 816 968
6  167 171 622 636 661 969
10  133 134 179 301 363 405 485 530 583 964
9  83 119 124 280 421 633 802 820 896
7  63 241 278 361 722 892 949
12  375 569 578 727 739 745 801 840 884 886 918 963
7  129 153 212 299 344 737 869
4  31 627 805 977
8  115 182 402 452 457 732 769 818
10  388 481 485 518 530 571 731 780 910 977
14  40 411 416 460 534 599 646 688 749 857 881 900 922 973
13  23 72 135 260 322 371 382 418 444 492 576 613 736
10  23 274 351 440 664 685 740 833 838 922
12  43 75 157 189 291 330 340 434 636 639 797 997
5  106 125 203 684 689
11  110 134 486 578 677 707 763 795 838 855 955
8  48 90 124 379 511 673 811 824
17  91 121 186 209 238 316 364 393 459 706 819 822 864 906 958 980 995
9  127 203 396 486 578 626 707 834 904
15  32 96 126 147 182 200 208 229 330 514 515 516 576 657 832
14  104 157 216 282 288 337 598 606 612 631 698 781 869 937
12  111 239 327 344 463 566 625 631 749 794 814 913
14  29 38 186 326 345 358 386 412 455 545 635 682 834 838
5  138 416 514 547 789
11  193 378 385 417 537 541 617 716 736 844 849
14  101 265 278 318 324 444 557 617 729 736 886 902 952 979
12  64 129 162 190 403 435 513 530 564 688 756 855
6  452 614 759 788 904 978
7  167 185 260 595 623 924 973
9  7 48 524 539 599 691 787 792 908
6  100 385 583 623 838 970
11  112 142 298 347 419 471 634 664 740 913 948
10  12 107 125 288 325 372 542 545 590 614
10  135 371 471 501 531 613 712 882 895 910
8  169 434 525 554 576 700 713 958
10  48 190 264 291 318 860 969 972 981 983
11  16 60 178 273 377 386 401 472 567 643 987
12  145 232 277 348 564 626 659 724 764 808 813 931
14  6 98 152 217 405 526 580 583 615 743 754 852 862 949
11  67 125 133 311 326 469 543 873 900 921 938
9  35 90 138 173 200 327 600 894 984
9  177 233 287 461 526 609 611 657 702
8  115 153 336 514 634 641 666 907
9  77 342 686 710 757 847 950 986 993
9  166 218 261 503 555 674 681 774 834
13  121 185 217 240 292 371 386 438 440 492 518 653 753
9  282 293 305 317 459 487 770 798 811
15  199 208 363 400 484 522 546 577 578 625 723 796 801 845 913
5  468 534 663 683 907
14  73 77 132 167 213 362 406 539 712 719 726 830 866 905
10  126 228 394 419 454 709 805 807 811 812
7  189 276 396 465 508 560 668
16  91 161 402 408 425 440 548 566 637 728 750 772 808 871 930 959
9  101 198 263 327 364 435 589 856 970
8  38 79 131 215 584 613 654 793
7  48 108 217 507 513 595 632
10  270 309 518 572 585 624 718 755 782 995
10  4 85 174 193 198 354 434 437 778 816
7  182 307 352 373 631 773 982
8  234 269 322 358 405 497 893 991
17  6 42 47 51 84 99 221 276 487 569 580 594 611 641 701 892 916
11  31 130 174 303 616 682 780 818 852 883 992
9  25 163 176 253 257 421 618 924 933
9  120 172 177 178 243 392 406 904 959
9  26 80 210 423 464 548 782 913 993
9  49 79 260 436 582 596 745 937 943
9  174 316 338 350 468 487 569 618 683
12  46 211 337 515 550 721 860 886 888 935 951 980
5  33 81 186 363 715
11  114 163 265 431 550 569 574 740 753 959 979
10  81 99 153 246 310 509 703 751 845 922
14  142 259 430 521 576 662 670 682 691 757 772 778 916 977
14  33 177 182 213 243 341 415 596 603 692 751 787 915 977
19  15 70 73 107 158 160 173 271 329 381 552 610 624 836 837 839 906 970 983
9  46 89 146 220 266 321 793 900 908
3  268 701 750
12  134 136 144 209 378 387 390 568 690 702 923 935
8  101 146 157 316 434 499 526 941
12  75 82 391 582 603 626 653 664 673 689 848 893
12  65 148 385 387 593 601 664 679 710 729 844 912
8  329 335 384 445 880 900 901 996
14  77 266 327 341 350 390 412 525 529 564 583 661 736 915
12  67 81 179 303 381 384 407 790 896 922 959 994
7  2 239 314 423 576 793 896
11  116 152 397 571 616 618 850 933 951 959 986
9  88 381 386 427 474 541 670 671 902
13  68 88 146 150 182 184 281 383 537 704 744 826 887
7  97 212 304 368 415 692 866
13  113 127 196 199 205 299 322 448 531 555 814 984 991
8  178 355 432 539 634 745 772 875
9  41 260 619 677 705 727 738 782 979
5  241 323 356 519 813
11  77 126 181 227 389 639 648 876 877 886 943
14  2 63 113 166 254 305 454 456 561 640 670 758 786 864
10  52 136 262 265 281 564 580 611 632 987
11  80 111 262 352 502 514 599 619 698 750 831
11  118 162 230 291 341 509 646 700 704 721 737
6  111 313 357 536 606 899
13  130 136 286 331 573 576 584 609 657 671 682 742 991
8  56 429 492 658 691 825 848 868
11  38 135 307 343 364 416 502 596 897 932 949
11  2 210 284 291 354 368 504 763 840 854 992
11  107 130 282 387 434 472 528 572 732 776 777
10  53 61 209 357 413 448 586 606 915 946
4  262 304 494 778
6  202 456 674 721 853 897
4  6 77 315 634
7  11 223 327 386 458 719 887
12  4 181 230 408 538 605 609 667 741 787 919 930
6  50 257 475 648 783 797
7  223 377 392 501 770 783 806
15  38 104 121 217 315 328 405 555 743 801 864 866 880 964 981
7  100 290 329 504 620 702 731
5  316 562 609 678 825
21  83 89 112 124 204 223 250 251 336 355 577 687 710 712 721 773 783 829 892 931 957
10  61 89 174 187 281 474 554 586 906 989
12  40 87 110 308 367 440 520 538 643 689 826 915
9  2 209 436 582 586 603 816 822 901
9  56 180 369 388 424 705 788 853 974
6  22 61 277 423 717 726
9  142 247 253 266 357 438 696 767 891
14  2 14 50 180 301 486 728 748 756 819 866 918 937 984
15  21 158 165 192 254 273 283 390 446 597 627 646 724 877 987
9  96 149 160 211 626 655 696 750 806
11  106 161 206 404 448 454 486 695 814 815 829
10  70 288 293 376 452 517 563 657 762 953
10  6 30 374 550 577 600 769 843 875 947
10  58 195 209 394 470 603 680 814 887 939
10  71 113 488 501 606 772 847 893 928 968
8  318 339 362 382 407 543 603 977
11  53 331 358 499 509 566 755 767 944 955 996
14  99 103 120 370 422 496 512 527 577 629 782 797 842 927
6  199 280 299 362 524 572
21  76 87 140 152 207 250 350 425 484 509 545 573 583 594 618 706 713 809 810 825 892
7  133 261 270 459 525 553 571
16  23 55 114 126 297 317 350 357 421 444 463 598 618 664 666 935
10  101 127 221 242 277 580 655 773 872 917
9  26 203 266 570 580 718 850 921 925
7  15 110 293 560 572 969 987
7  105 288 316 330 440 594 902
7  260 285 385 498 518 609 810
4  7 128 427 649
12  19 83 102 115 135 210 229 266 570 631 673 994
9  139 169 300 393 408 429 585 888 891
8  146 170 172 451 629 761 793 954
7  16 122 297 564 634 666 813
9  31 35 70 72 157 449 476 710 753
10  87 207 273 313 332 430 667 763 773 984
10  120 253 531 546 609 614 734 746 959 975
16  253 269 302 355 398 429 494 499 546 612 702 731 746 807 846 901
9  123 169 206 327 600 638 654 670 884
7  398 410 523 606 788 836 927
5  160 313 759 761 916
9  38 41 55 95 412 790 808 816 819
10  279 322 351 439 460 534 596 609 825 844
10  107 279 315 459 495 502 538 582 663 801
7  13 232 249 346 684 712 724
14  38 90 98 208 226 539 583 617 701 784 840 877 905 965
12  146 291 292 304 305 326 440 478 552 767 825 860
11  153 369 473 495 533 537 664 688 732 753 757
13  81 120 274 356 466 479 596 744 776 818 824 830 891
11  11 57 64 136 159 192 219 465 537 683 942
9  0 79 528 551 616 731 741 767 773
13  106 165 168 216 257 294 353 371 544 852 861 917 925
9  6 134 344 484 518 556 653 700 954
9  53 198 432 639 642 669 809 849 904
5  12 336 338 504 595
7  260 262 297 341 407 933 967
5  165 464 606 722 942
19  7 86 146 170 181 191 196 245 390 420 486 559 575 609 709 808 928 951 988
4  414 827 860 942
12  18 47 67 82 238 240 257 303 451 562 579 621
6  491 519 724 861 919 966
8  29 75 250 463 516 521 851 923
14  83 124 305 465 480 550 610 612 665 773 823 862 902 923
11  23 30 479 529 560 598 655 666 875 891 899
9  153 172 212 294 314 549 603 730 834
9  2 181 228 509 697 729 767 799 924
8  55 75 277 624 663 773 881 949
7  34 50 104 352 438 469 898
12  66 74 111 203 255 307 314 742 772 815 875 904
14  25 153 247 286 320 323 426 429 474 531 551 703 828 935
10  178 351 365 371 567 653 736 928 939 963
10  39 50 127 260 433 730 819 848 858 994
5  570 661 753 832 953
10  47 69 87 153 243 272 296 502 687 795
13  165 202 221 232 477 608 627 628 631 812 848 911 919
8  122 316 350 404 548 595 621 793
2  88 871
12  76 160 165 251 298 409 454 559 596 712 741 874
12  37 460 464 539 541 554 585 607 687 688 691 860
9  84 436 577 739 790 845 898 926 929
6  22 364 786 813 825 953
16  48 149 151 291 445 502 557 609 621 652 690 732 743 866 925 944
13  69 88 111 220 279 382 435 454 592 627 750 895 980
6  107 131 239 541 761 816
12  25 164 182 338 415 433 567 583 619 708 837 862
15  91 184 218 239 257 301 400 405 460 490 498 514 664 727 745
7  36 91 111 197 211 349 695
6  406 417 471 558 639 859
6  89 165 536 730 768 957
12  7 39 44 90 97 108 225 261 605 656 691 995
15  162 198 236 272 360 594 626 645 753 831 907 936 955 956 983
9  166 257 303 356 518 847 861 924 963
17  108 182 375 401 435 438 482 550 595 647 655 815 816 866 938 952 992
9  11 44 75 161 200 632 757 814 940
10  63 179 200 274 288 321 562 639 867 979
11  122 153 180 196 258 436 547 567 659 782 971
8  133 260 278 331 360 526 567 819
17  32 51 57 199 324 328 347 400 502 669 743 751 790 864 867 902 915
11  128 151 211 324 372 555 713 760 836 952 999
9  25 251 324 478 618 624 657 658 702
8  37 190 430 746 766 883 975 980
12  35 176 241 314 350 361 445 469 508 607 624 763
9  12 396 477 553 573 663 789 840 949
10  15 25 196 421 542 674 816 847 874 945
10  7 113 202 376 478 616 647 660 694 764
7  178 234 352 526 575 597 837
8  49 121 275 456 671 807 851 884
9  155 232 273 295 334 437 604 843 864
13  14 57 189 339 386 439 555 749 761 820 837 915 985
23  25 71 95 158 212 247 254 343 346 382 513 522 572 639 640 694 729 779 899 909 951 989 996
11  85 94 116 148 272 285 436 714 833 887 986
8  55 407 467 538 679 809 814 842
11  116 238 247 281 386 480 621 760 884 899 996
7  282 307 314 331 544 559 821
15  1 97 338 393 453 486 566 572 587 680 730 808 815 877 971
6  90 124 128 205 275 712
6  153 464 596 817 827 958
10  264 276 315 353 459 563 686 725 892 997
9  156 200 760 771 777 803 902 973 986
16  130 154 215 234 289 402 505 538 728 765 858 869 945 958 963 965
12  146 238 278 329 391 464 466 635 657 681 732 897
12  9 10 186 413 421 460 528 536 595 732 733 879
14  33 39 161 247 271 334 354 394 462 495 544 587 591 818
8  27 128 163 754 808 809 874 980
15  24 164 191 260 329 390 495 500 605 718 734 840 946 949 985
9  66 189 271 337 520 722 767 888 954
6  121 204 344 434 941 976
6  62 262 468 530 539 840
6  327 337 438 842 926 967
7  78 286 299 352 453 454 871
12  8 37 102 120 155 208 328 512 572 610 883 953
8  158 302 357 369 492 593 840 877
8  116 289 481 708 815 856 954 988
13  119 242 372 374 431 479 509 602 618 657 713 917 941
15  29 96 177 208 218 237 467 486 579 649 838 870 903 928 968
10  96 127 164 208 297 378 463 810 863 985
11  107 269 439 519 680 706 902 918 921 938 981
10  84 130 339 420 495 591 606 790 988 992
15  44 91 259 279 349 393 416 515 525 623 628 708 748 916 918
9  235 469 564 616 631 697 760 803 893
9  68 283 330 498 573 574 610 938 946
8  39 42 56 504 641 728 834 890
5  474 494 530 758 857
11  112 138 356 443 480 563 614 669 743 788 995
6  155 398 629 813 847 928
11  88 118 226 418 476 511 601 668 756 815 975
13  38 254 284 430 534 560 615 692 783 849 973 977 991
16  70 75 153 160 250 267 331 342 386 399 450 556 674 708 851 902
5  23 117 645 778 914
11  26 231 326 357 435 531 570 585 674 756 967
9  72 122 341 487 501 512 513 668 755
7  19 227 381 652 670 880 892
17  17 229 262 272 303 310 365 371 374 625 667 685 856 861 884 936 968
11  26 186 202 442 447 489 566 622 655 666 714
13  13 14 55 111 209 295 296 314 389 439 786 855 949
12  74 134 255 361 407 437 443 526 531 547 761 931
13  5 89 403 438 519 557 581 619 632 714 830 947 968
9  247 304 374 557 620 644 802 853 975
9  166 305 474 522 586 630 670 765 959
16  5 56 289 316 324 339 376 388 403 578 626 685 751 899 903 944
9  31 237 352 419 431 436 496 593 933
14  125 262 273 310 320 323 352 576 669 767 787 863 926 994
10  1 71 137 207 476 551 835 843 880 927
10  180 187 223 343 365 399 441 442 636 809
9  89 214 242 573 594 665 690 819 833
9  99 169 189 243 370 383 422 460 826
8  307 335 343 386 438 462 501 816
9  204 278 286 359 403 664 715 722 963
13  243 361 448 495 566 596 611 628 846 944 955 977 990
11  144 166 249 291 292 408 420 422 575 909 997
11  22 61 65 162 191 531 539 593 660 820 952
9  15 18 81 101 748 844 890 930 948
8  295 358 784 849 905 906 983 998
4  189 299 337 706
4  212 281 539 554
10  78 206 263 297 499 616 882 901 963 974
16  42 44 202 214 384 548 577 587 639 755 759 786 793 813 920 959
12  177 207 211 365 438 444 507 581 637 833 840 978
11  162 300 333 360 471 492 509 538 717 888 951
12  165 370 377 405 459 465 494 533 585 743 802 895
11  107 111 427 522 601 684 690 734 875 910 931
11  94 124 175 211 254 325 440 480 660 687 790
13  19 120 142 173 247 315 334 400 632 674 687 760 847
8  9 11 132 216 220 345 431 455
11  142 177 191 210 384 562 597 649 732 750 971
6  71 189 550 691 789 982
10  90 160 217 377 383 422 432 434 481 796
6  524 618 658 751 784 890
12  30 110 153 245 413 506 541 623 753 790 822 826
15  102 285 325 402 408 433 456 473 554 629 718 900 953 956 963
9  99 232 495 518 760 794 840 930 996
9  67 291 491 727 746 760 776 810 993
17  209 346 403 413 418 445 453 459 474 498 685 695 797 799 813 916 931
10  89 101 378 479 547 557 625 792 865 927
11  21 29 346 365 399 585 726 738 742 754 801
6  139 189 194 325 454 479
11  65 316 338 359 626 689 734 805 872 971 997
9  159 219 332 337 453 560 727 743 953
8  163 250 343 563 655 740 802 925
13  189 199 259 298 366 389 467 521 556 592 789 876 972
9  43 208 329 330 462 624 689 863 873
16  26 47 172 265 367 371 389 438 440 516 550 604 746 781 785 879
11  47 111 183 298 395 400 501 573 671 817 818
9  22 252 261 417 574 768 784 891 904
7  40 476 492 498 529 651 853
5  2 181 274 306 570
11  51 77 144 333 335 555 605 747 831 901 937
10  136 264 361 378 483 516 518 617 705 976
10  50 118 206 326 352 569 610 667 732 919
10  323 342 383 428 507 576 613 645 908 971
11  11 88 110 130 241 312 427 491 499 795 839
10  23 76 491 555 585 638 740 762 874 883
10  24 128 245 261 436 449 561 606 688 985
9  278 575 641 781 809 869 957 965 997
14  3 105 212 237 285 325 326 363 447 491 556 761 970 991
11  43 76 186 231 239 360 399 510 573 599 833
8  188 192 216 308 674 747 869 891
11  100 114 336 347 394 411 450 830 889 895 902
10  18 148 184 267 287 327 537 645 816 846
5  306 318 580 659 770
5  34 124 259 357 594
9  171 273 279 455 628 691 733 810 852
16  15 21 86 95 318 397 470 504 511 526 593 663 814 913 954 965
4  80 299 398 526
8  13 232 347 365 558 630 722 757
5  126 470 688 773 847
11  55 124 138 341 421 655 752 836 888 893 904
9  146 167 179 200 202 215 574 779 836
7  130 152 164 507 565 626 635
7  229 278 315 401 427 850 965
9  26 41 64 199 509 521 753 796 942
3  1 397 414
11  77 137 191 269 446 551 601 685 841 866 941
3  140 256 665
7  621 669 680 712 738 760 769
8  0 7 179 227 498 568 776 842
10  191 218 350 383 469 487 703 783 851 994
5  78 182 212 359 455
14  43 69 92 180 210 257 428 441 480 509 570 615 643 806
6  73 78 184 506 787 914
14  118 172 185 201 324 346 403 430 516 537 550 682 721 757
6  404 516 604 876 879 895
6  20 257 342 512 636 995
8  2 521 587 598 739 794 858 993
9  150 266 306 386 489 820 849 877 978
5  134 241 376 696 762
10  72 90 288 353 460 483 519 639 669 731
16  76 189 253 317 336 383 384 440 464 502 584 723 768 796 824 964
8  68 164 479 581 650 711 858 901
11  38 41 186 190 204 347 440 450 480 570 964
9  156 413 452 569 625 690 744 913 961
9  11 113 134 356 562 567 707 751 977
8  470 514 560 578 651 663 723 790
15  61 276 376 390 398 455 568 575 733 771 781 807 921 940 987
12  17 134 156 390 403 523 619 688 750 755 794 870
4  54 132 749 935
8  30 79 123 321 383 447 688 876
15  30 124 170 255 349 410 520 564 566 599 633 679 837 961 962
8  35 759 838 864 882 947 967 993
13  123 213 217 260 707 710 807 829 850 867 955 970 975
6  4 47 138 320 395 799
7  8 129 297 418 710 807 863
6  40 384 528 674 682 717
10  432 531 553 651 795 798 862 884 899 979
13  132 191 201 349 537 738 756 801 810 826 887 925 967
7  327 366 376 403 657 679 985
11  12 61 120 229 302 353 371 466 826 858 862
5  206 319 461 597 927
5  317 569 576 609 649
8  83 135 348 534 796 798 889 922
6  227 419 490 495 598 599
11  287 315 331 464 495 629 642 671 673 856 999
12  155 171 219 224 319 383 421 613 617 760 825 905
11  46 276 293 381 498 581 597 667 725 875 898
15  37 166 170 204 237 334 376 404 495 506 602 638 720 826 876
10  15 91 152 194 211 377 392 563 738 887
7  218 299 711 736 887 935 959
7  109 259 521 526 708 727 928
10  28 178 213 429 503 609 716 805 847 978
5  143 425 428 662 759
9  96 98 161 210 245 482 556 918 927
10  30 146 201 325 400 796 816 873 886 945
7  14 122 192 218 824 915 973
7  339 401 469 715 847 871 925
10  84 249 365 380 462 799 819 836 877 901
11  40 51 101 194 219 346 381 417 454 516 989
8  54 137 256 262 375 486 653 874
5  37 59 109 391 401
10  11 41 167 298 302 395 423 624 774 814
10  37 197 198 322 438 553 590 720 834 844
8  70 320 323 668 676 731 805 957
8  111 501 549 555 564 694 852 983
4  101 207 355 474
10  175 297 348 384 419 451 676 678 895 954
10  139 176 246 272 665 693 816 878 895 903
14  61 249 338 354 419 461 494 532 651 739 794 795 922 956
9  30 87 117 339 438 515 550 809 849
10  72 179 191 194 242 527 570 573 926 966
7  54 373 584 700 811 849 861
10  12 19 53 68 122 257 271 329 695 996
9  300 424 595 679 731 786 871 945 970
10  26 116 246 279 361 442 541 606 803 877
6  6 54 63 354 412 804
14  21 54 155 193 203 225 255 262 269 299 691 706 813 936
11  0 102 289 372 401 410 419 657 874 900 977
12  139 174 309 473 542 584 641 767 869 936 944 949
8  87 118 136 235 352 664 669 800
7  159 342 427 461 477 783 918
8  0 276 283 534 690 761 872 928
8  27 92 191 213 287 354 424 611
12  239 310 395 502 608 614 694 821 839 859 861 909
7  71 357 426 536 558 832 982
11  28 41 111 209 249 330 384 482 526 843 993
8  481 488 505 531 775 882 936 972
13  64 117 150 291 314 417 454 467 663 707 717 834 914
14  94 138 185 313 407 464 498 537 538 601 625 745 776 787
8  44 204 232 538 638 670 780 977
8  18 95 169 453 541 597 613 915
3  240 759 987
11  24 230 267 316 329 330 386 487 693 751 854
4  50 311 401 797
11  2 201 208 395 611 651 681 692 740 788 961
11  53 73 79 85 310 496 660 712 768 819 954
10  19 30 317 336 374 615 628 738 763 853
11  24 74 131 173 174 275 413 467 494 806 989
11  32 38 123 215 249 403 485 611 773 884 958
12  148 186 304 343 416 498 514 560 596 614 866 871
12  25 60 175 262 294 391 465 667 772 816 871 879
7  155 310 370 394 502 732 843
11  157 282 453 454 517 608 618 793 850 974 982
5  26 267 623 633 762
12  7 41 57 60 64 78 111 245 426 555 588 921
12  7 13 64 198 288 315 326 525 672 956 962 996
11  149 167 234 357 380 400 428 499 601 671 823
11  22 232 375 377 514 576 604 668 736 925 991
10  164 290 643 812 847 873 888 909 956 965
9  350 374 451 464 489 507 605 647 864
10  127 291 304 343 540 611 823 880 912 927
10  44 53 216 245 361 435 567 593 671 761
14  10 43 70 79 186 207 283 331 426 562 566 681 952 991
11  10 242 303 348 376 464 510 641 657 910 956
6  68 166 398 559 906 938
8  120 332 457 593 675 696 735 763
16  43 85 305 515 529 535 556 599 607 608 651 689 775 832 884 922
16  71 91 102 119 301 449 457 500 525 572 631 725 755 769 860 862
12  43 78 86 96 224 430 628 662 747 777 814 819
11  95 320 406 452 518 740 759 774 856 904 969
4  210 342 521 824
9  99 148 283 301 536 575 846 933 941
6  35 74 219 298 517 857
15  142 157 425 435 463 467 482 542 578 722 836 839 890 981 998
8  127 170 505 620 664 739 861 903
8  16 313 431 651 761 816 862 999
8  129 142 173 258 351 415 636 974
9  43 73 166 208 274 535 670 800 973
17  63 82 88 102 239 302 357 376 394 433 485 744 812 816 844 879 968
19  22 146 173 185 229 244 363 419 441 452 467 479 483 642 742 889 912 943 954
7  57 143 246 349 705 763 996
5  730 760 801 813 891
9  188 241 407 465 608 652 732 839 989
7  41 84 407 535 762 979 980
7  62 217 362 376 409 565 872
8  183 203 526 644 781 869 920 985
8  83 86 222 314 366 733 809 884
9  198 224 277 300 325 618 630 670 779
10  239 289 361 369 395 436 512 859 865 899
13  180 192 414 415 419 563 653 724 834 872 898 930 963
14  6 48 143 147 181 203 219 225 462 589 604 620 891 951
11  20 40 48 84 183 242 618 824 843 867 950
11  156 199 233 398 497 571 593 717 798 838 900
8  260 334 377 413 578 656 732 860
8  172 332 423 456 560 738 903 926
10  45 77 106 234 291 328 519 602 616 827
17  17 52 82 136 142 201 297 387 458 496 514 554 598 605 669 874 945
2  236 826
7  171 334 610 864 897 977 987
15  18 89 94 116 359 379 388 449 492 593 746 830 917 944 978
12  70 117 167 230 275 326 607 660 671 712 935 937
13  1 115 193 215 320 490 627 680 712 873 935 979 998
13  352 603 647 664 686 698 799 812 821 863 907 924 951
9  6 38 106 286 318 414 436 609 737
7  174 351 680 686 786 815 925
12  482 609 677 701 796 820 825 828 830 914 925 977
6  139 224 265 723 771 877
10  31 310 352 416 460 611 681 775 935 994
6  42 247 308 574 596 615
12  120 128 132 138 213 535 556 718 810 834 889 998
6  145 228 719 833 862 986
10  139 241 276 312 355 613 695 707 874 959
5  415 428 655 741 838
11  74 165 355 454 523 670 676 678 842 895 991
11  29 70 159 257 342 357 458 474 531 540 963
15  120 157 180 206 249 438 470 528 540 580 630 713 780 888 930
17  34 65 73 248 300 438 445 552 608 638 681 803 842 857 919 949 988
8  87 321 351 355 715 885 934 989
10  151 152 244 294 355 491 752 772 796 952
13  9 61 253 342 396 450 497 561 593 609 720 775 843
12  6 98 226 326 393 429 432 510 528 639 705 762
11  160 277 429 485 509 531 549 562 798 928 967
19  3 18 68 128 305 362 422 458 500 509 520 583 635 698 711 744 769 772 927
9  77 91 180 252 533 619 842 849 996
8  109 227 313 366 465 539 619 901
13  157 199 322 426 458 488 513 581 701 739 762 861 881
11  37 53 91 249 279 308 525 587 661 799 969
8  119 126 181 272 530 727 796 831
4  21 322 422 605
7  50 63 145 179 479 750 754
10  0 51 110 321 465 664 699 764 785 969
14  20 28 195 296 404 418 438 459 463 497 689 799 919 985
11  134 251 391 421 582 605 681 683 691 791 834
6  12 40 475 533 789 862
4  131 486 799 928
6  56 419 429 676 880 908
14  14 62 127 203 206 276 354 465 573 634 793 799 856 904
13  9 23 60 221 259 290 296 400 507 623 821 869 877
8  214 240 324 489 728 760 869 873
9  16 317 527 581 594 632 804 839 942
16  284 323 327 349 481 558 706 731 783 803 826 843 873 941 943 990
6  29 83 86 174 579 969
10  222 302 378 456 515 643 644 701 767 985
9  12 56 260 378 501 522 525 674 976
11  59 82 317 320 327 335 551 675 786 806 943
10  243 378 627 727 767 776 833 900 928 978
16  26 92 159 260 263 269 310 406 462 519 541 544 548 594 607 977
5  47 163 239 649 986
9  117 436 528 545 652 807 810 817 886
14  17 77 159 195 269 431 524 579 729 745 785 813 834 862
11  56 154 183 329 384 459 588 706 772 872 974
9  42 100 145 170 206 352 375 496 996
8  24 97 213 216 454 585 635 765
10  348 433 508 520 561 599 642 695 700 752
10  97 124 184 383 404 488 491 900 942 971
13  43 63 68 111 329 470 563 589 661 713 715 817 990
12  83 147 151 159 248 389 442 646 676 746 939 943
7  286 478 523 564 653 939 945
9  15 37 47 343 366 468 638 708 862
10  78 111 131 300 301 410 423 574 621 740
5  267 292 406 736 946
6  1 33 113 320 331 571
10  115 272 358 549 569 688 763 830 928 940
8  99 302 315 559 766 810 871 911
11  99 141 241 256 261 285 488 536 660 665 683
9  16 193 202 219 286 504 727 782 947
13  9 98 168 340 372 463 475 495 761 787 878 924 937
11  38 130 468 477 508 569 715 727 768 819 899
17  5 17 141 163 263 343 479 501 680 683 761 769 804 827 843 852 940
10  31 77 239 285 552 578 617 678 796 874
12  100 208 283 322 398 416 514 524 675 753 792 960
5  26 130 610 782 893
11  229 354 392 416 426 498 509 649 743 948 966
5  511 514 676 785 944
7  27 29 65 203 239 404 908
12  285 311 325 536 630 633 722 779 831 832 892 970
8  164 234 274 283 551 671 951 954
9  357 493 546 700 717 743 744 857 891
11  96 203 284 441 613 725 778 783 844 932 987
12  64 151 218 264 344 617 698 752 795 832 834 993
10  84 494 520 540 628 703 721 790 805 863
8  115 394 431 480 485 597 690 929
9  21 38 213 397 616 658 673 691 993
15  79 140 225 256 283 397 427 462 531 548 661 701 718 800 831
4  143 244 711 860
6  10 538 618 658 744 772
9  144 169 385 416 568 579 754 829 942
11  57 70 199 216 235 315 483 819 950 955 991
9  177 182 301 338 592 675 730 937 982
7  15 262 366 517 547 628 935
16  2 28 79 84 117 287 310 455 523 529 569 680 742 760 780 907
4  59 143 219 811
11  35 59 79 296 310 330 372 397 698 842 910
13  41 116 233 238 296 391 412 432 527 681 692 693 972
13  83 226 232 237 295 372 448 542 595 643 752 809 907
8  11 157 174 634 686 773 803 893
9  61 171 250 558 588 604 767 897 915
15  14 70 110 113 130 293 425 448 465 480 620 633 775 784 871
9  7 119 309 365 419 438 534 568 869
11  152 154 253 364 383 433 556 643 865 889 949
3  345 895 985
13  104 338 499 596 634 658 710 711 807 894 935 939 942
5  218 308 387 388 929
8  23 37 405 410 537 792 890 903
6  163 257 484 496 690 783
14  63 157 186 236 402 480 526 529 576 680 782 861 916 953
11  38 315 344 379 385 606 721 786 839 848 915
8  385 422 454 592 623 665 701 818
20  27 29 141 189 272 294 303 330 390 444 479 514 535 553 564 634 921 922 944 960
10  131 209 220 551 576 711 768 788 897 916
10  323 332 368 470 485 620 643 763 830 931
8  144 171 210 293 354 462 589 689
8  49 198 322 378 420 589 758 974
8  347 353 507 796 884 888 928 989
8  240 292 334 379 626 829 868 923
6  145 218 526 586 727 752
11  26 43 110 155 232 241 314 338 597 757 886
8  105 127 131 151 255 491 857 999
5  25 253 384 754 773
9  68 326 336 352 369 639 667 960 972
8  59 287 295 565 656 731 799 930
13  25 236 377 386 408 421 514 525 699 734 890 900 968
10  16 182 280 365 376 457 555 609 899 903
6  108 215 441 468 550 793
14  9 52 95 130 148 157 166 266 310 426 553 555 697 724
10  149 180 232 271 413 477 491 625 810 825
3  68 593 779
8  344 442 553 670 748 902 939 981
15  49 105 146 184 216 315 317 375 387 686 712 760 902 947 974
11  108 130 139 172 234 381 478 479 908 925 964
9  32 45 170 333 367 482 508 796 860
14  73 222 272 442 468 498 615 681 700 751 798 799 923 972
11  57 95 193 197 204 262 496 545 578 714 788
10  170 436 456 579 610 684 697 754 816 997
17  60 84 174 433 474 487 551 561 694 725 815 828 839 856 907 942 983
9  39 181 200 225 301 304 496 875 896
10  130 178 229 357 413 588 607 783 809 914
9  20 29 342 419 572 597 609 904 956
5  23 214 405 872 947
7  88 140 367 389 472 577 765
4  25 166 221 811
13  372 381 440 486 672 693 794 795 801 883 895 947 970
10  20 59 171 271 507 569 720 722 730 960
11  99 124 231 325 370 426 623 794 860 882 973
9  191 231 344 509 553 557 758 975 996
9  34 85 179 432 487 850 851 895 921
11  120 125 140 168 272 282 510 670 856 862 957
11  42 153 215 262 299 382 543 550 649 765 834
11  159 300 466 473 475 647 833 848 880 895 928
9  25 131 161 370 397 773 834 838 850
11  45 50 435 498 576 585 722 793 867 902 969
10  184 196 234 273 520 536 698 717 790 851
7  112 134 165 408 541 557 854
10  57 185 196 431 573 675 859 922 932 935
5  44 235 336 588 866
11  108 309 343 405 483 519 541 571 722 810 893
6  256 258 348 785 881 981
11  136 274 372 389 474 526 595 784 796 870 957
11  19 25 46 82 183 330 509 515 587 756 812
9  249 430 489 497 547 606 614 899 964
11  163 284 449 469 542 549 639 710 739 773 870
8  214 272 320 435 507 585 676 881
13  43 79 135 165 197 243 507 606 712 749 752 757 931
10  148 151 155 419 505 630 707 940 951 996
12  132 252 273 302 303 322 339 533 536 742 977 987
14  22 74 80 141 357 368 374 387 389 453 575 593 693 805
5  33 864 902 913 936
11  1 3 10 162 185 193 211 263 667 674 738
10  24 155 196 208 260 674 749 989 992 997
13  157 212 216 246 310 487 508 536 584 592 606 783 808
8  12 101 307 416 664 666 923 953
11  15 89 189 255 257 462 536 630 639 646 752
6  30 108 477 714 866 999
11  94 151 179 223 472 545 566 675 681 815 995
12  14 118 145 197 245 305 433 551 569 573 772 915
11  34 156 205 306 340 443 763 820 824 835 944
11  30 118 245 335 358 378 631 676 717 869 935
11  32 100 218 512 531 601 613 626 848 974 999
7  340 616 730 887 913 925 997
10  110 155 218 315 333 535 563 699 771 937
10  226 249 423 592 746 770 844 906 922 971
8  171 294 453 517 562 574 676 938
7  55 105 245 279 543 624 837
19  140 144 157 167 227 312 314 376 377 434 563 585 668 721 733 792 799 840 958
7  43 332 594 661 695 793 839
8  86 330 374 395 511 680 777 795
10  42 107 128 213 322 372 499 517 540 777
8  126 202 340 416 553 767 921 950
8  15 103 139 363 602 728 746 882
11  128 169 239 301 340 378 507 589 708 928 990
5  96 345 393 426 452
11  56 99 525 541 552 629 682 779 825 836 894
7  103 348 389 527 535 804 841
11  179 263 341 399 427 443 670 735 792 872 958
9  67 77 184 257 271 474 549 554 810
10  131 300 420 526 702 741 776 811 907 962
8  4 72 220 292 585 834 849 983
12  29 235 239 364 393 403 563 631 751 756 807 881
10  129 166 182 190 224 366 406 509 554 962
11  235 304 348 369 608 660 675 729 873 876 997
9  140 238 247 387 447 488 578 653 801
8  47 160 322 361 506 560 659 967
14  132 385 435 526 529 607 716 749 774 817 845 938 957 998
12  84 107 202 318 534 586 613 630 927 962 972 993
6  274 589 767 795 803 996
10  69 141 242 272 515 688 769 911 966 971
