
***ForestFire:  GeoFire  Nodes:1000  StartNodes:1  Take2AmbProb:0
                FwdBurnP:0.35  BckBurnP:0.354  ProbDecay:1  Orphan:0
(1000, 7550)  burned: [2,1,1]  [0.02s]
1000
124  1 2 3 4 5 7 12 17 20 23 25 27 31 44 53 61 71 86 96 105 108 116 120 122 125 130 132 136 145 159 164 171 178 189 190 201 211 214 222 226 230 231 234 235 241 245 248 254 289 291 292 296 306 315 316 323 329 359 364 381 396 399 400 409 411 424 438 441 448 449 465 489 495 507 520 522 526 533 535 536 542 545 546 568 575 608 612 632 642 656 668 669 683 691 693 700 701 705 712 714 718 733 739 752 753 770 773 795 798 827 829 831 871 903 917 926 927 936 942 946 952 957 960 967
111  0 2 3 4 5 8 9 13 18 23 28 31 44 49 51 53 62 71 87 96 97 107 115 116 120 132 136 145 159 164 189 200 201 211 226 230 231 234 235 242 245 254 284 288 289 291 306 315 316 335 344 358 361 374 384 396 399 400 409 411 424 433 448 449 488 501 507 512 520 521 522 526 535 536 542 559 568 575 608 612 632 642 669 685 691 693 700 701 712 733 752 757 770 773 795 829 831 848 856 871 888 898 903 917 926 927 936 942 952 957 960
48  0 1 3 4 44 120 122 145 159 189 190 201 222 224 235 238 248 254 291 306 316 344 361 399 448 488 506 507 520 522 535 536 542 559 601 612 632 642 656 679 700 712 739 752 829 871 917 942
58  0 1 2 4 6 17 39 44 76 136 159 189 222 235 289 291 292 306 359 377 384 409 411 430 435 448 449 488 504 506 522 535 536 542 546 559 563 581 612 632 640 656 669 700 712 752 773 824 827 829 856 859 903 917 926 942 952 957
75  0 1 2 3 6 8 17 44 51 76 87 136 145 189 190 193 201 207 222 224 230 234 235 245 255 288 289 291 292 306 327 359 384 396 399 400 409 411 424 441 448 449 507 522 535 536 542 546 559 575 612 632 640 642 669 693 700 712 718 724 733 739 752 773 795 829 839 856 871 903 917 926 942 946 957
57  0 1 28 47 49 50 77 96 120 122 150 171 190 228 234 235 245 254 292 306 316 399 409 411 424 449 488 501 507 520 522 535 536 537 542 568 575 580 612 632 669 693 700 725 733 770 773 831 859 898 903 917 926 927 937 942 957
60  3 4 8 41 44 63 76 85 136 189 193 207 222 230 234 288 291 292 298 359 374 377 384 396 430 448 449 473 488 504 520 522 535 536 542 545 559 575 612 632 658 669 700 712 718 725 733 739 829 839 840 864 871 903 926 942 943 956 957 967
40  0 20 27 61 86 125 130 136 178 226 241 248 282 306 323 359 396 400 411 449 489 507 542 545 632 642 669 693 700 712 733 752 773 831 871 903 942 946 957 975
92  1 4 6 10 11 13 14 15 38 41 53 76 87 132 136 145 161 171 189 190 193 200 201 214 222 224 230 231 245 252 254 284 288 291 292 306 312 316 353 359 374 384 396 398 399 400 411 430 448 449 493 501 507 510 520 522 535 536 545 559 573 575 612 632 642 669 693 700 701 712 718 724 733 752 769 770 771 773 789 798 829 831 846 856 871 903 926 927 942 956 965 993
12  1 62 115 145 159 535 608 691 831 903 942 957
32  8 11 15 87 145 161 214 216 217 245 250 291 306 353 359 364 400 401 448 493 522 536 545 700 712 752 769 773 829 927 942 993
44  8 10 19 22 38 46 84 123 132 183 214 234 245 267 291 353 356 359 374 448 482 493 506 507 535 536 545 632 642 669 700 724 733 752 776 791 824 856 903 923 927 934 942 993
8  0 35 232 605 659 907 931 967
86  1 8 16 21 23 28 32 38 41 44 46 49 51 53 71 74 132 136 145 149 150 176 190 201 209 211 222 230 231 234 235 241 245 252 257 284 291 346 374 384 396 409 411 420 424 430 433 436 448 449 488 507 520 522 535 536 542 559 575 612 632 642 669 691 693 700 712 718 724 725 733 752 757 770 773 785 798 829 839 846 856 888 926 927 935 942
24  8 15 60 90 132 153 161 193 283 291 306 449 501 510 573 632 771 773 829 926 927 942 952 955
24  8 10 14 54 80 114 134 193 245 291 374 400 418 501 510 705 718 725 798 829 859 926 927 942
73  13 24 26 30 36 38 41 42 46 88 92 132 136 143 174 190 191 201 222 224 228 230 234 235 245 248 252 291 316 400 409 420 424 430 448 449 480 506 507 522 526 535 536 542 559 576 612 632 642 669 691 693 700 712 714 718 724 725 733 752 770 773 776 829 839 846 851 856 888 903 927 942 952
31  0 3 4 44 76 136 189 190 230 234 289 291 292 322 359 399 411 448 535 536 545 581 668 700 701 739 839 856 864 903 957
9  1 31 106 164 465 593 669 848 936
12  11 84 102 175 183 353 359 374 545 752 824 903
26  0 7 43 71 86 130 136 211 226 292 306 386 399 411 448 489 507 535 640 642 669 691 693 700 752 773
22  13 28 49 73 82 150 165 228 234 235 449 488 522 536 575 669 693 773 802 829 831 942
28  11 33 55 57 78 98 183 249 310 343 356 359 365 396 448 507 533 536 545 610 612 618 700 776 824 927 934 993
37  0 1 13 32 37 44 53 71 141 145 152 211 234 346 400 409 411 424 430 433 448 489 522 535 575 594 642 669 693 700 732 733 757 935 960 963 968
38  16 26 29 30 38 41 81 222 230 234 247 248 291 298 316 395 411 449 506 507 517 522 535 536 559 575 669 691 712 714 718 733 839 888 903 926 927 956
14  0 105 178 291 399 522 733 747 798 829 927 942 946 962
34  16 24 29 30 38 81 104 143 175 191 230 247 248 295 449 506 522 533 535 545 559 581 632 642 691 718 724 725 733 839 888 903 927 950
33  0 7 61 113 124 130 136 178 189 235 291 306 323 359 396 399 400 411 507 542 568 693 700 712 714 733 752 773 856 903 927 946 975
33  1 5 13 21 48 49 67 73 150 176 187 254 335 337 364 409 449 488 507 522 535 536 575 632 669 691 700 712 752 773 802 831 942
37  24 26 30 38 58 81 186 191 192 222 235 245 247 316 333 416 449 506 507 522 535 536 572 639 691 700 714 718 733 773 831 839 903 926 927 940 957
43  16 24 26 29 36 38 56 118 168 235 245 248 289 306 316 374 399 416 449 461 506 522 533 535 542 545 559 608 632 642 669 691 700 724 733 773 839 903 927 942 956 957 980
12  0 1 18 34 108 127 296 669 733 829 936 966
26  13 23 37 44 75 94 121 149 222 230 234 267 346 391 396 433 448 522 536 575 632 642 700 701 747 793
16  22 57 78 98 166 249 356 365 448 507 520 533 610 618 927 934
7  31 127 182 522 733 920 966
12  12 40 137 142 148 263 440 486 605 907 931 967
25  16 30 42 88 92 190 235 239 245 301 388 399 420 438 467 535 536 542 632 733 752 782 803 839 903
25  23 32 44 72 75 89 94 107 141 288 346 391 411 448 522 575 594 632 642 700 747 757 807 927 963
53  8 11 13 16 24 26 29 30 46 81 84 102 175 191 195 198 214 230 245 247 248 259 267 291 346 374 396 416 449 506 522 533 535 544 545 575 629 632 642 691 700 718 724 733 752 773 791 831 856 903 927 942 957
10  3 159 291 344 359 559 632 802 903 942
3  35 109 587
36  6 8 13 16 24 51 69 107 122 132 136 145 201 222 226 230 234 241 291 411 448 449 507 535 542 575 608 617 669 700 815 829 871 927 942 957
9  16 36 92 235 691 739 752 803 859
14  20 52 86 146 211 236 241 386 411 507 522 693 838 871
55  0 1 2 3 4 6 13 17 23 32 37 45 96 107 122 136 189 190 222 230 234 235 238 245 291 292 374 399 409 410 448 454 522 535 536 545 548 608 612 669 693 694 700 712 718 752 757 768 829 831 856 871 902 903 960
5  44 122 235 783 902
23  11 13 16 38 74 136 201 230 234 291 359 374 400 520 535 632 642 669 724 752 770 847 946
28  5 49 77 120 150 223 228 245 262 306 316 399 411 507 522 535 580 632 669 693 705 714 725 765 831 903 927 942
25  28 49 64 126 150 254 268 291 448 507 522 535 536 560 570 580 691 693 712 728 770 773 829 831 956
35  1 5 13 21 28 47 48 59 64 150 176 209 222 228 254 262 291 306 409 424 448 449 507 522 535 536 575 580 669 670 693 765 831 942 956
20  5 120 171 306 399 424 491 501 522 537 538 559 612 632 669 700 725 733 898 926
38  1 4 13 41 69 107 122 132 145 178 190 201 213 235 242 245 257 289 358 384 396 411 448 449 507 522 535 536 608 625 669 700 733 795 856 903 942 947
13  43 68 146 211 236 371 389 452 522 565 692 693 838
19  0 1 8 13 23 70 71 145 234 254 280 400 567 608 632 693 748 756 927
18  15 80 134 135 193 374 418 501 508 510 718 725 829 831 859 926 927 942
14  22 78 151 310 365 396 448 507 520 536 642 730 927 934
14  30 83 240 289 316 632 672 733 773 824 903 927 956 957
15  22 33 78 249 276 396 448 507 523 533 562 577 669 927 993
10  29 65 110 191 222 314 384 572 926 927
5  49 150 316 409 507
8  14 90 153 160 540 550 771 942
28  0 7 27 113 130 136 189 221 291 306 318 323 359 396 411 449 507 669 693 700 712 733 773 836 903 906 946 956
29  1 9 93 95 115 116 145 171 230 235 358 424 428 448 449 521 575 608 642 669 678 691 752 772 831 839 903 942 957
19  6 85 189 207 288 298 359 374 488 504 522 536 542 559 632 739 824 840 956
13  48 49 66 163 303 321 409 507 534 535 580 632 896
10  58 91 110 117 191 314 339 572 641 739
8  64 112 194 206 338 534 580 896
6  28 254 335 507 691 752
15  52 111 146 172 205 211 225 236 340 414 452 522 693 700 810
19  41 51 107 122 176 178 201 257 522 536 608 625 642 669 831 903 927 942 957
15  53 79 103 145 234 248 317 567 632 669 693 748 756 898 926
20  0 1 13 20 23 53 86 141 211 226 241 364 399 400 411 415 507 642 645 693
6  37 75 149 448 757 773
13  21 28 187 254 488 536 575 642 691 752 773 802 831
11  13 46 138 374 411 520 536 632 642 669 770
18  32 37 72 128 149 222 234 288 346 396 448 488 535 669 701 757 927 997
23  3 4 6 8 17 136 189 224 271 290 299 322 374 448 449 536 632 640 669 700 829 864 903
31  5 47 100 120 150 184 190 228 235 245 254 291 306 316 382 399 409 411 424 501 507 522 535 632 642 700 705 831 927 937 942
23  22 33 55 57 151 220 249 310 343 359 365 396 448 507 520 533 536 562 577 618 773 927 942
17  70 101 103 177 248 400 411 432 567 632 669 693 712 748 831 942 993
17  15 54 134 374 400 449 501 510 536 568 615 725 752 770 917 926 942
20  24 26 29 38 102 222 233 247 248 449 691 700 712 733 752 757 831 903 927 957
4  21 227 516 522
5  56 179 316 773 903
19  11 19 38 102 175 234 359 374 424 449 522 545 629 642 700 733 752 831 903
20  6 63 99 189 284 288 298 306 359 409 448 449 504 522 536 559 840 903 905 956
22  0 7 20 43 71 141 211 241 411 423 449 489 507 642 648 691 693 700 733 824 871 942
26  1 4 8 10 132 136 214 224 231 254 400 507 522 535 568 575 578 612 669 693 712 724 748 752 773 927
15  16 36 190 201 234 235 245 448 520 535 536 576 846 952 956
6  37 411 594 632 700 963
5  14 60 153 771 942
13  65 110 117 157 191 314 339 572 599 641 655 723 739
23  16 36 42 132 174 190 214 230 235 239 248 409 420 495 522 526 537 733 737 803 824 859 925
30  62 95 115 116 145 215 235 248 364 381 424 428 520 521 536 608 642 669 691 693 705 720 739 752 773 827 831 903 942 957
10  32 37 188 234 367 391 448 522 575 700
24  62 93 115 116 145 178 234 235 251 364 369 400 424 448 521 642 691 714 752 831 839 903 942 957
31  0 1 5 44 107 120 122 176 178 230 234 235 245 291 374 399 409 526 536 608 612 625 656 691 700 711 712 739 773 903 957
3  1 400 685
6  22 33 249 365 859 927
17  85 181 189 272 284 291 298 332 373 374 384 396 409 507 542 880 927
13  77 120 147 184 306 399 400 507 522 632 748 937 942
9  79 177 248 400 632 693 748 942 956
19  19 38 81 84 158 233 247 346 348 374 449 501 522 536 700 752 757 829 903
22  70 79 131 145 177 235 246 248 400 410 449 527 542 545 567 632 648 669 725 748 903 993
7  26 140 503 667 691 839 844
17  0 25 178 399 400 424 438 522 539 642 683 733 747 773 798 903 942
2  18 164
30  1 37 41 44 51 69 96 122 139 176 178 201 222 234 257 354 358 454 460 507 522 536 575 608 625 669 691 711 856 942
13  0 31 127 182 222 296 507 733 770 829 834 851 920
3  40 351 587
12  58 65 91 117 169 185 191 234 314 339 639 739
4  68 211 340 522
5  66 194 206 338 352
27  27 61 119 130 136 189 288 306 323 359 385 396 399 400 411 427 489 507 522 535 573 586 650 669 733 856 906
7  15 134 374 501 634 725 942
28  1 9 62 93 95 116 145 215 306 358 364 369 372 409 507 608 632 642 684 691 718 752 773 831 903 912 932 957
37  0 1 62 93 95 115 122 136 145 159 171 178 201 230 234 235 306 316 364 448 449 536 559 639 642 691 714 752 770 785 798 829 839 903 912 942 957
15  65 91 110 169 185 191 234 291 314 339 448 572 642 713 739
6  30 168 399 522 957 980
5  113 399 522 573 679
53  0 1 2 5 47 50 77 96 100 122 150 171 176 178 190 228 234 235 245 254 288 291 292 306 316 396 397 399 411 424 448 487 488 501 507 520 522 536 537 559 592 612 632 642 700 705 720 733 798 898 903 942 957
6  32 229 234 309 739 903
57  0 2 5 41 44 45 51 69 96 107 116 120 129 145 150 171 176 178 190 201 222 228 230 234 235 254 264 291 306 358 364 374 383 409 424 448 488 507 520 535 536 542 559 575 617 669 691 700 752 770 795 831 858 903 942 952 957
1  11
4  27 196 359 399
9  0 7 133 226 282 515 701 712 733
5  48 273 570 728 752
12  31 34 108 182 222 245 448 522 733 770 846 851
9  75 234 275 325 346 448 477 930 997
27  122 144 150 167 178 228 235 264 291 374 424 448 507 535 536 559 632 642 691 700 712 752 831 842 859 942 984
26  0 7 20 27 61 113 136 189 288 292 306 323 396 399 411 438 449 489 507 522 669 700 712 856 899 957
10  103 173 246 400 455 660 693 748 936 946
43  0 1 8 11 13 14 16 41 51 87 92 145 162 190 201 214 230 231 239 245 359 396 409 449 522 559 612 632 669 693 700 701 733 748 770 795 815 829 831 923 927 942 960
6  125 212 293 450 515 953
14  15 54 80 114 374 400 449 501 612 629 718 725 770 942
7  54 204 508 718 832 926 927
70  0 1 3 4 6 7 8 13 16 17 20 27 41 44 46 61 76 87 113 116 130 189 201 222 224 226 230 234 235 245 288 291 306 315 316 359 384 396 400 404 409 411 430 448 507 522 536 537 542 575 632 635 640 668 669 691 693 701 712 725 727 739 752 770 798 829 856 897 927 957
11  35 219 265 300 486 605 631 654 697 857 931
10  74 154 350 374 411 568 640 642 700 719
6  107 354 460 522 575 761
6  104 270 319 497 503 675
7  23 37 71 86 211 411 700
6  35 202 263 486 931 967
6  16 26 248 411 522 632
10  129 228 374 400 469 559 669 842 880 984
72  0 1 2 4 8 9 10 13 23 41 51 53 62 70 93 95 103 115 116 122 132 162 171 176 178 189 197 201 217 222 230 234 235 246 250 254 305 306 346 364 374 399 400 401 409 448 501 507 522 535 542 559 608 632 642 669 679 693 700 701 714 733 739 752 765 798 829 831 903 926 927 942
14  43 52 68 156 211 225 236 274 378 392 459 693 940 975
2  100 632
9  35 286 311 342 502 531 561 564 967
17  13 32 72 75 222 346 396 411 419 448 535 559 632 701 779 903 927
38  5 13 21 28 47 48 49 59 77 120 122 129 171 176 190 228 245 254 268 298 316 399 409 411 430 507 535 536 542 545 559 632 691 700 733 752 842 942
15  55 78 170 220 310 343 396 448 507 520 536 642 665 927 934
10  23 258 357 380 626 732 735 744 853 968
8  14 60 90 180 686 760 771 942
8  138 155 302 350 568 591 640 700
5  154 345 350 528 700
2  146 940
4  91 191 339 723
3  102 522 700
17  0 1 2 3 9 39 116 235 248 344 364 381 512 559 608 802 942
5  60 341 470 550 551
17  8 10 14 200 214 291 306 359 409 464 568 612 632 769 924 927 965
19  132 145 199 230 231 234 294 411 420 448 507 522 632 640 669 700 701 714 985
3  64 362 896
9  0 1 18 106 344 465 575 593 903
4  21 575 831 889
3  33 365 498
5  129 228 264 328 535
13  30 118 235 248 289 399 461 506 522 583 627 700 809
5  110 117 185 234 653
5  151 343 396 448 507
44  0 5 8 50 62 116 120 122 145 150 176 190 200 201 228 231 235 245 254 284 316 396 399 409 411 424 448 449 504 507 522 534 535 536 559 568 575 700 752 757 770 927 942 957
8  68 205 211 340 414 485 700 777
4  131 246 400 693
7  16 92 214 409 420 559 575
10  19 26 38 84 359 424 483 545 831 903
39  13 28 49 69 96 107 120 122 145 150 171 178 190 222 224 228 234 254 306 335 364 374 409 411 448 449 507 536 559 608 642 669 710 773 795 831 903 942 957
18  79 101 103 246 248 277 398 400 411 632 642 648 691 693 700 733 748 993
53  0 7 25 27 51 69 95 96 105 107 116 120 122 129 145 176 190 228 234 248 261 291 306 307 374 398 399 400 411 424 430 448 465 484 501 522 536 559 632 642 669 733 739 747 752 773 776 831 859 903 927 942 957
4  83 316 347 773
5  153 279 686 738 760
4  99 298 409 542
9  34 108 127 208 222 245 296 770 920
10  11 19 22 249 269 359 522 545 700 942
5  77 100 409 545 632
9  110 117 169 191 314 339 641 642 653
6  29 192 426 639 700 816
9  28 73 254 407 479 488 699 700 831
9  94 367 391 448 522 575 700 765 773
51  0 1 2 3 4 6 8 17 27 44 61 63 76 85 99 113 130 136 145 190 201 226 235 284 288 289 291 292 346 359 396 399 409 441 448 449 488 489 501 506 522 536 559 608 642 693 700 776 839 903 927
74  0 2 4 5 8 13 16 17 36 44 51 77 88 92 120 122 132 150 171 176 178 189 201 203 210 214 222 224 228 230 234 235 245 261 285 291 292 306 316 359 361 396 399 400 409 411 430 436 448 449 479 507 520 522 535 536 542 559 568 575 612 642 669 693 733 737 747 795 856 859 898 927 942 957
31  16 26 29 38 58 65 91 110 117 157 185 218 234 247 291 314 339 390 522 639 641 642 700 714 733 773 839 859 898 926 927
7  29 186 376 426 431 700 819
18  4 6 8 14 15 54 359 374 377 430 510 718 733 798 829 865 926 942
3  66 112 206
3  38 629 642
2  124 472
4  145 346 669 927
12  38 259 337 355 430 449 522 537 691 725 903 942
15  162 230 231 294 316 448 507 522 632 640 642 669 693 700 903
17  1 8 161 171 222 230 284 409 559 568 612 642 669 752 859 924 927
70  0 1 2 4 8 13 16 41 46 51 69 88 107 116 122 132 136 145 171 189 190 203 210 214 222 224 226 234 235 245 305 316 361 364 384 396 399 400 409 411 448 449 460 488 501 506 507 520 522 535 536 545 632 639 642 669 691 700 714 733 752 770 773 795 831 846 927 942 946 952
4  142 363 486 518
21  190 201 210 214 222 224 228 235 361 399 411 448 449 507 535 559 613 710 733 795 927
7  135 716 718 812 832 862 927
7  68 172 211 414 700 877 938
6  66 112 194 403 580 954
14  4 6 63 222 255 288 291 359 399 409 449 669 752 766
4  182 222 245 700
9  13 49 222 245 291 306 409 507 522
22  190 201 203 222 224 228 235 361 399 411 448 449 507 522 535 559 613 700 752 790 871 903
26  0 1 13 20 23 43 52 68 71 86 111 141 146 172 205 234 364 411 453 463 522 691 693 700 712 828
6  133 434 515 873 953 965
2  51 700
44  0 8 10 11 38 87 92 132 161 174 190 201 203 222 224 228 260 267 291 306 396 400 401 411 420 424 449 493 495 520 522 535 559 568 575 632 642 669 700 752 769 773 824 903
7  93 115 248 364 693 773 932
7  10 281 291 306 536 642 769
13  10 145 250 400 401 446 522 536 669 693 749 927 942
11  191 234 364 522 639 642 658 669 691 700 927
7  137 265 300 631 857 885 931
16  78 151 310 343 396 448 507 522 526 533 536 549 669 773 827 927
4  61 359 411 893
82  0 2 3 4 6 8 13 16 24 29 32 41 44 49 58 75 81 107 108 122 127 136 145 149 176 182 190 200 201 203 207 208 209 210 214 224 228 230 234 235 245 248 255 278 284 288 291 292 305 306 359 384 396 409 411 441 448 449 494 507 522 559 581 632 640 642 669 691 700 714 725 733 739 748 752 757 770 795 871 903 927 942
12  47 228 235 289 399 411 522 535 714 773 824 942
37  2 4 8 16 76 87 136 176 190 201 203 210 214 222 228 234 235 245 411 430 448 449 501 507 522 535 536 575 632 640 642 701 752 846 925 927 942
9  68 146 236 274 378 402 412 693 940
23  0 1 7 20 41 71 125 136 189 201 237 241 359 396 399 400 460 522 559 712 761 942 957
1  82
73  5 16 21 47 49 77 120 122 129 144 150 167 171 176 178 190 203 210 214 222 223 224 234 235 243 245 248 254 260 264 288 291 306 328 374 382 396 399 400 401 409 411 424 444 448 449 495 507 519 522 535 559 575 581 596 632 642 669 691 700 710 712 714 733 752 773 795 859 925 927 942 957 993
2  121 234
74  0 1 4 6 8 13 16 17 24 26 32 38 41 44 46 62 92 96 116 122 132 136 145 162 190 199 200 222 231 234 235 248 253 267 284 289 291 294 316 374 399 401 409 410 411 420 424 446 448 476 507 522 533 535 559 568 575 632 639 642 669 700 714 733 752 757 773 785 856 903 927 942 956 993
31  0 1 8 13 87 132 162 171 199 230 235 284 294 329 374 384 399 410 446 448 507 522 578 640 642 669 693 700 701 748 903
5  12 408 659 907 931
20  81 102 248 348 374 449 456 466 480 507 536 537 632 700 733 752 757 829 831 903
102  0 1 4 5 6 11 13 16 17 21 23 24 32 41 44 46 53 70 75 84 88 94 95 96 107 110 116 117 120 121 122 128 136 145 162 169 176 178 190 191 201 211 218 222 224 228 229 230 235 243 245 254 288 291 292 294 316 329 359 364 367 384 400 409 410 411 424 430 448 449 479 488 489 506 507 522 535 559 575 632 639 642 649 653 669 691 693 700 701 714 733 739 748 752 768 770 795 839 871 898 942 959
96  0 1 2 3 4 5 13 16 21 27 29 30 36 42 44 45 51 62 77 88 92 93 95 96 103 116 120 122 129 136 145 159 168 171 189 190 201 203 210 222 223 224 228 230 231 234 243 245 248 254 255 266 289 291 313 344 359 374 396 399 400 409 410 411 421 438 448 449 488 506 507 522 526 535 537 542 559 568 632 640 642 669 691 700 724 733 739 752 798 829 839 927 942 946 956 957
14  43 52 68 146 225 274 340 370 393 522 574 693 879 940
3  226 244 396
5  2 44 287 399 700
4  36 92 132 245
4  56 316 326 824
19  0 7 13 41 43 71 86 226 334 400 507 522 542 617 693 703 851 871 942
8  1 51 289 358 448 522 693 856
12  228 234 235 245 254 313 344 382 507 535 536 700
4  237 396 425 555
77  0 1 4 5 8 10 11 13 15 16 29 30 36 38 44 47 51 77 88 96 120 127 132 136 150 171 182 190 201 208 209 222 224 228 234 235 239 243 247 248 254 285 288 291 306 344 359 396 399 409 420 448 449 507 520 522 533 535 542 632 639 642 669 691 700 701 705 714 733 770 773 795 859 912 927 942 956
10  103 131 145 173 177 400 411 693 748 765
20  24 26 29 38 81 102 191 245 291 449 542 545 559 639 700 718 773 888 905 942
68  0 2 7 16 24 26 30 38 70 79 81 92 93 101 103 143 159 168 177 178 215 222 228 230 233 235 245 254 259 267 289 291 306 344 396 398 400 411 430 449 507 522 536 537 542 545 559 567 608 632 639 642 648 669 691 693 700 712 733 748 752 802 824 831 887 903 942 956
21  22 33 57 78 98 183 276 310 343 359 365 396 507 520 536 562 577 700 815 927 942
15  10 145 217 256 306 401 409 424 449 522 536 575 859 927 942
2  95 642
7  8 13 16 291 409 632 712
6  230 289 399 632 669 733
59  0 1 2 5 8 28 48 49 53 67 73 77 87 120 122 145 150 171 176 187 228 234 235 243 245 248 259 288 291 306 316 337 358 364 396 407 409 420 424 448 449 479 488 507 522 535 536 545 632 669 691 693 700 718 752 773 795 927 942
16  4 207 222 235 266 288 291 344 359 399 409 411 506 632 942 956
12  250 401 409 424 545 575 632 733 769 859 871 957
7  13 51 69 107 522 536 985
6  152 297 380 626 735 744
26  38 198 248 254 267 291 306 337 355 358 430 448 449 522 537 545 632 691 700 725 773 780 824 927 942 972
17  214 228 291 400 409 411 439 444 449 495 504 522 536 596 710 903 988
17  178 190 285 291 306 307 411 448 520 584 642 737 747 859 903 927 957
17  47 49 306 316 396 409 429 448 474 507 522 535 575 649 693 799 831
7  35 142 511 514 605 647 931
10  122 129 167 228 358 399 536 557 754 942
8  137 219 300 524 631 697 857 931
18  235 255 288 291 344 396 399 411 438 448 559 632 669 693 700 824 942 956
25  11 32 38 214 230 248 259 306 358 359 398 400 411 449 507 522 536 544 629 632 642 700 718 942 957
14  48 150 291 298 377 396 424 488 507 536 559 612 712 942
5  183 359 379 509 700
3  140 319 503
1  76
5  99 291 330 374 669
3  126 752 946
6  146 225 236 340 393 940
3  128 413 930
16  57 249 343 359 365 396 507 520 562 577 700 758 773 912 927 993
6  177 308 411 733 748 993
4  222 448 669 752
4  180 349 671 760
4  53 529 632 693
8  216 291 306 394 536 619 700 769
5  7 125 515 701 801
4  14 829 927 957
33  1 8 13 85 99 171 189 200 222 230 231 291 304 316 329 374 384 399 409 410 441 448 449 467 504 559 612 642 669 700 773 905 927
7  190 245 261 448 520 642 859
4  148 502 558 900
4  238 399 861 981
49  1 4 6 8 37 63 75 85 113 120 130 136 189 207 222 228 234 245 254 255 266 291 306 316 359 374 396 399 409 411 430 448 449 489 507 522 542 559 632 669 691 693 700 773 859 903 927 956 957
38  0 1 3 4 17 30 51 56 168 189 223 230 235 242 248 253 291 292 316 399 409 411 449 488 489 506 522 608 632 669 700 733 752 766 773 856 903 957
9  76 445 448 637 669 743 864 903 909
106  0 1 2 3 4 6 8 10 11 13 14 15 16 17 24 25 27 38 39 41 44 46 48 49 61 77 96 99 117 120 122 129 136 161 178 189 190 191 207 209 214 216 222 228 230 234 235 245 247 248 252 254 255 259 260 261 266 268 272 281 284 288 289 292 298 306 344 359 374 377 396 399 400 409 411 421 424 430 448 449 488 506 507 522 535 536 542 545 559 560 632 636 642 669 700 705 711 712 725 733 752 773 795 824 942 965
51  0 3 4 5 6 8 17 20 44 120 130 189 190 222 234 289 291 306 316 329 359 377 384 399 409 411 424 430 448 488 489 501 535 536 537 563 612 636 669 691 700 725 752 773 831 859 871 903 927 942 956
3  133 478 515
19  162 199 230 231 234 316 329 384 448 449 507 522 632 642 669 673 691 700 701
5  26 522 709 839 957
9  0 31 108 182 688 733 770 829 966
4  258 380 732 744
23  6 24 63 85 99 150 181 268 291 306 359 373 374 377 396 430 449 507 536 542 878 927 942
3  76 448 632
8  137 219 265 513 524 552 631 931
2  36 839
3  154 350 375
4  64 321 409 534
6  284 399 409 642 773 927
10  145 201 222 336 374 522 632 689 752 935
92  0 1 2 3 4 5 7 8 10 14 20 27 30 47 49 50 61 77 85 100 113 115 116 120 122 130 136 145 161 176 178 190 209 214 216 222 228 245 248 250 254 259 261 262 267 281 288 291 292 298 307 316 335 346 359 374 377 396 398 399 400 401 409 411 424 429 430 448 449 507 522 535 536 537 542 545 612 632 642 700 714 733 829 831 839 901 927 932 934 942 946 956
20  178 261 306 320 335 359 398 399 400 411 448 484 501 507 642 695 824 859 942 993
3  277 366 748
1  121
20  22 55 78 151 220 249 343 365 377 396 430 448 507 520 536 549 575 612 669 927
3  148 502 967
2  8 829
5  235 243 344 449 752
13  58 65 91 110 117 185 191 339 572 641 714 733 993
6  0 1 136 542 642 669
69  0 1 2 5 8 16 24 29 30 47 56 59 77 83 116 120 136 150 171 179 190 199 201 230 234 240 254 262 284 288 289 292 294 306 359 364 396 399 401 409 424 430 436 448 449 476 479 507 522 534 535 559 572 575 632 642 669 691 700 714 733 770 773 824 856 927 942 956 957
2  70 632
2  61 597
4  140 270 503 833
15  307 324 398 399 400 411 451 501 507 568 695 700 733 859 942
5  64 303 405 534 896
8  17 76 387 571 622 830 841 874
12  0 7 27 61 113 130 385 399 400 411 489 507
9  320 398 400 411 448 449 484 501 956
3  128 500 638
1  240
4  4 424 700 942
3  167 228 331
21  0 231 234 284 292 294 367 409 410 448 449 522 575 649 669 691 693 700 701 733 959
2  272 646
4  328 481 767 916
2  99 971
3  29 733 784
6  241 360 703 806 863 939
15  1 28 67 176 306 307 398 411 449 507 522 642 714 802 831
4  305 522 632 935
12  28 198 254 259 417 430 449 537 691 700 702 725
4  66 112 406 490
16  65 91 110 117 157 185 191 314 437 572 639 641 642 669 687 773
6  68 111 172 236 274 700
2  160 550
7  148 502 531 561 564 742 967
24  22 78 151 170 220 249 276 310 359 365 396 448 507 520 522 536 577 632 642 669 752 776 800 927
30  1 2 39 159 164 235 243 245 248 255 266 291 313 358 396 399 400 411 448 449 465 507 522 559 593 632 669 802 824 903
2  155 696
27  13 23 32 37 38 75 102 128 145 149 189 197 306 396 424 448 449 501 526 535 559 632 700 747 839 903 927
2  179 918
10  102 233 374 449 522 577 700 903 927 935
2  279 671
11  138 154 155 302 568 640 695 700 859 903 993
2  109 587
1  112
5  8 10 11 19 752
6  107 139 454 460 522 575
8  198 259 430 449 537 624 803 942
4  11 22 33 448
2  152 735
35  1 51 62 107 115 122 242 254 259 264 267 344 364 400 409 411 428 448 449 507 522 535 608 625 642 693 739 752 772 780 824 856 903 942 957
87  0 3 4 6 7 8 10 11 17 19 22 27 39 46 61 63 78 84 85 113 124 132 136 161 175 183 189 190 193 207 221 222 226 234 235 245 249 255 267 269 276 288 291 292 298 306 307 316 343 364 365 374 377 379 396 400 409 411 424 430 448 449 493 506 507 520 522 536 542 545 546 559 575 632 642 644 691 700 769 773 776 815 829 865 903 927 942
2  334 703
11  1 2 190 201 203 210 396 411 559 608 661
3  163 602 896
2  202 486
55  0 10 28 71 93 95 115 116 122 145 159 176 201 211 215 218 234 254 316 358 359 365 381 396 399 400 401 409 424 430 436 448 449 463 465 504 506 507 522 535 542 559 573 575 600 632 642 669 691 714 718 773 903 927 993
28  22 33 55 78 98 166 249 276 310 343 359 364 377 396 448 504 507 520 522 536 559 577 752 773 859 927 946 957
2  308 748
19  94 188 234 329 368 391 410 447 448 449 522 575 649 669 693 700 733 765 959
3  367 522 733
5  95 115 763 957 978
2  236 574
3  52 838 908
2  115 585
6  99 298 377 536 542 700
84  1 6 8 11 13 15 19 30 38 44 46 54 63 74 76 80 84 96 99 102 114 122 129 134 138 144 145 176 178 193 228 230 231 233 235 272 284 288 291 298 305 306 348 359 377 396 399 400 409 411 424 430 448 449 466 501 507 522 535 536 542 545 568 577 611 632 642 669 691 700 718 752 770 773 824 829 839 865 880 890 923 927 942 957
1  302
2  192 819
36  3 6 193 268 291 292 298 306 310 359 365 373 374 396 411 424 430 448 457 488 489 506 507 510 522 535 536 542 546 575 612 669 700 903 932 952
3  146 225 940
5  269 359 506 575 700
6  152 258 297 732 744 853
12  0 93 159 364 436 504 520 536 559 595 917 976
7  77 228 243 519 700 817 942
4  122 507 752 858
33  1 3 4 6 8 13 51 58 99 136 201 222 231 234 284 292 294 399 409 433 449 522 535 612 642 669 691 700 714 733 770 773 942
7  113 323 400 411 507 522 821
6  20 43 411 442 505 693
3  322 622 874
2  36 438
6  52 452 565 692 693 908
5  191 499 639 773 898
11  32 37 94 188 367 448 522 575 666 700 957
3  146 569 892
4  236 274 422 879
3  281 536 700
2  24 718
103  0 1 4 6 7 8 13 22 27 32 38 51 55 57 61 75 78 99 113 120 130 132 136 149 151 170 171 189 190 201 214 220 222 226 228 235 237 244 245 248 249 254 262 266 268 276 288 291 298 306 310 316 343 344 346 359 361 364 365 374 377 399 400 411 424 429 430 436 448 449 474 488 489 501 506 507 520 522 526 535 536 542 555 559 562 575 632 642 661 669 691 693 700 714 815 824 831 846 901 927 934 942 967
2  120 632
28  8 177 178 248 267 306 307 320 324 335 400 411 484 501 507 520 522 525 536 542 642 648 733 825 887 903 956 964
111  0 1 2 4 5 8 17 20 25 27 30 36 44 47 50 71 77 96 100 105 113 118 119 120 124 130 145 150 168 171 178 189 190 201 203 207 210 223 226 228 230 231 235 238 245 253 255 264 266 284 287 288 289 291 292 304 306 307 316 320 323 344 364 374 384 396 400 401 409 411 424 430 448 449 467 475 501 506 507 520 522 527 535 536 542 557 559 572 573 575 581 612 617 632 639 642 669 679 700 725 733 752 766 773 824 829 855 903 927 942 957
94  0 1 4 7 8 10 15 16 23 27 46 53 71 79 80 87 95 97 100 101 103 105 113 131 134 136 144 145 173 177 178 190 201 214 217 226 228 234 235 241 246 248 260 267 291 306 307 320 323 324 344 358 359 364 374 385 396 398 399 401 409 411 424 430 448 449 501 507 522 527 535 536 542 545 568 612 629 632 642 669 693 700 712 725 748 761 798 824 856 903 926 927 942 993
35  10 145 214 217 228 230 250 256 306 316 364 399 400 409 411 424 446 448 449 507 522 536 542 545 553 575 632 642 669 693 718 721 769 824 942
3  225 462 704
2  206 580
2  136 668
3  321 722 921
2  338 490
5  187 254 449 773 798
2  232 662
103  0 1 3 4 5 13 16 23 28 44 49 59 64 77 85 92 96 99 115 122 132 136 145 150 161 171 174 176 181 184 189 190 200 201 207 209 222 228 230 234 235 245 250 252 254 255 256 260 262 284 288 289 291 292 303 304 306 316 329 358 359 364 374 384 399 400 401 411 420 424 430 436 448 449 504 506 507 522 534 535 542 545 559 575 581 632 642 669 693 700 714 718 733 752 770 773 795 815 831 903 926 927 942
20  44 103 230 231 234 235 284 329 367 448 449 522 642 649 669 693 725 748 903 970
126  0 1 3 4 5 7 8 13 17 20 23 24 27 37 41 43 47 51 61 71 74 77 79 86 89 113 120 130 136 138 141 143 149 150 162 171 176 177 178 190 201 203 210 211 214 221 222 223 224 228 230 234 235 246 248 255 260 261 266 267 277 288 289 291 292 306 307 320 323 324 335 344 358 359 361 374 377 385 386 396 398 399 400 401 409 420 424 430 448 449 466 484 489 501 507 520 522 535 536 542 553 559 568 575 581 612 632 642 669 693 700 714 733 773 795 824 831 846 859 871 903 927 942 956 957 965
3  225 643 958
3  275 530 579
10  68 172 205 700 777 810 877 938 977 987
5  71 492 645 731 852
5  29 30 38 522 535
4  337 657 691 702
6  15 54 718 794 882 942
3  149 535 779
26  13 16 36 92 162 174 214 230 245 254 409 411 424 430 448 449 466 507 632 701 714 718 733 752 773 846
4  235 291 536 612
1  393
3  86 691 871
80  0 1 4 5 13 16 23 49 50 62 77 84 93 95 105 120 122 129 171 175 178 214 228 230 234 250 254 256 268 291 292 306 316 327 346 359 364 374 377 396 399 400 401 409 411 420 430 446 448 449 489 504 506 507 522 536 545 559 575 632 642 669 693 700 712 747 748 752 757 773 815 831 903 927 942 952 957 960 967 993
4  244 555 751 927
3  186 192 700
4  113 443 468 650
11  62 93 358 449 575 582 620 623 642 678 739
13  262 306 396 430 448 522 537 661 720 829 831 901 934
68  3 6 8 13 16 23 136 150 178 190 193 198 224 234 248 259 288 291 292 298 306 310 316 337 355 359 364 374 377 396 399 400 409 411 420 424 429 446 448 449 480 501 506 507 520 522 535 536 537 542 559 575 632 642 669 691 693 700 718 733 765 785 798 803 829 927 942 946
1  192
1  79
11  1 13 23 32 384 522 559 642 700 773 934
5  212 606 734 873 965
8  3 458 506 677 700 827 942 992
16  13 190 316 364 381 396 409 448 504 507 520 559 632 642 700 831
3  339 471 850
11  0 36 105 130 235 266 388 448 669 693 864
2  260 449
1  35
8  0 4 189 222 284 449 739 999
1  386
1  427
7  228 260 449 495 642 669 700
8  290 532 633 743 746 774 864 903
19  217 230 231 401 424 430 449 480 504 506 507 522 575 640 642 693 733 757 942
3  367 522 543
151  0 1 2 3 4 6 8 10 11 13 16 17 20 22 23 32 33 37 41 44 48 49 51 55 57 62 72 75 76 78 85 88 94 95 116 117 120 122 127 128 129 136 145 149 151 162 170 171 176 178 188 189 190 199 201 203 210 220 222 224 228 230 231 234 235 242 245 254 259 261 262 266 278 284 285 288 290 291 292 294 299 306 307 310 316 324 329 343 344 346 356 358 359 364 365 367 374 377 391 396 399 400 401 409 410 411 420 424 429 430 436 438 449 466 480 484 488 501 507 520 522 535 536 542 559 577 592 632 642 669 691 693 700 733 752 757 776 795 824 829 831 846 859 864 903 927 935 942 946 956 957
144  0 1 3 4 5 6 7 8 13 14 16 21 24 26 28 29 30 38 41 49 51 61 62 76 80 81 84 85 86 102 103 116 130 132 134 171 176 189 190 198 201 203 207 210 214 222 224 228 233 234 235 245 247 248 250 254 259 260 267 284 288 289 291 294 298 306 313 316 324 329 335 337 344 346 348 355 358 359 364 367 374 384 396 399 400 401 407 409 410 411 420 424 428 430 439 441 444 446 448 456 466 480 484 488 489 501 504 506 507 522 527 535 536 537 542 545 559 575 632 642 669 691 693 700 701 710 712 733 748 773 798 831 856 903 905 917 926 927 942 946 956 957 965 970
2  133 515
3  320 614 818
7  52 68 389 565 692 693 908
2  211 463
8  44 107 354 522 575 669 856 942
1  131
12  233 449 466 480 507 536 537 632 700 733 765 903
2  377 910
10  435 566 588 677 775 826 827 946 952 992
2  146 975
12  107 139 201 226 354 522 559 575 608 761 946 957
5  30 168 506 545 581
2  402 704
5  211 364 453 823 993
4  161 612 664 924
13  0 18 164 178 344 364 593 669 691 700 903 936 994
20  233 374 411 420 448 449 456 489 501 507 522 535 536 542 632 693 718 733 795 804
6  36 284 399 507 669 752
2  427 547
2  144 984
1  160
1  437
2  196 651
7  6 535 632 658 839 942 943
7  262 396 522 693 725 815 831
3  399 820 983
5  230 316 507 669 856
1  128
1  293
10  187 190 234 254 316 507 535 542 700 927
14  16 233 430 446 448 449 456 501 507 632 642 700 705 733
2  331 767
2  11 545
2  175 545
16  178 307 324 398 411 448 449 488 489 507 520 522 535 536 632 733
2  172 674
6  35 137 142 202 363 518
1  120
48  1 2 3 5 6 13 21 28 63 73 75 120 122 187 189 201 234 235 254 268 289 291 292 377 396 448 449 484 489 501 507 522 535 536 542 632 642 669 691 700 705 752 903 926 927 935 942 957
35  0 7 20 23 86 113 130 189 234 288 289 292 323 377 396 411 424 449 466 484 488 501 507 522 535 573 632 669 700 718 733 752 831 926 927
2  338 406
5  50 682 725 778 926
3  415 731 852
9  8 10 11 214 359 556 700 789 927
5  222 496 632 652 813
13  0 92 214 228 260 444 522 526 536 596 642 729 925
3  494 632 652
2  140 503
1  166
1  390
2  325 638
60  1 5 8 14 15 50 54 77 80 102 114 120 134 145 178 189 201 224 292 307 320 324 346 374 396 398 399 400 411 430 448 449 466 480 488 489 507 522 535 536 542 545 573 581 612 632 669 700 733 752 776 795 804 831 839 876 898 917 942 957
7  148 286 311 342 558 900 967
8  104 140 270 319 497 603 667 833
31  3 6 63 85 171 260 284 364 365 381 409 424 436 446 449 506 507 520 522 535 536 559 598 632 700 710 714 748 773 903 957
1  386
51  2 3 11 16 24 26 29 30 38 168 189 201 234 235 255 289 291 359 364 377 379 396 399 409 424 430 435 446 449 461 504 507 520 522 536 545 575 581 632 642 677 693 700 724 733 927 942 946 952 957 993
171  0 1 2 4 5 7 8 11 13 16 20 22 24 27 28 29 33 41 43 47 48 49 51 55 57 59 61 64 67 71 77 78 86 87 99 100 107 108 113 115 120 122 129 130 136 145 150 151 162 170 171 176 190 199 201 203 209 210 220 222 224 228 230 231 233 234 235 241 243 245 248 249 254 262 267 268 276 288 291 294 298 306 307 310 316 320 323 335 343 344 358 359 364 365 374 377 383 385 396 398 399 400 401 409 411 420 424 430 436 446 448 449 456 466 467 476 479 480 484 488 489 501 504 506 520 522 525 526 533 535 536 537 542 545 559 562 575 577 612 617 632 642 649 663 669 693 700 703 705 712 714 725 733 752 765 770 773 795 824 831 851 856 858 859 903 912 927 942 946 957 964
8  54 135 718 832 859 926 927 942
2  269 961
9  8 14 15 54 80 193 377 927 942
2  263 514
4  1 159 608 957
1  300
2  263 511
10  125 133 212 282 293 450 701 788 873 965
2  82 522
2  24 522
2  202 486
4  228 382 700 957
67  0 1 2 5 6 8 13 33 46 55 74 78 88 93 120 122 151 190 201 214 245 249 261 276 285 310 343 359 365 381 396 398 399 411 430 436 448 484 504 506 507 522 526 533 535 536 542 545 559 575 577 612 617 632 642 669 700 701 733 752 773 796 831 846 927 942 946
12  1 62 93 95 536 642 648 669 839 903 927 942
196  0 1 2 3 4 5 6 8 10 13 16 21 23 24 25 26 28 29 30 32 34 37 38 43 44 47 48 49 50 51 52 63 68 69 77 82 84 85 87 92 94 100 102 105 107 111 113 118 119 120 127 130 132 136 139 143 145 158 162 168 171 178 183 188 189 190 191 198 199 201 209 210 211 214 217 218 220 222 223 224 226 228 230 231 234 235 236 241 242 245 248 250 254 257 259 260 262 267 288 289 291 294 295 305 306 316 329 335 336 343 344 348 354 358 359 364 365 367 368 374 377 384 385 391 396 398 399 400 401 409 410 411 416 424 429 430 433 446 447 448 449 454 460 466 474 484 488 489 495 501 504 506 507 516 517 520 526 533 535 536 542 559 573 575 577 581 612 625 632 642 649 669 691 693 700 701 709 725 733 747 750 765 773 824 829 831 856 903 926 927 934 935 942 952 957 970
3  57 562 927
5  265 300 552 554 706
10  398 507 526 542 601 669 752 825 904 964
28  0 1 16 92 96 220 235 346 396 495 507 520 522 525 533 535 536 542 545 559 573 612 642 669 700 733 752 824
13  103 399 400 449 536 568 604 632 640 642 700 776 856
1  155
3  280 632 866
2  413 579
4  148 342 564 967
5  445 607 633 864 903
26  0 22 26 30 33 38 57 78 220 230 245 507 520 522 526 535 536 545 559 577 669 752 798 927 942 952
10  64 66 171 303 316 321 409 580 700 896
123  0 1 2 3 4 5 6 8 9 11 13 16 17 20 23 24 26 28 29 30 36 38 41 44 46 47 48 49 51 64 75 77 87 88 113 122 129 145 149 150 167 171 190 201 203 210 214 223 224 228 230 234 235 243 245 254 262 291 292 306 316 346 358 364 374 377 384 396 399 400 409 411 416 419 430 448 449 466 473 479 484 488 489 501 504 507 520 522 526 533 536 542 545 559 568 608 612 632 642 658 669 691 693 700 701 714 725 733 752 755 765 795 831 839 846 859 903 905 927 942 946 957 970
143  0 1 2 3 4 5 6 8 10 11 13 16 17 21 22 24 28 29 32 36 44 48 49 51 55 63 69 73 74 76 78 80 85 88 93 96 102 107 116 120 122 129 136 150 151 171 176 178 189 190 201 216 217 220 224 233 243 248 249 250 254 257 260 264 267 268 281 291 292 298 306 310 343 359 365 373 374 377 381 394 396 398 399 400 401 411 421 424 430 448 449 456 466 484 488 495 501 504 506 507 520 521 522 526 527 533 535 542 545 549 559 573 575 577 580 608 612 632 642 648 669 691 693 700 701 718 733 739 741 752 770 776 824 829 831 839 846 859 903 927 942 957 985
36  5 50 92 120 136 198 233 235 248 259 292 306 337 355 429 430 449 456 507 542 545 592 632 669 691 693 720 725 752 765 803 829 839 942 946 957
3  50 541 898
2  105 773
1  60
3  538 609 941
86  0 1 2 3 4 5 6 7 13 16 27 30 36 41 63 99 103 122 136 145 150 181 190 235 241 245 247 248 288 291 298 306 315 359 364 373 374 377 396 398 399 400 401 409 411 430 448 449 466 479 488 501 507 520 522 525 526 535 536 537 545 549 559 568 573 592 601 608 612 632 642 669 691 693 700 733 739 752 765 770 795 815 831 927 946 957
1  447
8  38 267 629 642 718 733 927 957
71  0 6 7 8 10 11 17 19 22 26 30 38 44 84 103 150 175 183 184 201 247 248 254 256 259 291 306 359 374 400 401 409 424 449 461 482 483 501 506 507 520 526 533 535 536 537 542 549 559 568 575 581 592 601 608 612 632 642 669 693 700 718 725 733 739 752 824 839 903 942 957
7  0 3 4 359 377 575 669
2  468 708
3  44 752 928
11  220 310 536 542 545 573 575 669 752 824 927
4  60 160 341 628
1  160
3  300 524 554
5  401 411 559 669 942
5  524 552 590 706 891
4  244 396 425 927
4  493 700 789 982
2  264 399
4  286 502 900 967
102  1 2 3 4 6 8 13 16 24 26 30 39 50 63 85 116 120 122 129 132 144 145 149 150 159 171 174 176 178 189 190 200 203 210 214 222 226 228 230 234 235 247 248 266 268 284 288 291 316 344 346 359 361 364 365 381 396 399 409 411 424 430 433 436 448 449 460 504 507 520 522 526 533 535 536 542 545 553 575 577 581 608 612 632 642 669 700 733 747 752 757 776 824 829 831 859 871 903 905 927 942 952
2  48 291
3  148 342 967
8  57 78 249 276 396 507 523 927
6  3 292 745 859 870 952
4  148 342 531 967
9  52 389 452 692 693 765 838 881 908
5  458 588 677 827 946
10  53 70 79 103 248 608 632 669 733 748
45  0 1 5 27 80 87 138 154 161 171 190 200 214 230 235 320 350 374 400 411 527 535 542 545 575 612 632 640 642 669 695 700 733 747 752 757 769 770 773 824 856 859 903 927 957
2  392 892
5  48 126 693 728 752
3  322 830 841
12  29 58 65 91 117 314 316 339 399 599 621 927
21  8 14 113 119 364 399 489 501 522 526 536 542 549 575 632 642 669 733 752 831 927
2  236 370
101  0 1 4 5 6 8 13 21 23 24 28 32 37 38 41 49 62 73 87 94 107 122 136 139 164 165 171 174 188 190 214 224 228 230 234 250 256 262 310 316 329 354 359 364 367 377 379 391 396 399 401 409 411 424 428 430 446 449 454 460 506 507 520 522 536 545 546 549 559 568 573 577 582 593 601 608 612 632 642 666 669 678 691 693 700 711 714 733 752 773 824 829 831 856 903 917 927 942 946 952 957
3  16 88 616
32  57 78 249 276 343 348 365 374 448 507 520 522 533 536 559 575 608 612 632 669 691 700 701 733 752 798 839 912 927 935 942 970
5  87 231 669 748 927
2  413 530
15  5 47 48 49 64 66 206 403 534 536 642 700 701 770 773
19  3 17 26 222 228 399 409 411 461 501 506 522 545 559 612 632 700 733 957
3  428 575 593
6  168 589 627 700 717 860
1  261
2  372 740
1  113
3  40 109 351
6  458 566 677 762 827 952
3  583 627 700
1  554
3  154 680 914
10  120 448 537 542 545 608 632 691 693 839
9  18 164 344 465 575 582 669 700 942
4  23 37 89 700
1  381
6  228 260 495 712 781 988
2  318 929
5  504 700 707 773 957
2  91 572
1  364
9  2 525 542 545 575 632 669 700 739
1  362
3  503 667 833
2  527 632
6  12 35 137 263 907 931
2  434 965
4  532 633 864 903
48  0 1 9 30 41 44 51 53 62 69 93 96 107 115 145 159 176 189 248 289 358 361 460 512 535 536 542 545 559 567 575 577 592 632 642 669 693 700 733 752 765 773 839 856 903 936 957 970
2  541 941
3  22 33 927
3  374 632 839
67  0 1 2 3 4 5 6 8 13 16 22 44 50 87 96 120 132 134 161 190 200 268 284 292 306 310 377 384 399 400 411 421 464 501 507 520 522 526 535 536 542 545 559 568 575 577 581 632 642 669 691 693 700 701 718 725 733 752 757 770 776 798 824 903 926 942 957
4  203 210 710 903
1  451
1  80
2  576 919
11  41 122 241 399 507 520 630 669 700 733 942
3  22 33 78
1  281
1  428
2  572 927
5  322 387 830 841 874
3  428 698 739
1  355
7  51 69 96 107 358 522 957
6  152 258 735 744 867 968
4  168 583 589 700
1  550
15  38 84 134 195 267 400 544 642 693 705 718 725 733 770 814
3  617 669 733
5  137 219 265 300 991
165  0 1 2 3 4 5 6 7 8 11 13 14 16 26 28 30 32 36 37 38 39 46 47 50 53 56 63 64 70 74 76 77 79 89 100 101 103 115 120 129 132 136 143 145 147 149 150 161 162 177 178 184 199 201 214 222 224 228 230 233 234 235 245 248 252 253 254 255 256 259 266 267 280 288 289 291 294 299 305 306 316 317 336 343 344 346 359 364 374 396 397 399 400 401 409 411 420 424 430 436 448 449 456 466 473 480 484 488 489 494 496 501 504 506 507 520 522 527 529 535 536 537 542 545 559 567 568 573 575 577 581 592 601 604 608 611 612 639 642 648 658 669 691 693 700 701 709 725 733 748 752 765 770 773 776 802 824 829 831 839 859 866 927 942 957
5  445 532 607 864 903
2  114 886
1  136
3  291 292 700
3  290 743 864
2  325 500
26  29 110 116 186 191 201 218 230 234 245 247 248 339 390 399 632 642 648 658 669 700 733 752 773 846 942
22  3 4 20 76 136 138 154 162 199 222 224 231 235 350 446 527 568 642 695 700 770 903
9  65 91 185 191 314 339 642 739 773
156  0 1 2 4 7 8 11 13 16 20 23 26 30 32 37 38 46 55 62 69 71 73 74 77 84 86 93 95 105 115 116 117 120 129 138 145 151 176 177 178 185 189 190 191 195 199 200 201 214 216 218 222 224 228 230 231 234 235 245 248 251 261 267 284 285 291 294 304 306 307 315 316 335 339 343 358 359 364 374 384 396 398 399 400 401 409 410 411 424 428 430 433 436 444 446 448 449 480 488 495 506 507 520 521 522 526 527 535 536 542 544 545 559 568 573 575 580 608 612 629 632 639 640 641 648 669 690 691 693 695 700 701 705 714 725 726 733 739 752 770 773 776 807 824 831 839 856 859 903 926 927 934 942 952 957 965
2  412 958
1  359
3  71 415 731
1  330
2  263 854
28  86 103 177 248 398 521 536 632 639 642 658 669 690 691 693 695 700 725 733 748 824 829 859 903 936 942 943 952
15  234 262 329 367 410 507 522 693 701 750 765 873 903 942 959
2  113 427
1  472
3  494 496 813
4  169 185 234 942
2  137 869
1  91
5  0 2 3 96 944
1  417
16  6 218 473 535 632 639 648 669 690 691 693 700 733 839 903 943
4  12 232 907 931
3  131 676 681
6  361 396 429 829 901 973
1  408
1  507
2  464 924
2  151 934
4  391 575 805 957
6  104 503 603 691 714 833
4  0 17 136 404
175  0 1 3 4 5 6 7 8 11 13 16 18 20 21 23 24 28 30 31 41 44 46 47 49 50 51 57 61 62 69 70 74 75 76 79 87 93 103 107 113 122 130 132 136 144 145 162 176 178 190 197 199 200 201 207 214 217 218 220 222 228 230 231 234 235 245 248 253 254 266 272 278 284 288 289 290 291 292 294 310 315 316 329 339 343 344 364 367 374 377 384 396 399 400 401 409 410 411 424 430 438 444 448 449 454 465 467 476 488 489 501 507 520 521 522 525 526 533 535 536 537 542 545 546 549 553 559 567 568 573 575 577 578 593 601 608 612 617 630 632 639 642 648 658 690 691 693 700 705 725 733 739 743 748 752 769 770 773 795 802 815 824 831 846 856 859 864 880 903 926 927 942 946 957 993
3  49 831 942
2  279 349
2  56 996
1  294
2  485 990
1  140
3  660 681 736
9  435 458 506 566 588 775 827 942 952
6  62 428 575 739 829 831
6  2 119 145 399 700 837
2  591 914
2  660 676
2  491 778
6  0 105 753 773 845 969
1  115
2  1 97
4  153 180 760 771
1  339
6  296 733 759 770 829 966
1  305
11  642 648 658 669 691 693 705 714 858 859 903
96  0 1 9 13 16 20 24 26 28 29 30 38 42 48 62 67 73 81 86 93 95 96 104 107 115 116 122 129 136 150 177 198 201 211 218 222 228 234 235 245 248 254 259 288 292 294 316 329 337 359 364 374 384 396 417 423 430 448 449 465 488 522 535 536 537 542 575 577 592 612 632 642 648 658 667 669 690 693 700 701 712 714 725 733 739 752 770 773 824 829 831 839 858 903 942 952
6  52 389 452 565 693 765
123  0 1 4 5 7 8 13 16 20 21 23 27 43 44 47 48 49 52 53 61 68 70 71 79 86 87 93 101 131 132 136 145 146 173 177 189 190 199 211 215 217 225 231 234 236 241 242 246 248 254 262 266 280 288 329 358 367 386 389 396 400 401 409 410 411 424 430 438 446 448 449 452 466 474 506 507 522 535 536 537 542 545 565 570 575 592 608 612 629 632 642 648 649 658 669 690 691 692 700 701 705 720 725 726 728 733 748 752 765 773 799 831 851 864 903 926 927 933 940 942 952 957 975
3  44 849 960
12  307 320 350 568 640 642 648 700 733 859 942 993
1  345
2  137 265
2  623 739
2  187 831
211  0 1 2 3 4 5 6 7 8 10 11 13 16 17 20 22 23 27 28 29 30 32 37 38 41 44 50 51 61 68 76 77 81 84 86 89 94 96 102 120 122 129 130 132 138 141 145 150 154 155 158 162 168 171 172 177 183 186 187 188 189 191 192 199 201 205 208 210 211 213 214 218 222 228 230 231 233 234 235 238 243 245 247 248 249 254 259 266 267 269 276 281 284 288 289 291 292 294 306 316 320 327 329 337 340 346 348 350 359 367 373 374 377 379 382 384 391 394 396 399 400 409 411 414 424 426 430 433 435 436 444 448 449 456 465 479 480 488 489 493 501 504 506 507 519 520 522 526 527 534 535 536 542 545 556 559 568 575 577 580 581 583 589 593 594 598 601 608 612 617 627 632 636 639 640 642 648 658 669 679 691 693 695 701 705 714 720 725 733 748 752 765 770 773 776 798 827 829 831 859 903 926 927 935 942 946 951 952 957 982 993
47  0 1 8 17 32 75 125 132 136 145 149 162 224 231 234 245 282 294 329 420 449 515 520 522 535 536 577 580 612 632 642 649 691 693 700 709 748 752 765 773 798 873 903 946 952 957 985
2  337 417
4  241 334 360 507
2  402 462
20  0 15 47 77 93 120 245 291 480 488 507 629 642 669 690 693 700 720 903 957
3  524 554 891
2  598 957
1  547
8  295 522 632 701 715 765 903 957
10  176 203 228 260 449 504 613 748 903 927
5  96 107 291 575 942
47  0 1 2 3 4 6 7 8 10 13 16 24 27 28 44 48 61 79 81 87 96 125 129 130 136 211 226 228 248 252 268 291 400 424 449 507 596 691 714 733 765 769 770 798 926 942 957
1  117
49  0 16 24 27 29 47 95 116 145 162 191 201 222 223 228 230 234 245 306 314 316 335 364 384 396 409 411 420 504 507 535 575 642 667 690 691 700 712 718 733 748 770 773 824 856 859 926 942 993
2  709 764
5  204 808 812 832 952
2  583 860
54  0 4 6 8 13 15 16 24 26 29 38 44 54 115 134 135 193 204 247 254 267 364 374 395 401 409 418 420 430 466 489 508 536 544 545 612 629 714 725 727 733 752 770 773 798 812 839 859 862 882 926 927 942 957
1  138
11  93 120 429 537 693 700 705 770 798 829 903
1  401
1  405
3  91 157 739
14  4 8 11 13 16 26 30 38 46 87 235 506 856 903
55  5 6 13 15 16 26 47 50 54 80 103 114 134 136 198 222 259 291 292 337 399 400 410 474 491 507 522 535 537 545 612 629 632 642 648 669 691 693 700 718 727 733 743 752 770 773 778 798 802 824 829 831 903 942 957
4  642 693 748 926
4  136 718 725 770
6  48 126 570 693 752 864
1  495
2  55 792
4  415 492 645 797
6  23 152 297 380 744 853
140  0 1 4 5 6 7 8 11 13 16 23 24 25 26 27 29 30 31 34 36 38 50 51 56 61 81 84 86 92 105 108 113 120 125 127 132 145 150 177 178 190 191 193 201 203 222 228 230 233 234 235 245 248 253 256 277 289 291 296 306 314 316 320 329 333 367 368 384 398 399 409 411 420 430 446 448 449 456 466 480 484 489 501 506 507 520 522 526 535 536 542 544 545 559 567 568 573 575 577 581 608 612 617 629 630 632 639 642 648 658 669 688 691 693 695 700 712 714 718 725 747 748 752 757 770 773 802 824 829 839 846 851 871 903 927 942 946 952 957 993
3  434 822 965
4  152 258 357 626
1  676
5  92 190 261 786 859
1  180
42  0 2 4 6 17 42 63 65 91 93 96 110 117 121 136 145 178 222 234 235 358 428 441 536 542 545 601 623 641 642 669 678 691 698 723 770 802 829 831 903 942 957
1  585
2  536 752
2  342 967
7  290 445 637 669 725 798 864
7  152 258 297 380 626 732 853
4  563 859 870 952
1  445
23  25 32 37 105 178 190 261 346 424 522 559 568 733 748 752 757 829 903 942 952 957 965 975
49  53 70 79 87 100 101 103 131 132 177 222 231 234 246 248 277 308 366 400 410 424 449 504 567 578 632 648 669 693 700 701 710 714 726 733 747 752 757 765 770 773 829 846 903 927 936 952 959 993
2  217 927
2  522 649
3  425 843 927
128  0 1 2 3 4 7 8 10 11 13 16 19 20 27 28 36 38 42 44 46 62 67 73 80 81 84 87 93 95 102 115 116 122 126 129 136 145 150 171 178 200 201 207 210 214 222 224 228 230 233 234 235 248 254 273 278 289 291 292 305 313 343 353 358 365 374 383 399 409 420 424 448 467 488 489 501 507 520 525 526 533 535 536 537 542 545 548 549 559 568 570 573 575 577 608 612 632 639 642 669 691 693 700 701 718 725 728 733 741 747 748 757 765 770 773 776 798 824 829 831 858 866 903 927 942 946 952 957
2  0 683
1  264
1  535
2  53 70
32  1 13 23 37 44 72 75 81 102 171 222 230 233 424 446 448 559 568 612 733 747 748 752 768 770 773 829 903 927 942 952 957
3  276 912 927
2  688 770
5  153 180 279 686 771
6  139 226 400 460 824 942
2  588 952
2  369 978
2  715 875
34  47 49 145 188 246 367 430 456 507 522 535 537 542 565 608 632 649 692 693 700 701 709 712 748 752 770 773 776 829 831 903 926 936 952
4  207 289 399 998
3  331 481 916
5  44 234 757 829 903
15  8 10 161 214 216 256 281 359 401 568 669 712 770 824 915
70  0 1 5 8 13 16 46 48 74 80 108 116 122 127 132 134 136 171 182 201 222 234 245 296 316 374 384 409 507 536 542 568 580 612 629 632 640 642 669 688 691 700 712 714 718 720 725 727 733 739 748 752 757 759 765 769 773 776 798 814 815 829 831 839 846 917 942 946 952 957
7  8 14 60 90 153 686 760
3  62 358 942
114  0 1 3 4 5 7 8 10 13 14 16 20 21 27 28 29 30 38 48 56 61 72 73 78 83 87 93 96 105 115 176 178 179 188 191 201 214 215 220 223 228 230 245 247 254 259 276 284 288 289 291 292 304 316 339 359 364 365 374 384 390 399 407 409 411 420 424 433 449 504 507 520 522 539 568 575 580 598 608 632 639 641 642 669 683 691 693 700 701 714 718 725 733 748 752 757 765 770 776 798 824 827 829 846 864 903 912 927 940 942 946 952 956 957
1  445
3  458 677 952
22  11 16 22 178 189 343 359 448 501 527 536 559 612 632 642 700 752 765 770 773 903 927
2  172 414
3  491 682 725
2  149 419
6  259 358 913 922 942 979
2  596 988
2  36 787
1  45
1  333
5  13 116 230 430 903
1  737
1  782
4  515 835 873 965
4  8 493 556 872
1  210
2  11 38
1  730
1  32
3  418 882 942
26  0 1 4 51 122 132 176 190 201 203 222 228 234 245 254 291 409 411 448 466 501 507 535 542 669 927
1  520
1  731
35  0 8 13 15 25 105 116 120 136 145 193 235 400 407 430 449 533 577 612 700 701 712 718 720 725 743 752 770 773 827 829 905 927 942 946
2  262 693
2  343 927
2  282 911
19  21 28 39 73 159 248 335 344 632 669 725 733 739 831 839 887 903 927 942
8  36 42 92 355 430 537 811 839
3  466 501 876
1  666
2  334 939
2  37 642
2  716 832
2  168 868
3  68 414 974
2  803 839
5  204 716 718 832 862
2  494 652
2  629 770
15  41 132 249 359 396 409 424 474 542 669 770 839 846 927 957
1  186
1  382
1  451
2  192 376
1  475
1  385
2  734 965
2  463 884
57  3 11 19 22 56 63 86 92 214 223 240 248 259 266 291 307 316 344 358 374 396 399 400 401 411 448 507 522 526 536 545 549 559 568 575 612 632 642 648 669 691 714 725 733 752 761 769 773 829 839 859 903 927 942 946 957 993
3  398 525 904
2  458 992
16  0 3 93 220 435 458 566 588 677 700 773 798 829 927 946 952
1  211
79  0 1 2 3 4 6 8 10 13 14 15 16 21 25 31 41 44 48 54 76 102 108 116 132 136 145 193 233 235 283 296 306 312 359 374 399 429 430 448 522 536 537 559 575 632 648 661 678 688 691 700 720 725 733 739 747 748 752 757 765 768 770 773 798 824 827 831 839 846 859 903 927 935 936 942 946 952 957 993
6  322 571 622 841 874 894
86  0 1 5 7 8 9 21 28 29 38 44 47 48 49 54 62 69 73 77 79 81 84 93 95 115 122 129 132 145 165 175 176 178 187 201 233 248 262 292 306 335 396 409 411 424 429 436 448 449 474 489 501 507 520 522 535 536 542 559 573 575 632 642 669 670 678 691 693 699 700 725 739 752 765 770 802 829 839 846 889 903 927 936 942 952 957
10  135 204 508 716 808 812 927 942 952 993
4  319 503 603 667
1  108
2  788 873
2  61 946
1  679
5  43 52 371 565 908
56  4 6 13 16 17 24 26 29 30 36 62 95 104 116 189 191 234 235 295 301 306 346 374 473 501 521 535 536 537 545 577 592 608 611 632 642 658 691 718 733 770 802 803 811 815 824 829 831 846 859 903 905 927 942 952 957
4  6 63 85 903
7  322 571 622 830 874 894 948
3  129 144 150
2  751 927
1  104
1  683
31  8 13 16 88 127 201 224 396 411 420 448 520 535 536 639 669 733 748 770 773 815 829 831 839 859 903 927 936 942 952 957
1  46
3  1 18 936
2  694 960
1  437
8  16 108 127 241 507 693 733 942
2  415 492
5  152 380 732 744 883
1  647
1  399
40  1 3 4 8 11 13 16 17 27 38 44 51 107 113 130 136 190 230 242 289 316 358 400 449 454 476 507 522 527 568 575 608 642 669 714 724 903 926 942 957
4  137 219 265 931
7  122 383 507 690 691 752 952
62  3 5 15 42 54 92 98 129 178 190 191 200 228 245 250 256 261 285 288 292 307 320 350 365 411 448 507 508 535 536 559 563 568 632 642 648 669 690 695 700 714 718 737 745 824 829 839 846 870 903 905 924 926 927 935 936 942 946 952 957 965 993
3  583 717 895
2  287 981
4  204 718 812 927
1  334
18  6 17 76 290 438 445 448 532 607 633 637 669 693 728 743 773 903 956
3  193 359 374
3  529 632 752
1  626
1  809
2  654 945
6  563 745 859 903 927 952
22  0 1 2 4 6 7 8 41 43 44 86 210 222 234 241 256 292 411 423 559 733 927
1  789
9  212 434 515 649 701 788 835 952 965
6  322 387 622 830 841 894
1  764
2  501 804
3  205 414 938
1  298
2  236 393
6  99 144 374 669 927 942
1  565
4  418 718 794 942
1  853
1  823
1  219
1  634
4  248 398 802 903
6  1 13 16 24 26 247
4  165 831 936 952
1  374
2  554 706
2  392 569
1  221
3  830 841 874
1  860
6  64 66 163 321 362 534
1  136
12  1 5 50 70 120 190 191 234 390 501 538 926
1  130
4  286 502 558 967
4  306 396 429 661
2  44 45
153  0 1 3 4 5 6 7 8 9 11 16 17 19 24 26 27 29 30 36 38 39 44 47 51 56 61 62 69 76 81 83 84 85 93 95 96 102 103 105 115 116 120 121 122 145 149 164 175 176 178 189 198 199 210 214 222 230 231 233 248 260 261 288 289 290 292 344 346 348 350 358 359 364 377 398 399 400 409 410 411 424 445 448 449 456 465 488 504 507 521 522 532 535 536 545 559 568 575 607 608 612 613 633 640 642 648 649 658 669 690 691 693 700 701 705 709 710 720 724 725 733 739 747 748 752 757 765 768 773 776 785 802 824 829 831 839 840 846 856 859 864 870 887 926 927 942 946 952 956 957 970 975 993
2  525 825
14  85 247 284 449 535 559 798 839 859 927 946 952 957 970
3  61 113 946
6  12 35 232 605 659 931
5  371 389 452 565 838
1  290
1  457
1  801
9  115 116 245 276 507 577 758 773 942
1  780
2  591 680
1  769
2  331 767
12  0 1 2 3 4 5 80 381 449 501 575 770
1  347
1  616
3  34 108 182
1  405
3  780 942 979
3  11 132 374
7  161 200 464 664 859 927 935
5  92 224 228 495 927
48  0 1 3 4 5 6 8 13 14 15 24 29 50 54 58 70 80 135 145 191 193 400 409 449 488 489 491 508 522 612 642 669 693 700 712 714 718 726 765 856 859 898 903 927 935 942 952 957
172  0 1 5 8 10 11 13 14 15 16 22 24 25 26 27 29 30 33 37 38 41 47 53 54 55 56 57 58 69 75 77 78 81 87 98 99 132 135 136 145 149 151 161 171 178 189 190 191 197 200 201 203 204 217 218 220 222 224 228 230 235 245 249 250 254 259 261 276 283 284 288 292 298 304 306 310 316 343 346 348 359 364 365 374 396 399 400 409 411 424 425 430 448 449 479 488 489 493 506 507 508 510 520 521 522 523 533 535 536 542 544 549 555 559 562 568 572 573 575 577 578 610 621 632 642 669 693 700 710 718 733 748 749 751 752 757 758 773 776 795 798 800 802 815 824 827 829 831 832 839 843 846 859 862 870 871 880 903 905 924 925 926 934 935 936 942 946 952 957 970 993 995
1  548
1  597
2  128 275
14  12 35 137 142 219 232 263 265 300 605 659 857 907 967
5  115 215 306 377 942
2  693 952
14  11 22 33 55 151 306 396 429 433 522 642 665 927 936
18  13 23 305 336 348 448 488 522 577 700 829 859 924 926 927 936 952 957
22  0 1 18 31 131 465 608 648 748 765 829 831 846 848 859 889 927 934 935 946 952 957
3  5 77 100
3  205 414 877
2  334 806
9  29 146 156 225 236 274 378 693 773
2  541 609
186  0 1 2 3 4 5 6 7 8 9 10 11 13 14 15 16 21 25 28 30 38 39 41 47 49 51 54 60 62 69 77 78 79 80 86 90 93 95 100 101 105 107 114 116 120 122 129 132 134 145 150 153 159 171 176 178 183 190 193 198 201 217 222 223 224 226 228 230 234 235 241 245 247 248 249 250 254 255 259 264 266 267 268 291 292 298 306 307 316 320 327 355 358 359 374 382 384 396 399 400 401 409 411 418 424 430 435 446 448 449 454 473 488 501 506 507 508 510 520 521 522 533 535 536 537 545 553 559 575 577 593 612 617 632 639 642 648 649 653 669 670 677 691 693 695 700 711 712 714 718 725 733 739 747 752 757 761 770 772 773 780 794 798 802 824 829 831 832 839 846 851 856 859 880 882 903 912 922 926 927 932 946 952 957 979 993
5  6 473 648 658 949
1  656
1  869
47  0 4 7 25 27 46 61 131 201 235 273 306 365 430 448 449 458 460 506 507 520 535 537 542 566 575 669 700 701 733 752 770 773 798 824 827 829 836 859 903 905 906 927 936 942 952 957
1  51
1  841
1  943
1  26
1  700
59  0 1 3 14 16 88 122 201 377 424 458 506 522 533 559 563 575 588 642 648 677 691 693 700 701 716 733 745 747 748 752 757 762 765 770 773 775 827 829 831 832 839 846 858 859 870 873 889 903 905 926 927 933 935 936 942 946 957 965
2  133 212
1  206
1  14
30  6 8 24 30 48 49 56 61 63 85 88 101 230 235 245 248 255 266 288 292 306 316 324 398 411 448 449 773 864 903
114  0 1 3 4 5 6 7 9 17 29 30 38 41 56 62 69 81 93 95 96 115 116 118 120 122 130 136 171 176 178 190 226 228 235 256 261 267 283 288 289 295 316 358 365 369 374 391 399 411 424 448 449 460 488 501 504 506 507 512 519 522 535 536 537 542 544 545 568 575 581 598 608 612 625 632 642 666 669 693 700 701 705 707 709 712 718 725 733 739 747 752 757 770 773 815 824 829 831 839 846 856 859 903 905 926 927 935 936 942 946 952 965 978 979
2  412 643
5  234 329 367 649 748
8  0 1 23 44 132 424 694 849
1  509
1  25
4  23 37 89 989
3  398 507 525
18  8 161 212 291 411 434 449 515 606 642 734 747 788 822 859 873 952 957
4  31 34 296 688
18  0 6 12 35 142 148 311 342 396 424 502 531 558 561 564 742 900 931
3  23 152 626
1  683
9  410 449 522 535 577 608 903 905 927
1  332
2  259 986
1  661
1  810
7  7 27 146 459 693 747 903
1  381
1  414
3  369 763 957
4  780 922 942 957
2  30 118
2  287 861
2  556 700
1  475
3  129 144 469
4  162 257 536 701
1  972
1  414
3  260 596 781
1  963
1  674
1  631
3  435 458 826
33  8 10 11 22 57 79 103 177 228 230 276 277 307 314 350 364 400 424 463 506 669 695 700 714 733 748 824 829 832 859 903 927 942
1  465
1  927
1  672
2  75 128
1  766
1  441
