1000
9  42 115 445 474 485 499 588 662 794
8  50 228 282 349 490 660 708 996
12  97 197 250 353 355 357 369 441 574 580 584 621
11  421 434 547 554 570 612 669 748 766 808 888
13  40 43 50 103 172 263 271 279 397 702 814 853 869
2  227 440
8  107 182 293 511 597 624 651 675
10  192 550 589 625 644 678 704 709 815 955
7  438 556 769 775 818 828 910
12  177 286 381 396 407 432 513 614 780 837 839 897
17  78 185 211 238 332 355 367 444 476 495 608 662 675 740 758 824 873
10  41 93 175 215 710 880 889 939 944 970
9  26 184 346 359 501 610 661 687 803
11  190 209 275 350 470 473 542 655 696 879 983
7  261 269 412 523 822 859 882
9  70 190 276 542 730 732 758 781 821
7  34 324 367 423 677 764 882
10  27 110 224 226 246 471 632 688 706 761
8  76 108 305 438 511 646 802 916
10  57 153 382 421 475 478 603 839 847 970
7  134 411 641 646 724 817 985
9  87 154 161 341 541 603 749 882 957
10  109 292 422 522 647 656 722 852 973 990
11  264 266 290 512 651 655 682 796 853 874 993
13  52 257 282 372 390 470 509 535 537 593 608 877 903
14  117 164 177 190 285 386 670 767 769 777 857 900 926 932
6  12 203 265 440 609 850
9  17 196 330 331 534 655 825 839 903
9  98 303 315 395 430 507 673 788 884
10  156 168 261 467 495 548 646 670 682 956
7  119 256 308 337 450 593 718
9  80 85 91 324 433 498 516 586 643
11  177 194 267 326 425 445 499 525 550 573 849
12  42 214 237 265 505 549 578 751 756 787 806 864
8  16 181 217 455 523 543 604 864
9  98 178 282 284 287 320 583 776 953
11  46 87 271 282 356 384 431 756 767 850 913
11  275 309 383 578 585 610 643 798 925 963 993
5  271 280 561 770 924
13  70 143 217 293 633 717 770 844 854 901 907 943 956
7  4 155 248 377 417 443 746
11  11 66 99 224 458 472 605 616 703 786 939
12  0 33 48 76 251 311 358 553 669 701 819 995
8  4 325 498 754 770 836 911 966
11  154 236 241 311 374 391 427 489 510 540 969
9  318 338 351 393 425 734 750 797 988
7  36 71 213 281 385 756 912
8  321 353 452 471 718 758 868 908
7  42 136 293 421 441 637 810
9  109 272 278 474 582 606 786 871 977
14  1 4 65 142 152 308 500 539 546 695 710 773 821 944
13  125 154 162 284 289 422 437 510 588 608 733 911 982
12  24 139 181 211 445 518 522 624 696 747 822 873
13  56 78 177 181 240 318 338 342 349 427 581 705 952
9  102 235 323 348 516 782 829 859 920
13  61 75 266 271 526 551 587 607 625 694 729 740 834
6  53 199 255 341 393 762
9  19 213 535 539 787 844 861 881 919
10  68 198 219 412 452 463 539 578 692 753
8  139 140 324 421 586 637 834 841
6  121 277 292 754 778 886
15  55 159 265 274 422 440 502 533 539 542 574 651 799 853 887
8  76 120 359 374 387 557 630 808
13  148 184 348 371 418 498 745 767 799 847 890 926 944
8  107 209 390 514 545 611 756 964
14  50 83 228 365 414 472 476 499 684 710 796 887 891 920
10  41 215 345 386 400 599 702 813 887 977
8  87 328 355 486 556 576 581 595
9  58 309 339 463 539 625 659 780 915
9  204 208 251 280 446 632 733 796 823
10  15 39 239 418 523 712 758 875 879 958
14  46 150 163 225 278 304 319 555 645 652 664 887 939 979
12  189 217 247 454 507 710 724 843 845 856 893 942
7  339 635 839 850 881 895 919
5  112 561 621 718 856
10  55 202 304 451 473 527 553 732 751 988
13  18 42 62 296 300 372 385 400 526 584 885 914 944
8  85 114 406 796 803 831 901 965
14  10 53 213 321 327 430 683 715 719 784 794 795 972 986
10  102 115 172 511 554 652 715 754 885 896
13  31 117 121 142 182 239 417 420 576 634 764 851 949
8  135 203 227 291 325 849 870 885
13  261 307 383 411 436 475 476 497 710 788 881 935 964
11  65 96 200 263 294 295 391 478 495 510 894
14  167 215 256 270 335 379 466 475 548 553 571 738 832 966
7  31 77 227 351 483 678 945
3  128 280 982
15  21 36 67 355 446 482 582 614 639 682 701 805 836 851 946
9  228 335 350 395 483 495 809 813 949
5  151 239 371 642 760
13  241 344 367 371 385 494 498 539 701 706 824 861 905
6  31 567 641 675 677 815
9  160 187 221 421 508 645 845 945 952
5  11 325 343 432 988
5  149 263 434 842 875
7  194 244 297 301 406 448 614
13  83 106 146 485 578 750 776 786 815 852 958 985 989
15  2 184 190 263 269 403 423 439 475 615 774 856 875 942 943
13  28 35 110 125 240 279 461 536 542 551 694 703 990
7  41 206 216 235 321 426 824
10  206 251 295 511 602 634 686 794 847 897
5  300 306 399 449 560
8  54 79 104 186 283 349 627 977
18  4 117 142 169 279 294 320 404 424 453 691 769 792 804 879 927 929 972
16  102 106 153 198 250 328 391 428 470 481 605 691 728 878 980 996
6  324 510 652 665 699 998
8  96 104 157 160 283 402 617 680
18  6 64 164 288 334 342 365 408 413 477 483 492 548 557 694 727 793 986
13  18 137 148 193 220 232 243 322 366 409 438 445 827
9  22 49 123 152 300 570 743 778 874
14  17 98 144 213 280 282 321 398 495 577 580 645 661 791
10  436 461 543 569 581 645 674 680 752 964
5  74 294 370 433 818
9  214 253 439 524 622 629 766 796 968
8  77 288 408 492 567 657 693 994
10  0 79 295 319 340 371 513 529 554 869
2  216 501
8  25 80 103 136 290 484 787 957
9  205 329 488 548 619 690 732 765 964
14  30 160 166 264 299 327 379 433 519 549 721 730 770 855
13  62 150 173 193 200 215 400 629 780 828 857 894 969
16  60 80 163 180 185 420 436 496 520 563 697 777 910 911 934 993
10  147 343 669 738 750 802 845 876 913 972
10  109 131 153 209 272 278 291 397 574 646
14  297 329 351 533 584 619 621 853 868 906 908 915 974 982
13  51 98 177 197 270 362 416 447 464 497 523 612 662
10  225 237 322 432 655 693 787 911 994 996
8  257 291 346 451 465 507 548 661
8  86 290 292 314 449 454 745 885
12  161 190 377 402 488 529 662 665 722 808 968 971
17  140 194 197 267 276 281 295 296 354 414 567 620 660 687 836 872 947
13  123 211 217 566 616 732 742 760 775 792 811 832 875
9  148 246 438 563 628 659 893 898 899
9  154 273 556 566 603 787 846 882 961
11  20 282 414 464 517 733 766 809 868 955 979
11  81 258 318 326 380 481 512 583 854 930 943
11  48 117 147 247 307 320 482 751 756 779 873
12  108 203 252 364 379 386 410 611 638 787 912 945
11  197 362 385 472 565 633 701 811 881 882 996
6  52 59 164 188 459 519
13  59 130 209 247 378 469 531 577 608 644 676 795 808
9  144 197 224 245 396 662 885 971 993
12  50 80 103 249 290 317 433 712 874 884 942 997
13  39 149 205 286 516 562 623 639 675 763 801 887 993
14  110 141 172 187 532 545 551 668 707 845 850 851 955 991
6  313 338 445 730 805 988
11  96 238 272 318 406 728 780 782 902 917 999
7  122 136 327 422 509 554 779
11  63 108 132 172 193 449 533 586 773 894 947
10  94 143 172 218 239 447 500 565 602 610
5  71 120 548 716 978
8  89 156 337 490 539 557 822 937
13  50 109 183 263 282 301 374 401 469 569 857 925 974
15  19 104 123 293 322 344 521 630 649 681 802 835 865 932 998
11  21 44 51 133 780 801 837 851 885 934 958
11  40 165 286 334 420 670 678 696 737 833 994
11  29 151 169 232 287 446 605 710 732 881 910
9  106 164 363 368 379 397 455 691 849
6  320 657 667 775 935 961
11  61 167 227 247 401 638 662 755 837 877 946
16  92 106 119 279 300 315 337 422 473 502 521 551 718 915 932 976
18  21 129 207 220 221 254 325 408 447 500 530 563 633 657 677 708 728 813
12  51 173 196 285 290 340 398 454 566 627 932 950
5  71 121 572 685 848
10  25 107 139 157 204 207 609 655 770 798
14  155 181 250 275 403 588 651 758 800 836 886 914 955 979
10  119 431 607 643 757 769 923 943 952 964
8  84 159 173 539 604 713 765 997
9  29 363 464 518 530 556 709 858 960
15  103 156 181 252 342 368 401 403 428 533 572 620 832 891 926
8  182 427 434 478 582 653 869 878
14  186 289 327 330 405 433 496 519 630 732 890 934 947 982
17  4 79 144 148 149 196 295 555 565 655 678 686 698 762 799 870 938
16  120 162 167 259 416 449 531 660 822 833 835 864 890 957 974 988
2  651 922
9  11 190 606 625 744 819 928 939 998
11  203 230 305 416 442 598 611 717 753 755 978
18  9 25 32 53 125 234 238 348 531 598 677 686 737 753 788 793 838 921
9  35 182 228 269 322 393 760 776 980
8  202 375 391 499 657 728 764 961
10  121 200 241 396 566 578 761 806 859 864
13  34 52 53 165 169 501 709 749 792 806 816 924 946
11  6 80 170 178 252 552 724 758 850 873 901
5  152 200 491 530 721
9  12 63 97 210 233 257 462 552 553
14  10 121 197 240 252 291 432 490 600 682 836 948 950 969
5  102 171 610 626 867
9  92 144 208 274 297 712 809 903 924
9  139 194 285 466 653 718 783 806 855
10  72 226 239 262 390 552 577 761 762 840
16  13 15 25 97 129 175 252 297 393 467 473 533 567 699 812 982
5  238 442 475 608 793
7  7 200 340 467 485 940 969
8  108 120 148 208 653 717 838 986
11  32 95 130 188 262 545 618 673 686 728 941
11  289 421 505 543 595 618 782 906 909 928 959
9  27 162 172 410 419 471 530 615 863
16  2 125 130 138 141 185 283 306 441 496 523 569 725 740 831 848
9  58 104 311 346 603 642 671 722 997
10  56 239 359 402 430 530 781 821 943 970
14  83 120 180 183 192 255 258 399 603 626 652 835 937 970
9  270 300 347 394 496 629 823 834 850
13  75 179 250 252 258 272 350 368 584 751 870 937 981
15  26 81 137 176 452 503 548 556 563 747 846 873 900 925 974
9  69 164 616 663 741 744 828 853 985
10  118 143 319 372 449 481 565 718 777 961
11  99 100 248 277 279 349 474 478 813 882 900
11  161 164 240 365 393 399 529 531 574 838 994
12  69 187 193 217 228 436 484 608 710 922 937 997
12  13 64 123 140 227 355 365 409 437 545 596 819
8  184 254 350 403 594 637 730 938
10  10 52 131 348 449 465 679 882 945 968
13  277 300 348 388 415 456 549 552 563 708 760 774 782
11  46 57 78 110 267 352 459 480 499 672 846
10  33 113 382 440 665 709 734 750 854 882
12  11 66 84 120 371 664 696 713 716 861 882 954
12  99 116 228 271 309 469 552 635 775 797 841 988
11  34 39 72 131 208 338 646 655 709 808 958
11  149 288 365 406 424 531 639 704 836 857 979
12  58 462 512 549 555 580 617 740 832 896 963 996
11  108 161 230 489 524 534 579 632 752 908 952
7  92 161 425 514 699 926 999
9  250 508 518 595 695 715 858 879 894
3  310 572 957
21  17 41 141 230 281 302 408 414 462 595 603 744 819 834 838 870 905 914 923 951 978
9  71 126 278 492 778 855 936 969 989
12  17 189 301 333 415 439 498 570 583 757 886 953
9  5 81 85 159 209 285 418 472 802
16  1 65 88 178 208 216 418 530 556 665 668 688 828 872 886 920
7  278 369 496 558 696 725 732
14  176 220 224 290 333 475 595 612 679 753 794 904 928 995
4  470 521 627 688
14  108 156 249 298 496 548 686 721 762 811 818 902 959 996
12  184 267 449 555 557 716 722 752 822 858 867 979
5  177 427 511 538 815
8  54 99 244 365 458 603 688 934
6  44 270 282 485 694 790
10  33 126 300 360 407 425 441 453 703 728
15  10 146 177 191 293 300 342 376 389 399 525 620 788 821 908
14  70 80 89 149 189 199 248 346 397 597 624 629 839 945
12  53 98 185 207 243 395 423 502 796 807 926 961
13  44 90 180 334 549 611 791 801 808 831 859 927 935
5  249 562 619 717 897
6  108 240 337 642 856 939
5  95 235 541 557 889
13  141 254 439 459 545 565 566 629 827 883 894 931 997
10  17 132 478 637 647 777 849 877 941 958
11  72 136 140 159 483 595 625 684 775 833 940
10  40 206 239 312 339 395 441 568 784 955
8  142 232 242 269 666 785 861 890
11  2 104 165 202 222 256 326 425 673 679 719
12  42 69 100 372 482 549 552 602 846 857 890 966
14  137 169 182 185 190 202 522 527 622 666 708 760 964 981
13  113 354 377 492 538 539 546 578 739 805 880 901 928
13  161 210 245 318 347 394 488 508 707 759 780 796 918
7  56 200 330 407 521 576 930
15  30 84 250 321 353 380 417 506 518 527 654 741 893 926 965
11  24 127 184 287 329 569 634 669 698 699 826
11  135 200 202 280 303 360 421 482 529 585 662
10  173 348 607 759 815 835 858 936 979 996
7  288 331 368 372 513 795 947
15  14 29 82 363 388 395 438 455 586 631 698 761 798 933 997
17  189 194 274 339 351 436 730 742 744 825 827 839 845 902 912 916 937
9  4 83 94 97 152 414 417 766 935
9  23 119 294 349 423 476 495 869 874
7  26 33 61 395 413 422 725
10  23 55 510 748 762 795 797 963 970 985
14  32 130 213 233 296 325 412 415 470 581 610 681 847 986
9  345 393 498 537 559 769 771 781 986
16  14 97 178 249 304 353 369 384 456 548 559 653 849 882 922 939
7  84 125 201 236 473 533 662
17  4 36 38 55 216 313 419 437 490 546 561 598 711 770 839 943 987
9  49 123 146 202 337 667 743 874 981
12  133 283 307 485 572 703 722 816 884 922 942 959
11  61 187 262 469 623 649 770 773 860 900 912
10  13 37 165 473 479 543 710 719 836 991
8  15 130 377 415 419 618 658 712
11  60 206 212 360 413 454 695 755 770 894 963
16  49 71 123 225 229 329 390 400 412 504 544 562 602 718 737 740
5  4 98 103 160 206
10  38 69 86 110 258 421 429 620 798 987
9  46 130 224 348 457 727 733 780 973
15  1 24 35 36 110 134 152 236 304 588 653 660 696 779 875
15  102 106 197 273 301 305 317 413 559 588 789 860 865 877 893
6  35 51 289 695 730 971
10  25 162 188 227 320 453 550 643 763 929
8  9 143 155 290 467 685 771 807
9  35 156 257 337 339 446 499 506 928
8  107 114 218 260 306 343 738 906
9  51 171 195 284 304 320 646 783 901
15  23 117 128 142 162 230 286 317 318 425 590 625 729 825 968
13  81 123 127 185 360 424 482 597 696 893 902 961 982
10  22 60 128 356 379 391 441 477 981 998
11  6 39 48 153 238 509 818 861 881 887 923
16  83 103 112 264 388 550 592 602 719 758 772 827 852 970 971 995
10  83 100 115 130 172 443 599 734 916 931
13  76 130 267 342 360 423 449 793 840 886 928 969 986
9  95 124 187 190 566 593 776 802 903
9  232 304 474 479 759 829 925 966 982
10  119 394 487 514 520 561 616 768 915 937
15  76 101 109 160 201 212 237 238 438 513 566 697 853 884 910
11  95 152 226 283 313 319 368 565 709 753 794
5  224 336 472 519 529
7  28 258 354 367 734 973 985
17  71 75 269 282 289 298 305 397 509 586 714 774 798 799 861 899 914
14  18 176 283 304 365 380 414 444 542 689 948 978 987 997
13  101 197 288 361 452 510 613 638 646 683 795 857 984
5  82 136 273 495 852
15  30 50 309 326 337 454 482 488 506 509 698 712 794 893 952
8  37 68 216 308 319 470 489 943
4  223 314 796 996
11  42 44 198 395 457 477 649 690 704 886 891
10  248 316 352 417 516 605 619 740 904 943
13  145 271 301 385 395 439 447 547 649 698 758 905 992
8  128 310 355 457 519 857 904 910
10  28 160 417 539 677 685 860 865 924 994
6  312 737 755 789 884 947
9  142 283 290 342 368 414 663 673 900
10  45 53 135 146 254 290 470 581 665 970
15  71 115 205 301 309 368 456 481 502 545 639 776 800 865 949
12  35 103 136 158 285 289 363 463 591 739 801 949
18  47 78 99 110 256 336 387 414 554 558 578 589 629 781 823 950 980 993
14  108 126 153 178 424 468 523 605 652 678 682 762 841 860
5  54 559 686 776 846
12  16 31 59 105 361 454 458 654 756 763 820 869
6  43 81 93 161 267 892
14  32 135 250 308 400 458 491 539 660 716 807 831 903 919
14  78 119 147 171 408 517 541 593 665 784 854 924 944 994
7  67 104 648 766 770 807 831
10  118 124 257 278 541 566 673 680 702 818
9  27 171 255 393 403 661 890 907 984
9  27 260 365 417 768 818 834 940 957
6  10 613 659 785 794 810
10  226 230 355 362 389 412 593 673 811 835
7  107 155 241 594 879 897 977
12  84 88 434 489 493 525 611 630 659 759 867 945
9  302 321 384 729 834 902 906 967 976
16  30 151 160 243 272 287 308 516 550 593 623 652 674 822 837 887
10  45 53 145 217 463 584 655 688 725 869
9  68 73 248 262 287 343 372 570 846
10  115 162 192 342 471 504 517 576 715 858
8  21 56 626 715 756 791 818 865
15  53 107 169 238 296 317 340 487 514 531 607 668 673 702 758
9  93 122 288 339 438 640 686 858 969
4  90 153 438 809
4  66 268 410 965
13  12 127 198 239 425 465 478 494 588 641 648 779 873
10  201 254 387 432 545 700 756 817 893 991
13  54 63 177 211 212 259 281 586 638 774 797 859 970
12  1 53 102 206 264 455 464 635 647 792 850 993
10  13 88 202 210 440 631 782 793 882 943
7  45 85 124 262 509 558 844
8  213 312 427 461 556 785 982 993
5  2 47 256 269 465
8  130 253 303 508 528 794 823 971
20  2 10 67 87 209 314 333 402 455 459 467 528 640 679 707 735 858 903 911 959
9  36 292 430 451 454 669 714 733 765
3  2 537 563
7  42 393 448 509 573 735 938
13  12 62 199 381 388 395 487 521 586 691 865 892 968
11  237 258 277 291 296 532 715 855 910 956 985
7  306 324 541 622 725 895 932
12  125 138 333 523 580 590 593 642 713 761 959 991
7  157 168 261 320 534 755 810
6  137 694 778 863 937 983
11  65 107 207 209 218 235 305 331 508 563 695
7  108 491 533 702 805 822 902
11  10 16 90 303 383 586 705 726 898 973 975
13  157 169 202 260 301 317 319 465 490 510 733 825 973
8  2 229 269 444 718 721 808 937
7  112 392 416 485 579 907 981
14  63 89 90 115 215 489 493 601 619 652 679 747 760 828
10  24 76 205 251 260 339 501 622 668 744
6  385 482 547 637 770 964
10  44 62 152 377 378 553 682 728 741 984
5  179 397 649 863 879
5  238 529 747 939 990
12  40 129 253 276 374 440 599 675 714 741 902 959
7  140 374 449 672 804 816 864
10  84 119 137 157 292 449 650 914 927 949
10  135 256 305 518 577 655 706 819 837 867
8  9 359 540 625 644 900 922 930
9  19 214 412 466 535 765 793 901 988
11  37 82 367 452 575 604 622 755 839 930 968
7  36 269 336 393 462 954 969
12  46 76 90 138 313 373 671 760 765 848 874 941
12  25 66 137 399 481 583 615 640 646 811 836 934
9  62 321 347 440 452 718 786 852 983
9  212 261 294 359 505 538 671 773 939
8  238 333 674 675 689 942 961 965
8  24 64 189 278 488 620 838 924
14  44 83 104 179 292 396 407 471 521 595 623 737 780 782
4  370 471 696 805
19  45 56 178 190 207 268 330 358 384 571 584 628 672 702 776 807 910 942 971
12  201 254 299 481 507 526 527 617 662 678 687 784
12  28 88 240 248 261 265 311 313 359 740 826 878
10  9 141 180 391 404 595 673 705 785 955
9  4 123 157 239 304 375 406 656 691
6  110 162 594 602 925 937
10  101 200 207 238 386 553 619 651 753 884
9  66 76 120 278 326 401 739 787 877
12  152 159 169 400 561 670 741 757 773 781 885 965
7  106 129 199 355 690 781 949
16  97 165 169 210 330 437 455 463 513 609 691 815 841 923 932 935
8  103 396 445 516 535 624 806 908
6  171 641 699 765 792 972
16  77 95 146 218 397 573 652 700 719 808 823 826 829 837 843 948
8  9 237 255 391 593 651 740 961
10  107 114 161 224 327 460 471 611 767 935
11  108 209 413 433 449 495 700 785 867 888 990
10  137 196 345 648 661 778 795 801 987 999
8  20 82 419 453 505 562 738 968
14  14 58 267 278 333 382 458 512 543 684 709 806 921 943
9  107 265 277 283 409 538 597 959 968
15  65 130 134 224 263 305 317 321 447 539 616 628 702 710 928
15  212 226 267 276 488 493 658 685 803 808 839 844 913 978 984
11  125 173 176 370 455 526 566 603 638 652 871
13  40 80 256 263 312 315 331 495 541 605 707 729 861
6  63 70 227 228 736 843
6  196 271 276 411 599 862
8  80 121 155 429 560 688 756 953
12  3 19 48 59 92 195 258 280 536 686 720 939
15  22 51 61 147 160 265 656 719 845 895 918 957 959 967 986
8  16 97 240 264 296 429 444 783
13  103 218 291 322 439 527 585 649 664 806 919 923 933
11  32 45 221 237 250 290 346 609 617 915 938
3  99 517 761
11  44 53 170 234 352 503 575 588 665 829 835
4  104 169 598 807
9  280 420 423 478 569 839 882 893 960
10  28 78 199 356 432 535 630 740 841 947
9  36 166 472 561 693 732 886 980 999
12  9 93 126 185 347 430 496 536 697 747 873 951
17  31 112 119 142 171 409 466 570 577 694 764 795 816 870 872 891 925
7  3 94 170 335 611 680 847
8  472 515 623 712 743 761 945 973
9  82 111 121 208 262 490 530 708 963
18  51 209 271 403 520 542 549 585 611 674 690 765 847 880 904 966 971 984
10  8 18 108 132 261 300 343 344 517 760
14  97 113 226 245 313 424 479 568 586 726 750 782 836 837
15  5 26 61 214 350 377 387 446 611 781 788 803 827 861 978
14  2 48 197 237 248 292 565 580 584 633 808 840 875 883
9  176 191 601 754 766 873 889 937 984
7  40 295 490 587 605 937 955
10  10 305 369 423 484 765 794 843 844 862
9  0 32 52 108 145 404 608 735 881
10  69 87 156 287 440 718 741 890 931 971
8  125 149 161 313 414 605 661 783
6  95 358 588 734 736 742
14  101 128 148 173 205 211 233 296 378 379 409 769 950 998
8  30 545 561 652 699 732 767 780
8  75 127 356 512 553 723 780 912
15  47 58 203 306 383 387 470 620 635 671 672 676 680 838 937
7  103 237 285 411 666 994 998
13  72 128 162 277 308 324 356 493 519 622 649 683 716
15  34 157 261 349 355 403 416 470 584 649 681 700 903 962 965
13  212 269 319 472 656 682 694 704 757 792 800 830 933
7  281 311 314 541 688 828 840
11  41 235 324 326 412 578 697 703 727 855 956
8  139 213 245 355 617 672 798 889
4  408 534 697 785
7  98 111 352 629 726 772 848
7  184 219 224 384 611 622 985
10  58 68 320 338 403 593 596 615 775 849
7  125 134 168 349 560 863 886
9  127 211 346 353 368 510 593 610 943
11  84 188 382 433 638 733 819 828 837 874 929
10  29 190 192 286 355 610 650 738 789 902
11  322 510 563 588 608 637 657 730 798 806 969
13  140 152 216 274 509 523 528 622 747 810 844 871 948
14  13 24 104 231 267 309 318 452 455 609 735 786 894 960
10  17 47 196 340 391 392 408 639 642 895
12  41 65 138 227 302 431 435 456 498 535 614 966
11  13 75 160 190 270 275 543 587 806 834 923
7  0 49 206 298 717 756 860
12  19 82 84 97 191 230 484 627 702 903 943 948
8  10 65 82 264 673 810 846 922
8  107 292 311 590 811 886 953 980
10  19 83 170 206 246 346 429 657 826 906
10  275 298 439 560 571 592 653 668 744 813
4  213 590 928 996
12  104 135 205 319 386 394 547 606 649 900 934 991
12  87 136 251 258 291 308 373 556 663 951 969 972
8  85 88 107 247 578 799 892 996
14  117 208 444 475 486 489 554 557 582 601 621 667 857 890
10  0 96 192 236 273 370 626 735 747 852
4  67 484 506 972
9  299 342 359 606 671 682 792 817 918
13  118 129 254 308 390 415 529 568 590 603 721 772 843
11  44 220 309 335 371 484 590 611 739 864 879
13  1 151 185 271 368 436 443 514 579 587 648 726 952
11  183 326 366 516 549 666 694 790 868 909 997
10  107 114 225 253 574 729 784 795 851 993
10  335 371 415 454 502 636 671 772 878 953
8  90 346 558 754 805 839 858 935
15  10 29 83 88 110 264 307 409 417 618 639 729 834 917 986
9  121 171 197 201 229 232 432 617 737
4  82 125 783 940
17  31 43 63 90 226 268 472 537 587 617 627 745 761 772 818 877 963
9  0 32 65 179 213 287 584 777 785
9  50 149 161 583 590 715 737 757 840
9  12 116 181 372 515 536 554 797 825
9  61 160 240 319 493 643 710 759 949
7  203 427 579 720 747 823 960
8  278 340 506 633 713 757 778 842
11  33 195 388 411 600 610 769 814 874 892 942
10  256 287 308 486 504 551 571 638 840 936
8  28 72 127 394 599 719 963 971
10  92 222 254 354 365 656 772 777 877 934
11  24 147 293 304 308 351 358 469 528 765 989
13  44 51 83 105 266 306 368 465 468 514 637 773 901
10  6 18 79 100 234 532 651 718 879 962
8  23 135 219 412 451 581 648 702
9  9 115 260 300 403 596 653 784 852
9  64 221 299 342 490 510 520 663 728
5  435 501 650 932 988
11  31 54 143 312 337 404 491 592 831 844 887
9  134 327 340 426 438 617 716 834 879
8  52 168 222 256 380 705 815 990
14  119 139 171 302 314 454 646 652 686 741 774 837 858 926
9  121 299 437 514 753 769 883 952 994
15  153 160 231 255 359 391 590 614 650 736 792 796 893 897 987
7  22 52 252 674 730 824 980
11  14 34 70 125 197 322 362 469 664 827 830
5  113 220 844 878 884
6  32 238 335 606 730 871
5  55 76 394 416 534
13  75 252 256 394 424 566 648 722 755 835 922 948 962
8  354 355 469 509 532 647 721 753
16  115 129 207 258 302 376 488 537 709 758 773 783 826 913 973 980
17  161 168 183 196 199 228 436 550 651 662 744 783 793 847 929 936 993
13  140 173 177 207 218 342 614 630 764 822 893 906 973
8  144 360 511 528 554 698 877 962
10  61 124 148 169 190 270 366 633 660 671
8  27 220 363 460 526 752 832 959
7  24 57 382 404 430 472 581
5  98 421 432 501 960
7  24 268 357 498 529 625 748
10  234 253 388 413 573 630 635 814 843 868
16  50 57 58 61 68 90 151 167 253 315 326 414 605 706 733 845
8  44 381 589 708 827 884 931 976
11  21 244 327 329 361 417 457 657 773 849 890
11  13 15 61 98 305 437 561 678 709 756 878
11  34 111 195 275 412 473 574 692 779 872 994
7  278 589 775 794 832 945 998
12  64 144 194 209 245 319 347 450 618 730 924 965
8  50 253 271 595 668 733 900 908
8  3 313 373 481 662 771 983 994
15  29 84 107 118 127 150 203 232 269 561 587 672 772 852 964
16  33 119 212 219 241 251 437 491 585 666 721 751 783 829 843 852
15  7 32 285 294 337 530 570 631 642 686 692 734 823 849 901
13  55 98 144 160 506 604 627 686 688 691 746 848 904
10  182 184 189 212 216 251 631 891 926 940
11  42 75 84 184 374 399 451 619 746 763 996
16  3 79 115 147 321 484 501 532 638 707 790 851 866 892 899 922
6  71 172 219 233 682 822
15  8 67 133 168 203 228 352 482 579 595 667 856 930 947 995
11  62 107 151 233 244 484 626 804 852 940 996
8  229 321 351 494 571 649 907 918
7  268 269 283 323 659 902 918
10  101 420 464 479 673 764 766 793 855 920
15  38 74 271 299 401 431 450 542 548 585 704 861 914 947 951
8  143 242 278 411 572 681 843 917
13  121 132 161 203 212 357 365 468 638 702 786 792 929
6  575 615 642 659 861 952
11  138 149 172 205 245 301 441 788 822 954 975
10  131 133 162 180 245 297 300 329 416 527
7  91 114 130 190 579 676 907
11  248 439 488 591 663 664 859 890 926 939 941
9  111 152 197 257 429 706 727 793 985
9  3 109 226 339 433 550 576 974 990
6  84 393 479 506 558 897
9  163 169 223 273 562 784 879 897 934
9  32 358 406 538 639 647 662 671 884
11  2 61 123 207 492 543 611 681 769 819 966
11  383 427 564 620 735 744 753 797 891 929 971
10  67 80 255 340 570 601 622 799 854 983
8  110 140 189 380 433 822 924 983
12  33 37 58 96 180 253 321 458 483 619 622 837
8  220 370 490 503 556 567 767 967
8  2 110 219 362 441 740 857 934
11  53 67 111 267 318 512 535 667 868 879 894
7  49 87 170 484 646 654 929
11  35 135 226 386 500 701 726 759 800 971 973
14  2 76 124 202 338 393 441 455 499 600 654 773 835 939
10  37 258 424 437 549 561 696 729 874 971
12  31 59 148 261 304 348 359 367 439 750 880 950
8  55 443 473 490 498 548 832 938
10  0 51 165 282 283 346 427 448 468 759
8  7 321 540 544 623 706 883 957
11  290 362 477 480 488 489 500 521 852 870 931
3  320 568 663
8  294 479 516 672 758 790 860 887
16  24 30 297 327 333 337 362 407 463 465 636 670 681 804 833 940
7  210 334 398 617 647 768 797
13  67 195 222 224 230 247 391 396 546 556 600 826 912
7  209 463 513 774 776 922 978
6  6 239 291 413 752 920
8  176 177 271 428 642 762 869 981
8  66 295 377 419 507 789 880 889
7  185 505 584 595 718 965 993
12  371 442 484 576 645 721 731 768 887 913 914 988
10  100 149 251 278 294 398 750 829 876 998
11  19 21 133 198 200 224 235 416 488 685 756
8  34 167 383 551 735 767 837 857
11  41 104 156 312 322 417 443 447 539 853 942
10  49 175 481 487 525 610 640 694 716 875
5  55 166 259 342 897
11  10 24 51 140 191 208 445 468 632 748 810
10  26 164 403 425 470 714 777 782 793 969
11  12 37 149 186 267 465 467 505 606 622 907
14  64 137 176 241 335 408 434 437 440 462 489 574 836 924
8  3 125 230 665 736 924 941 983
7  306 332 726 747 794 828 987
8  9 87 95 472 521 531 642 906
13  97 196 386 463 564 634 656 661 671 679 784 842 850
6  41 131 204 299 414 709
11  106 219 394 425 459 496 498 517 594 852 956
8  194 195 276 495 545 703 828 985
12  118 124 242 312 371 399 553 578 643 788 843 883
13  130 169 238 280 390 452 575 712 739 803 905 920 924
6  2 74 124 484 874 995
19  113 252 361 372 383 454 462 469 576 578 610 679 704 734 813 842 946 961 986
10  143 274 337 391 435 589 646 782 893 940
11  6 52 239 404 843 868 894 898 899 980 987
12  7 55 68 175 247 290 381 537 647 652 854 869
14  186 200 341 485 557 637 707 743 763 782 845 886 910 970
12  102 162 231 475 498 551 708 717 877 937 948 961
7  132 393 414 722 874 962 996
12  113 120 201 239 245 321 461 646 673 750 880 987
9  62 153 171 335 430 531 538 852 926
5  261 350 550 552 820
11  17 69 220 608 661 666 697 719 809 866 988
15  39 138 161 441 504 533 638 674 691 747 755 786 871 902 922
5  80 100 257 615 705
9  73 216 349 452 538 644 672 816 906
5  493 593 645 872 950
9  48 59 210 246 373 468 510 626 830
12  137 159 306 348 416 466 506 554 563 633 933 988
10  87 143 218 319 471 495 573 856 949 975
8  343 355 386 606 680 955 961 987
7  20 91 346 405 820 890 928
13  89 198 243 362 471 550 564 598 614 685 700 779 825
12  31 37 166 285 502 619 694 817 842 863 877 919
6  7 140 381 635 691 905
7  71 92 110 111 601 636 795
13  18 20 29 123 217 289 306 386 519 582 623 629 809
13  22 246 349 528 573 594 625 690 791 895 911 941 949
7  328 346 410 490 512 527 892
12  153 274 311 313 375 424 454 455 481 558 940 991
9  379 467 515 521 793 831 870 981 999
13  6 23 61 165 174 399 407 511 530 707 807 817 976
14  71 79 105 200 322 337 371 406 416 450 519 625 666 879
12  170 188 193 269 282 479 513 760 784 875 982 987
7  256 324 582 584 686 806 960
11  13 23 27 126 164 172 217 338 380 825 871
9  22 397 422 456 508 615 757 875 898
9  114 158 161 179 468 478 541 704 864
5  276 415 667 886 973
8  68 132 332 335 559 564 959 997
9  1 130 173 282 326 533 707 799 834
13  12 110 127 330 410 447 615 632 703 791 815 969 975
15  0 10 125 129 141 159 258 270 394 530 547 573 663 828 923
10  204 317 482 514 568 591 662 706 885 933
12  71 215 424 523 568 690 800 813 823 859 909 966
10  105 129 214 228 318 327 427 612 802 845
11  249 252 453 491 549 632 652 849 903 946 949
9  158 272 484 556 581 658 698 905 934
11  144 228 342 372 479 546 759 764 789 821 945
12  3 42 122 257 356 793 884 903 919 965 986 990
5  25 29 155 401 593
12  198 385 388 452 487 493 533 573 615 753 755 983
11  213 378 393 452 459 548 592 635 718 747 869
18  28 194 250 317 329 333 342 396 476 560 629 709 760 792 821 836 907 926
10  111 337 389 437 522 633 758 915 916 960
7  6 10 91 143 377 389 764
6  140 452 567 689 834 905
8  16 91 161 177 315 837 890 915
11  7 85 155 172 322 394 542 712 785 790 994
12  211 230 250 355 371 615 622 762 825 886 899 949
7  106 111 329 434 452 640 872
14  153 267 455 562 574 593 691 694 703 753 797 814 842 918
12  23 29 87 185 322 374 456 487 555 812 923 980
3  78 306 454
4  65 247 412 861
10  163 286 315 415 603 642 740 936 964 971
13  100 172 177 194 232 323 343 421 519 550 551 654 949
5  12 130 394 703 763
12  17 228 231 235 338 420 457 551 707 904 963 979
6  305 389 676 786 789 974
8  118 311 402 437 647 664 860 970
13  103 104 157 359 397 403 551 633 644 681 698 791 942
4  58 543 550 733
5  114 126 431 710 841
14  55 98 107 236 364 433 456 491 606 643 681 717 879 881
14  50 222 277 284 365 766 768 843 872 879 933 960 986 988
11  13 52 155 215 229 282 291 392 585 925 930
7  121 300 432 458 460 632 721
9  172 257 261 308 313 532 667 691 888
11  105 190 221 257 405 450 767 820 859 943 968
6  347 406 409 455 642 831
11  42 87 90 138 583 734 793 835 901 946 981
13  4 66 329 342 366 393 414 475 512 563 740 784 898
11  41 98 237 273 458 618 661 681 687 739 769
12  7 218 311 456 561 622 657 735 764 783 785 821
8  53 367 396 518 634 757 759 806
11  17 90 380 539 569 589 663 830 906 921 977
10  144 254 355 417 554 626 651 660 688 849
13  1 161 212 252 436 540 627 783 797 798 815 822 874
12  7 168 181 214 217 301 412 529 542 616 673 982
16  11 50 65 72 82 156 208 275 414 502 693 729 734 784 967 981
3  271 900 996
11  70 142 187 276 308 435 620 678 862 899 999
4  167 215 362 504
7  304 356 377 609 742 974 982
9  78 79 222 340 341 360 500 918 955
9  150 215 233 326 454 517 606 743 974
11  39 176 193 242 474 627 694 756 933 985 999
14  30 47 74 160 188 205 278 369 387 446 511 600 672 914
11  78 250 275 294 406 422 507 632 733 765 910
6  421 503 785 927 930 981
12  119 183 232 369 488 528 549 601 697 796 813 989
11  22 129 198 233 273 527 628 760 809 965 997
5  451 759 775 834 935
6  20 72 182 785 823 929
5  197 229 265 338 361
8  367 439 461 490 583 613 804 819
10  107 281 458 569 792 822 840 947 954 986
8  104 146 161 179 194 237 374 514
11  55 290 336 417 492 495 585 710 878 967 995
12  15 119 145 210 262 284 468 522 525 545 802 995
2  601 927
9  15 75 118 131 156 171 229 431 450
18  51 69 134 281 356 368 466 539 546 692 719 754 755 764 886 938 944 990
9  45 214 295 303 448 550 622 701 710
9  355 358 445 470 485 575 604 704 995
8  418 448 521 612 741 836 928 974
12  155 177 278 316 391 496 500 745 764 847 858 989
7  84 122 288 411 467 742 869
9  253 320 400 489 620 703 804 852 988
17  10 55 197 219 278 312 395 407 430 580 685 702 875 887 908 934 955
9  204 256 374 377 401 446 519 736 852
7  131 262 448 714 738 878 909
8  109 272 435 626 716 766 805 856
9  175 204 224 262 372 479 530 575 758
7  63 128 498 737 766 859 916
3  40 551 553
12  52 203 371 376 432 469 485 503 613 633 672 753
5  3 266 537 608 824
4  21 181 829 965
8  45 96 122 214 439 586 602 629
7  33 75 136 202 549 975 991
7  111 220 233 534 597 754 792
15  58 176 177 230 301 399 520 528 575 671 681 747 844 932 964
10  43 60 79 442 494 733 752 755 896 932
14  159 176 277 316 363 383 527 633 671 733 754 863 866 911
13  33 36 46 64 136 324 341 347 420 474 542 603 717
12  166 226 401 456 500 504 656 705 763 781 824 968
14  10 15 47 70 165 182 294 313 342 529 592 674 744 822
13  254 259 298 335 502 583 588 668 705 723 892 984 995
13  89 131 178 212 252 371 385 438 653 673 722 863 910
12  17 180 189 261 362 426 435 498 802 814 905 937
12  56 172 189 232 266 322 598 679 868 886 911 942
9  143 285 324 553 626 687 757 838 870
13  16 80 179 433 531 560 668 675 704 733 737 831 868
12  118 167 356 382 385 405 437 444 509 719 871 978
13  3 113 134 263 328 442 560 695 743 745 780 865 980
8  25 36 63 408 450 579 604 699
8  299 331 594 601 695 812 871 974
12  8 25 103 166 268 449 505 520 574 703 782 820
12  38 39 43 119 164 271 274 277 328 373 800 846
5  268 286 547 863 928
10  294 461 488 493 498 508 548 934 948 955
10  50 148 274 388 401 510 529 541 584 977
7  97 212 304 348 519 596 926
8  8 131 158 216 247 463 544 723
12  35 96 178 297 319 323 393 596 847 873 915 929
10  25 121 205 246 499 508 609 955 967 998
10  60 109 225 364 410 504 799 866 879 972
7  136 147 282 346 543 642 956
14  9 68 120 146 154 254 281 391 450 451 766 878 885 963
10  15 199 268 321 401 402 440 757 825 990
16  54 146 195 212 350 391 439 609 623 626 769 874 909 937 976 989
12  188 289 423 447 497 529 530 549 704 708 925 992
17  78 248 327 394 492 513 572 615 653 702 710 795 825 894 927 978 985
13  249 332 352 396 409 460 499 678 704 720 724 811 853
9  41 49 96 387 470 563 633 689 895
7  33 57 117 126 133 137 400
10  28 82 177 238 440 565 619 829 914 927
7  283 316 467 599 668 689 919
6  236 491 554 592 678 960
7  110 241 341 647 661 691 927
13  103 131 181 349 405 456 487 521 563 673 727 752 841
14  107 177 191 296 350 382 530 560 569 609 650 669 701 888
14  0 78 100 230 301 308 332 354 444 544 613 870 889 930
13  78 140 260 266 306 410 433 492 645 784 823 846 863
11  23 65 69 77 113 240 254 310 521 721 845
12  45 216 266 348 501 575 594 681 708 833 952 993
9  37 164 261 280 304 459 468 708 994
8  61 63 172 304 483 576 660 778
12  165 319 456 583 664 770 824 890 916 922 926 956
6  143 154 241 320 410 988
8  18 122 153 227 297 665 730 761
6  12 77 415 440 620 984
10  103 378 557 593 726 739 816 825 859 913
8  87 145 253 366 392 494 743 975
13  33 180 181 188 404 412 424 468 473 654 705 858 942
9  240 286 326 328 393 428 651 889 945
15  3 62 129 140 217 241 369 406 415 441 815 855 868 928 943
10  88 134 187 344 632 646 722 855 928 964
7  48 332 363 469 476 608 978
8  131 138 232 333 386 477 785 829
4  190 682 768 957
8  66 88 161 206 479 622 664 721
7  4 505 538 681 761 887 982
13  7 91 96 234 259 403 518 661 708 808 873 918 950
7  181 273 378 433 635 804 951
6  20 347 487 643 651 864
8  8 112 232 293 329 331 341 498
8  42 175 209 224 380 466 574 726
6  324 631 641 699 769 828
8  15 50 199 238 668 673 704 911
17  14 52 151 173 233 337 366 531 555 565 577 708 727 758 880 937 991
10  69 201 321 354 406 503 550 664 724 795
8  10 90 99 522 748 757 800 904
13  27 262 290 368 501 642 655 679 781 784 804 859 904
6  257 395 406 478 529 595
8  108 245 262 294 440 523 540 906
13  8 120 204 228 371 457 466 613 618 662 820 897 967
14  54 298 406 427 549 602 749 788 811 836 901 906 909 963
6  456 523 637 706 846 920
10  77 197 241 326 328 516 650 700 764 990
7  84 131 169 219 534 544 587
5  155 173 247 593 797
12  55 59 201 224 331 336 473 495 517 660 676 723
10  153 173 200 259 333 427 527 584 701 914
13  43 87 130 165 185 218 275 386 439 611 673 736 829
15  9 154 159 337 380 406 439 466 519 578 604 677 893 938 987
9  177 193 207 224 390 452 763 929 962
12  9 19 27 73 239 262 271 383 415 429 494 893
8  189 296 441 457 500 506 727 959
9  59 216 322 403 430 693 792 842 913
7  94 504 615 622 643 681 841
13  72 406 418 444 488 538 549 562 619 624 695 907 921
10  39 57 351 415 444 469 516 524 753 924
12  72 92 122 144 262 422 539 626 665 796 849 922
11  133 203 213 251 323 339 476 770 795 830 950
11  19 63 100 267 434 437 530 737 776 860 998
5  163 197 385 461 551
13  32 81 157 246 269 463 541 550 666 707 845 875 929
10  26 36 73 144 182 201 349 615 876 912
6  80 87 144 154 492 554
16  22 96 294 307 387 485 513 548 549 557 590 617 630 739 741 942
9  4 23 61 124 204 300 605 785 890
7  39 135 214 327 576 625 888
8  119 188 225 360 458 560 808 809
8  72 74 97 243 556 639 743 983
11  25 120 152 218 251 306 314 484 580 604 882
14  168 222 233 259 340 343 355 494 519 737 806 881 895 918
12  14 54 180 241 348 568 664 699 745 804 825 884
9  274 283 315 322 474 592 690 847 915
12  57 90 215 249 293 304 417 440 561 564 684 934
5  419 444 712 935 984
10  196 364 375 464 643 755 760 771 795 938
8  33 34 173 180 378 489 657 817
9  153 283 315 319 341 359 766 924 968
4  554 632 755 778
6  186 233 335 380 409 937
10  47 124 134 491 538 581 624 762 764 808
11  4 115 170 264 324 338 598 625 672 738 937
12  81 172 202 224 433 590 650 763 794 927 983 985
10  49 416 469 525 633 655 765 768 872 912
9  130 228 433 543 636 680 695 871 877
12  10 52 136 182 203 346 432 442 776 815 879 889
13  23 109 142 264 272 385 466 505 585 621 628 708 782
13  70 94 97 131 282 441 606 653 656 740 849 933 985
4  122 602 850 929
14  24 159 246 283 400 498 508 532 627 643 872 900 939 944
10  104 170 395 493 524 542 729 742 780 880
19  13 70 103 222 334 375 489 511 517 572 581 652 694 695 778 873 906 955 962
8  11 253 437 586 599 629 822 878
9  57 73 82 138 156 293 445 694 858
16  14 16 21 133 138 206 211 214 215 269 350 429 857 928 945 968
6  245 441 520 589 619 930
13  28 142 273 300 316 399 524 540 573 669 859 893 899
13  76 79 81 128 141 154 401 663 780 901 918 931 952
16  60 165 226 228 296 311 431 464 477 626 658 679 733 762 888 985
13  61 65 66 71 143 293 337 516 592 601 740 814 998
6  3 409 698 793 854 886
10  11 244 442 459 599 794 807 873 943 983
17  63 171 173 249 251 330 446 484 541 568 641 677 800 853 892 933 995
9  65 169 311 433 552 575 901 908 951
8  325 359 483 505 554 648 759 890
15  72 132 256 283 291 308 347 429 521 531 623 837 839 884 923
11  83 120 148 222 245 277 470 581 624 784 978
9  73 361 422 471 647 786 858 896 965
4  79 219 754 895
10  9 100 242 334 521 571 572 607 828 967
6  132 367 624 656 702 926
8  132 304 554 624 679 712 884 970
10  25 203 206 274 317 381 481 546 711 877
13  39 77 182 253 289 382 510 550 701 829 885 891 945
10  146 232 262 291 336 366 377 467 559 633
11  24 27 187 297 326 355 455 475 666 669 996
8  230 312 314 437 551 688 824 825
10  90 224 313 620 644 667 676 761 913 995
12  124 195 288 336 478 531 614 635 706 827 829 879
10  39 330 370 558 567 610 673 843 935 967
9  47 124 220 238 404 546 740 891 912
7  195 491 664 742 782 829 959
10  8 121 156 300 314 360 393 626 719 760
10  43 51 121 126 355 647 755 762 821 981
12  46 137 262 274 451 595 850 871 908 926 933 947
11  36 122 415 529 601 804 841 905 933 943 978
12  76 165 224 304 379 561 601 718 788 835 943 999
12  68 124 160 299 425 674 677 776 860 950 956 971
6  18 262 295 674 745 800
4  146 495 562 944
11  254 422 487 558 559 681 715 815 858 885 958
7  57 73 326 424 643 669 789
7  54 65 228 560 597 620 830
4  177 412 706 843
13  174 208 269 273 381 476 527 554 596 633 800 845 990
9  166 224 293 403 424 473 662 682 893
13  38 181 187 315 327 390 545 577 611 612 620 844 865
8  37 152 203 298 398 433 696 783
16  25 63 169 221 240 256 519 552 568 630 673 774 800 898 912 991
9  103 241 379 720 731 784 788 791 870
14  175 195 230 253 287 296 414 480 641 736 771 808 809 882
12  103 285 466 530 563 575 582 724 776 838 849 876
9  135 255 381 383 556 696 720 794 883
6  245 295 446 540 590 885
9  25 153 160 162 361 403 515 753 754
11  261 424 456 638 663 695 717 875 890 912 913
14  121 154 171 235 386 481 508 572 580 667 740 772 861 971
11  82 158 241 263 403 408 494 723 862 907 956
6  225 259 506 530 685 979
19  151 200 202 208 262 299 364 369 398 442 443 452 627 761 782 822 867 869 955
8  172 210 358 425 587 733 837 863
12  11 41 71 175 243 269 376 388 421 568 584 877
9  192 247 331 497 552 557 593 623 649
7  194 246 385 568 612 647 961
13  72 97 142 273 389 393 505 605 691 762 806 852 976
18  39 97 135 166 199 271 309 312 350 412 465 475 699 808 889 913 914 982
9  11 50 63 76 327 733 877 917 948
12  85 92 137 211 239 335 435 544 668 807 882 901
6  87 159 181 622 666 701
10  130 148 171 260 316 430 556 561 727 912
10  185 305 406 469 475 527 627 772 944 953
12  80 88 319 320 379 402 502 639 647 666 679 686
9  162 185 321 449 586 636 815 846 915
6  224 432 482 561 816 891
10  53 92 166 220 308 490 520 564 797 885
7  35 226 420 477 493 948 987
4  215 384 565 727
14  7 134 144 165 248 396 443 640 715 740 772 777 879 937
10  29 39 360 458 617 779 800 915 935 967
8  21 117 173 223 331 422 589 812
6  70 96 154 217 246 918
12  195 232 273 355 362 377 413 422 534 659 840 909
9  168 429 470 503 536 654 674 695 790
12  133 158 179 205 240 291 389 407 622 627 640 941
7  455 511 527 532 628 838 879
10  37 219 266 277 436 498 507 688 780 829
13  64 82 111 118 166 252 373 548 685 753 809 970 992
12  77 256 345 389 401 455 545 600 669 722 749 895
8  43 84 251 298 437 472 574 664
10  336 422 579 710 729 777 828 897 907 956
13  113 129 211 290 359 383 411 413 699 757 865 882 994
12  44 120 185 192 225 296 343 384 468 482 609 661
12  11 19 199 200 266 294 318 348 626 690 899 964
15  129 141 284 294 354 393 437 446 507 575 583 585 685 915 934
7  78 103 122 405 482 486 778
10  22 281 303 367 368 435 529 531 583 658
10  124 152 173 203 570 689 714 716 736 768
7  367 565 639 661 751 805 985
6  160 336 540 651 782 942
6  49 66 102 334 706 773
12  150 176 224 305 415 440 596 765 784 810 894 913
8  71 134 165 218 233 259 688 936
10  104 178 321 431 477 522 529 624 682 766
11  202 252 272 292 370 598 650 701 710 720 911
13  51 86 124 171 190 291 298 352 653 709 714 814 943
11  13 364 387 547 576 577 612 671 856 870 889
9  306 330 374 415 437 442 759 803 862
15  20 96 204 266 303 360 462 569 618 717 784 870 875 886 975
12  78 107 193 267 268 296 422 495 622 669 695 727
12  271 280 305 410 521 613 624 629 640 653 837 953
14  45 75 93 145 173 216 382 515 601 632 638 695 739 801
6  96 225 509 721 737 782
11  22 98 376 409 518 570 669 733 781 831 922
10  144 275 347 362 481 649 751 822 926 994
3  313 783 964
12  23 37 121 141 143 321 349 352 492 530 600 797
14  114 126 155 207 315 327 453 520 543 547 678 798 968 991
11  42 230 294 556 621 729 730 735 759 890 905
15  1 104 126 138 219 232 259 310 480 483 553 557 628 711 903
10  142 167 198 208 245 261 305 491 659 722
11  105 153 175 292 449 453 544 602 777 847 887
8  146 221 410 431 650 712 717 914
