
***ForestFire:  GeoFire  Nodes:1000  StartNodes:1  Take2AmbProb:0
                FwdBurnP:0.35  BckBurnP:0.354  ProbDecay:1  Orphan:0
(1000, 5989)  burned: [2,2,103]  [0.01s]
1000
115  1 2 3 4 5 10 12 13 14 15 25 30 34 36 43 51 55 56 58 62 65 69 70 71 74 75 84 88 91 93 102 107 108 112 113 124 135 141 145 162 163 164 173 176 187 190 192 199 212 250 267 274 275 298 305 311 327 338 352 355 362 370 372 376 383 391 393 394 398 401 408 415 423 451 459 501 507 533 559 562 607 635 650 654 657 668 671 686 694 703 715 720 724 726 777 780 791 792 812 827 829 839 841 844 852 878 882 906 909 914 918 965 969 981 999
84  0 3 10 12 13 14 15 17 29 30 35 36 41 43 55 58 68 70 84 88 89 93 108 112 113 133 134 140 145 156 162 163 176 190 192 198 206 212 258 267 274 311 314 338 352 355 357 362 370 376 383 394 401 408 415 432 459 485 492 501 512 535 559 650 668 671 703 704 726 777 780 812 827 829 832 839 841 844 852 878 918 951 981 999
35  0 20 26 32 53 54 84 86 107 113 135 175 207 240 250 268 324 362 398 408 449 501 533 603 659 686 726 777 829 841 900 934 951 981 999
53  0 1 12 13 14 15 43 44 55 56 59 84 88 89 93 96 108 113 140 156 162 191 230 267 311 314 333 338 352 357 362 383 408 415 459 492 501 562 654 703 726 777 812 827 829 839 841 852 890 895 951 981 999
22  0 9 30 93 121 122 159 223 271 298 300 305 362 372 496 612 635 671 715 787 913 914
69  0 6 7 8 11 14 27 30 42 43 49 55 60 62 69 88 93 102 108 112 113 124 162 189 221 247 267 274 276 288 310 311 338 372 376 393 394 408 440 467 470 483 501 507 512 526 559 562 593 621 650 668 671 686 720 724 726 777 798 812 829 841 844 895 909 952 961 969 981
77  5 7 8 11 14 16 19 21 24 27 30 42 43 46 55 56 62 70 73 84 88 93 96 108 112 113 151 162 179 189 212 221 274 284 295 310 311 338 356 370 372 376 394 401 408 440 483 501 507 512 526 551 559 562 573 593 607 668 671 686 724 777 798 799 812 827 829 841 844 861 890 895 934 969 981 995 999
23  5 6 14 21 24 30 52 92 113 117 221 370 501 559 668 724 777 779 812 839 861 909 981
55  5 6 11 14 16 19 21 24 30 42 43 46 55 56 62 70 88 108 112 113 162 189 190 256 274 295 311 338 356 376 408 483 501 507 512 559 562 573 593 607 665 668 671 686 724 777 829 841 844 861 929 934 981 995 999
21  4 23 31 33 93 137 159 183 253 271 300 380 448 612 644 671 715 749 787 913 977
60  0 1 12 13 14 15 29 30 36 43 55 56 58 70 84 88 93 108 112 133 145 160 162 174 187 190 267 274 286 311 336 352 376 383 401 415 451 459 512 535 559 593 650 668 671 686 726 777 812 827 829 839 841 852 878 906 918 951 981 999
57  5 6 8 14 15 19 21 22 30 38 42 46 55 62 88 93 112 113 115 132 151 158 162 174 189 221 274 295 302 311 333 362 376 394 440 478 483 501 507 512 526 562 573 593 607 668 671 686 700 724 777 812 827 829 981 998 999
45  0 1 3 10 13 14 15 30 36 43 55 56 84 88 93 113 267 311 333 352 376 383 415 440 459 501 512 559 560 562 574 607 646 668 726 768 777 792 812 827 829 839 841 844 999
56  0 1 3 10 12 14 15 22 29 30 41 47 55 56 70 84 85 88 96 108 112 113 156 174 187 190 206 267 338 362 376 383 401 408 415 440 459 501 535 559 562 650 668 671 726 777 812 827 829 839 841 918 956 969 981 999
74  0 1 3 5 6 7 8 10 11 12 13 15 19 21 24 27 30 41 42 43 52 55 56 58 88 89 93 108 112 113 162 189 190 267 274 279 310 311 338 352 360 362 370 376 383 394 400 408 440 459 479 501 507 518 535 559 562 590 654 668 671 686 726 767 777 798 812 827 829 844 878 895 965 981
58  0 1 3 10 11 12 13 14 19 22 30 43 47 55 56 62 88 93 101 108 112 134 136 156 174 189 190 206 267 295 311 333 352 372 376 383 396 423 428 440 459 501 507 512 533 573 650 668 726 768 780 812 829 832 861 969 981 999
57  6 8 19 21 24 28 30 46 52 55 56 62 70 84 88 93 108 112 113 162 212 222 311 356 362 370 372 383 394 400 401 408 440 459 501 559 593 607 668 671 686 701 726 736 767 772 812 829 841 852 878 929 934 937 981 995 999
35  1 18 35 43 58 68 84 89 98 108 112 162 164 168 192 289 314 362 389 408 432 458 492 512 652 686 701 726 777 808 812 841 852 981 999
42  17 35 58 62 84 89 108 112 113 119 128 162 164 190 192 196 221 289 362 372 384 394 408 432 458 459 492 512 522 686 720 726 729 777 779 808 844 851 852 887 909 981
50  6 8 11 14 15 16 21 24 30 46 52 55 56 62 73 83 84 93 108 112 113 134 136 156 174 179 206 284 310 311 345 386 394 408 440 501 507 573 650 668 671 724 726 777 829 832 841 878 981 999
19  2 32 39 54 107 113 135 175 211 372 398 501 659 671 686 701 829 900 955
48  6 7 8 11 14 16 19 24 30 42 43 46 52 55 56 59 84 88 113 151 156 162 164 174 225 338 370 372 376 394 479 501 545 562 590 607 668 724 726 744 777 812 827 829 844 883 922 999
22  11 13 15 30 43 55 93 113 155 174 242 295 440 501 574 671 783 812 954 956 969 999
5  9 33 380 644 749
32  6 7 8 14 16 19 21 27 30 42 46 52 55 62 88 93 113 310 338 362 370 408 440 459 501 559 686 724 726 777 841 999
25  0 36 71 75 93 102 112 141 162 267 298 338 352 376 386 408 415 550 792 829 839 841 882 969 999
25  2 32 40 54 84 86 107 127 135 268 309 324 362 364 372 449 533 659 686 715 829 841 904 981 999
22  5 6 14 24 43 49 56 82 88 93 96 108 174 194 274 440 485 559 665 715 777 844
37  16 52 55 62 66 77 84 88 93 96 108 162 194 226 291 338 356 362 369 370 372 383 400 451 459 501 590 658 671 701 726 753 812 841 844 969 999
44  1 10 13 30 41 46 47 52 55 56 58 67 70 84 87 88 94 112 113 187 190 311 338 372 376 393 394 401 408 501 535 559 650 671 726 777 812 839 841 852 878 918 951 981
74  0 1 4 5 6 7 8 10 11 12 13 14 15 16 19 21 22 24 29 41 43 45 46 47 52 55 56 84 93 101 107 108 110 113 225 230 267 310 311 338 352 372 376 383 393 394 408 415 417 440 501 506 507 559 562 621 668 671 686 701 724 726 777 812 829 841 844 852 878 883 890 929 965 999
12  9 33 142 150 159 183 307 380 612 749 913 977
19  2 20 26 54 86 107 135 201 268 287 309 333 362 372 501 659 686 829 910
11  9 23 31 150 380 565 629 644 749 829 913
16  0 51 55 113 134 267 376 423 425 475 668 672 686 724 846 965
52  1 17 18 37 48 58 61 62 68 72 84 89 90 93 94 108 112 116 119 124 162 164 190 192 233 306 325 362 366 408 434 459 492 512 516 517 522 668 671 676 695 720 726 779 798 812 829 841 909 951 969 981
32  0 1 10 12 25 55 57 93 102 212 237 241 267 272 274 311 333 338 352 362 372 376 386 415 459 659 812 829 839 891 906 999
11  35 79 94 213 217 313 474 492 573 841 968
2  11 607
18  20 54 107 113 175 211 309 353 372 398 501 553 686 701 722 805 829 923
10  26 351 449 533 622 654 715 724 829 841
29  1 13 14 29 30 46 47 52 55 56 113 230 238 311 338 352 367 376 383 396 459 467 501 535 668 777 812 841 850
40  5 6 8 11 14 21 24 43 52 55 56 88 93 95 96 108 112 113 162 189 225 295 310 338 370 383 408 501 671 686 724 726 744 777 798 812 852 861 929 965
65  0 1 3 5 6 8 10 12 14 15 17 21 22 27 30 42 52 55 56 58 62 84 88 89 93 108 112 113 115 162 164 172 174 190 192 225 230 267 338 408 432 440 459 492 493 501 512 526 562 607 650 668 686 726 777 792 798 812 829 841 852 909 965 981 999
11  3 80 140 182 191 357 408 567 827 829 990
12  30 55 84 174 177 202 299 320 562 632 915 917
43  6 8 11 16 19 21 24 29 30 41 47 50 52 55 56 113 151 208 222 234 238 281 311 338 369 370 376 393 408 440 459 501 525 545 573 671 724 777 827 841 863 883 964
44  13 15 29 30 41 46 52 55 56 67 70 88 93 108 113 194 311 338 372 376 393 394 396 408 415 423 433 459 501 559 607 650 668 671 686 724 726 777 812 814 841 844 929 981
27  35 61 62 81 93 94 104 113 115 162 204 228 233 310 512 517 607 671 726 777 799 829 841 895 909 965 969
15  5 27 63 64 88 93 96 174 262 338 485 559 583 862 981
3  46 501 863
13  0 34 55 56 83 134 267 376 507 512 726 790 812
48  7 14 16 19 21 24 28 29 30 41 42 43 46 47 56 76 84 88 93 94 108 113 222 310 338 352 396 408 440 459 501 559 668 671 686 701 724 777 812 829 839 841 844 922 929 934 965 981
15  2 54 84 135 207 216 362 501 533 599 715 726 829 839 999
22  2 20 26 32 39 53 84 107 113 240 268 309 362 395 449 501 654 668 686 701 829 904
71  0 1 3 5 6 8 10 11 12 13 14 15 16 19 21 22 24 28 29 30 34 36 41 42 43 45 46 47 51 56 58 62 83 84 88 93 96 108 112 113 134 162 174 241 267 310 311 314 338 370 376 408 440 501 507 557 562 573 668 671 686 701 724 726 777 812 852 862 895 981 999
67  0 3 6 8 10 12 13 14 15 16 19 21 27 29 30 41 42 43 46 47 51 52 55 59 62 65 70 83 84 88 93 108 112 113 156 162 172 174 190 194 267 295 311 338 372 393 394 408 501 512 559 562 607 650 665 668 686 701 724 777 812 829 841 852 969 981 999
8  36 93 237 252 335 415 556 832
45  0 1 10 14 17 18 29 35 43 55 61 62 84 89 93 94 97 108 112 113 176 190 212 310 314 360 362 395 397 408 489 512 544 559 668 671 726 798 812 829 841 895 951 969 981
28  3 21 56 84 89 108 113 134 148 172 230 338 408 415 459 501 512 524 590 650 668 777 812 829 841 852 975 981
7  5 162 247 288 671 818 827
24  35 48 58 62 93 94 97 111 112 113 170 310 348 362 370 512 515 522 605 726 798 841 953 969
48  0 5 6 8 11 15 16 18 19 24 28 35 43 48 55 56 58 61 84 88 93 94 96 108 112 113 115 119 162 194 221 284 295 362 372 405 408 492 559 562 650 686 726 812 841 969 981 999
3  49 243 317
6  49 143 146 167 200 485
14  0 56 70 83 84 108 115 376 383 408 686 844 852 965
22  28 77 93 106 115 194 199 267 333 335 372 376 438 451 590 671 726 841 844 910 969 999
9  29 47 108 278 372 401 671 777 852
12  1 17 35 93 94 162 168 192 289 362 372 459
6  0 5 138 684 686 724
37  0 1 6 8 10 13 16 29 47 56 65 83 84 108 113 115 162 187 236 270 311 376 383 401 408 429 501 559 668 686 724 777 841 909 934 981 999
21  0 25 75 102 118 141 162 173 267 275 327 338 415 559 642 657 715 792 812 969 981
20  35 78 94 100 162 165 311 325 408 415 434 459 462 668 695 767 798 852 969 981
7  6 19 93 134 179 310 668
1  0
14  0 25 71 102 141 162 164 203 267 298 386 421 812 829
20  52 84 88 94 113 162 245 248 338 350 352 501 668 777 800 827 839 841 958 981
13  28 66 93 130 194 199 362 451 559 590 777 844 969
11  72 94 162 165 408 415 434 436 546 579 695
9  37 99 213 492 573 777 795 798 841
7  44 149 182 294 670 734 893
14  48 93 94 115 162 228 233 272 310 365 666 671 686 841
9  27 88 93 174 387 392 665 742 912
31  19 51 55 56 65 70 84 88 93 108 284 314 362 376 383 408 409 433 440 512 590 604 606 777 812 829 841 852 895 965 981
88  0 1 2 3 6 10 12 13 16 17 18 19 21 26 28 29 30 35 43 45 52 53 54 55 56 58 59 62 65 70 76 83 88 89 93 94 96 107 108 112 113 134 135 163 181 190 212 214 216 230 248 310 314 319 329 338 350 352 362 369 376 383 408 415 501 503 512 524 562 573 593 632 650 676 686 701 724 726 745 777 812 829 839 841 895 934 981 999
1  13
13  2 26 32 107 135 201 287 362 397 603 659 829 872
5  29 153 341 537 812
87  0 1 3 5 6 8 10 11 12 13 14 15 16 21 24 27 28 29 42 43 47 49 52 55 56 62 76 82 83 84 89 93 94 95 96 105 108 112 113 134 162 174 187 190 194 226 263 288 295 310 311 338 352 362 376 394 395 401 408 415 440 459 501 512 524 559 604 650 668 671 686 724 726 762 777 798 812 829 841 844 852 878 895 929 934 969 981
38  1 3 14 17 18 35 43 58 59 84 88 93 94 108 112 113 148 172 190 192 196 205 338 362 408 415 458 459 501 524 668 695 726 839 841 951 981 999
12  35 94 116 119 124 134 162 164 166 501 686 720
3  0 102 372
7  7 117 292 410 501 671 832
104  0 1 3 4 5 6 9 10 11 12 14 15 16 19 22 24 25 27 28 30 35 36 42 43 47 48 49 52 55 56 57 58 61 62 66 68 73 77 81 82 83 84 88 89 94 96 102 106 108 112 113 115 130 134 139 162 174 189 192 199 202 212 237 261 264 272 274 295 314 333 335 338 362 372 376 386 387 395 408 440 459 485 501 515 518 559 573 574 617 650 665 671 683 704 715 726 777 812 829 841 844 969 981 999
58  29 35 37 48 52 58 61 62 68 72 76 78 81 84 88 89 90 93 96 102 108 112 113 115 124 134 162 165 190 213 233 267 297 310 311 352 362 408 415 501 512 516 548 650 671 686 720 726 767 777 812 829 832 841 880 909 965 981
12  42 88 96 112 113 115 408 465 548 671 812 927
40  3 6 13 27 28 42 49 55 62 84 88 93 94 95 102 112 113 115 162 164 190 205 310 314 333 362 372 383 408 573 583 671 715 726 777 798 841 844 862 981
6  58 61 112 113 501 582
4  17 289 389 458
4  79 180 492 630
6  72 185 408 504 577 832
3  15 30 103
33  0 5 25 36 71 75 91 93 94 96 109 112 115 162 164 188 267 298 327 333 352 372 376 386 459 704 726 777 812 829 841 909 999
4  101 251 363 866
8  48 255 328 331 512 607 671 909
6  88 220 263 311 403 841
15  66 93 114 115 189 199 221 459 486 501 540 704 815 861 999
23  0 2 20 26 30 32 39 54 84 86 135 144 268 309 362 372 415 501 686 829 910 934 999
75  0 1 3 5 6 8 10 13 14 15 16 17 18 19 27 28 30 35 42 43 47 52 55 56 58 59 62 65 67 70 83 84 88 89 93 94 112 113 115 124 131 134 156 172 174 190 194 278 310 333 338 362 372 376 408 440 459 512 516 559 573 607 668 671 676 686 704 726 767 777 829 841 844 951 981
10  102 162 249 372 376 459 671 704 812 999
8  30 227 417 506 559 588 669 701
5  61 112 170 332 953
77  0 1 5 6 8 10 11 13 14 15 16 17 18 19 25 29 35 42 43 55 56 58 61 62 84 88 89 93 94 95 96 97 102 108 111 113 115 131 134 162 172 186 189 190 192 206 212 213 267 314 342 348 362 370 372 394 401 408 443 459 501 573 593 668 726 777 812 829 832 841 852 909 927 956 968 981 999
99  0 1 2 3 5 6 7 8 11 12 13 14 16 18 19 20 21 22 24 29 30 34 39 41 42 43 46 47 48 52 54 55 56 58 59 61 62 70 76 84 88 89 93 94 95 96 97 108 112 115 120 123 131 134 135 156 190 194 212 213 216 221 222 230 267 311 312 321 338 352 362 369 383 394 396 408 415 459 501 507 512 573 603 650 671 686 724 726 767 777 781 812 829 832 841 844 965 981 999
4  106 221 501 999
53  11 43 48 62 65 66 70 81 93 94 95 96 102 106 108 112 113 123 126 135 162 169 184 190 199 215 221 267 335 372 376 379 394 408 438 501 517 548 590 671 686 726 777 798 799 812 829 832 841 909 965 981 999
11  35 90 119 129 162 164 382 686 726 779 829
9  7 92 410 501 613 653 673 951 981
5  71 162 327 721 812
17  18 35 62 90 116 129 161 162 164 196 404 432 686 726 779 848 851
13  113 123 131 156 230 321 415 501 573 753 767 832 841
4  4 305 372 981
6  4 298 496 550 829 914
11  113 115 120 125 131 194 753 757 767 832 841
14  0 5 35 90 94 108 311 408 501 516 654 695 720 777
9  123 147 194 239 254 343 471 501 753
14  115 152 184 215 267 335 438 501 686 726 799 812 832 969
6  26 362 364 710 829 836
3  18 283 726
13  116 119 162 164 382 686 726 777 779 792 829 839 852
9  77 93 134 162 164 461 704 777 829
17  108 112 113 120 123 192 372 459 726 732 753 767 777 838 841 844 925
5  11 189 501 947 999
12  1 10 145 162 176 451 512 559 624 812 841 844
40  1 15 19 34 51 55 59 73 84 88 90 93 94 108 112 113 130 156 162 190 192 267 274 295 312 338 376 394 408 501 512 650 686 704 724 777 829 832 852 981
29  0 2 20 26 32 53 84 86 107 113 115 190 199 216 267 268 311 333 362 372 376 394 419 449 603 654 686 829 981
10  15 19 285 345 430 507 521 668 847 924
6  9 183 380 612 715 749
1  69
12  93 202 210 212 264 295 318 636 648 665 989 999
11  1 3 44 182 235 258 357 383 408 699 829
8  0 25 71 75 162 267 376 766
7  31 307 373 437 477 576 913
7  64 146 200 407 485 508 991
16  107 265 268 309 324 334 372 374 484 501 562 598 686 829 934 974
17  0 1 10 133 160 162 176 267 311 355 372 391 451 559 607 812 829
3  64 143 485
8  125 218 254 343 471 472 501 951
13  59 89 172 338 394 415 668 726 829 841 852 981 999
8  80 157 171 260 294 420 775 893
9  31 33 307 380 527 612 715 749 977
14  6 11 21 46 193 222 370 394 668 671 827 829 964 995
5  126 215 267 686 726
4  87 154 232 341
2  153 232
10  22 242 269 282 574 671 812 954 994 999
25  1 3 13 15 19 21 56 108 113 120 134 162 206 244 274 406 428 573 671 704 767 777 841 918 981
5  149 171 260 771 893
3  11 526 829
16  4 9 31 178 183 223 224 344 380 612 635 715 749 787 913 939
10  10 145 311 336 829 852 867 878 981 999
5  119 196 219 404 726
88  0 1 3 5 6 8 10 11 14 16 17 18 21 25 28 35 42 43 48 55 56 60 62 68 70 71 72 75 76 78 81 88 90 93 94 96 102 109 112 115 116 118 119 129 130 133 134 141 145 156 164 165 172 176 192 245 267 288 310 327 338 352 362 372 376 408 415 459 492 512 559 562 607 671 686 704 726 777 792 799 812 827 829 839 841 895 965 981
5  0 1 84 745 829
29  0 17 18 21 35 43 75 90 96 102 116 119 129 130 162 165 176 408 415 459 559 621 686 704 714 726 777 798 812
11  72 78 94 162 164 408 415 436 515 714 777
7  90 570 686 720 777 791 932
1  64
7  17 68 192 304 362 459 777
5  115 322 376 726 938
4  61 111 709 773
6  149 157 260 420 771 893
27  43 56 59 89 108 112 148 162 176 205 212 267 415 427 512 559 562 607 668 686 726 777 812 829 841 981 999
13  0 71 275 315 327 338 358 408 642 657 792 878 969
38  10 11 13 15 19 21 22 27 43 45 49 55 56 82 88 93 108 177 202 264 267 284 295 361 372 376 408 440 493 518 650 671 726 777 841 909 981 989
13  2 20 39 209 211 308 324 362 416 501 686 829 911
23  0 1 58 133 145 162 164 172 212 327 372 415 451 459 559 607 686 812 829 841 969 981 999
11  45 174 202 264 284 295 440 459 557 841 981
4  159 223 224 913
11  6 19 73 293 310 386 587 668 706 832 895
1  99
11  84 214 248 338 350 352 369 559 595 650 701
6  44 80 140 294 420 734
10  9 31 137 159 195 307 380 612 715 913
13  115 126 215 335 379 438 554 686 726 798 799 832 841
4  100 346 504 577
6  112 342 459 593 829 884
22  0 10 13 29 70 88 190 192 206 401 415 459 659 686 691 726 777 812 832 895 918 981
3  102 298 661
25  5 6 8 11 14 15 42 93 106 112 132 192 221 333 338 501 507 667 668 671 704 729 861 911 981
48  0 1 8 10 13 14 15 18 29 35 43 56 58 84 88 89 94 96 108 112 113 115 134 135 187 192 199 205 206 267 310 337 362 372 376 401 408 415 438 512 559 668 686 726 777 798 895 981
10  3 44 229 259 273 561 571 759 990 992
33  0 1 17 18 35 43 68 89 93 112 131 134 162 168 187 189 190 197 221 231 362 394 459 492 501 526 659 671 704 726 777 812 981
6  151 340 394 671 859 964
32  27 28 47 56 62 66 77 88 108 113 123 125 199 254 284 296 338 369 408 459 471 501 507 559 650 665 671 704 753 762 841 844
6  183 307 380 477 612 715
13  18 89 119 161 221 362 385 432 552 586 726 812 895
6  192 231 362 395 777 981
2  1 649
30  0 66 77 93 106 115 135 190 194 221 261 335 338 369 372 376 451 590 617 668 686 687 704 798 799 812 841 844 969 981
4  64 143 751 897
11  32 86 287 309 324 362 386 394 686 829 974
15  45 93 139 174 177 212 264 295 440 518 781 801 841 981 999
5  75 399 421 498 987
4  48 233 728 799
9  89 96 172 190 408 415 686 812 969
22  1 13 15 19 112 156 187 190 267 338 376 394 401 415 459 671 691 780 832 841 918 981
5  2 53 533 715 999
5  46 234 545 777 860
10  175 308 324 388 416 682 686 829 835 911
2  139 972
6  20 39 175 422 829 955
41  0 1 6 16 36 58 84 93 112 113 139 172 176 202 237 295 312 326 338 352 360 362 395 415 501 512 559 562 624 724 726 777 781 784 812 829 839 841 844 981 999
12  37 79 94 112 113 362 492 573 726 777 829 968
11  84 181 350 352 369 408 650 701 726 841 981
15  115 126 152 184 267 333 335 494 554 590 671 686 726 829 841
11  53 84 113 135 368 394 533 654 724 829 999
1  37
3  147 472 628
1  161
2  105 403
28  5 6 7 11 18 62 106 113 114 115 189 192 196 199 303 362 372 374 492 501 507 562 667 686 779 812 911 999
10  16 46 52 113 151 668 841 844 852 995
5  4 159 178 257 674
2  159 178
7  21 30 42 43 338 501 686
5  28 88 356 362 381
5  110 290 506 549 669
3  48 81 233
4  191 259 778 992
23  3 30 41 43 59 84 113 120 246 248 319 338 369 415 501 590 595 686 701 841 888 907 981
7  192 197 362 395 452 654 735
4  153 154 454 988
7  35 48 81 94 204 228 517
5  46 208 453 545 828
2  140 699
3  70 270 981
14  36 57 93 212 326 335 362 372 559 701 726 957 969 981
5  41 46 281 369 501
5  125 254 301 343 501
8  2 54 362 395 408 501 686 832
3  36 55 277
9  22 155 269 440 501 574 783 954 973
2  63 555
1  156
8  76 162 288 327 352 668 777 827
10  230 248 338 369 415 595 626 680 701 726
5  5 60 288 671 827
16  76 84 181 230 246 338 350 352 369 375 501 595 701 731 777 981
5  109 266 459 620 716
5  0 2 316 362 390
3  103 363 558
3  57 335 556
3  9 300 380
11  125 147 194 239 343 369 471 501 590 675 943
8  104 330 331 371 607 671 747 981
2  8 562
2  223 712
7  1 140 357 383 408 492 829
8  191 229 273 571 594 608 990 992
5  149 157 171 420 893
10  93 199 335 338 590 617 668 812 909 981
4  49 349 414 439
3  88 105 354
18  93 139 174 177 202 284 295 408 440 459 463 518 799 829 841 890 981 989
12  144 280 309 324 333 334 372 484 501 902 904 974
2  249 547
67  0 1 3 5 10 12 13 14 15 25 30 34 36 43 51 55 56 66 71 75 94 102 112 113 115 126 134 135 141 145 152 162 172 174 190 206 215 268 311 324 327 333 335 338 362 372 376 393 394 401 408 494 501 507 607 650 671 686 726 777 792 812 829 832 841 969 981
22  2 26 32 54 107 135 144 267 309 324 333 362 372 374 376 416 495 501 686 748 829 911
4  155 242 501 954
7  70 236 441 541 643 841 981
4  4 9 601 787
6  36 81 93 338 589 812
6  191 259 594 656 802 992
28  0 1 5 6 8 10 11 14 27 36 93 134 156 295 311 356 467 518 519 593 618 665 686 724 777 829 839 999
10  0 71 173 327 415 431 657 792 878 969
3  5 857 961
1  241
5  67 108 469 726 777
4  14 408 564 590
6  265 333 444 459 501 904
4  46 238 369 408
5  155 359 575 723 994
5  128 529 538 741 966
19  6 19 62 83 174 177 194 264 295 362 369 408 440 463 724 841 909 920 969
6  136 345 446 563 668 847
2  10 535
7  32 86 201 362 719 725 829
13  5 60 88 162 245 247 323 585 724 818 821 827 839
10  17 18 68 98 384 530 726 729 873 931
4  227 506 549 669
1  28
3  92 410 671
3  179 411 706
4  80 149 182 420
38  6 8 11 15 22 42 56 62 88 93 134 139 174 177 202 212 264 274 284 312 338 369 408 440 501 514 518 559 562 619 650 724 781 812 841 969 981 999
4  194 369 408 590
3  94 377 726
10  0 4 25 75 102 122 188 447 550 787
6  45 347 632 671 915 933
5  4 9 253 380 715
2  239 476
2  11 671
7  221 372 374 562 812 905 911
6  168 362 459 740 812 894
5  0 4 121 372 602
3  35 676 969
9  31 142 150 183 195 380 477 612 977
6  175 209 388 633 686 911
27  26 32 39 54 107 144 201 265 268 324 333 362 372 386 413 444 459 497 501 598 686 704 748 812 829 904 974
43  5 6 14 19 24 30 42 48 52 55 58 61 73 81 84 88 94 96 108 162 179 190 311 327 338 370 386 400 408 415 507 512 515 526 686 724 726 777 798 829 832 895 981
63  0 1 3 5 6 8 10 11 12 14 15 16 19 29 30 36 41 46 47 55 56 70 72 88 94 105 113 124 135 145 160 267 274 310 324 333 338 352 370 372 376 386 408 423 467 501 526 559 650 654 686 701 724 726 798 812 827 829 832 841 878 981 999
8  113 134 212 295 338 724 844 981
4  37 492 794 968
19  1 3 17 55 58 83 84 93 96 112 329 333 362 370 383 813 829 841 981
4  173 327 424 969
3  250 464 566
1  63
2  139 648
6  84 230 338 415 650 777
1  45
5  113 120 412 609 841
5  169 376 395 726 938
8  288 418 520 585 681 724 839 845
25  2 26 144 175 201 209 265 267 268 309 311 327 333 334 352 372 386 388 408 416 686 798 829 911 974
3  35 72 676
6  212 237 352 360 362 559
27  0 71 102 118 162 173 176 245 267 275 310 315 324 333 338 352 400 408 415 642 650 726 792 812 829 969 981
6  104 331 512 650 854 969
4  84 314 383 981
3  255 690 747
9  104 255 328 512 607 650 663 909 981
4  111 339 426 953
51  3 11 12 15 32 36 66 93 96 102 108 135 189 215 265 267 268 280 309 311 314 324 327 335 338 352 362 383 386 395 397 408 444 459 482 494 495 501 507 562 573 574 686 704 726 812 829 841 904 906 981
5  144 265 324 372 829
24  57 66 93 115 126 184 199 215 237 252 261 267 333 372 507 554 590 686 726 812 829 832 852 999
4  10 160 491 852
1  190
88  0 1 3 5 6 8 13 14 21 24 25 28 29 30 36 41 42 43 46 47 49 52 55 56 59 71 76 84 88 89 93 108 113 134 148 162 173 181 189 194 199 206 212 225 230 246 248 261 267 272 295 310 311 312 319 327 333 350 352 362 369 376 393 394 408 415 459 501 503 512 524 589 590 650 668 671 694 724 726 735 739 777 798 812 829 841 951 981
1  332
3  193 456 859
3  87 153 697
7  112 186 370 400 408 459 829
9  125 147 239 254 369 501 590 702 943
3  159 635 913
7  19 136 285 446 668 847 924
4  185 442 504 577
3  299 671 915
2  61 112
3  262 414 439
18  76 84 181 214 248 338 352 369 457 503 526 650 701 777 827 858 916 981
3  40 841 928
64  0 1 3 10 12 14 15 25 30 36 41 52 76 84 88 94 102 113 162 181 212 214 245 248 311 324 326 327 333 338 350 360 362 376 395 415 452 459 501 526 544 559 607 650 654 679 686 695 701 703 726 735 767 777 798 812 827 829 839 841 844 852 951 981
3  39 686 805
2  263 889
12  0 1 145 372 391 402 445 671 774 824 829 910
12  6 8 16 28 226 274 381 450 512 756 777 839
10  1 3 44 140 258 383 408 492 829 980
3  173 408 803
1  282
17  14 58 212 326 352 362 395 435 518 544 559 798 799 839 844 852 981
2  174 518
102  0 1 2 3 4 11 13 14 16 17 18 24 26 28 32 35 36 53 54 58 61 62 68 77 83 84 86 88 89 93 94 96 107 108 112 113 127 135 162 168 175 190 192 196 197 201 212 213 221 226 231 237 240 250 267 268 284 287 304 309 314 326 333 338 352 360 372 376 381 386 390 394 395 397 400 401 408 449 459 501 512 533 559 562 604 659 686 724 726 740 777 812 829 839 841 844 851 852 895 957 965 981
4  103 251 558 761
4  26 127 737 829
1  81
2  35 812
3  41 473 850
2  216 394
35  28 46 84 113 181 194 199 214 230 238 246 248 254 281 284 295 296 338 343 350 372 400 408 440 501 526 589 590 621 726 812 841 943 969 981
32  0 1 6 7 14 16 21 24 28 42 46 55 61 112 151 310 311 314 342 376 394 400 512 513 568 686 777 812 829 841 861 981
2  255 981
85  0 4 5 6 15 16 18 20 21 26 28 29 30 32 36 39 47 56 62 66 67 68 91 93 96 102 107 108 109 112 115 121 131 135 144 145 162 174 176 190 199 221 237 265 267 268 303 305 309 311 324 334 335 355 362 369 374 376 386 391 397 408 415 440 445 501 512 526 533 559 562 671 686 701 715 726 777 799 829 841 910 925 969 981 999
1  142
8  144 221 268 303 372 378 397 562
2  248 731
88  0 1 5 6 8 10 11 12 13 14 15 21 25 29 30 34 36 41 46 47 51 55 65 66 70 83 84 88 93 102 108 109 115 134 135 141 162 169 174 190 199 206 267 268 311 322 338 352 362 370 372 386 395 396 408 433 451 459 501 507 512 526 543 559 592 604 607 617 668 671 686 694 724 726 777 780 812 814 827 829 841 844 909 938 969 971 981 999
2  297 726
2  374 500
9  115 184 438 641 686 793 798 861 999
18  9 23 31 33 137 150 159 183 195 253 300 307 477 612 644 715 749 977
6  226 356 362 450 512 777
8  116 129 510 726 777 779 792 829
37  0 1 3 10 12 13 14 15 16 28 30 41 42 65 70 83 84 96 113 140 258 314 329 333 357 400 408 459 495 501 671 726 829 975 980 981 999
6  18 289 578 713 865 887
5  196 552 586 812 895
33  19 25 36 75 93 102 179 201 309 310 311 324 333 362 372 376 390 396 408 423 440 459 501 512 587 686 765 782 798 812 829 844 999
2  82 93
6  209 308 324 416 686 911
3  17 98 806
5  250 362 386 534 640
6  0 145 355 372 743 774
5  82 505 730 855 912
21  0 5 29 30 46 47 56 267 338 394 459 501 507 589 650 668 671 704 812 829 969
56  0 1 5 6 11 14 16 18 19 21 29 30 47 56 88 112 113 115 134 135 148 151 192 193 201 206 216 267 338 362 368 370 393 459 501 512 526 559 604 610 650 654 668 704 724 726 777 799 812 829 832 841 852 895 965 981
30  54 58 88 93 197 212 231 240 322 333 352 360 362 376 397 408 452 501 526 559 591 610 668 703 764 777 798 844 909 981
17  15 41 47 52 113 376 386 423 440 459 631 671 686 726 814 844 999
12  58 86 333 362 372 374 395 408 777 829 921 999
6  0 2 20 39 686 829
2  203 987
22  14 16 28 310 327 342 362 369 370 383 408 459 512 621 671 726 777 812 829 841 969 981
29  0 1 6 10 13 16 29 67 70 88 112 187 190 206 267 362 408 459 501 528 671 686 726 777 812 829 832 844 981
5  355 445 671 774 829
2  105 220
6  119 161 686 726 779 945
1  62
3  156 428 918
2  143 485
115  0 1 2 3 5 6 8 13 14 16 17 18 19 24 25 29 30 35 42 43 44 46 47 52 55 56 58 59 62 65 70 72 78 83 84 88 89 93 94 95 96 100 108 112 113 115 124 134 140 162 164 165 173 174 190 194 205 214 240 258 264 267 279 281 284 295 296 310 311 324 327 333 338 342 357 358 362 369 372 376 383 386 395 397 400 401 415 433 440 459 492 501 524 559 564 577 590 650 671 686 695 714 726 777 780 798 799 812 829 832 839 841 848 969 981
7  83 433 488 512 606 645 965
5  92 117 292 946 981
5  293 688 705 706 949
1  321
3  309 686 798
4  262 349 439 611
70  0 1 3 10 12 13 25 30 36 47 57 59 71 72 78 84 88 89 94 107 113 120 148 162 164 165 172 176 187 190 205 206 212 230 246 275 310 319 327 338 352 372 408 445 459 512 515 526 544 559 562 607 650 657 695 726 777 792 798 799 812 829 841 844 852 878 895 969 981 999
7  175 209 268 324 388 686 911
4  30 110 506 786
3  323 520 585
1  135
6  149 171 182 260 294 734
3  75 203 637
3  211 864 955
16  0 15 34 47 311 386 396 440 459 631 686 724 765 814 981 999
1  315
4  34 475 672 686
4  332 616 760 804
6  172 607 686 726 812 829
4  15 156 406 468
3  70 686 981
5  136 460 692 847 924
5  275 657 792 829 878
12  1 17 18 43 119 196 726 780 812 841 851 909
15  47 83 376 408 409 459 501 512 518 559 590 726 740 777 841
4  35 72 78 546
2  360 844
4  78 165 655 777
2  142 576
12  66 115 126 184 190 379 641 686 798 812 827 832
5  262 349 414 738 970
56  5 6 11 12 13 14 15 16 19 22 24 27 30 43 46 52 55 83 88 93 108 174 177 202 242 264 284 295 369 372 386 396 408 423 501 518 557 573 574 604 621 650 686 726 776 781 798 799 812 814 829 841 969 981 995 999
5  270 487 541 643 841
3  346 531 871
4  112 593 829 927
8  280 309 333 459 501 686 812 981
11  355 372 402 415 459 512 523 671 686 774 829
4  285 345 668 847
2  298 455
2  9 615
12  2 26 40 54 135 362 501 625 654 659 767 981
3  356 381 777
20  0 10 28 66 77 133 145 176 199 376 459 535 543 559 604 829 841 844 981 999
11  231 352 395 480 511 654 662 679 695 735 856
3  234 569 828
3  232 466 988
2  447 677
2  340 896
4  350 526 827 858
4  17 18 89 98
96  0 1 3 10 12 13 14 15 16 18 24 28 35 36 41 43 46 47 52 59 68 72 88 89 93 102 106 108 109 112 113 131 162 164 168 176 177 186 187 192 194 206 249 264 280 304 309 333 338 342 352 362 376 383 386 393 394 396 400 401 408 415 423 433 444 445 451 501 512 526 535 543 559 562 593 631 650 665 668 671 686 695 724 726 740 777 812 814 827 829 832 841 844 852 981 999
3  430 692 924
1  130
1  72
2  264 284
2  316 566
4  95 548 671 812
5  454 490 819 984 988
8  5 41 274 311 502 810 829 952
1  428
2  278 726
1  5
7  125 147 194 254 501 753 951
5  147 218 481 664 892
4  367 536 678 850
3  37 542 940
3  34 425 686
1  301
6  142 195 307 380 597 612
3  11 982 998
3  14 21 726
1  452
1  472
1  333
5  5 6 8 11 512
4  144 265 501 974
11  1 27 49 64 93 143 146 407 707 967 981
1  106
2  441 541
1  409
2  58 895
3  466 819 984
2  336 509
23  1 3 17 18 35 37 43 62 79 99 162 192 213 221 258 313 357 408 562 812 829 839 841
4  43 174 580 903
7  215 267 333 686 726 829 841
6  268 333 383 750 906 981
5  4 122 612 908 977
3  309 598 974
3  203 499 696
3  498 696 727
1  378
147  0 1 2 3 5 6 7 8 11 12 13 14 15 16 19 20 21 22 24 28 29 30 32 39 41 42 43 46 47 50 52 53 54 55 56 59 70 76 84 88 89 90 92 93 94 97 106 107 112 113 114 115 117 120 124 125 126 132 134 144 147 175 189 192 194 212 221 225 230 238 239 240 242 248 254 265 267 268 269 280 295 309 311 333 338 343 352 362 369 372 376 383 386 393 394 395 401 408 433 440 444 449 459 471 484 512 518 526 535 543 559 589 590 604 610 623 624 650 667 668 671 673 686 704 720 724 726 740 753 767 777 779 799 812 829 832 834 839 841 844 848 899 951 965 975 981 999
2  467 952
11  84 338 350 632 650 668 671 694 726 777 829
4  100 185 346 577
2  392 730
6  30 110 227 290 417 841
32  0 5 6 8 11 14 15 19 30 51 55 113 136 189 194 221 267 310 333 335 376 393 559 589 668 671 686 704 726 812 911 981
2  143 991
1  491
2  382 829
1  452
71  1 5 6 8 10 11 12 15 17 18 35 43 48 51 56 58 59 61 83 84 88 94 104 108 113 133 134 162 172 190 212 310 328 331 338 356 362 370 372 376 381 386 394 400 409 415 433 445 459 483 501 518 526 535 559 607 610 624 650 668 671 686 724 726 777 798 799 812 829 841 981
4  370 686 829 981
3  295 581 638
16  61 93 165 310 415 526 559 584 596 607 714 777 799 981 997 999
9  35 94 108 124 654 662 695 767 969
4  35 48 115 233
23  14 93 174 202 264 274 295 360 361 433 440 501 512 559 604 621 650 686 704 777 799 969 995
2  274 755
3  323 418 585
1  136
4  18 35 61 969
3  445 686 820
8  59 84 88 89 338 408 695 951
1  46
39  5 6 11 43 158 192 310 311 350 352 369 372 376 394 395 415 457 459 501 512 515 535 544 559 607 610 671 701 726 777 798 799 812 827 829 841 895 981 999
2  150 612
7  401 532 686 726 829 848 981
2  283 785
2  289 539
3  442 634 871
3  528 726 848
15  0 2 15 26 40 53 207 216 362 372 622 715 829 841 999
2  390 640
18  1 10 13 14 29 41 286 451 459 501 512 526 559 812 852 895 951 981
2  473 693
1  87
2  283 651
1  530
1  106
4  270 441 487 643
2  474 639
11  376 451 459 501 559 590 623 686 740 969 981
13  58 352 360 415 526 559 607 777 788 798 799 844 981
4  21 46 208 234
2  78 434
1  266
7  94 95 115 465 671 812 844
2  227 290
6  25 122 298 829 839 929
1  6
4  196 385 718 812
2  39 572
6  184 215 335 671 686 726
2  243 993
3  57 252 685
6  55 177 440 781 812 981
2  251 363
93  0 1 5 6 7 8 10 12 13 14 16 24 27 29 30 47 49 52 56 58 62 70 71 77 88 93 108 110 133 145 162 164 172 176 181 190 194 212 237 295 311 326 352 360 362 372 376 394 395 408 415 433 451 459 501 507 512 515 518 526 535 543 544 562 564 590 604 607 619 621 624 668 671 686 701 724 726 777 781 784 798 812 829 839 841 844 848 895 957 965 969 981 999
1  12
3  191 571 990
42  0 3 5 6 8 11 12 13 14 21 30 43 45 55 56 62 84 144 162 172 212 221 256 295 303 333 362 372 374 415 459 492 559 590 686 726 777 812 829 839 841 929
3  285 668 847
8  279 408 559 590 621 758 841 985
3  33 749 829
2  316 464
2  44 963
5  370 627 812 829 832
1  453
6  166 686 720 777 791 981
4  191 259 561 990
1  553
23  6 8 11 15 19 37 46 55 79 84 93 96 108 112 113 120 156 213 333 440 650 686 841
9  12 22 93 155 242 333 440 686 999
1  282
2  142 437
9  100 185 346 408 504 770 812 979 981
4  384 600 713 887
1  78
4  493 614 833 903
1  514
1  97
4  49 96 862 981
6  515 596 607 788 842 997
6  288 323 418 520 821 839
5  196 385 812 832 895
3  179 386 782
1  110
13  272 338 369 393 501 507 590 610 650 668 671 797 812
38  14 21 28 59 66 77 83 115 199 215 230 254 261 279 296 335 338 343 369 408 433 501 543 559 562 564 589 607 610 621 686 726 812 839 841 844 895 981
2  395 849
1  376
17  5 6 8 10 11 16 84 112 186 274 443 459 686 729 829 927 999
5  259 273 656 802 992
5  181 230 246 248 777
3  515 584 607
1  477
5  144 309 497 686 974
2  53 839
3  578 713 887
2  271 826
1  305
6  2 86 113 135 659 829
17  83 88 362 376 394 440 451 501 518 559 621 650 686 799 895 969 981
2  61 841
2  83 409
43  0 6 8 11 12 16 21 38 43 47 48 56 104 108 145 162 172 176 255 267 331 352 376 415 427 512 515 526 544 559 584 590 596 686 726 777 788 799 812 842 895 981 999
2  259 990
2  321 841
12  394 395 501 512 526 589 590 671 777 812 839 841
2  414 752
16  4 9 31 137 150 159 183 195 307 380 477 496 527 715 749 977
4  117 660 673 951
3  580 647 831
1  448
2  426 876
9  93 199 261 376 668 812 879 909 981
1  274
5  295 559 621 726 839
2  249 716
22  5 30 164 369 400 440 518 559 564 590 604 619 650 668 671 686 726 799 839 841 844 981
3  40 533 829
7  501 543 686 799 839 969 981
8  133 212 501 512 559 671 784 841
3  449 659 767
2  246 680
1  568
2  218 717
1  33
3  99 746 885
6  396 423 459 686 814 999
6  45 84 299 503 650 671
3  308 686 911
2  531 871
5  0 4 159 344 913
2  139 989
1  421
2  514 689
1  542
5  390 534 769 807 942
7  379 438 686 793 798 799 846
6  71 173 327 657 792 981
4  270 441 541 841
6  9 23 33 380 749 913
1  409
2  12 877
2  614 763
2  139 318
1  198
65  0 1 5 10 13 15 19 29 43 47 56 59 62 84 88 93 94 113 134 174 181 194 214 267 295 311 319 327 328 331 338 350 352 393 394 408 415 440 459 501 503 512 518 573 589 604 621 632 663 668 726 777 780 781 812 829 839 841 851 852 854 890 909 969 981
1  538
2  17 686
3  117 951 969
24  0 3 14 40 54 124 135 216 231 311 352 394 449 452 516 659 662 695 720 724 767 829 878 981
3  436 875 901
4  273 594 698 802
11  0 71 173 275 415 431 642 733 792 829 878
2  28 671
17  2 20 26 32 36 86 187 192 362 449 603 625 654 767 829 929 981
2  613 951
1  188
6  452 516 654 695 878 969
6  331 650 668 829 909 981
2  472 892
12  8 27 56 82 93 139 194 274 459 726 777 839
1  81
4  189 221 501 911
82  0 1 5 6 7 8 10 11 12 13 14 15 16 19 21 30 34 35 41 43 47 52 54 55 56 58 59 70 72 73 76 88 89 108 112 136 148 151 172 179 189 190 199 222 245 261 285 338 345 376 393 394 395 446 459 501 503 507 512 559 563 589 617 621 650 663 671 686 704 724 726 780 798 812 827 829 832 839 841 852 861 981
3  110 227 290
1  80
105  0 1 4 5 6 8 9 10 11 13 14 16 19 20 22 28 29 30 35 42 46 47 48 52 55 58 60 66 67 81 88 92 93 94 95 96 104 108 109 113 115 151 155 156 162 174 189 192 193 194 206 215 247 255 267 292 299 302 338 347 355 372 376 383 393 396 400 401 402 408 445 459 465 501 503 507 512 526 548 554 559 589 610 621 624 632 658 668 686 701 726 774 777 784 812 829 839 841 844 848 895 910 929 981 999
2  34 425
5  117 501 613 830 951
1  223
1  254
5  35 84 108 306 325
1  455
3  473 850 976
3  352 452 686
2  246 626
1  323
4  209 686 829 911
1  93
2  69 936
1  556
155  0 2 5 6 8 10 11 14 16 17 18 20 24 26 30 32 34 39 42 43 47 52 54 55 56 62 65 69 70 81 84 88 90 94 107 108 113 115 116 119 126 129 134 135 144 152 162 164 166 172 175 176 184 187 190 199 201 205 209 215 221 225 230 240 267 268 274 308 309 310 311 324 333 335 352 353 362 370 372 376 379 386 388 396 398 401 404 408 413 416 423 425 427 429 438 440 444 445 459 475 494 501 507 512 513 518 523 528 543 554 559 562 570 573 574 590 593 598 604 607 621 623 631 633 641 652 668 671 679 682 704 726 729 740 767 780 791 798 799 812 820 827 829 832 841 844 846 852 861 878 911 965 969 974 981
3  199 837 969
2  411 705
1  638
3  330 711 747
4  187 206 918 930
3  430 460 840
2  536 886
6  0 338 376 503 726 829
18  35 72 78 89 124 352 408 415 452 459 516 524 654 662 878 951 969 981
2  498 499
1  341
2  656 802
2  140 235
1  11
31  16 17 20 28 30 39 52 54 55 56 84 110 181 214 230 237 246 248 311 350 352 372 526 559 671 703 726 777 829 841 981
1  343
9  0 1 3 352 395 701 777 895 981
36  1 93 102 106 108 109 130 134 156 162 164 189 192 194 199 309 333 393 394 501 507 518 668 686 724 726 729 740 777 798 812 827 839 861 878 999
3  411 688 706
7  179 293 411 705 708 822 895
4  485 959 967 981
3  706 822 895
2  170 773
2  127 836
2  690 747
2  257 823
4  384 578 600 887
5  164 165 408 515 777
26  0 4 9 26 27 40 53 71 93 96 137 150 159 183 195 207 300 372 380 533 612 749 787 829 977 999
2  249 620
1  628
1  552
1  287
15  0 5 18 35 90 94 124 166 501 570 654 777 791 843 981
1  118
1  39
2  282 994
59  0 5 6 7 8 11 19 21 24 30 34 40 42 46 47 52 55 56 69 70 84 88 113 134 212 216 274 284 288 295 310 311 312 323 338 362 376 394 423 459 501 512 559 654 668 704 726 777 779 798 812 827 829 832 839 841 852 981 999
1  287
145  0 1 2 3 5 10 12 13 14 15 16 17 18 19 21 24 28 29 30 35 42 43 47 48 51 53 55 58 61 62 66 84 88 89 93 94 96 102 108 112 113 115 116 119 126 128 129 131 148 152 161 162 164 169 172 174 184 187 190 192 196 212 213 214 215 237 246 267 278 289 297 310 311 322 327 333 335 338 352 362 369 372 376 377 382 383 394 396 400 401 404 408 415 427 432 433 440 459 469 479 494 501 503 507 512 526 528 532 554 559 562 590 607 619 621 650 665 668 671 686 694 701 704 724 729 740 753 777 779 792 798 799 812 827 829 839 841 844 848 851 869 909 965 981 999
1  499
3  204 754 898
9  18 189 289 593 686 704 726 777 873
2  392 505
2  248 375
1  131
3  657 792 829
3  80 182 420
6  231 338 352 452 856 926
2  16 816
3  364 796 829
2  439 970
1  338
16  304 362 433 459 501 543 686 704 726 777 798 812 844 851 911 960
1  283
1  82
1  391
2  21 42
4  84 163 789 829
2  630 885
4  255 330 690 711
2  268 309
14  9 23 31 33 137 150 159 380 565 612 644 715 829 999
2  495 996
1  200
1  611
12  28 120 123 125 131 194 471 501 726 829 841 844
1  728
1  519
2  356 777
2  123 841
1  564
1  191
2  426 804
1  363
2  88 194
1  647
1  395
3  386 423 999
1  141
23  14 16 72 94 108 113 120 123 131 156 352 449 501 516 625 654 659 686 777 844 846 929 969
3  12 15 841
2  640 807
1  577
5  157 171 811 825 893
3  16 934 937
2  170 709
6  355 391 402 445 671 910
2  149 809
1  440
140  0 1 2 3 5 6 7 8 10 11 12 13 14 17 18 19 21 24 27 29 30 41 42 43 46 47 48 52 55 56 59 67 70 76 77 79 83 84 88 93 94 96 102 108 112 113 115 124 129 130 131 134 156 162 164 165 166 168 172 174 187 190 192 197 208 212 213 245 248 267 274 278 310 319 338 350 352 356 362 370 372 376 381 382 394 395 397 400 401 408 415 433 436 450 459 501 503 512 515 518 526 544 559 562 570 595 607 610 650 665 671 701 703 704 714 720 724 726 729 740 756 767 798 799 812 827 829 832 834 839 841 844 848 852 860 895 909 934 935 981
2  229 992
15  7 18 35 116 119 129 221 382 404 501 724 726 792 829 841
16  0 1 15 206 376 408 432 650 668 686 812 827 832 841 851 909
12  113 202 212 295 440 557 559 650 812 841 881 981
2  386 587
3  22 242 973
6  212 559 624 671 817 841
1  529
1  417
7  4 9 159 271 298 715 913
3  544 584 607
1  745
1  51
7  0 166 570 686 720 844 981
27  0 12 25 43 71 129 162 173 267 275 327 382 415 431 642 657 726 733 779 798 827 829 841 852 869 878 981
4  379 641 846 861
1  313
1  79
2  737 829
2  589 812
58  5 6 14 35 42 43 58 61 72 79 88 96 115 164 184 190 199 310 311 324 338 352 360 379 386 395 408 413 415 438 440 512 526 544 559 641 668 686 704 724 726 740 777 792 799 812 827 829 832 839 844 848 852 861 895 969 981 999
37  6 48 115 126 162 184 199 204 264 360 372 394 408 415 440 501 512 515 518 526 544 604 607 621 623 641 686 726 777 798 812 820 827 829 848 969 981
1  76
2  202 981
5  273 594 656 698 992
1  358
2  426 760
2  39 353
1  389
3  640 769 986
2  17 18
1  775
1  467
2  771 825
140  0 1 3 5 6 7 10 11 12 13 14 15 16 17 21 22 28 29 30 35 36 41 42 43 47 51 52 55 56 58 59 62 71 75 83 84 87 88 93 94 95 102 109 112 113 115 118 126 133 145 155 162 164 172 176 187 192 196 199 205 212 221 261 267 272 295 303 304 309 311 327 333 335 338 352 362 366 369 370 376 385 386 393 394 400 401 408 415 427 432 438 440 444 459 465 492 501 507 512 526 535 548 552 557 559 562 568 577 586 589 590 607 610 617 650 668 671 686 704 724 726 740 777 780 781 797 798 799 827 829 832 839 841 844 852 881 890 895 981 999
1  314
10  47 376 396 423 440 459 631 829 841 999
1  106
1  736
1  784
3  60 288 827
3  466 490 984
7  523 686 799 827 844 848 878
3  288 585 839
4  706 708 868 895
1  712
4  355 829 853 971
2  771 811
1  601
49  0 1 3 6 10 11 12 13 14 21 44 46 60 76 151 162 245 247 288 311 350 352 376 438 457 459 526 668 686 704 724 726 777 780 792 798 799 812 818 820 829 832 839 841 844 848 852 878 895
2  234 453
183  0 1 2 3 5 6 8 10 11 12 13 14 15 16 19 20 21 25 26 30 32 33 35 36 39 40 43 44 48 52 53 54 56 58 59 75 83 84 86 88 93 94 102 107 108 112 113 115 116 122 127 129 130 134 135 140 144 145 148 151 158 160 162 163 172 175 176 186 201 209 211 212 213 215 216 258 264 267 268 274 287 309 310 311 314 324 327 333 334 335 338 342 352 355 357 362 364 370 372 376 382 383 386 393 394 397 398 400 401 402 408 415 427 431 440 443 445 451 459 467 492 494 501 503 510 512 513 526 528 533 550 559 562 565 568 593 603 622 650 654 657 659 663 668 671 682 686 694 701 715 724 726 733 737 745 749 753 777 779 792 796 798 799 812 814 824 827 832 835 839 841 844 852 890 895 909 910 911 929 971 974 981 999
1  673
1  614
50  1 15 19 57 92 94 100 112 113 115 120 123 126 134 179 184 187 206 240 267 310 311 335 394 401 408 438 459 501 568 586 668 686 724 777 780 798 812 827 829 835 839 841 844 852 895 929 965 981 999
1  580
3  501 777 848
6  209 829 832 839 841 844
2  127 710
2  687 969
1  131
59  0 1 3 7 10 12 13 25 29 36 52 53 76 84 89 129 162 212 274 288 323 352 356 360 362 408 492 501 550 559 562 585 590 599 610 619 621 623 650 665 668 671 704 724 726 777 798 812 821 827 829 832 835 841 844 852 895 969 981
1  692
147  0 1 2 3 5 6 8 10 12 13 16 17 19 24 25 26 28 29 30 35 37 40 41 43 46 47 48 52 56 58 59 61 62 66 70 76 79 81 83 84 88 89 93 94 96 102 105 108 112 113 115 120 123 131 133 148 156 162 172 174 176 177 184 194 199 202 206 212 214 215 222 230 264 267 270 284 295 311 314 321 333 338 351 352 362 369 370 372 376 394 400 408 415 432 433 440 441 451 459 492 494 501 506 512 526 533 559 562 564 573 590 605 609 610 621 624 643 650 668 671 686 701 724 726 753 757 768 777 779 780 781 784 792 812 814 827 829 832 835 839 844 852 890 928 969 981 999
2  584 607
2  720 981
69  0 1 5 6 8 12 14 18 21 27 28 30 47 52 65 66 77 88 93 96 108 113 131 133 194 199 212 222 312 352 360 362 376 386 395 396 401 415 435 451 459 501 544 548 559 590 621 671 686 726 740 753 767 777 791 798 812 820 827 829 832 835 839 841 852 878 928 981 999
1  323
6  34 641 686 767 793 962
6  136 285 345 430 446 563
15  119 408 501 528 532 559 671 726 777 798 799 820 827 834 981
1  591
4  41 367 473 678
8  18 119 362 432 650 726 740 780
51  0 1 3 10 16 17 18 29 30 42 43 55 56 59 65 67 72 83 88 112 129 134 148 160 222 335 336 352 360 362 394 415 459 535 650 668 686 724 777 792 798 812 827 829 832 839 841 844 895 981 999
3  824 870 971
2  328 650
1  392
3  452 735 926
2  276 961
2  350 457
2  193 340
2  208 777
14  6 7 8 15 42 106 189 370 379 668 686 704 793 798
5  49 55 96 583 981
2  46 50
1  422
1  384
1  103
1  160
1  822
2  726 792
2  853 971
4  442 531 634 874
1  86
2  289 729
1  871
1  655
1  616
1  646
28  0 1 10 14 16 19 29 30 88 160 173 275 311 415 431 654 657 662 686 695 704 792 820 827 844 969 981 999
1  617
1  94
2  781 812
2  0 25
3  21 30 46
1  186
2  630 746
1  693
7  18 384 578 600 713 944 948
2  230 907
1  354
9  3 6 30 264 650 812 829 841 895
1  36
2  472 664
6  80 149 157 171 260 771
2  304 941
46  3 5 6 14 48 55 58 83 84 88 162 179 187 190 196 310 362 385 394 415 489 526 535 559 586 590 604 607 671 703 706 708 777 798 812 822 827 829 832 839 852 890 911 965 981 999
1  456
1  200
1  728
1  501
2  2 20
1  655
1  265
2  493 580
6  26 54 265 280 309 333
1  303
6  0 10 36 333 495 919
2  230 888
2  496 977
29  0 5 7 18 35 43 48 70 94 102 104 112 115 174 261 284 331 376 395 432 617 650 663 726 777 780 829 950 981
9  32 66 107 355 372 671 774 829 999
19  175 189 209 221 268 303 308 324 388 416 507 633 667 682 686 740 829 895 999
2  82 392
12  4 9 31 33 142 159 178 183 344 635 644 787
3  0 4 122
3  45 299 347
1  350
1  45
10  0 1 10 13 29 156 187 206 406 691
1  906
1  284
1  397
2  21 52
1  39
4  136 345 430 460
2  131 372
2  735 856
4  95 112 443 593
3  351 841 844
15  8 16 30 42 47 52 88 550 562 659 671 767 829 832 999
1  691
1  289
2  166 978
1  299
13  2 6 8 16 52 70 84 88 107 144 772 777 981
2  777 981
1  684
2  16 772
3  169 322 376
1  159
1  474
1  894
1  640
3  254 343 369
2  887 948
1  404
2  410 981
1  132
2  887 944
1  411
1  909
24  1 2 3 10 29 35 58 89 108 117 147 338 352 471 501 524 535 613 653 660 673 695 969 981
3  5 467 502
3  61 111 332
5  22 155 242 269 999
3  20 211 422
3  13 22 112
4  237 362 559 969
1  76
1  707
1  740
3  5 276 857
1  846
1  567
3  46 151 193
23  0 14 30 34 42 43 48 52 65 83 94 113 115 162 362 394 409 501 559 686 726 832 895
1  283
2  485 707
4  37 112 213 313
66  0 5 6 13 15 22 25 28 35 48 56 58 61 62 66 71 72 77 88 93 126 173 176 199 205 237 267 275 284 295 306 315 327 328 369 372 376 393 400 408 415 440 516 518 522 543 559 604 623 650 653 662 686 687 695 767 798 799 837 839 841 878 951 957 981 999
2  439 738
7  376 824 829 853 870 981 999
1  210
2  242 783
11  144 201 265 309 324 484 497 598 686 829 981
4  59 383 501 999
1  678
10  9 31 150 307 380 496 612 715 908 999
1  932
1  577
3  357 383 983
175  0 1 2 3 5 6 7 8 10 11 13 14 15 16 17 18 19 26 29 35 43 47 49 52 55 56 58 59 62 70 71 72 76 83 84 88 89 93 94 96 108 112 113 115 117 121 134 135 148 156 160 162 172 174 176 177 187 189 190 192 197 199 202 206 212 214 230 236 237 248 255 261 264 267 270 295 310 311 312 314 327 329 331 333 338 350 352 360 362 369 370 371 372 376 383 394 395 400 401 408 410 415 423 429 440 444 449 451 459 485 495 501 507 512 513 515 526 528 535 543 544 557 559 570 577 583 590 604 607 617 621 623 642 650 654 659 663 668 671 686 695 701 703 707 720 724 726 777 781 791 792 798 799 801 812 829 832 839 841 843 844 848 852 862 878 895 909 934 935 946 951 969 971 974 999
1  478
1  980
3  466 490 819
1  564
1  807
2  203 399
3  232 454 466
4  139 174 264 636
6  44 191 259 561 571 608
2  143 508
7  191 229 259 273 594 778 802
1  555
3  155 282 723
7  6 8 16 151 222 440 518
1  750
2  515 584
2  11 478
103  0 1 2 3 6 8 10 11 12 13 15 16 17 19 21 22 24 25 26 28 30 36 43 53 55 56 62 66 70 84 89 93 102 106 107 109 112 113 114 115 132 139 148 155 160 172 176 202 207 212 216 221 274 295 311 335 372 376 379 383 386 396 397 415 423 440 451 459 501 515 526 533 559 574 593 607 631 671 704 715 724 726 749 765 798 812 814 829 832 841 844 852 878 895 910 911 929 954 969 971 975 977 981
