1000
13  77 124 221 445 465 477 489 682 748 804 895 940 996
13  86 114 145 188 291 336 360 389 433 736 827 850 971
14  23 210 222 235 270 314 350 424 427 541 605 836 848 920
14  110 189 197 256 265 550 565 704 782 801 819 873 954 968
13  53 89 105 269 282 411 597 756 827 833 853 969 972
11  15 16 99 119 226 228 272 306 601 854 887
9  63 246 455 581 617 670 887 898 987
15  103 119 132 216 222 256 324 336 489 553 725 743 936 945 988
7  21 58 315 321 709 748 997
8  120 234 371 393 619 711 871 896
5  140 463 517 536 679
13  16 81 179 303 367 424 535 649 749 906 931 955 988
9  25 80 402 422 474 529 745 775 880
6  27 352 425 520 673 712
8  97 148 154 230 813 916 993 997
9  5 257 267 303 401 514 735 967 985
12  5 11 241 246 600 620 734 823 833 854 951 990
13  42 127 253 291 409 461 511 699 874 878 881 908 933
18  46 67 91 208 209 219 225 321 418 434 443 501 545 761 840 859 976 985
13  58 156 179 182 206 213 218 275 402 472 503 917 927
11  74 195 271 325 637 784 835 915 950 963 964
12  8 122 124 343 467 524 615 660 712 810 865 913
12  168 353 354 534 548 565 619 729 759 786 800 922
12  2 172 217 230 398 403 469 698 811 883 955 972
13  34 38 58 74 152 202 289 519 521 725 758 934 984
11  12 80 284 311 345 404 600 707 764 802 987
6  380 388 640 727 776 837
7  13 82 120 394 677 896 980
10  43 270 345 406 490 596 642 652 809 985
15  33 111 186 197 226 361 395 508 645 710 751 848 869 939 983
7  201 338 650 737 772 841 861
16  48 216 353 401 409 439 462 464 465 471 508 799 829 861 902 959
8  163 431 573 581 621 666 910 941
13  29 74 198 278 376 502 514 518 529 531 613 734 781
8  24 322 379 501 668 785 837 895
11  202 291 337 340 388 458 466 771 957 979 998
8  59 65 100 187 303 340 556 763
12  112 136 144 180 246 449 468 692 758 829 978 999
14  24 39 88 218 267 275 291 295 304 372 374 630 745 800
11  38 113 137 308 599 684 692 771 836 842 891
12  272 275 323 367 381 422 664 716 779 802 920 939
11  70 116 143 161 215 308 310 341 353 591 746
6  17 148 259 276 902 994
16  28 235 263 305 326 491 514 609 748 764 771 784 864 909 958 987
9  223 236 385 456 695 798 811 817 905
7  62 359 499 508 535 716 803
10  18 171 424 478 503 623 667 725 805 842
6  258 353 418 847 852 973
6  31 83 473 562 779 855
11  53 80 127 189 387 644 662 739 763 877 912
14  60 106 122 140 180 185 197 320 428 441 769 815 841 991
13  58 82 103 113 198 403 503 506 565 720 811 875 967
9  77 211 225 336 494 634 774 964 973
10  4 49 76 252 305 309 413 793 884 930
12  75 78 153 320 382 436 462 624 650 755 943 997
11  58 84 122 275 360 375 479 549 764 828 895
9  233 342 387 514 547 590 717 769 973
11  136 234 284 310 320 349 643 653 665 791 900
16  8 19 24 51 55 144 241 272 371 417 493 542 617 795 872 971
8  36 155 239 294 470 491 842 864
8  50 122 267 315 411 447 695 913
9  80 94 216 237 634 728 785 907 983
7  45 356 515 549 571 630 857
10  6 96 155 236 497 568 608 657 658 810
6  144 299 578 700 754 805
4  36 129 465 981
9  146 273 277 328 377 705 732 741 949
11  18 149 255 518 524 652 694 707 742 881 953
14  77 108 275 347 393 414 440 584 592 734 854 869 947 974
9  299 309 359 373 465 522 605 835 862
9  41 377 456 578 579 817 915 940 945
7  192 440 528 564 614 944 965
7  163 273 304 449 457 465 570
7  152 221 310 354 392 502 627
9  20 24 33 79 157 293 296 352 559
15  54 125 139 142 201 207 234 279 301 604 617 717 854 933 976
5  53 326 492 594 806
10  0 52 68 127 227 500 660 822 859 866
10  54 96 376 604 635 665 666 771 782 909
10  74 297 363 477 479 520 523 745 747 787
19  12 25 49 61 81 182 348 355 385 402 432 482 684 711 763 861 892 929 979
9  11 80 102 271 778 813 862 949 987
11  27 51 114 230 235 397 570 704 735 753 947
12  48 261 274 306 454 456 655 875 946 970 993 996
12  55 116 193 379 472 482 677 688 802 865 912 992
4  375 528 749 814
8  1 335 355 429 487 772 946 969
12  173 474 627 697 763 811 885 920 921 929 973 990
11  38 107 133 228 242 293 451 788 849 884 896
12  4 90 124 202 520 531 540 586 598 654 819 845
10  89 132 185 417 474 483 585 662 845 897
8  18 244 339 501 660 818 921 967
7  104 544 621 697 796 827 959
13  116 140 147 233 318 437 581 629 694 765 785 828 975
7  61 120 127 389 476 751 823
10  162 188 252 284 430 462 573 666 683 853
12  63 78 205 211 401 629 705 728 826 847 984 996
6  14 201 232 541 594 800
10  108 177 187 240 260 367 500 587 707 893
9  5 104 302 537 609 834 872 906 971
13  36 103 165 166 326 453 488 540 589 882 936 952 974
9  124 217 273 315 335 392 396 495 935
6  81 166 542 687 945 959
17  7 51 100 123 138 179 192 327 490 508 545 568 624 702 774 803 909
10  92 99 150 195 219 359 550 573 774 782
14  4 115 149 191 222 310 324 412 546 577 728 773 802 876
12  50 223 298 368 541 610 649 687 688 743 765 917
7  88 641 754 806 903 968 985
15  68 98 161 223 228 335 336 454 535 562 580 618 802 984 986
19  160 166 197 210 286 291 296 358 463 498 502 525 530 598 662 691 818 876 951
3  3 410 484
10  29 256 283 307 341 473 769 781 860 964
8  37 120 178 367 429 763 903 954
13  39 51 290 395 417 522 528 532 553 783 816 823 919
15  1 82 133 185 422 452 562 619 665 668 763 907 918 946 962
9  105 228 263 289 306 501 592 628 737
13  41 84 93 154 316 601 762 790 845 855 890 970 976
10  124 245 497 563 575 664 809 854 888 898
11  201 286 316 362 423 543 621 834 864 942 971
19  5 7 213 230 363 418 444 446 507 669 696 706 718 767 775 785 792 814 825
11  9 27 94 112 245 294 355 513 764 788 821
9  176 241 305 591 627 788 826 855 876
20  21 50 55 60 219 227 364 367 452 616 701 721 733 743 753 803 809 944 962 966
14  103 184 257 275 332 348 365 437 446 519 570 641 891 942
8  0 21 89 101 117 135 462 509
8  75 318 330 406 539 650 943 981
13  219 282 353 399 410 442 473 529 589 728 784 841 912
15  17 49 77 94 169 328 399 494 542 678 766 788 867 886 957
8  147 205 468 526 658 840 900 949
11  65 203 274 289 396 472 665 768 781 878 904
12  228 436 456 476 534 680 695 733 788 806 924 984
14  219 247 304 337 368 383 466 486 495 499 631 785 795 813
8  7 90 174 254 436 710 732 966
13  88 114 198 277 390 412 678 687 788 791 864 930 964
10  141 147 212 260 264 303 347 438 773 947
7  124 465 621 660 670 940 948
11  37 57 155 253 424 425 658 691 760 849 899
10  39 141 387 562 740 870 932 963 967 985
4  103 664 723 834
9  75 201 234 340 521 678 700 952 987
12  10 50 93 251 337 396 514 703 734 869 872 956
9  134 137 304 501 625 781 812 933 973
10  75 178 244 500 527 659 780 785 851 955
9  41 308 431 529 724 730 738 743 896
8  37 58 64 156 407 578 674 883
10  1 252 308 315 492 495 606 638 877 927
11  66 162 190 215 259 278 367 400 670 912 954
12  93 128 134 155 265 313 324 405 589 619 748 842
6  14 42 190 510 702 995
10  67 105 177 228 393 551 709 751 822 930
8  104 241 316 481 841 885 940 960
10  182 199 286 331 350 439 499 507 840 958
13  24 73 212 217 281 307 353 369 377 469 533 647 709
11  54 319 320 388 410 437 517 609 644 696 777
11  14 116 253 298 308 371 487 532 576 588 794
13  59 63 136 147 169 209 318 473 596 624 685 711 750
11  19 144 223 226 537 548 563 662 886 961 992
10  74 197 311 507 584 621 634 641 868 953
9  231 260 327 401 561 758 808 888 976
12  237 270 317 334 420 473 641 753 800 865 960 990
6  109 293 611 757 860 975
14  41 108 187 252 265 273 383 466 593 606 634 780 910 973
14  95 146 240 340 351 412 498 620 622 644 729 883 939 983
8  32 72 258 332 726 742 803 914
5  385 489 551 707 888
12  100 183 337 348 540 721 725 756 788 790 885 982
11  100 102 109 200 224 274 296 329 363 574 689
17  195 213 264 303 404 449 466 471 485 490 565 609 679 690 813 836 911
9  22 235 249 431 432 589 702 825 828
8  127 155 278 501 553 589 825 879
8  195 347 399 634 654 768 937 993
11  46 178 346 474 475 573 600 697 770 908 917
11  23 184 205 530 596 625 682 708 760 896 932
9  87 203 361 390 597 711 871 931 959
9  132 194 221 329 473 594 783 787 995
11  202 309 393 405 464 699 704 730 735 779 966
9  121 212 470 521 547 821 854 859 955
16  98 149 203 212 225 255 272 356 382 456 506 566 630 633 641 941
9  112 142 171 257 415 701 820 892 933
16  11 19 103 296 439 494 579 612 656 681 874 942 962 977 996 998
14  37 50 212 221 231 254 560 598 631 643 829 875 907 955
9  204 230 370 457 600 617 639 673 755
12  19 80 151 313 506 555 560 654 721 805 977 983
6  165 258 363 549 728 990
6  123 172 313 685 779 869
9  50 90 114 333 547 584 632 664 985
5  29 447 480 501 850
11  36 98 161 191 395 521 534 681 873 955 986
10  1 95 227 233 445 501 546 674 802 986
12  3 49 251 265 307 336 481 492 563 781 825 914
13  146 148 289 361 394 454 479 582 678 716 727 804 879
7  105 187 341 588 722 775 883
12  71 103 248 256 357 395 487 604 611 840 932 991
8  84 273 283 352 427 484 520 928
6  174 249 335 468 975 997
8  20 104 167 170 568 703 953 965
4  487 518 793 827
14  3 29 50 109 157 337 376 426 473 625 673 729 760 937
9  33 51 133 338 441 768 865 866 902
8  151 210 490 799 847 969 977 980
8  166 263 442 564 739 800 854 966
15  30 75 97 118 139 246 415 572 649 680 691 721 722 891 942
10  24 35 89 175 214 362 399 522 625 858
4  129 173 177 773
9  181 452 518 552 611 677 762 828 903
15  96 128 172 216 273 307 370 417 525 566 595 612 632 651 959
6  19 283 427 642 725 757
7  75 275 327 754 819 904 930
7  18 303 546 662 671 732 761
6  18 155 517 622 674 798
11  2 109 199 224 475 495 516 698 731 793 798
14  52 96 221 231 265 405 413 473 638 679 842 857 907 957
7  134 152 176 177 180 382 850
13  19 119 167 245 246 379 415 536 572 578 588 644 696
13  202 247 456 494 545 633 651 677 700 800 825 856 967
8  41 146 301 375 413 465 527 614
16  7 31 61 205 243 307 432 464 643 661 702 742 782 868 919 960
11  23 101 152 327 557 559 579 623 858 950 954
8  19 38 230 435 547 827 836 840
17  18 104 122 126 131 238 290 520 567 581 678 766 792 799 863 978 990
5  397 400 742 769 910
7  0 73 174 180 211 466 660
12  2 7 105 244 361 373 393 432 686 715 849 971
14  44 106 108 156 314 318 334 394 537 640 693 727 827 970
13  166 210 255 266 281 433 601 621 707 749 753 785 980
10  18 52 177 451 467 509 584 595 599 818
11  5 29 156 246 259 302 303 315 442 498 712
7  77 122 188 322 537 703 968
14  5 88 108 115 130 149 361 424 490 496 738 850 901 961
7  500 505 547 630 676 699 747
13  14 23 82 119 181 218 263 274 349 733 785 878 993
15  158 180 211 284 358 361 389 478 671 713 731 737 845 899 936
9  97 289 310 427 578 621 632 703 922
13  56 93 188 270 272 284 314 316 427 478 849 880 941
13  9 57 75 139 238 367 369 448 473 518 798 931 996
11  2 43 82 168 322 422 512 595 735 871 903
9  44 63 242 336 467 652 733 935 954
10  61 159 544 573 634 669 698 786 869 974
9  219 234 338 482 554 688 701 808 993
11  59 243 298 335 494 773 814 819 938 949 996
8  98 162 340 428 723 728 742 835
11  16 58 121 150 393 524 698 699 718 743 800
7  88 236 354 427 474 673 921
8  216 239 291 351 667 772 775 885
9  91 142 222 324 352 389 436 671 892
17  117 120 213 288 355 398 504 508 585 674 710 711 718 760 766 953 982
20  6 16 37 201 213 226 349 384 420 507 571 587 641 678 734 810 811 894 904 907
12  131 214 348 401 451 546 568 608 615 660 792 820
11  192 314 489 492 540 559 668 840 878 985 994
8  168 194 318 377 439 604 735 785
4  328 577 855 992
10  140 189 307 571 585 609 677 860 934 958
15  53 95 145 161 359 419 426 537 582 586 588 640 668 740 800
12  17 136 154 352 362 366 501 518 716 758 893 951
7  132 180 437 491 519 783 902
6  67 177 224 530 660 770
11  3 7 111 192 374 408 507 531 560 627 982
9  15 123 178 273 609 630 679 792 941
11  47 163 183 264 299 540 566 645 721 752 886
12  42 146 226 414 546 548 553 617 621 912 917 974
15  98 134 158 471 594 635 669 673 687 723 795 797 904 933 940
7  83 529 608 629 712 823 991
11  303 398 485 495 638 679 693 778 873 975 985
10  43 115 200 230 412 526 614 639 781 940
11  134 167 258 296 459 503 506 712 756 871 918
16  3 147 161 189 211 290 305 476 531 547 549 689 699 731 790 809
10  224 288 337 439 536 575 673 773 849 984
11  15 38 60 269 570 784 845 848 871 947 968
3  458 645 935
9  4 267 297 335 342 457 772 813 844
12  2 28 159 233 447 525 615 671 717 788 857 974
10  20 81 317 426 630 837 871 892 933 938
10  5 40 58 177 233 608 648 749 870 923
13  66 72 101 161 193 205 257 531 546 573 598 601 795
9  83 129 166 230 295 521 594 701 724
14  19 38 40 55 68 123 207 439 518 525 757 834 840 966
8  42 406 498 587 619 667 776 899
9  66 133 310 381 387 559 598 657 838
12  33 146 169 393 439 562 608 734 786 913 914 920
6  75 659 702 836 900 927
6  398 624 682 731 919 975
6  152 224 288 683 700 958
9  4 126 297 365 512 622 773 841 959
8  111 193 206 527 566 728 771 847
12  25 57 95 231 233 463 531 567 704 708 933 955
12  407 466 488 496 609 636 662 715 797 978 984 999
6  109 118 151 538 639 977
8  400 548 612 686 771 776 894 972
10  245 266 281 309 505 560 635 729 805 903
17  24 115 129 190 232 313 370 382 399 434 593 601 688 689 714 745 774
12  113 219 265 385 436 447 554 625 656 748 750 993
11  1 17 35 38 109 243 356 456 527 596 678
5  537 638 774 885 948
11  74 88 160 355 366 523 579 713 769 961 985
11  59 120 368 375 450 461 550 655 660 806 917
9  38 274 481 570 774 852 869 889 949
12  74 109 166 179 264 307 322 500 510 615 671 922
10  79 269 282 306 424 458 500 523 524 628
14  106 154 239 427 435 510 538 597 607 645 656 823 849 937
15  64 69 258 330 383 414 433 457 474 689 730 766 905 914 990
4  348 633 747 817
9  75 215 396 457 471 547 623 812 814
5  99 226 565 604 734
13  11 15 36 134 167 208 226 262 421 450 527 633 678
8  38 72 131 141 315 377 478 505
9  43 53 121 265 531 625 634 787 956
9  5 83 115 297 491 589 680 737 771
12  111 152 189 205 216 251 296 365 503 541 735 889
19  39 41 143 145 154 311 468 495 503 537 556 606 618 636 768 811 840 980 986
11  53 69 175 288 345 627 703 764 855 992 993
10  41 57 73 105 232 277 393 402 563 953
12  25 157 308 330 432 495 577 637 746 816 983 989
6  558 567 734 777 822 886
9  147 182 184 289 396 423 449 492 568
13  2 223 233 248 316 502 526 736 762 787 793 913 978
15  8 60 101 145 226 304 534 592 605 713 721 724 828 891 979
6  116 118 150 233 314 530
9  159 271 403 406 547 679 747 927 983
11  93 125 155 223 249 406 541 768 830 910 944
7  153 325 510 595 802 855 888
15  50 54 57 153 339 448 505 531 639 716 731 834 860 873 928
5  8 18 471 908 916
14  34 227 235 296 420 480 493 703 748 811 853 926 927 962
3  40 470 871
12  7 105 147 244 459 462 502 577 609 634 840 973
10  20 319 409 426 568 594 839 844 908 997
8  43 76 100 393 673 847 859 902
10  103 158 207 217 348 371 389 533 765 829
12  66 127 250 330 338 507 572 655 723 824 840 977
9  166 174 489 541 542 671 725 757 848
9  125 299 311 328 502 515 739 825 828
7  151 335 400 674 784 790 947
12  123 163 362 365 522 545 727 746 799 909 912 948
5  185 643 813 840 859
9  159 223 568 628 644 746 810 898 986
12  86 101 108 194 239 269 331 399 678 685 783 889
9  1 7 52 108 189 236 446 487 781
11  35 131 140 165 197 266 473 487 574 590 961
11  30 198 238 328 394 423 468 567 681 891 977
9  91 320 452 476 509 597 694 736 898
11  35 36 139 162 240 453 557 576 679 792 885
10  41 111 191 388 390 562 698 730 754 839
8  56 269 461 475 520 742 792 820
13  21 345 557 605 616 620 647 663 678 693 764 958 965
5  583 591 831 887 970
9  25 28 309 343 605 673 680 825 885
13  171 462 476 502 609 615 624 738 783 932 951 976 996
6  68 134 170 745 779 910
7  80 123 165 247 300 327 446
9  57 230 246 557 573 601 755 757 924
6  2 151 655 686 714 788
10  162 243 386 588 625 753 803 840 910 924
14  13 74 193 244 253 568 578 596 664 716 741 803 848 892
12  22 31 41 47 126 152 490 636 694 710 812 960
10  22 73 242 357 395 585 736 778 829 994
11  80 86 120 245 293 371 372 458 701 880 989
10  62 177 291 369 689 802 858 871 933 944
10  192 354 477 560 724 742 807 832 937 953
5  109 231 434 633 950
11  45 69 104 252 568 600 633 753 813 815 972
11  1 55 393 539 568 608 711 727 762 854 996
10  29 173 190 222 228 231 468 474 700 727
15  118 202 253 332 375 376 413 463 503 741 742 819 863 952 964
7  79 119 166 183 495 833 897
10  122 467 550 634 639 731 815 889 895 948
9  123 282 307 332 412 476 532 550 702
14  253 293 378 556 631 667 693 707 793 803 848 853 893 908
11  11 40 98 112 122 146 234 397 690 816 844
10  106 131 294 386 397 442 564 636 833 910
10  152 234 356 377 390 625 671 812 950 984
7  181 205 289 371 801 926 967
12  9 58 154 327 355 370 376 483 494 536 604 874
8  38 355 470 476 609 810 818 862
8  69 222 416 578 658 788 954 955
9  38 256 444 462 463 480 488 773 852
10  55 85 215 294 362 437 624 675 774 908
13  33 78 197 362 371 464 481 578 613 632 712 815 973
12  66 70 152 249 304 369 413 575 623 803 901 965
8  366 475 570 773 835 842 905 916
9  34 84 213 502 673 777 851 911 988
8  26 548 550 610 660 679 711 977
6  40 277 611 784 925 999
14  54 177 212 289 399 401 454 513 613 656 776 829 948 975
12  131 161 299 512 561 579 582 736 836 886 922 942
9  246 429 447 687 759 761 882 905 942
16  44 80 164 290 444 501 508 520 531 587 640 678 683 685 766 905
11  351 368 440 498 556 654 683 696 780 817 943
14  49 56 137 277 396 408 422 504 597 740 764 768 782 825
9  26 35 153 341 411 452 514 670 996
12  1 94 231 244 327 462 498 558 763 959 960 967
7  133 173 341 369 445 463 791
4  454 667 693 895
7  73 101 423 589 664 702 796
19  9 68 149 175 222 241 278 310 326 360 514 528 546 591 606 610 754 881 991
13  27 190 223 338 397 463 473 502 526 573 606 694 968
14  29 113 187 192 354 462 490 592 597 695 757 886 982 983
14  101 129 140 301 313 387 460 578 581 596 756 792 975 980
11  82 220 367 368 394 502 646 661 750 785 973
8  23 245 262 280 720 744 907 908
11  126 127 170 202 289 335 382 471 594 683 792
9  146 220 287 331 419 613 703 907 979
9  15 31 96 158 247 382 485 778 819
10  12 19 80 310 428 433 502 611 796 970
9  23 51 317 415 559 653 760 786 908
7  25 167 499 597 808 878 900
13  147 175 211 417 421 424 543 607 705 719 754 781 963
14  28 125 276 317 318 507 585 715 731 772 835 874 884 933
5  144 285 479 522 972
6  256 387 423 553 820 870
10  17 31 325 454 458 492 810 854 891 901
8  110 126 153 525 630 806 890 946
7  4 60 388 552 651 673 850
6  105 133 162 263 365 866
8  53 211 215 362 377 551 701 966
15  68 259 299 418 555 638 667 702 803 930 936 940 949 955 968
11  178 201 213 403 467 489 570 575 588 623 729
10  373 426 558 625 660 680 692 730 734 971
10  58 90 113 205 405 478 642 722 759 969
6  18 47 119 414 533 897
6  252 400 487 816 870 939
8  159 246 322 479 499 681 888 970
8  303 405 504 591 731 780 785 801
9  12 40 114 235 387 713 804 829 849
15  118 313 338 392 408 517 553 713 783 796 803 827 842 908 924
12  2 11 46 136 228 297 405 598 801 811 848 917
7  13 136 584 695 797 862 891
14  197 252 271 325 416 440 497 666 824 872 895 927 980 996
13  2 193 206 232 233 242 298 452 461 638 801 882 997
9  50 240 402 560 604 769 788 975 984
12  86 112 384 477 564 619 745 811 878 910 919 985
6  95 583 674 913 988 998
7  32 143 168 582 601 608 726
10  80 168 216 222 311 462 510 645 858 972
13  1 224 299 402 468 486 521 626 645 658 796 902 989
8  18 289 358 635 729 807 945 957
11  218 298 450 459 530 631 663 680 770 887 914
11  54 130 132 244 290 441 453 561 575 601 820
9  93 123 153 254 375 493 563 913 920
11  134 520 606 622 626 657 742 773 789 836 860
12  31 151 179 249 266 275 278 503 635 725 781 887
15  68 71 386 426 508 536 537 559 562 709 733 795 834 931 968
5  50 198 436 557 619
6  126 200 226 368 750 785
7  18 589 599 705 728 741 843
6  119 374 385 517 534 627
7  0 188 390 556 652 767 972
7  119 123 336 348 540 848 955
12  60 186 270 290 384 500 616 723 744 921 968 969
6  234 320 523 803 807 810
6  37 72 167 313 887 955
7  294 303 435 469 484 891 998
6  88 225 247 471 576 660
7  114 122 204 339 388 427 833
8  100 340 436 606 779 846 860 901
16  83 108 190 382 391 409 463 465 572 681 683 697 714 779 780 923
8  6 490 636 708 806 811 835 985
14  44 70 83 130 177 214 291 502 556 862 865 882 910 935
9  72 181 269 299 301 525 565 666 828
10  35 268 297 355 409 460 569 580 911 995
8  264 324 435 583 621 629 707 868
7  396 458 568 744 802 838 940
10  17 294 342 427 530 745 764 801 837 938
14  31 54 95 124 324 346 374 389 395 432 475 871 883 992
10  10 109 284 362 374 390 394 454 569 733
9  31 175 216 376 630 665 770 833 938
13  0 31 65 69 72 135 215 454 606 610 770 836 935
12  35 131 161 167 221 285 476 608 730 798 898 985
9  21 225 236 364 415 568 821 914 948
10  37 128 194 308 338 361 433 650 832 936
6  23 152 450 517 611 834
12  59 176 323 372 486 495 502 583 591 618 636 693
11  31 167 260 301 321 399 451 499 555 611 934
6  19 84 129 664 880 952
15  48 111 126 155 159 174 197 211 234 337 394 559 586 621 952
14  12 87 90 171 242 299 361 715 729 761 844 908 926 931
11  171 210 342 378 462 687 745 847 924 972 994
14  94 130 265 339 346 365 372 466 704 710 735 822 927 994
10  0 79 357 429 522 565 711 859 907 919
10  46 231 233 304 417 571 696 725 743 970
11  55 79 190 407 420 498 604 643 697 826 840
8  186 322 374 515 548 556 591 696
13  150 189 295 376 510 562 568 644 672 872 880 965 985
6  80 84 238 584 596 716
12  90 371 485 524 537 625 639 696 903 906 912 957
7  110 193 450 602 612 816 925
9  167 262 401 483 495 632 720 898 903
7  131 433 470 507 564 607 829
13  86 154 192 196 336 337 419 531 579 596 719 909 937
14  100 285 374 515 516 580 653 762 769 805 837 878 967 988
12  0 7 164 248 329 415 516 532 594 736 815 955
12  28 103 167 199 228 353 395 455 665 740 936 940
7  43 59 254 306 632 821 953
11  76 145 189 248 313 409 582 641 770 941 989
8  58 322 437 540 558 813 823 979
10  52 127 179 214 239 371 673 876 889 960
17  101 131 145 210 262 308 311 363 470 485 548 634 783 814 838 841 968
8  228 285 571 747 782 790 890 931
4  63 117 426 587
18  109 162 226 276 386 389 479 507 541 557 564 696 837 878 898 905 928 977
11  45 131 151 404 420 471 535 723 807 848 936
16  77 98 142 229 296 297 447 537 571 617 710 715 780 825 839 868
12  18 34 91 115 141 169 186 188 253 385 645 828
17  33 73 109 314 324 330 346 379 394 397 402 456 470 560 661 737 957
13  19 46 51 264 307 308 362 439 520 536 632 824 996
9  245 387 421 588 733 785 907 986 997
6  229 288 304 320 627 925
10  51 177 182 264 547 709 788 829 833 955
15  119 151 157 246 256 328 406 486 498 508 563 624 673 769 900
14  29 31 45 103 245 385 440 507 682 736 742 839 855 913
5  124 225 339 757 870
8  148 296 298 319 432 481 889 901
4  17 541 768 987
7  235 282 383 519 545 690 901
9  120 382 528 615 647 731 792 844 875
13  15 33 43 56 140 388 393 528 610 628 699 741 825
9  62 330 480 488 524 563 732 969 988
6  210 488 489 698 721 943
9  10 153 209 423 444 469 783 842 904
11  33 67 196 204 234 253 275 574 641 773 946
9  24 123 254 512 554 799 805 979 995
12  13 79 89 193 219 342 385 438 503 571 760 911
9  24 139 176 187 274 433 655 701 985
13  69 113 202 332 407 477 536 547 626 635 664 665 827
10  79 293 297 448 768 774 824 920 923 956
9  21 67 241 297 483 515 615 621 992
9  109 205 270 275 410 457 677 739 959
10  128 263 314 394 581 586 600 775 888 920
11  142 215 283 291 303 570 681 683 797 845 964
13  71 85 113 393 513 514 529 559 729 740 875 889 896
9  12 33 126 143 261 528 544 689 770
10  109 172 255 316 435 461 634 724 746 747
14  33 89 256 265 273 284 305 320 385 487 741 752 847 871
4  113 154 365 489
6  152 327 418 704 794 809
9  22 130 187 315 444 712 718 888 930
6  11 45 108 499 568 977
11  10 213 266 371 440 503 522 603 793 853 902
15  99 156 223 227 252 292 308 440 483 500 596 688 722 931 935
5  286 298 741 758 812
4  125 360 946 984
12  89 100 165 248 258 446 493 578 633 673 958 986
14  2 97 106 307 318 329 498 511 546 670 715 874 935 983
7  58 102 127 329 632 792 907
3  118 405 774
7  92 237 529 587 840 850 997
11  18 103 214 332 512 549 619 710 735 740 926
14  105 188 208 247 259 273 393 541 556 589 758 796 841 892
13  56 176 185 218 229 265 301 317 506 522 633 699 971
15  22 156 259 287 380 480 495 592 600 637 643 668 685 710 803
6  55 62 183 265 545 567
12  3 104 294 364 365 380 556 600 626 941 976 997
6  149 164 413 643 738 874
9  204 411 662 673 868 879 959 965 984
9  7 113 169 259 408 423 709 986 988
8  238 290 519 571 688 834 876 892
8  182 414 471 653 773 814 860 999
13  36 308 366 386 445 456 480 546 550 618 651 695 967
8  217 340 343 349 441 498 559 846
6  312 389 416 493 640 966
13  74 217 248 277 403 440 473 528 557 699 725 919 966
10  180 182 256 288 357 428 502 762 765 890
7  158 383 436 638 646 692 988
13  48 108 114 137 278 341 440 481 609 616 656 797 908
11  117 156 189 310 437 507 515 591 627 795 891
6  71 200 368 429 486 498
16  3 22 51 167 302 457 477 578 601 665 668 706 719 820 881 896
7  177 205 258 283 815 919 973
12  219 284 312 338 549 580 641 732 818 852 911 953
21  63 103 195 247 313 325 334 352 359 360 460 467 481 535 633 686 693 761 790 793 906
5  458 463 736 766 896
14  72 82 123 267 295 378 415 527 692 750 759 897 941 960
13  62 246 251 478 496 500 520 554 742 798 917 932 975
6  201 213 328 454 676 988
14  32 95 104 171 237 273 349 394 715 720 731 801 870 940
10  166 337 518 607 703 714 768 811 843 918
9  117 266 377 415 436 740 761 843 916
9  154 340 451 630 765 781 933 961 997
10  105 250 311 324 593 624 703 837 877 903
15  64 70 144 213 232 352 373 376 396 540 565 625 646 835 966
9  70 179 217 293 383 487 749 852 855
9  108 458 488 567 619 639 784 833 979
12  6 32 93 219 396 526 624 745 801 886 920 997
8  190 252 383 431 492 680 805 912
4  344 430 459 470
13  68 157 185 225 425 482 670 684 686 794 815 823 930
6  90 245 251 354 406 727
9  89 252 473 526 622 752 809 840 930
10  98 246 276 385 497 544 782 788 882 917
8  154 191 213 252 351 415 504 719
12  100 126 147 168 169 306 392 443 546 597 683 944
4  56 337 742 849
10  41 121 344 393 421 470 480 563 724 918
10  68 115 315 395 548 622 774 876 885 923
7  161 289 577 596 622 624 932
11  76 97 174 260 274 325 399 489 623 840 896
7  205 225 235 319 608 888 960
12  28 155 172 291 352 396 482 487 537 593 772 819
15  4 173 298 339 387 395 404 589 649 667 730 759 814 821 939
13  89 109 180 273 277 424 602 667 727 746 814 849 857
7  39 225 443 609 625 678 850
12  16 25 171 181 359 526 548 550 696 724 899 968
13  5 116 224 273 289 349 431 436 565 699 715 743 782
3  484 598 762
4  536 810 886 939
13  75 78 192 249 302 371 428 479 633 665 688 782 808
9  2 69 315 343 345 801 869 926 998
10  145 161 308 393 394 438 453 465 767 934
8  298 405 486 574 639 643 697 717
16  63 247 261 272 278 360 431 466 595 633 727 858 918 968 970 978
13  43 99 153 167 251 257 285 324 346 372 562 599 822
9  106 380 393 465 514 659 921 946 980
11  160 192 204 381 402 469 471 752 918 950 981
5  179 205 287 484 936
8  33 376 382 400 632 650 845 930
4  71 215 263 742
11  21 247 270 296 346 513 524 660 721 857 935
8  122 343 447 562 702 766 783 961
8  6 58 75 181 259 500 693 896
10  108 308 470 556 662 690 747 778 876 880
11  9 22 114 147 276 429 441 545 580 764 961
7  16 162 343 703 704 838 921
15  32 92 118 135 157 224 232 259 459 473 524 625 678 836 864
13  162 209 282 438 586 592 593 644 673 697 739 776 968
10  46 217 301 377 415 594 665 712 926 955
12  54 103 155 280 346 375 507 577 581 593 726 983
14  141 172 197 202 290 305 351 369 416 483 578 599 621 870
6  433 438 522 550 726 924
13  73 87 121 256 309 444 505 563 709 787 957 963 970
8  115 297 334 514 688 767 913 926
7  93 96 261 459 721 854 940
13  38 62 177 229 257 271 410 464 576 641 734 778 824
5  131 180 366 435 919
15  185 205 232 376 485 491 503 542 613 708 724 742 780 880 967
14  177 214 300 303 358 359 540 547 568 604 608 676 714 810
15  52 61 157 161 170 237 305 324 364 495 530 645 658 782 794
9  78 260 288 434 439 522 770 868 998
11  285 308 353 368 455 470 639 700 804 876 957
6  20 311 548 646 707 965
11  145 211 262 292 414 427 561 725 727 777 887
14  181 263 286 320 364 483 580 607 636 662 814 816 933 953
9  26 223 252 385 558 663 798 800 820
13  107 123 157 159 177 246 492 518 567 630 809 944 966
6  28 206 417 655 836 877
9  57 180 216 333 479 548 551 607 835
11  49 153 162 213 334 481 622 745 786 840 982
11  29 258 268 298 432 433 501 634 724 857 944
7  397 561 578 637 868 942 969
9  152 343 513 700 764 813 875 907 914
4  272 690 800 919
8  11 106 201 597 778 884 941 986
9  30 54 125 468 613 741 751 799 848
7  205 214 411 556 654 730 854
7  28 67 236 445 718 870 923
5  57 403 488 555 816
8  89 170 182 386 651 761 955 978
7  83 294 328 350 521 642 883
11  179 290 298 382 562 715 841 843 882 950 975
8  63 277 438 725 730 766 953 991
8  63 128 136 373 433 634 683 994
6  142 279 610 919 945 973
16  21 77 91 135 221 247 255 294 380 416 451 615 695 958 977 988
8  216 397 502 663 775 778 840 961
11  49 90 109 156 208 285 552 618 639 695 937
8  343 435 640 661 703 723 739 768
10  40 117 138 185 352 392 472 522 693 914
15  57 78 114 129 464 490 522 565 604 623 794 808 850 900 934
9  32 78 95 426 457 803 819 846 873
14  46 243 276 366 391 414 597 598 682 694 722 760 775 823
11  34 114 248 252 548 565 691 706 726 761 900
5  119 237 260 687 957
11  6 135 146 388 541 584 715 745 753 899 951
11  208 231 244 270 296 329 369 685 789 896 998
3  481 752 901
18  13 181 197 242 260 266 326 345 379 411 494 507 540 552 622 717 728 774
10  144 188 209 245 331 430 683 705 883 915
1  375
10  229 572 633 720 726 768 866 882 931 936
7  27 84 204 214 251 525 750
16  127 133 139 190 219 246 291 303 335 343 385 599 621 724 815 981
9  10 167 211 257 262 317 340 380 716
8  130 201 306 345 416 435 582 858
7  179 187 338 420 454 527 688
9  0 172 280 508 667 817 824 860 994
13  95 281 385 386 399 454 527 589 658 674 743 874 916
11  39 80 584 712 758 759 811 830 944 951 996
7  155 184 335 385 548 671 731
8  222 287 350 568 584 704 735 780
11  102 106 133 260 384 475 669 690 750 798 883
12  84 106 238 289 537 554 604 628 681 817 924 927
10  166 265 289 299 356 529 699 969 973 994
9  167 367 512 618 648 687 797 939 944
5  109 136 201 668 931
6  37 39 416 561 570 979
13  223 262 343 366 391 470 568 617 664 738 827 835 989
9  67 93 339 353 394 667 833 909 985
10  44 60 130 395 425 556 660 662 870 916
10  119 153 213 386 478 480 483 498 600 888
12  87 92 171 454 479 607 622 740 872 886 938 944
10  23 210 237 241 341 516 794 823 836 929
12  17 175 229 241 265 514 547 559 601 689 886 918
8  64 139 214 281 361 636 647 832
12  122 178 238 274 355 413 521 833 855 876 887 922
11  103 148 168 216 279 365 392 414 616 878 903
12  140 195 227 232 309 322 400 574 577 620 663 827
11  3 82 175 284 476 533 620 686 829 839 864
11  66 96 405 443 674 720 731 847 866 915 982
4  119 565 668 902
9  25 67 98 164 224 366 459 637 722
8  172 284 455 632 731 840 858 906
10  8 149 152 440 506 553 627 800 817 945
12  29 132 245 353 476 500 545 548 717 933 961 987
11  9 80 155 173 245 360 380 477 741 775 979
10  13 21 226 261 264 376 534 623 684 852
6  231 293 315 422 423 992
7  289 350 454 574 633 763 863
11  222 285 406 474 500 541 573 601 656 670 908
11  40 45 190 253 320 352 482 679 768 949 952
9  56 75 270 607 673 710 726 897 997
8  119 241 245 534 652 939 965 991
7  405 487 565 588 785 857 879
8  51 398 485 573 676 705 757 777
12  122 165 182 201 258 315 516 615 629 804 843 993
8  191 201 417 537 667 707 825 839
13  138 240 260 328 447 499 663 774 775 795 802 865 878
14  143 274 315 357 530 591 600 632 645 678 755 851 854 945
13  7 24 46 165 206 329 439 478 559 638 657 821 963
9  163 431 624 626 668 676 717 814 851
14  26 190 223 332 360 361 585 598 608 638 830 843 911 924
12  61 96 105 126 183 240 283 443 673 734 946 971
12  22 162 197 288 415 434 474 528 802 873 920 987
11  143 175 299 341 416 466 597 651 657 891 980
17  210 231 265 280 320 364 406 421 513 573 685 705 708 790 860 889 944
8  66 132 208 515 567 786 843 911
9  122 130 230 236 440 463 504 825 988
13  16 33 68 140 246 278 302 312 416 630 728 804 875
12  15 82 175 235 249 307 476 545 686 787 800 817
10  1 314 339 354 383 489 508 569 922 982
6  30 115 231 306 502 845
8  143 228 346 551 693 748 825 852
10  49 200 330 525 622 663 829 849 863 925
13  137 252 387 490 528 545 575 697 760 830 913 940 968
10  66 352 362 443 514 531 538 650 711 880
18  67 163 216 220 240 342 357 362 438 508 571 590 614 632 822 917 958 978
12  7 106 122 143 241 478 601 683 817 840 920 966
3  398 447 460
15  12 38 79 289 347 429 461 475 581 644 670 769 833 869 917
12  41 311 332 334 530 598 750 789 889 893 967 977
14  79 229 300 317 496 530 618 811 821 823 836 870 907 948
7  0 8 43 147 290 322 738
8  11 85 224 272 579 777 919 950
13  155 290 397 442 570 677 687 746 835 869 906 921 965
5  29 94 149 650 818
8  258 531 586 611 672 923 928 985
9  82 122 159 224 351 359 670 760 827
8  64 107 207 341 393 405 775 929
7  54 181 349 724 759 825 893
7  4 165 264 396 757 828 946
9  160 206 275 329 349 395 509 720 756
11  24 37 158 253 538 546 684 834 866 896 904
8  22 384 417 570 597 684 755 936
9  136 172 197 245 403 520 667 740 753
11  18 208 384 474 568 575 654 668 866 948 954
7  116 204 314 360 488 560 602
9  36 49 80 87 112 114 389 714 886
12  25 43 55 120 309 343 387 461 619 647 931 994
7  93 106 327 560 576 792 886
9  127 219 245 299 385 569 616 657 930
7  119 445 606 628 771 934 964
14  129 170 198 308 318 387 511 523 574 663 676 716 825 865
9  50 56 111 220 293 428 488 507 745
9  171 255 435 464 465 492 529 635 990
9  35 39 43 78 283 287 306 767 791
9  30 86 243 269 406 596 840 906 913
12  105 134 203 239 266 282 374 378 438 518 555 964
14  52 103 104 289 292 295 375 523 543 592 673 723 777 797
13  12 119 191 243 526 661 667 711 723 754 856 971 986
6  26 276 287 382 622 905
8  153 312 379 638 720 749 774 908
9  81 262 354 401 618 630 649 661 988
8  40 48 175 184 347 453 454 861
9  142 161 386 421 454 500 632 686 920
15  33 111 129 141 189 263 336 405 439 576 805 870 938 940 941
11  3 78 104 216 387 496 587 601 604 634 849
9  113 174 254 335 346 423 495 517 616
8  20 43 126 267 331 381 580 793
16  34 61 93 119 131 142 224 230 249 397 421 442 504 719 790 795
7  22 237 278 403 644 732 875
9  79 174 305 314 627 735 788 878 943
15  88 120 121 127 130 133 165 270 350 373 428 506 587 787 838
5  438 671 746 825 951
10  116 165 265 331 496 568 731 785 865 904
5  57 133 390 771 991
15  119 219 247 257 340 342 396 399 513 542 765 794 891 915 916
10  53 196 210 314 366 536 568 784 905 941
7  154 533 584 634 665 698 792
11  58 131 260 273 440 563 723 785 834 968 995
7  92 392 402 423 433 546 917
8  260 285 425 527 562 690 774 931
11  44 209 210 234 466 571 640 687 805 809 953
7  31 199 219 332 519 650 866
14  22 38 97 159 200 214 241 252 640 648 709 735 840 961
11  3 370 421 424 427 461 573 581 605 980 985
11  25 40 84 105 108 188 319 356 460 723 729
18  45 103 122 163 351 352 366 377 414 423 448 548 666 889 915 943 985 992
7  0 190 422 636 721 734 988
9  46 64 182 288 488 519 582 781 798
10  76 107 130 294 410 455 815 907 935 961
4  357 434 448 499
7  158 238 404 604 665 863 946
10  28 117 122 265 533 586 641 798 933 953
11  21 63 246 334 372 409 448 603 633 875 984
14  23 44 51 87 246 308 322 424 429 455 574 684 747 891
7  141 301 353 369 538 870 903
11  14 81 131 167 269 333 359 493 647 823 952
10  85 119 239 301 495 555 597 598 639 726
11  50 359 364 376 489 566 584 678 806 860 996
8  113 311 367 419 484 639 653 848
11  44 70 300 386 682 688 709 735 743 890 969
8  91 109 225 372 567 751 870 977
11  3 89 207 239 362 401 596 666 892 934 964
9  178 247 342 408 436 565 640 890 897
10  120 176 467 491 597 725 747 824 971 980
7  77 149 312 476 609 742 871
12  16 94 113 261 298 493 584 667 698 747 813 972
7  328 426 503 523 630 682 821
18  119 168 169 189 214 330 345 387 500 514 722 733 738 755 768 789 868 950
4  96 121 479 837
13  1 4 92 196 218 223 423 522 693 703 753 832 915
10  55 93 168 204 315 330 457 501 756 841
11  31 37 180 327 354 382 422 486 506 704 739
4  318 684 727 740
3  344 834 937
5  357 468 700 827 864
13  4 16 363 368 452 464 506 580 694 701 745 872 967
11  99 118 138 275 320 440 469 554 758 795 831
11  20 69 240 378 406 455 578 643 693 750 861
12  2 39 167 218 279 383 438 465 621 642 698 747
9  26 34 271 461 488 498 577 826 919
8  277 460 495 620 788 883 963 968
6  325 341 500 508 704 722
22  18 128 151 192 218 248 275 308 324 328 333 351 479 544 586 594 644 661 708 743 772 800
11  30 50 126 150 282 495 546 656 828 887 931
9  39 46 59 147 211 378 423 517 969
8  443 574 575 656 721 727 732 983
6  269 325 367 474 513 923
11  89 90 116 231 267 527 613 737 856 931 952
5  453 557 666 981 987
10  47 96 199 283 326 475 531 705 898 993
14  2 29 267 329 352 366 424 446 499 650 816 911 919 928
15  88 136 222 233 266 298 422 590 598 739 782 873 880 904 937
12  1 186 212 228 411 544 599 665 855 905 944 996
6  142 379 724 726 897 990
8  47 295 374 567 579 712 738 995
7  4 95 322 366 536 867 921
13  5 16 68 75 117 176 200 360 409 629 651 724 870
15  48 116 121 250 309 319 508 579 701 850 881 882 937 967 978
5  214 775 845 877 956
7  62 211 270 598 615 645 719
9  202 217 356 432 608 680 708 873 927
8  18 77 176 326 333 477 877 982
10  111 160 251 320 438 453 555 682 731 815
6  30 31 80 779 835 919
5  69 81 372 425 456
6  219 362 714 739 808 989
7  43 59 118 133 621 704 832
8  21 84 159 198 456 723 768 790
12  77 198 412 676 705 758 761 799 939 952 991 999
2  127 853
8  157 216 459 500 552 635 646 825
11  29 68 140 184 237 295 605 745 750 909 980
14  137 272 408 419 509 573 625 652 695 747 781 812 818 854
14  9 173 235 264 267 271 323 356 462 531 822 893 984 990
8  58 99 140 426 481 697 833 963
8  3 187 262 320 666 729 849 858
7  17 179 371 406 541 551 683
11  51 83 180 513 528 647 734 786 810 894 900
9  105 109 121 494 554 592 618 636 701
9  49 145 577 642 856 859 894 904 970
12  17 129 230 248 404 429 488 498 702 723 787 917
7  169 190 552 719 900 972 978
10  12 233 355 472 481 618 632 741 849 903
9  17 67 393 565 855 907 928 975 986
8  100 384 427 456 587 656 676 855
10  23 144 162 191 462 655 674 687 838 935
5  53 88 406 649 892
9  87 150 165 243 292 340 345 592 921
13  127 156 258 312 383 395 581 603 697 699 763 765 904
10  5 6 344 435 439 449 638 701 841 959
10  117 158 164 319 420 526 534 595 696 908
11  295 307 335 364 494 510 528 731 746 803 953
8  116 410 496 560 817 820 972 973
13  39 123 201 315 338 409 425 450 563 730 792 811 896
11  80 178 244 271 352 546 554 819 884 941 951
7  98 253 366 746 755 871 919
5  246 287 875 877 901
7  0 34 55 364 391 426 936
15  9 27 88 143 172 528 565 569 594 617 671 758 891 991 997
9  90 363 418 570 717 820 851 909 948
8  6 117 334 339 466 485 498 847
5  136 231 276 600 670
10  57 128 279 404 507 665 668 875 879 961
11  228 377 409 453 510 512 672 894 920 998 999
9  31 42 198 254 326 433 536 706 975
14  107 112 204 235 288 483 485 577 702 812 880 955 961 966
11  129 207 246 260 517 758 790 849 877 886 980
11  44 299 378 384 385 498 776 793 850 910 919
8  11 99 483 568 708 750 772 980
16  61 114 180 211 246 398 400 477 504 542 647 747 806 881 916 974
15  17 171 321 325 366 375 398 403 423 474 562 715 777 888 921
11  43 78 103 332 487 694 869 897 916 948 979
11  32 161 220 318 347 351 368 429 456 905 941
8  167 379 458 520 567 727 732 848
8  49 84 126 146 259 332 483 582
10  21 60 278 314 430 437 508 628 740 772
8  163 189 278 299 435 467 647 664
7  20 70 674 705 792 803 827
9  14 321 378 575 683 695 792 907 909
12  19 106 171 259 294 424 571 587 742 745 796 878
8  114 264 574 591 608 611 699 986
17  113 216 280 429 477 559 566 631 648 659 749 837 848 861 893 905 924
12  2 40 87 278 437 523 526 581 729 743 780 901
10  87 91 242 447 610 620 750 853 885 908
7  22 232 296 383 701 736 973
9  272 454 523 592 652 752 844 946 972
9  130 349 351 423 475 626 688 727 919
4  381 484 505 739
7  322 370 474 545 605 623 628
10  19 145 279 317 322 426 476 688 858 963
8  193 320 498 752 848 881 956 991
4  80 87 698 754
10  53 133 149 207 414 534 584 586 613 766
14  11 173 234 440 474 496 537 676 691 764 797 841 845 974
7  137 172 192 346 571 593 956
13  17 75 141 178 260 271 284 356 406 576 639 710 809
7  24 251 471 606 665 767 819
10  101 236 268 456 465 537 541 615 806 883
13  7 100 231 414 468 490 499 612 676 759 895 943 961
9  170 197 298 357 487 662 831 849 855
8  239 271 461 464 697 781 976 996
9  29 40 162 419 597 603 690 718 866
13  0 70 135 150 260 263 414 460 490 573 629 740 781
12  32 177 233 257 492 550 570 649 781 793 892 910
10  118 123 179 201 383 384 646 949 972 984
9  54 125 386 516 787 803 936 966 995
13  71 122 318 356 589 641 645 684 690 697 731 850 947
7  7 70 102 434 659 709 724
11  83 86 114 410 518 539 610 728 756 808 923
7  68 82 134 267 331 944 952
11  135 292 332 364 382 467 747 761 897 909 954
9  66 81 128 239 295 414 716 942 984
9  20 217 358 369 611 656 749 825 975
8  16 109 253 346 670 684 789 892
10  100 139 362 472 473 716 813 845 866 947
13  67 157 195 245 310 357 491 567 639 657 798 809 889
8  3 112 146 217 236 373 761 948
17  11 23 142 176 180 187 284 373 414 446 449 489 506 623 654 903 972
6  140 305 523 856 928 932
9  35 127 211 434 483 502 627 636 669
8  43 151 251 281 343 540 660 742
10  31 92 102 173 205 282 389 525 552 887
10  150 159 216 353 389 494 570 595 963 964
14  156 228 293 337 576 616 619 661 710 800 806 900 903 936
6  114 122 179 322 974 980
11  20 137 405 627 725 838 872 927 960 965 970
10  20 52 111 133 362 527 767 773 819 960
11  71 195 343 377 481 552 637 718 750 963 973
13  122 132 175 200 275 413 558 559 578 641 743 903 943
13  15 51 91 137 214 370 389 488 556 632 746 833 855
15  3 107 227 267 394 414 440 447 495 600 608 622 740 795 838
10  4 86 199 417 447 515 646 689 817 842
11  83 116 223 344 402 420 478 608 627 877 963
10  1 58 99 118 222 416 547 728 775 821
14  4 23 287 359 407 432 445 475 823 879 890 923 942 955
16  47 52 56 87 141 161 324 376 397 566 659 689 890 922 965 981
9  68 100 237 259 270 907 931 962 993
13  93 160 194 262 280 382 396 428 571 656 881 902 950
8  18 75 116 158 346 550 938 982
12  179 182 199 286 328 338 380 498 535 660 746 818
9  37 219 285 314 608 654 742 855 879
10  35 80 315 400 493 519 580 692 711 909
14  27 199 224 308 396 426 610 730 801 821 869 904 906 962
6  65 125 611 678 846 973
9  165 245 256 395 644 705 736 859 976
10  29 61 162 182 311 317 395 541 624 843
14  24 96 108 130 266 285 369 428 539 552 810 871 942 949
18  15 18 28 107 137 185 248 262 293 429 455 466 481 521 694 752 801 803
13  108 187 188 308 334 504 540 553 649 775 881 918 998
10  6 25 43 81 139 511 710 729 846 997
13  7 11 379 430 488 515 553 561 572 660 733 778 804
6  311 355 433 492 693 863
9  16 87 159 183 219 299 770 851 871
10  50 192 261 393 657 718 791 866 896 928
8  84 156 250 309 462 524 713 803
10  14 83 170 230 238 290 309 721 847 974
9  42 248 354 475 476 658 682 689 764
7  148 174 458 519 795 852 943
15  0 83 96 179 234 239 346 360 388 426 503 684 815 850 938
14  8 14 54 194 325 427 504 544 550 576 581 717 896 987
9  35 179 430 450 605 635 671 901 986
6  37 285 381 555 866 901
