1000
14  30 164 255 263 278 363 377 381 526 565 674 675 779 985
8  55 91 204 345 375 402 862 907
8  41 148 233 249 320 400 945 953
9  49 255 335 356 432 523 552 836 929
6  348 418 606 770 909 990
5  107 119 286 740 800
15  45 61 234 236 331 487 648 687 798 825 828 882 914 937 980
17  218 261 296 330 379 413 456 471 484 504 571 734 832 916 943 945 977
7  84 117 179 183 205 571 954
15  196 271 378 438 453 474 542 631 804 812 815 830 904 915 931
7  154 166 335 392 505 556 633
4  255 376 788 891
12  61 65 106 153 179 186 191 244 289 444 494 874
11  168 282 306 379 393 560 600 629 775 777 899
11  22 236 276 312 399 500 588 626 854 953 992
7  148 262 294 300 682 782 828
10  146 193 196 345 425 437 672 753 882 999
12  23 28 62 184 190 208 392 394 501 567 857 871
14  20 137 237 402 582 676 724 758 844 853 869 870 878 909
14  107 211 269 482 638 645 697 703 727 729 743 817 823 829
13  18 149 164 238 428 567 574 579 608 723 761 902 939
6  140 153 238 392 439 664
18  14 77 114 127 205 251 346 356 452 460 514 520 553 654 741 781 905 928
14  17 214 236 280 439 507 524 590 614 696 751 895 941 986
10  30 63 138 334 381 657 678 733 748 875
13  63 114 352 404 419 600 623 771 846 885 894 943 980
8  355 416 566 575 607 681 778 822
18  59 150 177 222 254 257 395 439 521 560 599 606 615 622 657 671 837 873
12  17 44 193 217 264 378 457 495 574 595 947 950
7  287 314 356 492 652 847 940
11  0 24 223 281 309 447 557 736 780 781 866
8  262 437 453 547 549 626 669 853
15  60 115 154 315 331 366 407 410 433 443 459 597 681 732 976
8  114 182 293 422 732 886 945 953
8  309 439 452 496 711 772 956 987
7  43 210 235 243 260 299 694
9  44 99 106 118 131 555 672 717 903
21  114 132 142 174 177 187 208 251 271 284 362 393 414 417 444 488 582 704 847 937 959
5  547 564 954 969 996
7  44 121 156 366 468 634 977
11  95 194 251 277 344 351 431 680 703 888 981
15  2 42 207 280 340 398 500 552 561 601 624 629 676 843 994
12  41 91 236 237 400 584 727 803 863 890 895 987
5  35 313 724 759 986
11  28 36 39 394 407 449 528 623 702 860 959
8  6 318 393 397 448 727 777 852
11  106 173 458 550 663 674 752 786 880 962 968
12  126 144 175 207 398 425 437 443 450 582 764 825
11  89 98 129 134 369 687 737 777 871 913 970
5  3 113 357 618 887
8  143 219 266 301 392 393 403 465
11  155 276 304 342 425 441 446 535 574 778 874
6  328 404 560 569 614 700
10  61 198 219 244 468 495 556 622 763 943
8  91 112 420 500 539 611 826 935
10  1 59 364 399 442 694 701 858 885 987
11  93 220 337 389 405 514 610 655 660 688 956
9  226 348 582 661 697 735 848 851 946
13  66 212 228 273 315 489 545 551 604 608 723 773 844
10  27 55 247 296 410 500 546 640 661 999
12  32 147 193 267 275 279 510 581 730 770 777 911
12  6 12 53 127 286 349 350 351 490 518 803 957
10  17 71 92 463 493 609 626 707 784 855
12  24 25 73 97 195 199 219 593 655 727 877 913
8  125 276 618 622 689 806 904 957
10  12 67 314 327 330 415 678 694 704 784
6  58 135 312 457 715 954
12  65 119 302 353 398 530 532 599 630 657 788 795
14  273 290 306 343 363 367 377 487 500 552 605 724 830 924
7  114 529 541 704 742 815 986
9  198 276 477 500 585 598 720 777 836
14  62 261 294 305 315 406 544 642 679 714 739 816 850 987
12  250 255 322 417 482 531 588 633 712 775 930 944
7  63 193 255 324 702 713 839
6  122 458 510 593 893 972
15  130 203 296 354 378 381 418 458 517 637 665 695 914 923 954
11  283 503 512 606 621 726 765 788 895 950 968
8  22 173 236 397 498 658 700 843
10  104 134 212 254 380 399 411 547 609 752
5  351 516 788 859 930
9  163 242 704 711 725 736 783 809 883
10  92 302 323 485 501 505 671 829 846 856
7  122 404 640 706 760 967 972
4  238 371 617 720
15  8 92 162 228 311 524 561 564 572 649 733 757 762 863 890
12  110 301 384 459 530 535 549 553 639 730 796 997
14  146 513 557 649 789 790 795 869 918 919 935 946 962 995
6  194 283 559 727 834 854
5  226 573 577 886 978
10  48 94 202 313 509 574 637 666 782 980
9  312 351 356 651 704 897 926 927 991
15  1 42 54 155 158 212 217 454 472 574 580 757 786 828 844
18  62 81 84 143 157 212 238 265 327 362 394 592 717 817 842 926 964 995
10  56 109 119 134 209 360 520 576 795 866
11  89 121 180 331 369 491 652 655 666 677 943
11  40 109 270 304 391 507 539 612 677 728 874
9  176 191 494 619 721 817 867 875 960
9  63 409 573 582 624 646 731 769 783
8  48 120 195 285 377 497 619 647
11  36 115 206 252 267 308 362 405 542 889 918
17  122 140 151 184 245 339 400 420 422 469 548 575 764 794 907 974 998
5  297 332 419 450 700
6  430 502 528 710 799 806
4  129 358 761 897
10  78 347 362 587 611 639 764 810 913 957
11  286 342 426 458 526 561 605 661 713 758 943
15  12 36 46 133 158 305 330 352 355 540 732 834 856 900 961
8  5 19 225 253 661 820 853 949
14  126 247 268 280 338 361 378 450 465 776 806 843 933 986
11  93 95 126 162 171 195 641 689 690 919 934
6  85 369 400 611 649 669
14  249 369 373 493 562 574 588 671 767 831 850 925 968 994
11  54 118 172 173 390 448 513 750 793 846 927
7  49 166 261 336 775 874 957
19  22 25 33 37 69 140 151 258 277 373 444 545 581 592 671 767 791 889 919
5  32 99 346 488 828
7  254 349 511 651 771 942 975
9  8 134 214 457 581 655 719 899 940
10  36 112 409 510 829 843 858 926 935 941
14  5 67 93 153 320 351 436 553 643 718 746 888 924 958
10  98 157 369 477 579 658 747 832 944 951
11  39 94 355 465 542 644 655 767 768 845 989
9  74 82 100 124 209 298 531 726 954
16  199 212 279 283 314 327 378 381 426 521 573 598 664 855 918 987
11  122 250 274 286 305 309 609 630 691 759 951
8  64 183 313 335 388 415 659 900
12  47 108 109 170 172 311 405 594 830 832 884 971
11  22 61 443 523 533 553 634 690 705 853 862
6  221 291 345 540 786 993
14  48 103 188 218 324 334 521 635 709 711 742 855 879 962
11  75 223 257 315 322 474 574 582 748 841 869
9  36 177 229 383 515 525 582 745 871
11  37 182 254 255 265 369 495 546 681 883 909
9  106 217 286 304 437 690 702 801 999
12  48 78 93 117 306 411 529 709 727 736 924 941
9  66 199 437 466 481 611 612 686 691
4  168 584 957 978
11  18 173 265 282 403 470 551 765 798 845 882
7  24 295 422 507 597 613 916
6  275 372 586 601 681 696
7  21 100 114 194 456 816 961
5  431 457 541 611 756
12  37 279 282 432 433 442 494 504 699 783 867 982
6  50 92 680 889 896 952
9  47 245 330 427 482 620 706 740 866
5  360 394 656 844 962
11  16 86 173 404 438 474 583 666 685 932 992
7  60 186 727 730 762 791 889
8  2 15 151 553 560 587 721 763
6  20 350 391 418 557 993
12  27 248 281 462 488 489 685 706 798 810 869 923
11  100 114 148 164 275 319 330 382 706 738 979
8  210 238 586 652 671 695 779 823
11  12 21 119 176 196 304 387 422 684 804 966
10  10 32 190 275 287 460 477 590 625 725
10  51 91 311 392 424 425 463 661 847 901
6  39 186 437 463 505 866
13  92 120 192 252 304 355 574 630 633 699 856 862 989
14  91 106 166 316 321 424 450 496 760 785 799 817 834 847
12  177 190 192 201 293 552 613 627 661 749 908 919
8  220 348 445 484 617 747 924 993
9  171 266 670 682 726 763 796 867 907
9  84 109 320 367 420 586 836 857 914
6  80 346 397 553 577 894
12  0 20 151 242 451 513 592 680 746 747 806 817
4  244 351 436 744
10  10 113 158 381 617 785 861 880 941 992
8  377 385 593 599 699 725 812 943
8  13 136 290 408 466 777 788 812
10  232 333 470 487 610 636 797 798 862 983
10  126 349 401 420 509 520 609 630 780 966
9  109 161 268 442 460 675 879 918 938
7  112 126 223 407 811 927 966
18  46 77 112 137 146 291 319 340 409 509 539 590 673 693 778 812 845 920
8  37 225 314 400 432 553 766 892
7  47 385 619 682 690 737 891
16  96 153 183 213 238 261 320 789 851 910 939 941 947 965 968 993
14  27 37 131 159 201 224 257 334 579 607 658 671 734 892
4  554 669 832 987
8  8 12 445 473 518 586 885 974
7  94 258 508 570 743 863 925
7  348 377 390 691 837 864 897
12  33 132 212 319 574 577 616 698 721 757 896 974
9  8 125 176 232 295 596 608 872 920
8  17 100 320 376 400 669 684 719
4  349 441 800 971
6  12 147 156 521 606 728
9  37 390 542 593 595 687 755 865 937
14  129 193 295 319 373 374 496 500 682 799 840 875 917 962
11  202 313 354 424 464 573 583 708 945 946 951
12  17 154 159 228 241 321 323 365 395 640 643 953
16  12 96 279 311 399 438 497 514 562 672 733 739 769 846 872 932
10  157 159 349 386 413 496 518 531 577 580
20  16 28 60 73 188 292 306 326 348 387 401 585 666 742 750 770 771 913 921 965
13  40 87 140 202 204 550 560 594 622 647 676 770 806
8  63 98 109 229 489 792 854 905
13  9 16 153 395 472 509 560 584 587 610 626 663 712
7  638 644 693 878 952 955 958
10  53 70 267 286 413 707 816 824 894 946
13  63 123 135 225 232 309 327 496 607 767 916 922 980
8  237 313 379 542 729 848 895 933
7  159 177 415 791 799 846 999
16  89 189 194 204 345 370 384 467 574 655 776 783 787 869 975 994
9  75 254 450 554 681 700 705 846 865
14  1 194 202 226 246 459 467 471 475 484 547 637 662 801
10  8 22 251 378 414 459 470 582 817 972
9  99 213 215 220 409 502 579 719 960
12  41 47 270 367 414 563 565 591 616 794 832 999
15  17 37 247 291 312 326 335 372 517 553 694 728 770 831 859
11  93 122 331 381 451 721 825 831 835 853 940
9  35 152 248 251 440 579 592 668 740
15  19 228 298 330 421 455 478 479 503 525 657 693 698 804 982
21  58 78 91 92 123 182 214 294 325 418 450 457 557 581 705 773 791 872 909 919 968
8  176 206 427 498 736 870 890 911
12  23 117 212 323 327 364 393 579 816 923 958 968
9  206 238 307 396 404 448 598 799 844
4  566 818 863 958
6  28 91 133 322 395 775
8  7 129 303 486 555 589 616 971
9  50 53 63 238 260 431 641 751 994
6  56 160 206 369 642 867
5  128 224 341 740 924
10  27 312 398 447 519 548 626 643 644 663
10  30 130 172 257 494 559 680 752 811 914
10  177 221 334 337 368 404 621 690 817 964
7  107 174 199 298 377 831 954
14  57 88 204 338 364 368 467 599 649 684 705 755 775 927
10  327 347 354 548 569 706 733 734 751 774
9  58 84 190 211 267 502 801 818 900
12  131 195 249 325 330 481 784 798 821 871 906 999
8  344 555 699 815 841 856 867 960
8  278 478 609 614 642 666 689 990
13  169 183 199 412 513 568 615 655 681 721 767 944 956
7  2 281 366 614 665 819 925
13  6 328 330 349 419 449 481 504 525 539 587 921 964
5  35 237 695 892 968
13  6 14 23 42 77 308 400 493 702 801 843 977 978
14  18 42 200 235 334 450 459 467 797 819 858 859 935 949
19  20 21 83 92 152 176 215 219 244 347 412 488 530 674 730 783 901 937 988
6  400 642 645 689 705 903
9  241 320 374 401 530 672 729 757 879
11  190 240 341 399 426 539 702 734 749 818 966
10  80 164 281 468 508 512 516 613 770 772
4  35 351 544 760
11  12 53 165 238 450 514 553 680 682 763 849
13  100 144 404 424 470 569 700 711 720 782 856 874 915
8  204 259 429 455 585 588 867 967
8  59 108 208 367 383 462 836 957
11  150 210 416 434 437 487 506 508 649 688 963
12  2 111 229 396 470 519 611 645 675 707 911 949
7  72 124 574 743 803 907 988
12  22 37 40 205 210 306 342 349 496 771 832 880
13  99 157 258 261 279 339 403 569 572 575 649 767 807
11  107 267 304 596 609 631 644 702 722 741 938
13  27 78 116 132 203 498 550 574 588 618 749 754 846
10  0 3 11 72 73 132 445 801 834 925
8  460 472 544 556 590 610 840 845
9  27 130 177 223 448 595 648 893 954
11  114 180 252 259 474 489 564 622 756 761 918
8  246 258 390 429 514 516 578 607
9  35 219 307 406 468 512 536 674 710
11  7 71 113 176 252 280 281 455 849 928 953
11  15 31 290 345 367 474 553 757 862 878 910
9  0 283 461 482 505 606 618 662 828
5  28 371 372 441 895
6  92 132 137 621 837 867
7  50 161 357 414 465 523 800
13  60 99 198 228 253 469 502 559 586 664 741 797 935
8  108 171 342 368 592 640 691 701
3  19 823 833
7  95 207 482 486 591 684 817
7  9 37 281 371 685 739 915
8  308 618 621 664 791 807 820 887
7  58 68 283 287 395 459 966
10  124 353 637 675 705 737 770 821 872 977
14  60 139 151 154 547 684 710 809 839 857 897 913 968 972
12  14 51 64 70 295 320 512 528 691 839 976 993
11  40 114 346 439 447 471 489 662 726 922 999
7  0 231 325 479 624 711 969
13  60 123 142 191 252 314 455 566 583 600 715 923 943
14  23 41 108 261 295 345 361 390 419 469 494 640 691 837
10  30 150 233 242 261 271 429 666 756 882
8  13 137 142 845 877 927 945 953
12  76 87 123 263 273 332 358 367 487 609 861 901
7  37 381 447 550 708 803 865
9  98 389 478 488 573 655 664 825 885
18  5 61 105 124 133 198 339 371 429 453 482 562 609 682 709 770 802 942
10  29 154 273 292 303 492 662 680 761 825
3  431 460 973
12  12 337 352 363 386 407 647 658 882 883 908 942
10  68 168 262 426 525 749 923 927 960 966
9  128 173 208 432 691 695 754 758 925
2  193 287
8  33 159 419 539 631 774 806 905
12  15 71 212 443 473 555 651 714 786 845 862 918
11  138 183 188 276 280 400 420 711 830 881 959
6  7 59 75 801 909 943
6  101 495 625 648 661 688
15  122 211 225 315 326 333 428 455 509 515 774 871 921 949 952
10  35 365 539 567 694 698 730 760 852 882
2  15 374
14  50 85 471 629 641 649 665 673 744 750 790 927 962 985
10  67 81 353 416 593 639 666 687 719 949
6  218 287 344 363 434 885
15  51 95 133 153 157 253 496 506 549 639 687 741 768 806 875
10  71 106 124 389 410 464 502 875 938 953
13  13 68 134 193 251 309 315 360 365 499 566 594 846
11  215 260 333 357 395 426 452 597 606 733 929
11  99 236 272 366 377 454 588 680 739 816 917
10  30 34 124 199 306 432 486 618 925 944
2  359 380
14  84 126 155 191 339 385 406 436 458 494 511 657 926 966
11  14 66 90 208 222 587 698 785 884 929 967
13  43 89 125 189 200 387 450 500 575 630 655 748 962
11  29 65 123 174 279 330 376 441 511 653 825
12  32 58 71 130 298 306 361 393 436 445 667 763
9  158 323 357 403 446 488 593 895 903
1  640
8  45 368 523 587 743 807 854 952
8  151 173 182 188 449 655 856 939
16  2 119 162 176 184 240 276 332 446 469 490 556 641 672 720 874
8  158 190 473 517 700 753 791 818
11  72 130 217 361 445 467 552 612 667 673 892
12  81 190 214 316 329 414 613 632 683 870 873 967
3  73 129 822
6  212 229 278 712 722 847
7  193 208 298 390 430 540 608
9  65 92 123 199 214 227 444 454 917
4  52 234 652 858
12  323 396 421 446 463 589 598 725 744 912 940 969
18  7 65 106 144 151 211 229 234 314 407 413 569 686 739 746 800 951 967
9  6 32 94 209 388 676 843 855 974
15  101 283 320 345 355 384 489 496 507 521 628 680 808 902 974
10  169 298 307 369 402 537 589 676 764 935
14  24 129 177 224 237 345 452 459 598 630 813 848 850 900
10  3 10 125 208 409 563 566 709 930 939
6  113 349 394 407 473 803
11  56 224 289 356 413 465 495 520 737 785 898
6  108 226 398 563 685 993
11  100 252 286 311 373 393 440 452 652 845 901
7  41 173 383 568 751 863 874
11  221 241 360 476 508 599 728 783 828 859 901
13  51 105 251 268 454 546 607 613 635 828 866 871 893
6  68 405 419 427 840 861
6  40 230 303 435 635 936
18  1 16 128 202 262 280 332 334 494 577 633 637 746 782 875 939 973 998
10  22 115 163 277 461 521 616 641 721 756
8  104 227 238 388 493 499 695 735
9  4 57 160 181 193 433 617 666 933
12  61 116 170 185 192 234 251 336 599 618 644 897
11  61 149 367 412 461 470 502 645 758 898 937
15  40 61 79 90 119 165 243 404 483 718 882 907 925 981 992
9  25 106 289 357 397 558 724 804 953
9  67 274 302 385 486 615 812 851 893
11  75 189 227 368 548 556 604 634 790 839 978
10  26 106 121 157 332 603 722 838 849 918
11  3 22 29 90 337 382 411 579 590 672 898
13  49 266 307 316 352 358 617 660 742 810 822 943 983
14  103 283 357 492 507 532 644 724 753 786 881 882 932 986
7  310 512 551 628 750 933 984
9  93 145 306 341 503 529 675 715 930
13  108 280 315 322 440 495 509 523 571 584 660 708 874
9  37 92 99 104 372 454 552 653 655
16  0 68 289 303 366 455 482 487 627 646 657 693 824 853 862 962
8  55 214 226 429 456 704 900 922
12  190 299 306 393 524 527 576 592 773 896 897 918
8  32 39 233 308 363 397 408 736
16  68 162 207 247 262 283 350 422 549 665 701 712 739 784 800 860
11  224 226 268 318 354 420 526 578 635 929 962
18  48 94 110 111 120 132 220 333 383 448 500 501 536 660 679 759 930 945
7  202 588 612 617 767 821 832
12  83 264 271 286 465 510 548 585 590 650 845 996
7  139 208 264 362 555 753 826
13  111 114 188 339 449 480 501 675 788 816 819 920 950
12  188 240 300 381 539 582 629 860 882 917 934 960
7  1 438 475 605 632 787 953
10  11 184 314 416 430 519 548 712 834 898
11  0 68 98 167 181 225 308 532 539 674 872
14  9 28 75 108 123 205 390 441 504 724 782 783 910 914
9  7 13 200 409 510 615 638 729 859
6  78 310 468 661 907 989
11  0 24 75 123 166 209 284 374 933 941 954
6  151 356 603 672 827 968
10  131 247 340 369 393 398 411 543 699 980
8  85 202 332 585 594 788 808 839
10  167 175 311 353 393 679 695 921 936 967
10  192 289 516 520 603 682 788 845 861 906
9  153 193 313 543 635 638 829 864 994
11  125 331 347 562 682 687 690 730 825 890 972
8  56 285 305 545 603 698 884 982
12  112 181 187 259 280 326 378 553 648 760 830 950
9  95 149 537 605 733 817 916 969 991
15  10 17 21 50 155 452 464 472 506 541 545 567 725 913 927
16  13 37 45 50 214 315 339 365 383 385 493 520 572 574 645 888
16  17 44 92 145 336 405 406 596 731 736 798 804 822 833 959 999
9  27 190 196 217 273 307 398 710 982
9  215 249 329 447 512 636 819 931 993
10  45 77 163 352 366 615 689 702 703 871
14  41 47 67 222 338 383 395 473 568 577 864 878 897 986
10  14 55 78 191 241 509 596 712 855 996
14  2 42 100 110 174 184 236 239 295 409 652 681 685 839
13  170 193 240 456 488 513 570 588 620 626 865 895 963
5  1 18 333 490 722
10  50 137 252 316 510 614 733 832 978 990
13  25 52 82 146 215 224 245 351 428 436 437 521 845
8  56 99 126 343 394 532 629 774
15  71 260 311 394 408 467 544 586 597 681 730 790 802 809 925
16  32 44 172 289 330 336 435 507 545 616 666 713 777 848 878 926
8  168 366 406 559 630 667 714 737
11  97 118 173 206 335 379 400 418 436 589 791
13  32 59 305 531 554 567 587 662 671 857 904 938 971
10  78 134 356 383 602 620 796 843 878 950
10  232 238 350 451 511 547 596 766 820 899
10  7 192 198 330 337 482 526 669 836 991
11  37 205 207 266 323 481 621 737 743 917 948
8  65 125 201 439 441 480 615 666
8  26 248 302 376 461 567 694 900
8  37 72 421 866 921 924 944 982
10  4 75 149 212 409 424 452 515 663 991
12  25 101 234 280 293 343 513 563 575 618 767 794
13  54 100 162 170 295 368 453 483 520 673 707 805 824
11  211 329 417 477 525 593 642 832 866 890 928
13  33 100 138 153 367 423 561 575 679 784 827 890 965
9  422 431 440 506 585 656 852 950 954
10  155 158 189 245 418 606 618 725 845 914
13  16 47 51 155 462 497 566 732 814 869 910 944 948
12  105 123 241 290 307 464 636 678 720 770 875 955
9  144 213 343 484 636 774 873 976 985
11  20 298 404 429 481 541 719 782 848 865 984
11  246 259 281 286 364 428 537 725 735 870 952
11  102 326 376 488 499 621 640 685 763 786 929
14  40 141 219 288 423 477 530 576 707 709 713 752 861 936
8  3 142 174 291 309 613 681 688
10  32 142 348 456 492 669 679 735 960 961
7  248 303 509 691 763 940 983
9  344 407 568 604 678 834 848 875 876
11  119 165 311 315 404 409 588 695 836 918 984
16  16 31 47 133 135 156 248 404 499 569 637 781 795 839 881 891
10  9 146 191 375 476 635 710 761 769 981
12  21 23 27 34 277 415 497 525 701 713 947 980
13  210 339 361 423 469 482 644 683 709 739 761 817 969
10  51 185 264 314 378 415 447 686 798 867
7  55 142 171 482 866 952 977
5  32 47 127 294 548
5  12 37 114 327 637
9  160 179 255 315 322 731 832 920 957
8  51 316 320 329 479 524 537 563
9  30 222 277 284 396 441 857 869 948
13  45 112 215 257 369 565 600 607 660 769 872 904 991
8  44 234 319 373 554 693 929 950
13  47 101 108 158 203 212 237 244 313 456 509 914 979
11  164 209 412 482 493 692 718 752 754 762 868
12  22 34 307 334 339 392 418 499 781 838 949 964
11  9 31 286 420 491 496 528 736 756 807 828
15  91 308 327 342 362 529 618 675 746 869 943 949 950 963 968
10  211 246 261 279 298 363 648 652 864 951
11  7 140 364 401 433 450 499 543 788 825 905
12  28 66 117 141 212 583 689 791 803 940 975 993
14  46 74 75 105 311 497 544 681 698 728 761 796 903 909
16  32 85 204 205 237 273 334 563 599 641 739 772 853 856 892 929
8  22 154 171 256 288 904 915 921
10  263 346 350 416 467 502 589 612 776 785
5  150 247 425 733 746
11  62 155 156 329 473 580 648 828 865 962 970
13  189 305 392 426 566 591 620 715 774 842 859 887 922
17  50 108 121 266 337 371 534 536 564 620 744 792 800 813 934 944 976
10  135 168 476 578 599 601 697 855 941 963
14  202 204 226 237 322 406 461 471 596 662 713 725 861 985
10  39 53 242 260 380 533 652 834 897 979
13  100 267 280 320 440 506 577 766 804 819 837 863 894
14  137 169 205 245 249 350 513 599 635 708 748 956 968 997
9  7 204 277 301 467 605 700 892 938
9  91 196 256 392 496 505 648 778 934
8  179 294 321 336 398 463 675 782
11  9 130 146 258 262 525 588 599 815 858 935
6  204 375 578 677 754 940
8  341 438 466 694 812 846 922 944
12  70 120 154 421 431 498 549 664 763 812 840 883
9  211 231 285 501 510 527 620 681 823
9  211 278 446 518 519 520 552 873 930
7  373 415 530 592 598 666 997
8  135 229 234 414 428 509 779 787
15  19 72 144 263 270 286 363 413 440 442 451 521 694 819 970
8  351 420 612 634 671 678 832 857
12  7 160 204 427 485 493 549 579 635 801 940 995
4  81 484 535 734
8  218 270 309 353 498 505 673 823
13  6 68 169 248 283 363 541 585 742 822 873 898 972
13  37 115 150 238 285 316 401 430 524 545 580 792 805
9  58 150 195 258 277 332 597 761 771
10  61 320 402 584 708 714 828 840 856 944
6  94 453 641 687 912 935
6  29 287 358 433 617 620
12  62 111 236 347 393 451 484 622 739 843 918 934
9  12 96 142 223 280 311 345 638 957
13  28 53 132 297 337 361 536 693 699 710 805 908 943
15  34 158 188 192 199 251 304 332 453 472 559 584 695 727 791
7  98 191 425 439 458 611 692
8  77 213 254 477 486 861 944 996
10  306 347 430 437 452 456 614 665 868 993
17  14 41 54 59 68 70 188 313 369 608 621 720 750 810 814 889 976
13  17 81 369 373 478 509 564 609 678 841 861 936 954
12  102 206 228 267 305 350 461 513 561 728 769 859
4  76 211 360 541
9  7 142 234 378 536 630 800 802 910
9  10 81 156 263 472 486 511 687 931
10  248 304 392 423 469 537 642 740 747 829
11  23 95 138 332 358 407 522 616 668 698 774
7  180 242 248 341 547 581 611
16  89 170 173 196 298 361 399 434 450 481 501 622 677 731 850 925
10  60 74 118 371 379 403 478 780 813 862
9  116 311 314 412 505 522 540 558 619
9  76 242 260 276 359 396 709 768 832
10  86 112 164 232 401 419 470 502 548 655
13  22 56 191 244 259 556 598 616 629 727 767 874 921
5  131 298 418 601 766
9  79 242 259 386 639 694 765 814 967
11  75 208 321 584 651 695 733 751 832 936 960
10  61 179 192 479 610 629 738 782 862 923
7  222 249 376 479 538 610 846
13  22 93 170 337 386 393 420 479 602 641 776 846 892
16  27 123 129 186 332 346 404 482 529 589 734 866 868 894 913 918
7  507 511 778 806 843 929 988
9  3 127 266 318 361 563 671 820 936
8  23 84 365 446 488 555 616 763
11  131 211 234 290 421 439 474 823 896 922 997
11  0 105 368 413 632 660 669 685 696 832 929
7  365 478 774 822 846 923 997
10  44 102 276 453 539 608 741 796 801 894
9  69 134 360 454 521 661 719 787 854
10  67 85 238 240 431 480 635 704 759 905
6  72 122 192 410 758 870
8  67 358 377 405 587 619 819 890
3  127 468 993
2  465 552
4  51 85 485 994
10  260 369 465 495 504 593 621 656 889 977
8  333 391 429 446 506 540 748 900
10  519 565 603 695 737 779 823 916 946 986
13  54 95 173 234 241 293 299 374 377 528 608 711 714
14  106 128 326 511 537 548 558 585 715 836 892 929 935 972
11  69 141 392 428 487 503 562 623 672 867 939
9  9 99 121 187 200 589 803 866 867
9  383 387 456 568 608 610 864 885 909
11  71 243 256 406 458 558 566 572 699 884 992
9  58 114 389 392 407 488 573 680 755
7  59 132 342 644 737 819 931
9  31 38 78 204 275 412 508 787 996
14  100 222 227 354 371 376 443 513 540 774 800 941 954 987
9  31 85 304 367 477 484 697 744 919
11  46 194 254 284 589 778 796 816 843 849 929
8  58 137 359 589 591 703 776 884
13  3 41 68 159 322 362 479 534 661 796 838 921 961
13  22 85 119 127 148 163 174 208 244 262 390 599 624
6  178 203 410 449 806 816
8  36 218 230 294 372 524 894 897
9  10 53 256 320 354 514 846 947 995
8  30 86 149 212 561 591 667 876
7  352 511 540 544 813 940 960
11  87 223 267 408 496 584 618 807 809 827 849
12  13 27 52 148 194 196 639 726 734 762 940 955
13  41 84 105 422 502 557 577 613 619 710 727 809 859
13  111 191 286 388 541 626 629 649 728 849 860 966 996
10  207 335 338 419 446 459 523 730 761 813
10  38 84 258 465 501 612 743 819 830 988
11  0 207 448 538 601 779 833 836 859 872 933
9  26 216 279 306 335 425 464 544 601
10  17 20 299 392 410 416 612 616 847 956
11  232 340 398 435 543 595 596 603 875 948 989
11  52 227 245 252 330 437 574 701 861 908 998
5  180 401 659 753 754
5  7 8 361 612 761
8  84 252 393 544 613 732 903 975
12  88 97 123 189 285 545 637 654 701 733 827 976
20  20 28 51 89 91 111 130 157 182 202 250 254 393 569 620 731 753 781 853 881
13  26 100 252 313 419 422 613 692 694 814 855 882 937
12  93 365 431 598 667 800 846 894 897 921 937 991
14  88 163 182 192 345 398 469 561 594 609 725 761 880 978
8  259 368 466 475 698 774 841 880
13  20 120 177 206 210 214 356 484 585 590 781 946 977
7  91 192 463 488 589 642 828
11  60 114 117 212 508 583 638 657 681 782 950
10  18 37 47 57 97 130 131 205 374 627
6  146 189 279 457 581 847
14  42 136 196 361 490 496 517 559 682 684 696 855 882 912
15  70 193 246 371 384 423 487 540 579 709 725 746 840 943 970
8  139 152 162 179 267 406 762 827
12  104 148 196 234 312 318 410 532 617 633 834 933
17  14 72 111 246 254 308 370 401 436 474 603 655 689 780 839 880 907
14  218 329 333 409 461 521 542 550 551 580 673 739 976 985
10  23 154 173 256 356 371 579 780 964 967
15  207 270 464 551 557 613 627 629 637 814 818 829 875 876 976
12  92 114 164 210 268 365 480 680 745 830 849 899
10  63 74 167 187 302 316 421 536 990 996
8  126 194 306 384 577 608 628 819
7  28 187 257 568 732 933 935
9  183 253 394 399 412 467 568 601 826
11  32 138 307 406 489 615 630 826 860 869 885
8  70 123 215 329 334 480 514 576
15  27 67 167 226 341 349 459 466 470 474 553 760 767 944 979
7  13 25 279 448 727 953 968
10  41 139 466 515 565 566 596 723 747 979
7  411 520 720 750 782 917 923
9  355 382 386 389 538 568 588 634 679
7  58 354 435 644 685 823 984
10  68 105 375 391 471 626 689 844 911 939
12  4 27 76 186 263 307 424 734 748 823 856 905
8  26 177 199 259 342 448 651 846
13  20 58 183 326 500 528 539 543 594 657 659 932 981
11  62 78 124 170 231 253 283 286 501 577 751
11  56 169 196 256 518 519 543 690 718 887 976
11  54 104 110 135 141 249 497 508 672 786 937
14  95 135 322 370 461 483 564 567 571 740 819 835 844 960
15  138 159 242 323 342 432 561 572 575 591 675 776 888 892 999
9  23 52 231 233 403 499 615 952 953
16  27 232 353 379 397 415 597 614 635 644 673 677 688 771 791 945
15  182 207 218 346 407 507 514 524 567 666 682 684 733 814 955
11  83 160 166 348 357 370 492 587 857 916 968
13  49 64 254 263 272 309 349 419 424 454 559 646 704
10  96 98 175 511 532 561 771 817 927 962
10  144 401 411 464 465 478 492 574 778 887
11  76 224 265 272 414 430 500 536 730 810 860
10  27 53 64 194 258 493 509 829 841 969
5  25 44 541 751 808
8  41 97 278 553 693 745 809 847
4  154 297 733 928
9  14 31 62 196 222 401 562 605 754
10  159 363 582 591 680 693 716 742 762 999
5  332 359 594 803 827
10  13 41 301 374 405 514 518 562 591 953
10  67 124 157 170 313 334 408 504 597 894
5  9 253 293 728 946
4  323 375 526 771
7  10 72 157 345 587 696 801
8  39 127 354 483 603 700 706 992
15  129 342 344 368 387 438 470 484 530 615 681 694 695 777 944
10  169 396 426 427 644 659 739 786 921 947
13  75 89 204 274 345 437 444 573 591 676 703 831 849
11  19 197 379 387 494 581 775 878 917 927 929
9  85 104 302 304 516 560 690 703 859
11  59 82 190 268 280 317 430 780 837 855 891
10  109 219 301 320 346 459 491 520 693 901
10  71 220 231 239 421 506 580 649 669 726
6  119 190 222 716 878 959
14  121 197 222 253 349 358 440 546 604 615 636 698 878 942
13  19 239 249 350 393 653 766 780 811 827 897 912 930
4  97 363 618 858
7  98 194 289 720 839 905 983
12  6 257 297 390 455 463 472 665 674 783 895 920
12  84 86 110 226 248 252 301 562 642 761 904 908
6  371 681 798 896 925 958
6  90 116 294 517 607 951
12  29 94 152 328 339 400 455 468 714 734 839 977
6  314 362 645 816 819 958
3  22 573 680
15  56 63 94 117 121 202 232 285 313 319 362 513 588 822 913
7  145 423 536 720 847 972 983
8  24 27 67 211 311 363 581 608
9  77 120 177 289 684 818 833 855 915
7  125 570 608 636 782 966 989
6  56 357 361 369 448 526
15  57 59 105 107 155 159 297 380 529 552 820 842 888 962 965
8  204 263 277 287 410 467 741 891
6  46 196 222 418 827 828
6  21 123 267 272 285 477
9  75 233 301 367 499 648 698 712 871
17  89 94 146 193 231 281 302 348 407 415 480 616 670 873 980 987 989
8  315 322 408 557 576 848 954 976
9  210 507 821 834 846 865 881 935 983
10  31 110 178 184 413 433 526 642 681 948
5  161 666 693 703 725
13  27 81 111 114 152 177 410 483 523 714 838 925 931
11  16 36 191 240 320 356 382 541 611 792 924
11  173 301 322 420 486 589 615 831 855 881 986
9  0 46 238 260 377 648 697 769 796
12  0 171 249 274 360 373 454 473 613 882 963 993
8  18 41 194 331 333 637 698 914
6  94 95 475 509 615 791
14  24 65 426 435 483 501 752 764 858 882 940 944 945 955
9  71 369 385 422 433 603 757 861 957
16  40 143 164 223 244 287 308 332 545 592 627 654 755 951 963 979
17  26 32 132 139 203 232 400 406 432 458 478 581 635 650 669 820 852
13  15 161 175 188 244 286 386 388 584 616 691 837 958
6  323 440 746 754 889 966
8  153 184 226 270 275 584 616 658
12  146 150 271 338 400 430 526 604 744 784 890 921
5  135 330 441 916 998
12  6 48 187 302 304 388 491 505 707 708 818 837
7  56 248 297 432 615 927 952
11  64 109 231 239 397 457 588 605 696 865 866
10  109 127 133 175 224 388 610 639 869 904
12  124 135 181 268 276 280 291 434 682 777 820 894
4  451 497 575 926
11  173 197 211 363 449 495 624 627 641 670 759
14  35 55 65 208 299 416 476 482 516 575 635 730 958 987
14  75 152 235 291 347 385 436 496 517 538 635 745 840 953
7  23 139 526 584 633 689 908
6  19 57 466 549 674 953
16  182 211 299 312 389 458 507 578 644 665 676 815 837 896 926 988
7  142 157 167 230 383 495 544
10  52 77 101 203 245 321 471 634 842 969
11  55 268 367 439 569 573 754 867 890 893 989
7  44 73 133 236 241 253 397
11  19 40 397 551 637 639 670 717 871 914 927
10  37 65 69 80 90 364 530 618 863 922
7  127 203 212 226 239 274 971
8  82 144 150 151 227 634 777 778
10  62 198 249 420 431 687 730 872 880 928
10  189 284 361 470 490 687 827 841 876 884
9  129 134 286 335 431 440 512 585 880
9  102 260 275 395 438 495 561 904 989
9  34 80 129 245 278 295 539 719 748
12  72 196 325 367 376 399 665 743 760 761 914 975
10  73 105 407 431 439 467 743 792 836 922
8  71 294 408 490 539 652 671 852
7  66 279 360 464 540 777 853
3  627 643 939
5  36 92 703 732 865
6  119 351 451 610 737 930
8  117 184 206 302 428 529 711 970
13  70 83 245 320 426 500 602 647 656 728 886 956 999
9  96 148 182 209 232 346 779 869 912
6  253 325 355 402 862 988
6  20 58 601 939 952 966
12  18 43 68 352 358 378 726 734 789 809 882 979
14  80 154 167 329 392 424 429 467 577 585 670 755 772 997
10  76 122 161 277 560 642 724 734 942 946
14  19 42 45 63 87 134 147 496 514 561 600 739 868 940
12  95 186 208 341 458 502 562 631 720 779 913 930
7  19 200 240 379 761 854 882
13  60 85 147 238 299 388 406 563 621 694 707 901 985
7  97 394 445 509 574 798 998
8  32 33 106 425 572 595 717 899
18  24 84 191 227 307 391 403 462 517 573 616 625 765 924 926 972 975 996
14  7 177 227 241 485 521 560 606 652 724 726 836 865 994
6  57 347 429 433 928 983
9  30 80 134 213 366 394 453 831 991
9  48 175 274 337 408 414 538 546 718
7  151 518 772 815 879 926 971
13  71 191 271 308 330 367 440 459 493 589 636 727 914
6  5 144 210 221 506 612
9  22 253 267 304 528 662 776 854 945
8  69 129 193 357 487 627 961 975
11  19 180 250 318 414 564 712 713 788 945 950
10  165 301 329 465 549 685 788 836 898 977
5  131 592 624 695 904
10  119 164 330 345 454 462 585 683 760 864
7  120 160 164 506 601 768 987
11  24 130 313 470 537 606 711 795 880 916 947
8  159 241 254 290 787 801 911 956
12  112 193 301 359 500 602 757 834 845 903 921 961
12  23 219 227 340 517 609 623 758 766 781 899 996
6  46 78 223 431 451 678
14  16 321 358 372 570 574 774 787 812 861 871 911 996 997
11  254 291 451 475 570 626 683 701 770 777 847
6  187 226 545 680 725 916
10  141 258 281 346 453 792 850 941 973 988
10  84 91 182 240 262 679 750 895 905 988
9  18 105 291 350 531 751 763 801 922
8  43 124 369 530 693 824 882 951
9  82 158 243 299 390 599 712 746 766
17  20 103 258 287 438 440 458 489 563 571 577 649 712 729 765 834 975
10  84 147 451 560 586 627 828 899 927 986
21  53 148 161 244 315 430 434 477 524 758 764 808 824 832 833 861 871 936 947 967 978
6  47 100 104 333 678 763
8  76 137 516 733 761 779 789 829
7  174 412 469 515 645 751 760
11  111 114 121 199 232 252 370 419 514 599 898
5  121 304 512 747 963
6  97 191 438 448 502 674
15  4 60 193 194 208 242 274 286 426 754 777 798 827 834 976
9  25 116 193 251 489 615 619 632 785
9  34 242 459 725 738 773 785 884 959
6  58 212 365 772 872 937
12  227 293 298 405 427 464 507 527 548 578 753 985
8  13 72 113 217 226 638 832 894
10  108 202 461 520 551 613 741 928 940 971
15  13 45 48 60 70 168 407 635 691 706 715 754 770 838 996
13  26 51 173 472 522 550 620 706 788 795 822 840 957
12  0 152 481 538 565 721 728 765 886 909 966 981
8  30 170 510 588 590 640 645 870
8  22 30 437 452 574 579 751 939
13  15 89 245 345 378 428 473 518 581 602 659 939 987
10  80 97 142 202 238 341 378 648 873 907
8  62 65 229 367 422 685 945 951
11  158 166 312 337 461 771 772 812 885 963 995
11  46 91 128 294 358 430 611 636 948 957 960
7  202 375 481 529 547 749 753
14  11 67 76 79 168 373 384 386 456 743 744 778 819 973
5  86 176 724 765 861
5  86 301 354 406 807
11  114 147 201 212 272 321 409 457 496 615 677
9  195 465 488 672 713 756 861 865 986
3  112 818 953
4  100 207 419 813
9  67 86 93 437 748 778 856 916 982
11  85 161 411 458 528 550 552 674 922 927 988
5  169 237 267 799 986
12  6 137 150 169 229 394 441 650 731 770 860 928
9  102 158 188 201 215 797 822 873 878
10  5 185 266 330 367 465 504 548 576 931
15  133 204 228 236 255 296 484 528 633 749 758 911 936 973 992
8  286 406 504 868 876 887 920 966
9  42 61 250 284 336 457 542 628 936
6  9 153 211 352 394 469
5  420 488 495 926 942
10  64 102 108 164 194 293 304 522 554 857
6  252 272 318 453 559 790
6  332 384 623 763 907 925
8  80 275 406 559 561 624 724 907
6  104 150 357 500 621 890
3  172 223 645
10  9 167 168 173 353 476 477 753 785 842
8  334 465 510 558 563 794 928 971
7  425 500 516 575 591 616 843
10  9 69 230 474 698 738 820 853 863 992
11  71 140 198 214 308 373 550 554 653 926 992
15  19 92 96 158 164 205 224 270 391 440 619 844 889 913 930
10  216 228 241 321 591 658 687 793 866 973
16  233 237 373 396 469 482 532 546 564 594 612 653 788 877 878 908
11  107 272 412 523 661 681 691 815 860 889 989
8  229 274 370 668 946 965 981 985
10  26 324 357 394 487 527 655 778 799 947
11  19 152 269 478 486 525 538 604 606 836 947
6  198 363 420 759 763 863
9  6 47 209 285 287 314 388 456 842
5  54 372 596 597 834
13  382 422 559 573 586 628 645 663 708 770 910 938 959
13  6 15 91 115 263 341 342 453 463 490 580 663 762
8  19 81 118 387 506 591 622 765
11  9 68 126 295 390 564 592 942 951 977 982
10  111 208 209 225 637 673 736 837 838 872
19  7 120 126 178 207 251 370 403 421 445 483 512 517 526 763 775 963 967 976
6  269 394 565 658 763 845
13  87 106 158 255 376 435 468 587 668 750 761 770 826
4  209 612 880 957
15  3 70 162 247 413 436 540 565 713 734 744 823 924 977 996
11  27 181 265 280 469 640 682 687 698 831 849
7  355 452 552 671 777 831 966
10  73 275 276 354 384 400 437 588 647 652
9  188 256 343 477 490 585 695 778 880
7  130 230 501 578 622 708 934
7  92 464 661 700 812 825 932
13  41 77 108 118 236 331 411 493 522 550 814 850 923
9  18 58 91 145 215 605 612 817 929
14  121 137 173 256 282 294 339 371 386 404 424 750 833 981
17  25 81 112 191 201 203 254 306 476 519 520 527 556 576 607 668 911
12  29 37 155 158 325 567 583 624 656 754 863 956
9  57 200 334 407 428 435 667 890 891
10  244 261 355 550 559 562 592 637 837 974
9  71 111 334 509 756 843 861 874 981
5  57 176 353 900 950
7  45 299 423 681 714 871 953
11  18 31 107 127 209 363 459 574 715 815 958
8  14 87 195 318 529 729 741 914
12  62 123 129 331 399 466 575 584 640 658 673 975
11  81 106 157 230 245 319 459 490 606 795 865
11  17 162 275 410 447 483 617 806 919 937 987
7  55 118 237 328 474 646 678
11  79 208 237 341 379 464 502 561 565 639 948
9  44 367 374 562 597 621 798 820 863
15  166 283 343 386 431 467 498 501 569 679 753 763 789 792 850
14  1 127 157 169 262 294 363 510 518 722 865 913 922 962
13  42 84 180 216 340 469 704 815 824 847 860 875 981
7  181 387 398 455 543 746 939
14  187 203 284 401 428 463 668 689 717 734 792 856 862 943
13  30 93 144 156 342 417 421 442 521 542 689 818 867
14  96 142 161 220 230 246 265 441 541 542 701 866 871 921
5  451 499 521 727 802
12  18 86 130 150 202 425 447 454 597 690 721 897
7  18 213 323 429 531 780 879
14  17 48 131 229 298 342 397 665 703 753 763 852 867 925
10  183 191 212 274 377 448 565 707 773 831
10  27 323 427 479 487 666 783 799 941 973
12  12 51 95 113 245 320 340 361 514 850 929 990
13  24 96 188 304 305 345 426 435 568 591 863 969 981
6  435 557 591 708 802 892
5  63 282 819 892 926
13  18 197 262 398 407 411 638 643 644 799 819 901 992
5  129 171 240 738 870
12  46 166 251 577 578 588 707 709 748 835 840 919
9  295 358 437 574 668 673 900 943 970
16  6 16 137 281 289 299 351 358 374 575 584 675 678 724 729 759
5  80 132 289 477 963
9  126 312 389 544 551 708 772 938 990
9  25 55 179 285 303 543 597 785 912
4  33 88 720 779
8  49 272 464 610 620 802 946 981
5  40 119 393 613 661
14  99 114 143 147 500 536 683 817 820 899 936 975 993 994
14  42 84 213 388 421 422 532 685 701 810 848 924 960 994
6  11 175 437 640 662 848
12  174 177 235 322 459 471 520 540 613 876 877 922
5  74 257 342 353 701
11  25 163 198 469 521 528 555 576 630 691 775
11  23 42 76 200 264 316 401 648 757 983 994
7  143 182 365 525 650 698 988
13  90 103 181 275 349 365 398 468 555 576 645 869 956
7  337 350 356 376 487 744 767
8  13 117 412 592 732 751 762 889
9  106 125 228 334 364 416 537 851 881
8  155 238 283 339 341 641 730 878
3  20 332 955
6  36 239 316 458 572 750
9  9 64 410 448 460 649 690 710 745
8  22 195 293 456 530 606 647 757
3  229 386 942
11  1 100 161 250 351 380 588 783 808 809 911
7  159 289 495 569 649 696 819
9  4 18 132 212 296 458 543 779 915
6  176 262 378 425 504 827
9  60 213 249 605 749 753 801 846 907
6  329 491 584 645 721 885
11  48 63 104 193 275 392 521 655 728 817 862
13  6 75 162 223 378 424 450 676 703 712 739 854 987
7  9 245 271 460 658 909 983
10  7 138 199 391 538 617 686 748 755 795
9  188 308 327 374 414 602 638 934 949
12  86 99 123 171 258 294 355 365 436 493 521 942
8  86 109 114 159 212 549 857 880
6  173 183 373 445 648 802
14  193 234 298 385 417 460 514 552 576 636 685 750 867 995
13  199 277 364 464 476 525 704 713 758 796 862 892 980
10  75 150 214 279 290 518 527 602 843 932
12  68 119 134 160 221 417 672 733 836 890 936 982
13  111 180 233 255 291 309 351 406 509 650 671 808 871
13  90 92 118 311 407 692 698 733 738 805 816 877 939
14  90 112 172 226 282 290 301 392 619 638 688 703 762 796
9  22 261 421 625 707 735 776 798 813
16  3 307 312 368 430 449 459 522 526 540 550 638 844 874 944 965
11  72 79 335 360 369 479 645 718 728 817 939
6  9 396 505 546 671 800
8  146 191 358 608 842 923 964 994
9  108 200 348 359 381 565 587 595 962
7  109 374 465 472 493 841 917
12  54 86 118 237 267 333 474 491 540 595 668 983
14  344 385 431 501 517 523 763 801 803 889 924 966 969 997
11  6 37 187 238 350 575 576 611 773 857 974
7  171 253 305 410 471 827 884
15  20 176 319 335 345 541 605 716 723 781 782 864 926 930 987
13  29 117 209 329 434 457 475 484 558 560 678 727 776
10  23 118 134 166 176 381 466 548 756 873
9  116 286 289 644 726 805 830 906 918
15  7 25 53 94 105 167 279 296 357 454 495 585 865 881 955
14  72 120 232 309 417 425 465 476 490 498 599 635 678 929
12  2 7 33 189 282 369 615 678 741 743 784 958
10  57 86 189 198 538 579 631 726 821 887
9  28 176 439 556 636 748 763 822 823
8  414 425 447 568 669 786 859 956
8  107 237 249 298 302 452 454 917
12  28 76 373 390 411 423 449 454 581 743 851 994
10  120 124 189 330 455 651 680 759 784 830
9  143 197 298 318 429 442 614 688 723
16  2 14 33 190 261 282 305 352 375 600 614 629 695 697 793 852
13  8 38 66 75 122 225 257 381 423 501 548 667 998
8  197 426 560 616 678 902 943 962
11  34 56 232 470 567 720 749 847 897 948 985
13  61 64 104 113 136 247 445 494 679 778 786 835 988
10  119 197 214 216 650 653 682 694 853 945
7  37 44 295 394 643 772 827
11  96 206 230 290 374 433 517 558 612 786 890
8  106 140 433 552 742 750 981 992
15  46 86 129 145 188 301 313 363 368 463 619 661 862 933 955
10  248 401 454 466 675 680 768 785 832 883
6  92 224 234 452 590 932
6  176 193 422 661 821 929
15  153 170 172 241 273 290 311 562 659 683 723 779 802 838 936
10  82 246 312 323 330 385 516 590 763 832
13  46 76 111 176 212 214 235 275 382 454 470 600 617
9  38 278 329 391 440 622 700 875 936
6  48 463 482 585 719 881
9  126 185 218 410 705 738 776 813 986
9  74 82 205 275 388 487 540 656 733
7  288 345 756 788 801 818 873
7  100 179 182 331 332 849 937
10  116 202 457 572 712 733 742 761 855 889
12  32 276 427 465 500 573 589 591 610 667 770 832
11  7 39 236 274 442 536 579 652 744 830 836
7  88 136 236 354 403 577 763
7  151 450 468 599 601 680 724
8  6 25 89 199 383 439 666 922
13  40 351 438 608 779 821 845 850 863 875 887 961 984
8  142 211 389 395 417 795 830 924
10  169 357 434 647 656 668 735 895 915 935
5  359 428 436 604 981
9  0 301 427 467 589 730 774 821 956
12  23 43 69 108 358 398 538 673 762 792 797 971
14  34 42 55 71 123 178 548 666 694 747 782 857 914 939
11  238 250 522 564 698 722 756 757 796 896 957
9  121 157 380 568 659 666 701 710 820
6  4 231 403 593 874 884
7  90 391 413 418 448 576 736
11  14 146 166 351 544 634 801 815 816 878 961
12  128 149 160 176 276 338 396 457 499 533 675 889
12  41 111 202 219 387 535 734 889 890 895 932 950
6  86 92 484 556 785 921
12  38 371 399 498 547 562 593 733 751 753 777 836
8  85 470 480 525 527 725 753 936
6  100 345 569 686 731 954
11  16 59 133 201 207 229 277 394 613 627 720
