1000
13  58 99 169 496 522 561 618 737 738 821 823 851 872
15  103 292 399 413 451 459 484 512 527 701 711 899 936 950 995
13  73 98 153 198 235 338 574 626 746 784 899 901 939
12  44 53 173 249 292 341 705 709 730 824 834 835
12  20 56 221 223 250 258 347 633 642 800 896 924
13  101 167 304 351 430 450 561 593 605 683 734 775 844
15  93 109 139 298 420 466 492 626 641 678 715 750 760 808 887
11  49 67 95 111 147 697 726 736 762 873 882
5  340 443 704 764 939
11  14 297 323 377 486 632 765 776 843 865 982
7  129 303 341 385 390 867 952
7  112 325 355 437 665 703 956
10  17 33 110 205 208 456 472 722 824 860
5  107 108 404 688 897
15  9 112 154 157 179 275 378 439 457 671 694 698 772 943 998
12  66 182 247 270 489 509 549 557 706 741 792 801
14  108 110 133 364 546 568 616 635 636 712 713 730 760 911
10  12 48 50 61 72 79 172 428 504 578
11  207 302 350 354 510 631 727 783 865 900 909
16  187 194 225 322 349 430 445 450 526 599 727 839 843 856 927 985
7  4 177 237 425 450 622 837
5  106 187 589 803 827
13  60 81 105 194 280 338 352 499 576 584 585 818 862
8  49 125 127 243 346 538 542 863
15  30 59 89 213 262 331 416 432 435 449 521 569 694 849 941
8  87 103 132 447 469 474 606 934
3  87 310 360
6  67 435 569 813 830 966
11  110 192 434 491 492 508 740 847 950 960 984
8  224 485 841 862 900 917 918 961
13  24 53 230 279 293 394 506 511 514 644 763 899 909
9  111 346 353 422 523 912 963 972 991
13  140 238 295 337 545 592 625 662 822 867 903 948 982
9  12 336 542 549 658 813 963 969 981
14  322 344 368 469 602 637 794 797 808 831 839 854 901 973
11  61 80 148 365 583 696 735 887 888 951 987
9  112 236 260 309 357 474 479 535 792
4  515 746 914 964
10  217 221 224 348 380 591 606 796 908 960
11  243 259 299 313 471 478 551 563 663 714 793
9  183 197 267 350 489 553 622 727 989
8  162 192 200 729 836 885 928 981
14  53 167 180 213 254 274 402 473 746 874 883 945 980 998
10  201 292 341 402 495 630 734 779 789 991
7  3 127 632 705 791 859 900
10  120 141 160 184 293 327 376 583 640 847
15  47 74 145 224 232 331 437 548 665 699 828 865 884 892 970
15  46 132 157 201 315 318 335 406 546 569 624 720 837 848 894
8  17 466 590 628 709 725 728 938
9  7 23 213 324 429 487 520 541 951
8  17 83 256 267 406 510 526 673
15  59 258 278 291 438 474 541 603 610 629 737 756 871 915 990
8  413 530 600 704 790 821 938 991
11  3 30 42 296 311 360 504 713 765 944 981
11  61 142 287 336 367 426 502 521 760 817 980
8  111 158 310 386 623 682 690 951
11  4 189 266 331 386 464 626 683 734 931 956
13  107 129 273 461 488 609 655 670 675 771 882 987 989
10  0 325 334 493 515 535 567 632 650 961
14  24 51 118 205 231 340 390 470 485 598 607 889 925 996
13  22 131 250 257 278 351 384 565 839 855 904 923 939
12  17 35 54 63 145 229 335 610 675 717 732 897
5  350 444 585 675 871
8  61 153 494 733 793 974 988 994
9  242 485 652 739 745 790 827 849 947
10  121 150 215 281 323 710 742 791 799 988
9  15 67 145 325 403 451 627 856 867
18  7 27 66 99 110 117 123 231 363 433 519 560 578 700 727 801 972 981
8  268 353 368 453 520 549 833 947
8  272 363 392 437 485 494 890 915
3  551 667 940
6  88 154 711 792 794 999
11  17 99 265 268 360 724 743 803 876 896 962
12  2 121 245 403 494 619 639 756 876 912 917 943
12  46 110 261 276 365 473 527 546 653 679 690 875
11  117 184 432 533 543 631 682 725 824 937 968
10  158 203 221 230 543 554 586 630 710 897
9  299 353 383 423 581 696 700 861 927
10  163 322 501 508 540 722 804 820 927 950
10  17 210 461 554 638 710 733 807 896 934
8  35 263 284 354 436 482 650 989
7  22 191 406 446 829 927 954
9  181 184 286 400 419 546 707 790 851
5  50 235 549 565 957
13  129 164 265 331 461 545 559 562 707 861 890 919 961
12  90 239 268 354 408 428 523 590 743 884 934 984
12  137 206 229 372 390 509 661 674 750 799 854 855
12  25 26 107 265 369 395 447 522 617 725 726 745
15  71 93 197 222 239 247 323 365 457 522 586 631 884 919 929
20  24 112 211 232 273 292 338 339 376 393 491 505 611 657 689 772 778 826 902 984
10  85 239 253 368 502 630 667 852 898 950
5  132 342 732 883 990
15  129 220 247 254 312 440 521 609 623 655 687 742 765 897 958
13  6 88 116 143 164 229 237 280 300 412 476 753 963
10  274 289 397 415 483 569 586 679 697 772
7  7 187 481 525 675 949 995
5  137 261 344 453 923
9  101 259 392 543 697 709 855 943 950
5  2 338 495 609 836
14  0 67 72 105 125 360 385 406 466 496 509 770 937 987
9  110 115 276 502 510 576 584 688 937
11  5 97 241 406 517 577 674 727 738 874 907
8  146 182 340 484 486 629 675 812
7  1 25 127 244 499 511 898
9  316 318 512 542 639 658 692 802 868
6  22 99 310 851 893 962
10  21 165 356 433 447 670 688 697 813 874
14  13 57 87 157 440 486 505 559 567 626 675 719 721 802
3  13 16 290
14  6 112 162 256 308 316 337 351 561 584 886 925 976 977
19  12 16 28 67 74 100 168 190 347 530 568 571 633 697 711 869 880 886 951
9  7 31 55 222 419 429 756 876 905
14  11 14 36 89 109 189 300 354 521 668 681 700 749 837
10  129 206 328 330 356 397 537 890 915 943
7  374 631 657 727 762 929 994
5  100 232 336 755 875
9  93 192 332 386 420 587 738 840 894
11  67 75 126 211 223 467 530 596 765 791 806
10  59 338 354 373 414 471 646 684 808 947
8  245 275 280 319 442 646 841 863
11  45 157 191 199 320 324 537 540 596 774 997
7  65 73 318 429 562 630 851
11  181 217 340 374 468 568 612 683 838 884 949
11  67 266 367 406 416 421 490 644 660 854 916
8  339 386 602 721 737 785 806 834
11  23 99 149 232 240 261 365 432 448 722 982
9  117 212 311 312 715 794 860 961 965
11  23 44 103 196 221 505 602 706 779 833 897
7  208 332 368 445 472 776 908
11  10 57 84 92 113 371 501 528 540 667 996
6  168 289 364 386 706 893
9  60 216 411 527 657 695 715 846 882
12  25 47 91 336 350 406 643 722 723 769 986 995
7  16 382 593 662 769 833 904
11  147 381 385 415 451 457 556 718 734 741 828
11  179 199 342 368 433 484 575 595 815 821 860
9  310 398 455 577 637 804 908 915 961
12  86 96 199 249 306 390 470 535 737 854 857 942
10  169 261 268 323 354 374 432 463 784 795
6  6 258 396 579 648 675
11  32 190 292 487 501 517 749 756 812 852 862
11  45 320 347 678 695 712 824 918 920 922 965
9  54 157 469 517 694 822 958 966 984
12  93 171 192 289 317 329 402 605 610 753 807 970
8  151 184 352 397 550 640 900 975
13  46 61 66 224 305 390 504 573 597 767 774 804 905
12  102 332 386 527 600 681 819 914 928 939 943 960
10  7 134 202 260 283 328 415 653 760 995
9  35 387 567 599 842 858 942 952 971
13  125 255 309 332 615 714 756 787 832 947 969 985 986
8  65 154 216 222 369 450 550 602
11  144 226 295 375 458 554 645 710 745 837 902
7  339 360 461 607 622 709 720
10  2 63 221 432 489 620 786 796 842 908
14  14 71 150 314 332 350 372 386 396 412 691 699 874 933
10  176 180 199 374 393 536 666 682 936 957
8  253 441 501 507 739 798 871 906
13  14 47 107 120 142 259 345 350 424 479 524 575 612
6  55 76 296 714 817 827
13  215 327 339 419 454 625 720 800 881 892 909 922 963
8  45 273 721 777 795 836 967 998
9  254 407 454 496 505 708 784 791 838
5  41 109 261 403 644
9  78 212 523 537 723 797 914 919 981
11  84 93 198 224 406 421 580 616 814 869 999
7  106 229 298 778 849 939 982
9  170 187 249 259 373 462 505 634 690
12  5 42 220 258 260 469 486 595 653 835 848 919
13  110 130 184 383 520 522 625 670 696 700 876 911 998
10  0 138 188 304 355 584 656 725 744 906
5  166 476 629 933 974
8  143 359 375 481 730 755 964 988
12  17 183 201 210 473 570 680 753 757 776 799 997
11  3 476 513 641 766 777 794 888 905 916 954
12  198 269 302 467 480 555 613 657 712 860 879 989
10  204 309 379 406 558 596 716 735 807 868
10  155 177 356 512 563 650 698 708 899 947
15  20 176 211 218 254 311 378 459 465 521 530 540 716 738 952
3  763 784 913
13  14 135 244 256 294 392 477 561 612 634 681 683 918
16  42 155 187 188 210 413 519 591 675 695 745 827 871 903 908 945
11  82 122 349 375 462 493 506 538 689 865 999
10  15 102 211 295 428 581 588 598 790 835
12  40 172 361 425 489 505 524 601 712 722 857 946
17  45 75 82 144 168 405 411 435 458 459 479 483 518 747 752 800 897
11  221 368 374 465 481 504 505 716 832 857 997
6  399 537 568 693 829 938
15  19 21 95 166 180 314 464 569 618 642 652 697 778 844 931
12  169 180 206 246 365 448 537 618 730 751 778 791
10  56 112 532 626 634 650 703 919 946 948
14  110 140 219 249 279 372 496 536 583 590 631 776 834 952
5  81 120 311 356 660
17  28 41 116 143 222 368 410 487 493 530 711 743 862 885 949 964 992
9  244 246 372 402 433 487 563 566 655
7  19 22 528 641 666 949 976
13  208 392 430 440 447 577 620 656 697 755 855 869 980
16  127 197 268 333 336 448 480 561 567 573 590 648 842 854 859 951
12  40 88 196 326 451 566 708 840 862 880 900 916
14  2 164 174 202 225 239 339 434 458 581 585 660 707 851
15  120 135 137 155 217 336 350 437 510 565 570 610 803 879 916
11  41 210 221 291 412 499 559 675 701 783 874
15  43 47 172 273 318 319 345 421 431 433 721 766 821 904 955
5  147 198 339 514 992
10  76 309 340 463 497 632 682 797 845 973
8  175 265 463 482 536 595 642 948
12  12 59 233 273 286 341 356 403 535 609 817 836
10  86 113 188 632 662 792 801 910 983 984
8  18 317 472 544 579 584 699 807
12  12 128 195 253 372 377 389 506 550 563 713 988
3  317 619 965
12  79 172 180 200 241 270 375 437 478 629 724 882
5  89 117 177 182 441
10  126 163 222 293 361 424 588 713 928 986
6  24 42 49 452 786 854
5  231 545 851 873 963
4  65 159 282 426
8  131 150 428 494 560 875 939 952
8  38 122 199 378 398 525 783 971
8  177 371 446 554 752 814 839 916
8  190 258 516 545 612 666 694 734
10  92 167 253 354 360 386 388 458 560 692
12  4 38 76 127 153 185 200 261 295 307 804 921
12  88 111 150 192 212 537 547 608 641 727 783 912
11  4 117 249 374 574 616 635 647 716 801 932
15  29 38 46 145 164 381 400 405 601 626 638 776 861 905 907
7  19 198 387 686 952 977 992
7  151 504 562 569 717 757 843
10  277 302 310 329 358 461 527 796 947 981
8  316 405 409 587 687 713 922 934
9  61 86 93 165 244 335 353 416 935
9  30 76 236 260 323 615 898 966 981
14  59 67 214 237 314 334 409 594 708 740 773 897 906 947
11  46 89 115 125 275 276 426 524 659 933 953
11  205 250 578 623 684 774 784 804 937 950 996
6  384 432 489 565 967 985
9  2 83 380 459 604 682 785 873 933
13  36 230 298 337 573 576 648 677 678 712 799 975 984
6  20 93 231 500 988 992
10  32 291 332 370 757 773 809 865 907 958
7  85 88 90 198 717 769 992
6  125 277 392 564 575 661
8  101 210 285 516 616 726 855 898
19  64 283 287 351 356 416 502 517 524 539 664 726 793 837 843 847 861 884 929
14  23 39 289 313 327 358 405 425 473 560 638 768 873 977
14  103 179 193 229 366 411 442 445 454 621 860 935 936 969
11  73 119 506 636 678 725 803 812 815 913 958
9  188 193 343 348 626 639 907 920 929
9  15 88 92 339 452 504 566 577 892
3  453 647 814
13  3 137 166 190 223 302 352 452 616 691 801 900 935
10  4 60 233 381 474 548 795 803 886 936
5  348 451 729 768 795
6  406 499 533 711 727 923
6  90 156 208 220 444 638
16  42 92 161 177 260 271 275 313 383 457 482 533 552 881 883 998
8  149 338 341 645 778 820 909 930
11  50 109 179 264 327 405 416 419 564 638 658
8  60 399 561 765 776 828 848 973
13  4 51 139 167 219 390 679 704 723 738 838 897 996
13  39 97 157 166 493 499 563 587 656 678 740 804 993
11  36 147 167 230 254 279 427 486 538 658 918
14  74 96 125 138 162 221 277 287 565 666 822 824 956 995
7  24 332 371 581 649 768 876
3  80 350 745
8  256 331 403 436 701 866 893 910
15  72 84 87 204 324 409 459 532 604 623 652 705 797 874 909
9  56 123 297 573 575 613 729 733 803
8  40 50 401 678 679 711 809 840
14  68 72 85 138 196 439 487 518 534 802 822 855 893 895
10  174 280 411 418 456 583 611 754 854 915
10  15 210 335 336 426 513 665 697 730 960
10  254 315 672 700 766 767 780 914 972 999
5  69 291 851 886 938
11  57 89 160 201 205 289 323 577 794 835 958
10  42 94 276 320 532 766 786 795 846 968
8  14 119 232 254 334 502 518 761
9  74 100 232 274 334 358 626 668 870
10  227 240 261 348 382 492 504 563 576 981
6  51 60 380 447 533 718
7  30 190 260 318 667 681 742
12  22 93 119 269 357 418 474 558 754 919 932 994
8  65 379 587 593 602 950 952 970
10  215 398 477 490 529 554 574 869 940 993
14  147 242 295 314 381 444 471 609 692 749 870 890 906 950
9  80 304 305 478 653 736 959 971 994
7  241 311 396 598 626 923 943
9  82 205 435 566 627 649 685 751 997
11  54 242 261 393 402 472 608 639 649 732 802
9  293 301 314 421 767 854 928 929 941
12  94 130 143 243 273 558 580 670 814 821 919 962
12  108 413 431 451 476 572 656 819 826 924 930 958
12  51 200 238 272 318 499 616 675 706 732 765 961
16  1 3 43 89 140 355 446 495 666 677 730 734 786 921 942 979
9  30 45 212 288 351 509 766 785 873
6  179 384 410 695 843 909
10  32 151 182 221 283 416 518 539 555 605
12  53 158 321 407 510 697 706 738 814 881 911 986
8  9 266 450 643 662 750 928 992
12  6 165 236 345 353 432 469 472 691 745 747 993
8  39 77 338 621 648 773 783 791
14  93 112 359 377 380 399 461 519 603 736 762 823 824 839
10  288 320 423 440 542 639 761 788 929 935
10  18 174 227 249 435 572 643 749 914 924
11  10 326 433 464 522 588 687 742 831 842 886
16  5 169 284 323 326 365 374 393 421 647 716 746 778 876 899 957
4  145 284 415 635
10  137 311 342 446 546 646 674 719 806 905
6  221 382 742 823 903 985
5  109 530 596 692 959
11  36 149 175 203 454 658 707 734 779 851 863
18  26 55 105 136 227 345 452 455 491 504 523 548 610 615 632 810 941 949
8  53 126 177 191 285 306 470 787
4  92 126 313 458
10  39 243 254 312 320 431 436 586 631 791
13  154 187 231 283 288 400 438 599 761 877 930 942 958
9  47 271 407 422 462 663 720 898 999
9  104 109 228 367 650 675 735 738 785
7  143 207 209 358 420 432 819
12  47 104 121 201 279 291 335 346 497 810 873 879
15  119 201 359 400 572 589 726 731 828 866 896 910 970 980 986
16  120 141 274 301 313 341 565 651 666 675 754 757 807 817 828 949
5  296 446 599 744 964
6  19 34 78 531 709 790
14  9 65 88 138 230 273 304 388 595 648 729 805 968 999
10  49 120 265 339 464 468 548 798 843 964
12  11 58 66 383 393 464 511 688 946 956 971 997
12  197 303 304 397 423 486 528 530 679 762 860 966
10  45 159 243 256 492 589 620 726 898 981
7  113 147 463 465 527 532 799
11  143 227 498 628 651 765 788 855 856 917 919
8  113 345 355 497 506 551 707 747
9  24 46 56 84 264 366 566 786 978
12  116 128 146 149 154 238 262 507 554 621 713 933
5  196 543 829 832 929
9  58 231 275 276 395 491 813 838 996
9  47 61 229 270 318 500 583 615 651
15  33 54 115 132 196 199 270 484 567 634 774 775 801 820 822
7  32 109 236 348 363 426 728
18  2 22 89 98 118 255 299 349 364 480 580 617 662 720 773 824 839 965
14  89 124 152 159 198 202 247 324 361 621 635 671 777 819
6  8 59 102 122 203 970
16  3 10 43 205 255 320 431 470 616 658 707 736 742 857 859 973
6  91 135 306 558 943 952
8  246 436 453 530 628 835 868 888
7  34 96 351 680 723 743 983
10  157 201 298 310 330 401 509 713 878 990
8  23 31 318 350 446 511 814 905
8  4 110 141 349 620 662 804 871
11  38 246 251 277 337 382 429 512 513 849 987
8  19 181 338 347 529 672 903 934
14  18 40 62 132 154 157 199 263 346 375 723 892 951 992
16  5 60 109 242 293 344 362 464 632 713 767 773 804 816 843 966
9  22 144 249 499 540 752 790 812 871
14  31 68 77 229 298 426 470 592 593 651 661 878 983 999
15  18 80 85 112 118 138 220 449 487 719 728 747 854 880 943
12  11 169 292 330 429 660 661 666 690 729 785 928
12  106 113 176 191 205 242 459 482 554 637 648 650
9  36 280 464 573 594 770 911 917 964
10  227 243 276 317 620 692 782 897 901 994
15  171 300 319 361 363 389 420 422 449 459 480 485 586 887 900
13  26 53 72 99 152 220 490 501 544 572 591 788 810
10  183 212 339 359 426 498 623 657 743 926
9  351 387 407 435 668 672 700 805 962
11  67 69 337 359 492 545 661 771 781 933 988
10  16 130 338 417 602 664 666 802 841 948
15  35 74 88 125 188 304 526 536 605 668 875 885 918 931 944
7  244 331 403 418 435 579 970
9  54 123 316 390 406 630 644 715 733
13  34 68 90 128 135 185 192 531 565 687 710 835 999
6  87 150 517 550 648 818
4  238 567 615 862
9  129 218 262 420 475 771 815 831 921
10  86 154 190 193 208 426 647 767 896 955
10  118 166 381 492 649 778 853 905 980 993
13  114 122 138 155 185 223 304 399 543 582 616 678 742
10  151 171 181 210 350 386 480 613 840 930
6  45 89 582 721 741 918
10  9 208 300 378 381 461 517 519 553 914
8  14 177 217 377 427 653 743 941
10  175 281 437 442 486 614 619 730 820 867
9  38 235 278 300 512 527 579 594 844
11  134 224 250 283 373 377 617 665 682 756 824
15  133 277 307 348 389 499 503 543 576 598 636 755 870 927 948
12  77 168 254 325 544 695 746 852 938 957 990 995
15  60 234 294 494 514 578 605 659 684 766 832 841 881 896 946
10  10 99 134 389 432 466 605 657 658 793
14  55 56 116 124 130 146 154 220 375 413 536 735 855 963
11  148 225 362 532 586 627 751 795 847 865 905
6  220 323 533 726 816 857
12  208 359 382 385 460 476 491 622 660 787 788 999
11  10 59 86 137 145 258 367 540 591 604 964
6  499 512 640 808 838 958
13  69 97 179 195 240 405 413 563 621 937 946 960 996
7  89 155 287 304 325 395 409
9  30 441 540 590 647 737 765 941 991
7  87 334 393 471 506 583 849
8  139 154 285 442 456 695 822 836
8  94 113 144 326 546 724 926 955
7  136 217 282 525 555 628 967
13  1 186 257 300 374 423 424 474 539 561 626 650 835
7  82 224 314 319 798 956 990
7  267 345 577 604 708 854 947
9  42 43 143 193 287 565 630 678 934
7  66 73 162 205 264 366 948
9  13 419 516 543 610 668 724 744 975
6  184 224 228 243 256 392
13  47 50 81 99 101 123 132 164 175 252 367 649 736
9  161 296 315 362 591 629 831 834 938
6  85 445 486 815 927 996
11  228 231 265 393 460 711 807 903 930 943 959
3  192 294 769
9  131 184 244 269 728 747 811 831 848
8  93 154 200 414 426 515 660 833
10  1 52 180 290 386 392 430 446 501 728
5  118 412 582 637 698
13  94 134 147 305 545 568 610 620 682 723 811 853 878
11  24 123 229 242 256 295 490 598 731 773 804
10  364 432 497 517 752 774 827 829 831 927
9  269 280 366 490 496 511 532 570 676
12  82 111 159 256 404 486 761 789 801 841 845 925
10  6 116 317 359 371 671 678 810 879 976
11  123 164 201 288 304 602 671 682 708 833 834
6  31 315 359 683 732 983
11  77 301 326 399 440 448 474 535 593 648 820
13  157 212 399 463 488 537 594 628 636 796 825 831 898
7  20 183 243 482 542 869 951
13  54 215 232 270 337 353 361 372 412 498 594 685 897
8  260 378 449 556 753 787 867 995
8  17 85 182 216 451 738 948 953
9  49 111 121 348 355 573 687 812 855
13  5 19 195 413 486 617 659 673 697 735 919 941 980
9  201 290 313 341 491 701 914 944 967
16  24 75 125 138 153 234 298 317 385 417 485 639 772 859 925 939
12  67 106 135 193 201 303 440 444 524 736 738 960
11  28 198 492 535 602 674 737 750 771 836 924
15  24 27 184 286 302 362 366 444 653 669 710 845 850 858 865
10  80 264 313 343 519 747 796 868 882 970
10  11 46 69 199 210 379 472 610 707 788
3  51 314 604
7  14 268 467 524 596 625 678
18  92 107 195 301 423 433 459 461 491 524 559 608 614 624 636 788 801 879
11  156 211 394 540 632 665 850 894 896 902 968
10  119 244 379 396 534 598 690 723 769 955
4  8 904 906 994
12  62 253 283 433 435 507 524 552 798 893 910 948
8  19 128 244 408 544 581 731 959
11  81 218 292 306 321 346 413 541 704 795 818
9  25 87 106 195 278 827 868 926 946
9  125 188 196 423 473 652 678 777 958
6  24 354 359 427 483 757
11  5 19 20 150 297 480 611 768 803 866 934
15  1 66 134 197 251 290 428 452 458 636 679 770 856 858 985
10  213 247 249 310 451 513 691 704 909 922
7  68 96 248 343 546 634 797
11  159 161 244 309 480 614 621 718 732 952 965
6  136 310 598 601 762 852
8  12 269 396 523 546 668 804 831
8  14 88 134 254 566 679 806 925
8  151 184 198 220 312 451 505 958
14  1 177 184 235 265 356 359 440 501 603 674 757 771 914
9  389 409 567 745 817 910 970 975 994
14  57 79 84 152 227 300 377 440 481 618 681 713 763 981
9  166 181 315 691 841 878 899 981 998
13  138 203 204 328 424 479 487 549 602 652 762 844 987
12  56 187 303 324 325 351 357 553 576 592 787 987
9  177 185 328 661 750 778 841 914 948
14  6 48 99 385 472 567 628 663 671 791 808 859 930 966
10  117 174 439 540 592 707 768 914 917 988
6  122 324 729 937 945 959
15  25 34 142 167 298 538 599 635 654 706 715 730 955 970 977
13  59 137 311 341 353 545 549 809 847 901 919 927 992
7  39 118 283 395 863 912 945
12  12 128 207 287 298 437 466 649 814 831 886 930
9  42 74 172 243 448 695 778 802 983
10  25 36 51 250 280 399 423 756 795 813
8  371 508 582 622 704 782 787 914
11  93 170 173 290 389 520 527 581 633 778 989
11  179 282 513 552 555 628 666 688 693 700 940
5  39 210 284 592 721
10  36 157 184 463 568 684 690 823 880 923
13  174 196 338 359 375 450 454 505 595 746 764 815 854
13  95 171 185 461 540 596 622 752 756 871 883 980 989
11  80 204 254 356 425 653 759 815 889 928 979
10  94 184 449 589 621 689 852 932 970 971
10  1 102 135 336 573 626 760 870 908 961
11  29 59 64 69 359 432 505 624 645 837 973
16  9 102 107 167 260 326 379 408 419 430 523 537 800 840 876 971
8  49 140 192 193 268 354 463 950
6  57 424 501 614 678 881
11  15 40 153 183 234 561 614 639 840 959 972
12  123 282 360 416 418 510 518 583 680 817 838 947
12  28 89 310 334 389 431 440 580 654 716 830 995
11  6 28 277 327 363 373 434 527 787 844 849
6  58 181 192 259 639 828
11  63 69 73 216 384 644 655 802 839 897 978
9  43 98 292 557 705 785 872 885 957
8  0 99 161 190 418 592 870 924
11  203 318 330 417 534 651 718 723 788 845 876
8  329 361 426 554 783 799 890 906
13  22 103 200 252 259 291 352 382 391 813 814 903 915
9  237 335 543 574 640 717 761 836 919
12  78 129 140 156 360 413 459 488 510 587 598 687
12  54 90 100 242 275 521 531 607 659 695 944 953
8  382 617 702 760 815 830 835 978
13  17 53 145 185 226 247 277 310 689 721 804 898 947
20  89 107 127 161 166 183 185 458 480 485 639 678 689 696 823 848 853 881 896 912
9  30 181 208 245 330 395 585 643 786
11  156 332 444 596 600 636 665 691 714 853 870
8  28 78 475 592 707 767 788 850
7  15 86 99 293 345 726 828
13  18 50 100 199 296 490 501 662 709 747 749 817 894
12  30 103 325 346 418 522 619 745 756 883 891 959
12  1 104 176 348 380 391 514 520 678 690 895 957
7  173 270 348 452 477 658 904
7  30 202 384 512 708 767 978
8  37 58 412 595 806 837 842 984
10  219 241 404 527 558 628 816 828 905 979
11  101 140 142 242 369 377 417 529 668 894 944
7  184 268 275 295 490 784 932
11  67 180 300 377 436 663 765 784 845 846 890
11  49 68 168 476 512 618 648 700 838 884 927
12  24 54 92 112 177 502 547 622 758 762 927 978
11  0 87 88 168 303 511 640 767 797 875 881
14  31 85 163 310 456 486 617 668 720 772 794 907 936 985
11  157 183 232 242 433 439 440 444 698 707 830
7  95 217 398 606 791 830 845
8  19 50 365 692 709 741 837 864
13  1 74 131 146 227 328 380 476 492 516 645 650 712
9  129 194 326 712 833 895 897 950 975
9  282 349 517 566 617 660 701 828 923
14  52 110 117 177 192 308 326 343 756 762 814 890 942 982
4  322 368 502 994
11  189 265 274 328 387 418 547 597 677 805 957
14  75 252 254 278 388 700 731 779 802 842 893 934 944 955
5  268 442 497 754 846
9  36 58 137 205 423 434 810 956 999
13  155 190 204 365 386 575 578 849 923 943 947 990 991
16  113 120 163 186 188 222 424 486 586 616 620 725 733 753 933 942
11  23 181 260 469 727 786 798 849 907 925 943
6  242 295 399 567 600 632
14  78 120 129 177 352 390 394 441 467 481 560 752 819 882
10  49 51 446 556 698 783 908 940 947 968
10  23 33 104 301 425 547 698 738 789 882
12  75 76 97 333 374 382 404 500 574 766 835 993
12  207 360 383 445 678 827 833 841 863 895 937 991
13  32 84 214 219 363 415 470 577 764 781 785 854 968
13  16 47 74 82 306 397 453 456 699 719 788 877 901
5  222 521 532 542 833
8  46 250 310 324 588 645 829 978
9  15 33 68 83 463 470 599 692 911
6  144 150 208 369 957 975
7  39 70 330 564 601 844 876
8  254 444 477 569 572 718 822 998
9  40 377 464 697 736 787 885 908 930
13  76 79 151 218 282 332 356 498 615 707 774 801 815
14  174 295 398 477 565 566 651 677 695 853 910 942 943 977
4  134 427 541 771
8  15 495 592 761 832 842 861 948
9  175 280 289 342 516 562 732 919 937
8  84 107 200 440 606 678 909 976
8  67 216 220 243 540 572 665 912
11  0 5 109 179 196 257 399 489 948 984 991
8  84 121 226 558 572 584 722 749
10  39 176 193 208 259 277 392 734 829 856
7  240 256 551 659 711 715 979
11  60 83 199 234 261 320 368 402 555 736 954
14  193 197 247 286 331 457 529 555 601 645 694 722 797 809
16  58 107 148 196 336 370 460 466 539 646 677 709 949 988 998 999
9  16 110 122 186 415 479 655 709 915
13  24 27 47 94 187 226 552 582 590 621 747 828 901
7  172 199 418 669 764 885 888
5  110 619 674 785 971
11  290 302 319 360 552 560 562 791 873 875 996
14  145 196 236 266 357 429 484 613 622 651 741 760 823 827
13  2 223 282 500 543 630 662 707 744 795 838 901 999
8  135 157 240 266 536 726 884 953
13  22 100 236 277 382 464 683 712 718 811 820 881 975
10  101 136 195 247 273 401 545 744 775 886
10  17 67 233 384 536 585 643 678 782 842
8  139 207 366 380 616 730 885 894
12  164 289 338 491 617 835 894 941 951 958 985 986
9  77 182 198 262 445 476 613 692 913
6  374 376 414 475 569 971
9  35 45 190 269 335 395 490 611 928
9  22 100 109 169 207 562 878 941 960
8  22 62 198 506 578 694 698 906
12  76 88 94 313 359 387 537 779 785 799 858 897
11  116 228 259 281 501 632 640 716 879 880 888
6  182 212 303 548 865 900
10  21 319 327 483 630 640 666 668 711 933
12  48 85 190 196 394 569 651 690 847 871 895 995
9  38 180 360 390 407 621 748 867 908
13  32 353 464 467 478 496 508 557 595 623 690 822 838
6  5 133 281 353 423 780
9  231 357 380 424 426 772 790 819 822
11  135 167 204 323 480 515 592 691 775 926 940
14  117 120 175 308 439 481 507 608 660 699 701 751 839 914
7  145 532 740 905 931 935 971
9  59 182 285 382 416 442 455 501 657
9  19 148 314 321 469 549 884 949 965
9  52 146 507 539 651 703 930 937 950
6  183 224 455 551 566 744
16  34 124 127 150 281 364 421 434 463 619 672 815 822 957 963 984
5  51 300 459 646 767
7  235 265 390 401 438 628 881
10  5 143 295 365 384 385 639 902 958 966
5  25 38 525 559 734
7  59 152 502 655 880 898 904
7  222 287 440 596 730 865 891
9  57 92 98 205 283 662 763 803 926
10  51 61 143 199 310 404 415 437 677 991
6  89 269 450 583 736 754
7  122 157 179 219 636 798 885
6  174 266 375 573 581 709
10  379 440 454 488 489 657 848 881 898 933
9  149 230 310 335 370 554 628 764 985
13  16 164 223 241 249 291 341 374 537 579 629 674 795
16  87 338 381 430 503 523 529 580 632 785 800 818 824 898 903 951
9  0 187 188 461 520 649 729 839 912
7  73 209 379 511 571 602 659
11  153 195 327 347 358 415 537 876 885 920 980
13  244 299 332 339 392 454 483 569 591 696 802 869 935
12  20 40 152 389 475 481 521 573 660 681 769 925
10  55 92 233 265 361 592 655 720 875 924
8  47 440 485 655 656 665 886 966
11  32 159 168 439 730 749 936 940 972 985 988
14  2 6 56 107 189 224 246 276 285 399 484 748 830 842
7  66 286 387 760 869 872 899
14  48 329 343 398 424 466 477 516 604 615 757 794 898 918
13  51 102 170 210 407 616 690 701 764 775 785 787 893
12  43 76 90 121 367 402 574 589 800 893 932 947
9  18 75 88 114 190 313 766 792 851
12  9 44 58 203 206 310 351 441 539 587 617 903
7  4 110 476 907 912 929 963
9  166 179 189 336 453 643 676 750 936
11  16 223 305 339 469 664 756 777 780 886 988
14  16 245 382 424 440 451 507 612 787 798 848 850 853 880
4  34 136 356 414
9  79 224 243 253 256 823 939 964 992
15  73 104 246 287 301 432 489 493 505 605 798 868 880 909 934
12  45 144 391 500 522 587 589 645 652 746 833 915
9  6 173 194 222 648 766 850 959 995
8  4 187 204 654 659 779 873 951
11  132 297 302 506 578 634 650 804 828 863 875
9  30 123 162 367 494 686 886 969 997
9  151 255 485 527 548 566 640 671 852
9  118 119 306 567 603 685 729 747 972
8  223 248 304 372 394 756 817 864
14  139 196 236 299 323 356 369 423 520 641 680 690 707 786
7  262 286 287 373 406 472 618
11  58 80 176 189 316 356 399 527 643 854 980
12  320 329 335 353 497 555 573 590 600 719 904 987
10  64 187 265 448 463 640 781 837 934 968
13  74 147 167 284 378 435 482 728 785 801 860 864 980
3  469 491 642
9  57 92 193 494 568 607 623 624 938
9  169 195 259 290 624 715 740 783 982
10  89 114 131 174 361 385 598 614 688 754
12  33 104 256 260 309 341 385 513 796 876 901 922
12  232 384 430 502 564 619 642 676 812 840 895 904
12  123 191 198 355 389 412 529 596 622 703 860 988
7  86 240 353 355 363 465 957
9  32 133 206 297 338 347 510 574 609
6  39 315 466 519 801 929
7  242 364 635 699 710 967 989
11  11 46 270 381 441 507 560 624 830 881 988
13  155 194 219 261 292 320 355 364 477 589 675 712 923
8  70 90 129 279 687 692 746 912
15  112 276 362 365 404 456 517 523 589 674 702 713 748 787 974
5  435 570 765 906 965
7  57 106 168 289 742 771 829
9  14 339 420 421 466 645 730 772 918
9  271 349 362 602 727 766 823 950 973
3  50 430 855
10  86 101 306 434 459 571 616 668 886 901
15  57 61 62 95 102 107 139 180 200 291 316 320 666 745 972
8  418 634 659 745 749 790 799 806
10  236 292 532 555 567 610 737 767 893 928
22  6 141 236 245 259 267 374 402 420 439 448 488 505 512 544 559 578 763 829 849 862 966
8  74 94 258 267 326 451 457 974
7  172 344 490 648 716 915 952
9  112 146 179 279 461 622 768 934 944
9  55 75 155 203 235 381 415 421 692
9  5 56 122 179 422 576 713 754 841
5  118 233 384 479 826
4  286 426 646 721
6  225 644 825 868 914 938
10  92 228 303 368 429 501 667 718 875 968
7  13 100 106 325 477 657 770
7  89 181 483 504 505 813 984
15  55 74 166 355 442 479 512 590 592 629 648 747 833 920 987
8  154 249 298 452 462 507 595 990
12  104 220 283 308 358 526 549 581 667 682 849 963
4  186 477 734 935
8  14 24 142 219 566 585 778 850
10  131 141 180 294 383 396 473 502 555 843
8  35 77 168 505 621 805 809 975
14  7 94 97 106 110 187 195 270 296 430 553 844 910 955
12  14 176 414 524 541 542 585 743 757 802 878 918
8  46 154 207 546 596 664 723 847
13  67 77 112 168 271 362 477 520 533 837 848 932 938
13  1 200 264 431 529 596 629 868 885 894 901 937 973
6  503 668 767 874 889 916
6  11 189 600 660 708 821
9  8 52 258 446 452 475 714 736 869
6  3 44 265 495 715 800
8  15 127 130 291 296 469 801 850
14  82 84 198 309 330 341 437 467 508 524 554 574 648 968
15  161 176 197 231 401 421 514 703 727 754 813 849 855 892 938
13  3 48 97 152 322 510 526 567 568 613 755 867 967
9  65 76 79 151 368 435 664 836 887
11  1 71 110 192 252 267 409 564 589 852 937
13  16 141 174 183 236 527 528 576 666 791 853 866 988
17  16 53 208 212 228 332 345 351 461 668 683 718 754 774 783 921 984
7  39 149 158 507 704 775 787
14  6 126 131 367 469 564 656 705 737 787 788 805 936 981
9  175 177 185 223 304 491 587 680 894
5  61 226 239 500 792
11  134 278 454 497 552 576 687 713 774 796 946
9  107 306 354 546 651 779 810 933 994
8  47 152 159 315 338 523 623 970
9  107 124 160 201 376 478 504 685 775
8  12 78 125 132 183 562 566 978
12  132 163 258 344 350 415 442 497 699 779 784 832
4  72 210 397 404
8  48 75 87 169 245 537 746 880
13  7 87 241 242 319 327 388 509 575 811 859 951 999
11  18 19 40 67 101 114 222 252 538 672 708
9  48 337 354 411 413 653 829 859 896
8  41 251 266 323 355 468 618 646
14  3 16 171 188 270 292 379 469 579 608 625 671 789 794
10  319 416 445 533 733 850 871 930 995 996
7  61 91 287 291 422 454 558
10  63 79 266 367 537 731 830 863 954 991
13  5 43 56 134 219 292 309 563 606 693 796 891 965
9  35 175 316 386 430 748 816 850 909
12  7 284 300 341 406 433 553 565 611 704 926 992
16  0 51 124 137 394 434 677 715 750 762 772 787 820 838 948 976
14  0 101 116 177 258 296 316 428 433 542 807 878 888 986
5  64 156 827 881 969
7  28 231 259 597 656 786 997
6  15 134 376 526 573 934
8  65 92 279 303 307 341 374 670
12  72 85 192 344 361 378 698 748 766 767 824 905
8  169 321 404 574 577 601 764 886
13  64 87 151 180 263 298 460 511 675 676 806 972 996
14  2 37 42 304 383 480 640 667 725 812 834 839 876 897
11  184 298 330 354 411 436 510 569 646 690 842
7  591 626 668 735 743 888 932
11  112 140 283 302 510 562 625 676 903 977 983
9  6 86 297 434 465 634 737 784 952
5  188 286 387 596 982
9  184 218 352 417 481 540 812 818 987
6  93 143 172 427 537 930
14  269 280 320 534 611 657 683 708 713 780 870 879 881 975
6  115 171 195 382 709 977
14  51 73 111 140 149 381 474 481 511 530 635 647 776 784
12  172 226 238 320 449 459 628 698 766 777 788 896
3  521 838 902
2  482 892
13  6 16 54 147 484 503 573 627 781 784 832 900 914
7  275 301 314 419 500 557 997
13  7 114 300 326 455 463 521 530 737 818 868 870 912
7  30 178 461 609 678 882 990
8  8 480 545 570 615 629 744 801
13  9 53 92 117 257 291 329 394 519 669 877 894 901
15  173 201 271 274 293 384 543 631 641 672 743 757 795 835 886
14  145 271 288 351 372 508 514 522 603 677 702 743 863 942
7  243 251 262 450 467 681 821
7  132 133 239 410 442 622 920
8  99 357 451 688 792 832 917 955
11  57 363 371 434 459 556 670 859 908 911 972
11  14 89 94 432 523 594 671 737 882 883 995
8  231 238 299 338 351 416 809 902
12  120 145 233 336 417 554 713 718 790 815 858 896
8  5 336 577 595 629 714 721 864
8  9 128 172 190 224 257 756 947
8  160 173 339 448 635 757 818 850
14  89 165 187 188 255 304 373 465 473 476 694 845 913 981
9  43 127 309 533 586 642 719 723 805
7  271 593 635 754 823 900 925
6  363 545 652 760 782 884
6  358 475 578 781 812 990
12  18 200 217 222 299 498 541 656 713 808 811 968
13  2 138 161 178 233 518 519 723 750 756 760 911 993
14  124 235 293 316 355 495 545 571 586 617 629 653 897 988
10  153 213 274 292 331 506 538 648 740 964
17  149 311 389 427 464 475 492 553 629 636 668 714 715 737 910 983 996
14  301 329 360 389 437 440 497 508 546 715 757 842 878 984
8  43 419 542 730 961 962 968 995
11  52 64 82 182 322 352 594 676 774 811 926
12  44 65 117 161 188 299 313 466 525 572 712 817
8  15 36 71 206 631 717 770 935
7  39 63 242 385 795 805 971
8  34 71 126 173 273 523 628 730
13  138 160 250 251 274 387 446 474 574 616 766 793 799
11  38 153 227 424 436 658 718 734 826 867 947
11  34 163 203 265 453 522 566 817 907 922 944
10  156 324 400 444 538 612 636 639 891 973
11  65 86 172 236 328 498 586 676 795 935 982
9  4 159 184 486 617 630 705 843 977
16  15 67 206 223 249 336 419 440 554 653 663 706 764 812 907 974
12  104 107 268 287 364 473 494 533 621 698 875 974
9  21 72 199 245 250 266 450 609 908
14  78 136 145 221 233 259 347 351 416 456 504 643 805 815
8  323 362 532 696 715 779 793 804
9  117 124 306 457 515 676 745 835 838
9  79 143 175 207 320 409 738 934 956
6  6 34 118 391 466 783
9  238 267 470 566 696 773 815 909 914
9  310 318 360 420 535 719 894 933 998
8  411 415 576 726 783 790 840 885
14  102 140 245 352 429 659 746 752 782 801 869 900 935 965
8  27 33 106 334 474 499 689 708
11  164 218 248 289 296 346 472 499 530 855 962
12  135 245 371 408 480 482 503 554 602 774 804 809
5  351 388 516 735 823
13  54 158 205 320 460 490 510 647 791 797 839 844 954
8  22 369 446 617 752 762 777 953
9  146 290 317 339 540 594 849 865 879
9  78 255 336 379 423 576 737 828 891
8  0 52 135 201 289 703 768 958
13  32 142 261 268 336 396 552 592 594 602 916 995 998
11  0 300 307 479 505 573 638 672 780 816 878
10  3 12 75 141 261 300 338 381 617 743
3  424 686 964
6  89 290 684 796 902 910
10  21 64 158 180 417 447 544 573 739 959
13  46 134 257 319 320 493 509 516 529 569 643 820 971
12  81 186 333 417 548 563 670 678 728 841 904 961
10  27 491 503 524 525 626 665 733 884 932
11  34 303 371 407 411 417 424 456 472 906 949
10  149 185 333 384 557 723 760 770 894 986
13  68 127 133 412 421 528 544 547 640 690 860 877 909
6  3 124 190 407 421 746
13  3 167 182 273 343 368 399 503 543 580 766 806 870
8  41 98 160 205 396 434 500 710
12  20 47 112 151 242 485 515 526 652 700 946 997
14  122 161 258 334 391 490 520 574 592 737 758 806 859 967
12  19 34 60 218 300 338 494 596 618 746 817 860
10  116 197 267 375 486 489 659 811 898 928
13  29 119 364 384 419 462 465 544 683 829 866 901 920
14  148 153 196 303 515 533 557 578 626 747 788 846 925 979
10  9 19 226 242 294 324 351 695 800 962
9  5 187 380 463 492 551 697 817 907
9  203 419 435 497 519 525 778 848 971
6  131 274 519 534 842 942
11  28 45 242 387 470 590 699 884 909 917 978
10  47 167 257 411 505 614 636 700 845 855
12  24 64 165 348 395 492 536 538 678 692 708 819
11  435 441 508 636 641 694 706 731 735 777 879
10  0 82 105 121 198 214 272 309 631 909
7  90 140 383 455 483 645 711
9  373 415 505 507 555 636 712 924 978
15  34 86 123 137 196 213 269 288 354 401 480 545 650 907 970
14  60 86 97 195 241 268 329 386 429 673 708 814 848 857
6  19 66 329 451 563 957
6  137 183 185 341 388 855
5  148 435 451 586 774
10  44 196 341 432 466 726 728 771 838 900
11  12 126 135 174 244 326 653 660 833 839 995
6  77 84 224 242 557 968
7  22 29 140 192 197 370 678
11  23 119 309 471 544 643 733 767 897 925 950
5  526 647 653 775 957
11  9 18 46 181 238 387 435 588 608 819 924
5  264 319 450 712 841
9  10 32 66 379 427 591 709 796 923
11  104 175 343 436 447 639 686 701 762 917 975
11  110 164 195 282 425 621 627 704 812 897 978
11  276 283 382 484 496 507 754 762 835 882 937
10  51 62 156 180 347 352 481 590 731 911
4  0 495 627 978
10  7 214 235 243 293 318 572 642 909 934
8  42 101 106 154 200 265 702 941
10  74 115 216 365 522 572 623 643 687 802
15  72 73 111 168 262 304 486 497 551 620 658 746 919 941 966
5  314 546 765 833 973
11  345 353 415 462 584 698 738 788 823 886 928
10  174 199 318 420 440 587 754 819 850 882
10  110 197 354 479 587 607 636 639 725 993
15  159 254 296 384 488 505 522 576 604 614 665 739 754 904 987
14  7 57 131 210 436 540 542 763 772 870 879 884 935 937
6  42 91 254 481 511 772
13  46 85 88 122 242 520 575 599 781 830 847 882 997
12  41 192 365 495 553 570 579 612 620 701 811 953
16  109 110 250 272 303 472 577 624 635 644 674 744 766 878 916 936
4  6 35 359 710
7  35 173 343 570 587 738 748
3  59 482 702
8  69 84 113 283 498 519 530 943
6  511 608 734 798 820 941
7  46 159 247 350 708 759 930
11  105 130 264 268 444 533 629 630 677 943 985
12  47 116 441 510 517 579 580 701 716 765 810 832
6  268 512 528 544 590 659
11  4 72 79 319 372 384 441 505 728 757 774
19  13 61 76 92 127 184 231 258 358 426 494 528 586 746 785 863 869 919 989
13  90 103 230 241 315 327 424 504 607 614 617 628 840
9  1 2 30 176 304 462 627 915 927
13  18 29 44 144 197 249 359 588 760 780 812 859 942
12  2 34 358 470 546 569 574 658 674 701 765 841
8  89 151 441 605 758 773 826 995
9  32 180 307 349 409 499 617 632 749
10  60 133 201 443 513 607 651 659 829 881
12  111 145 173 224 306 346 373 387 516 597 743 981
10  156 169 231 283 443 498 585 669 831 945
11  101 224 238 246 523 538 633 797 801 844 854
12  38 128 136 153 180 484 541 553 591 771 803 909
18  18 30 159 255 265 294 452 559 639 735 809 833 847 851 873 908 943 946
9  206 264 319 444 460 555 697 787 826
9  16 168 296 357 549 771 784 871 995
11  31 73 222 471 505 560 618 633 667 762 945
4  178 245 581 778
15  37 146 163 271 302 377 431 459 465 467 475 596 686 760 809
11  51 69 113 136 269 499 568 640 680 899 967
9  123 173 197 199 218 702 822 886 965
8  29 73 329 357 467 770 847 868
9  29 141 179 260 365 376 628 671 698
15  84 88 163 167 189 280 289 329 430 470 500 558 876 897 965
7  141 246 620 690 769 841 933
6  221 292 371 713 959 968
7  141 159 228 452 658 797 985
10  60 96 252 285 479 529 536 666 867 957
8  4 290 302 434 496 623 853 865
12  59 109 419 432 457 538 622 780 842 863 947 967
9  361 397 447 595 609 736 790 980 986
12  19 77 78 81 382 408 417 470 520 521 899 968
13  41 146 212 288 297 355 482 583 677 840 878 958 998
9  88 114 242 246 288 301 333 633 663
12  255 290 314 375 409 466 472 553 600 731 753 892
6  56 187 365 597 935 941
9  223 280 483 518 630 700 748 830 998
12  154 170 232 235 332 363 537 589 614 719 810 920
15  25 79 85 228 349 402 450 533 639 652 681 741 807 873 980
12  229 244 249 301 597 621 693 792 799 812 882 931
10  1 155 244 250 523 625 634 715 886 952
13  75 99 100 233 392 468 544 558 600 701 711 870 882
10  48 52 186 272 383 407 655 686 700 708
9  2 8 60 146 165 216 432 638 970
6  70 282 477 541 595 625
12  24 288 310 378 394 430 580 584 874 876 891 931
11  137 148 292 314 530 537 555 767 846 900 962
15  14 73 97 113 146 285 342 354 409 536 538 555 890 893 909
8  53 365 431 502 517 533 681 797
6  42 180 468 471 906 912
9  183 189 325 384 392 447 718 837 909
16  64 68 118 149 176 227 231 401 490 504 536 541 630 776 796 925
13  32 189 204 364 382 403 428 444 465 557 561 737 949
11  95 122 192 194 310 320 567 599 831 948 963
13  1 28 78 90 97 233 281 283 487 528 600 672 863
13  35 49 55 110 196 350 425 580 617 642 726 952 995
13  10 148 177 190 216 225 281 342 454 680 750 936 951
7  232 428 502 575 818 885 975
5  81 173 565 733 817
8  201 372 397 442 469 533 697 770
7  11 56 261 325 400 535 807
13  83 155 304 383 495 512 532 550 602 661 856 864 923
14  92 142 238 245 273 290 314 391 448 458 580 605 821 928
10  284 308 409 445 468 489 511 641 827 921
7  28 38 146 270 392 433 584
10  29 58 84 126 136 291 484 789 829 982
11  72 105 289 362 789 814 843 942 964 968 984
11  31 33 93 159 214 386 602 633 692 949 998
12  37 171 192 321 324 357 390 638 786 825 962 975
12  126 141 209 338 454 599 669 734 812 916 919 966
11  27 142 230 326 351 466 605 624 678 876 965
9  160 234 398 431 664 709 838 915 925
15  75 274 323 441 541 545 652 687 707 783 789 861 921 927 962
5  33 149 244 644 739
14  46 143 281 319 340 366 436 460 469 483 720 854 939 975
12  148 217 284 325 483 486 571 582 597 793 828 845
9  31 67 271 489 625 646 675 745 771
10  34 203 257 341 485 672 701 798 877 985
6  63 170 668 679 801 802
13  144 236 404 460 528 550 576 696 754 868 953 964 970
5  109 194 420 559 737
11  109 225 243 469 555 749 755 800 978 987 994
12  331 494 503 514 521 548 722 847 853 869 872 977
5  292 482 516 564 842
12  42 54 195 319 373 430 481 620 650 653 926 934
14  33 41 53 67 163 227 230 277 327 461 462 715 778 905
9  9 32 125 165 530 656 751 799 961
7  206 344 353 422 473 749 787
13  28 85 89 142 206 236 515 561 602 689 713 788 962
12  19 149 234 307 451 523 580 615 625 893 922 973
9  132 149 212 296 319 580 738 832 926
11  35 57 99 348 463 464 651 690 752 881 977
14  63 65 171 208 237 363 467 567 625 635 660 665 712 785
8  40 57 80 174 476 481 664 897
9  51 91 345 383 400 536 691 763 782
9  31 43 52 394 536 544 561 610 733
10  192 202 225 237 239 297 350 470 638 736
7  259 282 298 373 543 784 880
10  63 114 280 284 358 443 460 531 719 977
18  1 95 132 147 261 383 427 491 590 641 731 772 789 822 860 902 911 951
11  59 129 233 258 334 392 408 572 731 745 787
10  120 172 185 286 325 644 740 761 837 884
13  14 42 160 168 254 462 552 567 810 822 928 932 963
13  71 164 181 271 315 323 353 368 389 535 567 574 726
