
***ForestFire:  GeoFire  Nodes:1000  StartNodes:1  Take2AmbProb:0
                FwdBurnP:0.35  BckBurnP:0.354  ProbDecay:1  Orphan:0
(1000, 7095)  burned: [2,1,2]  [0.02s]
1000
112  1 2 3 6 12 16 24 33 48 49 56 59 73 76 82 85 96 112 118 121 127 129 131 133 139 149 160 171 182 188 192 193 202 217 218 239 242 253 254 257 258 269 273 274 279 282 286 298 300 316 346 355 358 360 361 376 379 386 392 412 413 432 435 441 443 464 466 481 486 493 507 511 520 523 525 538 565 591 620 628 633 643 654 667 671 674 691 700 708 743 748 754 764 781 788 794 797 813 852 856 861 880 882 910 946 951 953 956 959 962 977 983
104  0 2 3 4 6 8 12 16 24 33 39 49 54 56 59 76 82 96 112 121 128 139 149 160 171 181 188 192 193 202 217 218 230 239 242 253 254 258 261 266 274 282 298 300 305 316 338 346 355 360 361 365 376 379 386 413 432 435 464 481 486 493 511 520 523 525 538 546 565 580 612 620 633 643 648 667 671 674 691 700 708 748 754 764 781 782 788 794 797 813 852 856 861 882 909 910 946 951 953 956 959 962 975 983
104  0 1 3 6 8 11 12 15 16 17 24 25 33 48 59 73 76 80 82 85 88 112 129 130 139 160 171 182 188 192 195 202 217 239 253 254 258 274 282 286 298 316 337 346 355 360 361 366 376 379 388 389 392 412 413 420 432 435 443 464 481 486 493 507 511 520 523 525 532 538 546 565 612 633 635 643 648 654 667 671 674 691 700 708 748 781 788 794 797 813 852 856 861 909 910 935 937 946 951 953 956 959 962 983
94  0 1 2 4 5 6 11 12 15 16 19 24 33 35 36 54 59 76 82 96 112 131 133 167 171 182 188 201 202 217 230 239 242 253 254 258 261 274 282 286 298 300 316 355 360 361 379 386 407 413 432 435 436 443 449 464 481 486 511 520 523 525 527 565 568 582 620 633 643 667 671 691 700 708 748 774 788 794 797 813 814 852 856 861 864 909 910 937 946 951 956 959 962 983
74  1 3 5 11 16 24 33 54 76 112 128 133 167 180 188 192 202 218 230 239 242 253 254 279 298 316 346 355 365 379 386 413 420 421 435 446 454 464 481 486 511 523 525 542 546 565 568 580 582 608 620 633 671 678 700 708 748 764 774 781 788 794 798 813 842 852 856 861 909 910 946 951 959 975
63  3 4 11 16 33 36 59 76 88 102 112 133 167 188 193 202 217 230 239 253 279 283 298 316 346 355 361 379 386 413 420 421 435 449 464 466 481 486 513 520 523 560 565 568 582 608 620 633 671 700 708 748 774 781 788 794 813 842 852 910 946 959 974
86  0 1 2 3 7 11 12 16 33 49 50 52 54 59 73 76 82 85 91 96 112 127 129 171 188 190 206 230 239 242 274 282 284 286 298 316 323 346 360 361 376 379 386 397 413 435 443 464 481 486 511 523 525 537 538 565 582 620 633 643 664 667 671 676 691 700 708 748 751 754 781 787 788 794 797 813 852 856 861 888 910 935 946 951 959 962
77  6 9 16 27 40 47 50 62 73 76 81 82 84 96 103 104 113 116 117 127 133 143 171 177 190 192 202 206 225 239 256 261 273 298 306 316 317 333 340 355 379 409 413 420 435 464 480 481 486 492 511 520 523 525 532 537 565 591 628 633 643 671 678 700 721 754 781 787 794 813 856 861 910 946 951 956 962
50  1 2 11 15 24 41 54 56 76 82 112 166 188 202 218 239 253 258 316 319 346 355 360 366 389 392 435 443 458 481 486 520 523 591 633 643 671 691 700 782 794 813 852 856 861 910 946 959 962 983
71  7 10 13 14 18 34 40 47 61 81 84 100 103 117 143 171 190 206 225 239 242 282 298 316 317 333 338 340 345 360 379 386 413 435 464 480 486 492 511 520 523 537 546 547 582 628 633 639 643 664 678 700 721 754 769 781 787 788 794 813 851 852 856 861 888 910 946 951 953 962 975
8  9 81 317 435 486 520 525 946
81  2 3 4 5 6 8 16 17 21 24 28 33 36 41 42 56 59 70 76 88 112 119 129 133 188 192 193 202 217 230 239 258 261 288 298 307 316 319 323 337 346 360 361 386 413 420 435 464 481 486 513 520 523 525 565 568 569 582 591 608 628 633 643 685 700 708 774 781 782 788 794 813 842 849 852 856 861 910 937 946 959
59  0 1 2 3 6 16 19 33 38 49 59 75 76 89 112 131 170 178 182 188 192 193 199 202 254 274 282 298 323 360 361 379 386 435 486 523 527 565 580 629 633 667 700 733 734 748 787 788 794 810 813 852 856 861 910 946 951 956 959
37  9 18 31 34 47 81 114 164 192 212 225 271 303 316 379 413 460 486 520 523 525 546 620 628 633 643 668 700 781 787 836 852 856 888 910 946 956
50  9 26 40 63 79 84 97 117 156 171 190 205 242 254 282 298 303 317 333 338 370 379 386 413 419 420 435 486 511 520 525 543 546 612 628 633 643 678 794 813 844 852 856 861 888 946 951 956 959 975
45  2 3 8 24 36 41 56 76 82 112 188 202 217 220 239 253 258 278 316 321 346 360 361 386 389 435 481 486 520 523 565 643 671 788 794 813 851 852 856 861 946 951 956 959 983
83  0 1 2 3 4 5 6 7 11 12 17 24 33 36 38 47 49 59 75 76 81 96 112 127 133 188 192 193 195 202 239 257 259 261 266 282 298 306 317 319 346 360 361 379 386 412 413 415 421 435 466 481 486 493 520 523 525 565 580 608 633 643 667 671 748 754 764 774 781 787 788 794 797 813 852 856 860 861 910 946 951 956 977
52  2 11 16 20 22 33 37 57 75 76 127 129 133 137 146 188 192 194 202 218 261 267 275 298 316 337 354 361 412 413 415 464 481 486 523 565 568 608 633 643 671 788 812 852 856 860 861 910 951 957 975 983
31  9 13 31 34 47 81 114 136 190 225 229 293 295 303 317 460 520 523 524 560 628 643 691 700 748 754 787 856 910 946 953
26  3 12 76 112 133 178 182 188 323 379 435 464 523 525 529 629 633 787 788 813 852 861 946 947 956 962
34  17 23 37 65 76 122 127 137 188 191 192 193 218 275 298 316 361 415 464 486 513 523 533 632 633 671 842 856 860 910 934 947 959 975
18  11 28 29 56 70 202 346 386 491 523 544 571 649 782 813 852 856 946
26  17 30 51 134 135 146 158 194 202 258 322 337 361 413 517 565 568 571 618 674 708 726 735 813 856 910
9  20 137 193 218 298 813 860 904 910
85  0 1 2 3 4 8 11 15 16 36 49 54 56 59 60 76 109 112 126 141 143 167 172 188 192 193 217 218 221 230 231 232 239 253 254 258 261 273 307 316 319 346 355 360 361 379 388 389 410 413 435 441 443 454 464 477 481 486 507 523 542 565 633 643 647 664 667 671 678 700 744 764 774 781 788 794 797 813 852 856 861 937 946 956 983
8  2 55 130 139 388 511 648 861
27  14 58 69 79 97 171 205 222 253 254 360 386 394 413 435 525 565 568 628 700 705 794 813 833 852 856 861
16  7 44 62 96 103 143 409 423 486 516 520 633 813 856 861 946
18  11 21 56 133 202 203 258 291 464 486 491 774 813 814 852 856 861 946
8  21 32 53 202 544 649 813 946
22  22 45 111 146 202 211 216 260 322 337 372 402 413 520 565 568 618 674 735 796 813 910
35  13 18 47 87 95 98 114 132 164 190 225 303 317 327 379 460 464 520 523 532 546 565 583 643 657 661 673 700 787 813 856 910 946 951 956
4  29 53 649 813
62  0 1 2 3 4 5 6 11 12 16 17 36 49 56 59 66 73 76 88 112 117 127 139 188 218 230 239 298 307 316 346 360 365 376 413 420 435 464 481 486 511 523 538 565 568 608 633 678 700 781 788 794 797 813 852 861 907 910 946 951 956 957
23  9 13 18 47 92 100 114 236 295 317 348 379 420 520 628 671 700 754 787 852 910 946 974
14  3 112 188 217 298 361 413 479 620 794 813 852 861 910
39  3 5 11 15 16 24 33 56 59 76 112 188 192 193 217 239 316 323 330 346 361 392 413 435 466 486 523 565 568 626 633 654 671 781 788 813 861 910 946
12  17 20 65 94 146 275 361 618 779 794 826 934
26  12 16 46 49 75 120 127 188 192 193 274 282 298 361 379 386 413 421 481 523 591 633 708 794 813 962
14  1 43 149 188 310 323 332 355 360 404 422 511 678 967
31  7 9 14 81 97 117 171 206 213 303 317 338 379 417 420 424 435 486 532 547 560 582 628 639 643 767 794 813 856 946 951
23  8 11 15 56 202 239 258 316 364 371 413 418 435 486 488 520 523 545 671 813 856 888 959
28  11 56 76 88 129 167 174 199 217 232 239 294 299 316 413 464 520 565 633 685 708 723 765 794 797 813 852 937
4  39 149 360 435
8  27 96 157 183 516 581 733 946
14  30 64 71 219 243 263 337 577 618 763 813 910 953 956
27  38 49 75 137 178 188 193 218 274 282 284 298 316 323 346 361 379 464 523 590 633 708 813 833 888 946 951
47  7 9 13 16 18 31 34 49 81 92 93 100 103 114 117 143 212 218 273 295 303 306 317 379 420 435 438 520 525 565 568 592 633 671 691 700 721 730 754 787 788 813 852 856 910 951 956
14  0 2 80 112 188 202 398 554 633 674 708 806 813 856
56  0 1 6 12 16 24 33 38 46 47 56 59 76 81 105 112 117 127 128 143 178 188 192 217 218 230 253 274 316 323 361 379 392 413 435 464 521 523 565 568 633 654 671 700 764 774 787 788 794 813 852 856 946 951 956 962
5  6 7 91 607 962
14  22 202 258 379 468 528 565 568 571 728 813 856 954 975
18  6 85 239 251 286 298 346 397 523 560 565 691 748 788 801 813 861 975
7  29 32 544 649 813 924 946
40  1 3 4 6 8 24 59 76 82 121 133 188 202 217 218 220 230 239 253 298 316 360 361 413 435 464 485 486 511 520 565 633 671 788 794 813 852 856 861 975
10  25 86 130 139 346 355 511 648 861 987
52  0 1 8 11 15 21 24 28 33 36 41 42 49 59 76 105 112 188 192 195 198 199 202 217 239 249 253 254 355 360 361 364 413 435 464 466 481 486 511 523 525 620 633 671 679 708 813 814 852 856 861 946
5  17 344 482 703 983
12  26 69 123 138 287 360 394 413 525 628 688 853
65  0 1 2 3 5 6 11 12 16 24 33 36 49 54 56 70 76 88 105 112 127 128 133 188 192 199 202 217 230 239 242 244 253 272 300 316 323 346 360 361 379 386 410 435 464 481 486 523 525 565 568 633 643 650 671 700 764 782 788 813 852 856 861 946 956
35  24 109 112 126 148 172 188 218 221 231 239 254 261 273 316 319 355 379 416 464 484 486 565 587 629 633 648 664 671 744 764 794 813 852 856
13  9 81 107 226 235 325 340 345 361 435 537 633 946
14  7 27 81 96 103 298 355 409 423 486 520 628 633 856
32  14 77 79 90 97 156 171 204 205 242 253 254 270 298 317 346 370 374 413 435 449 525 543 562 565 628 635 678 788 794 959 975
21  45 67 83 110 165 219 243 276 290 337 356 534 568 813 836 856 910 951 953 956 975
10  20 37 68 140 280 331 447 618 779 934
21  33 76 88 192 199 239 307 316 360 365 413 464 493 523 608 632 708 794 813 852 907
19  64 74 83 110 147 165 179 243 276 290 356 367 534 568 608 609 813 951 956
9  65 124 140 150 350 618 666 813 934
19  26 58 97 108 205 394 413 420 435 478 525 568 572 628 754 787 794 852 856
12  11 21 59 78 106 239 298 346 633 782 852 946
4  45 72 263 817
3  71 125 638
30  0 2 6 7 33 76 82 112 127 218 220 239 360 376 435 464 486 511 565 620 671 700 788 794 797 813 951 953 956 959
14  67 83 147 165 243 351 356 470 471 534 568 672 804 813
28  12 16 17 38 46 127 137 178 188 199 218 282 298 316 323 413 464 523 629 633 764 787 813 852 861 946 951 962
83  0 1 2 3 4 5 6 7 8 11 12 15 16 17 19 20 24 33 36 42 49 54 56 59 66 73 88 96 105 112 113 127 133 137 174 188 192 193 202 217 218 232 239 253 316 323 346 360 379 412 413 415 435 441 443 449 464 481 486 511 520 523 525 546 620 632 633 671 678 708 764 774 794 797 822 852 856 909 910 946 953 956 975
17  63 90 97 171 205 242 254 282 346 360 361 413 449 562 797 931 959
3  70 298 633
15  14 26 63 97 171 222 298 317 360 413 435 525 565 905 956
14  2 48 188 427 633 643 674 708 726 813 856 888 935 946
34  7 9 10 13 16 18 40 47 49 61 62 97 114 192 226 317 325 413 420 423 435 459 464 486 519 520 525 560 628 788 852 856 917 946
40  0 1 2 3 6 7 8 15 54 73 112 127 133 145 152 188 202 218 220 239 253 298 316 355 361 395 413 435 443 481 596 633 643 671 708 794 861 959 975 983
18  64 67 74 110 147 165 179 223 243 356 367 471 534 568 609 804 813 972
11  7 9 14 340 396 444 492 499 615 633 852
17  0 2 6 52 286 298 346 361 379 464 620 667 674 748 788 813 962
3  55 642 732
14  31 95 132 164 303 324 460 583 643 661 750 757 946 953
38  2 5 11 33 42 59 66 76 99 101 127 167 192 232 239 253 254 294 298 316 365 379 413 416 421 435 464 481 520 560 565 633 652 664 708 794 852 861
5  12 112 663 733 953
9  63 77 97 171 254 449 486 604 890
4  6 50 861 962
14  34 47 100 114 132 143 317 385 435 486 671 754 910 974
15  47 143 189 197 435 523 633 671 698 702 754 861 908 959 962
5  37 361 586 618 852
3  31 87 184
44  0 1 3 6 7 16 27 44 62 76 103 112 114 127 132 143 169 171 253 282 305 317 379 443 481 507 520 523 525 552 628 643 665 671 733 759 787 788 813 852 856 861 946 956
28  14 26 40 63 69 77 79 81 90 171 187 205 317 370 379 394 413 420 435 449 486 525 612 628 632 852 888 946
9  31 164 303 327 379 520 643 951 953
4  88 168 421 481
13  9 34 47 92 245 317 385 435 565 671 700 754 910
8  88 127 163 192 294 298 481 565
10  5 133 151 206 233 379 481 582 813 856
22  7 9 27 47 62 96 112 114 117 143 161 282 298 305 340 399 464 511 520 633 787 813
2  7 563
15  49 56 59 76 112 188 360 511 523 633 646 671 852 861 946
6  70 239 298 464 497 633
12  61 226 235 302 325 340 345 361 462 480 847 946
7  69 215 268 369 394 525 939
22  24 60 112 115 126 218 227 254 316 355 379 435 464 481 484 486 523 565 671 797 813 856
15  64 67 83 147 165 356 534 568 608 751 813 836 856 951 953
13  30 146 211 308 322 372 413 520 565 618 735 856 946
83  0 1 2 3 4 5 6 8 11 12 15 16 19 24 33 35 36 48 49 56 59 60 73 76 82 89 96 103 105 109 118 127 133 137 143 176 182 188 192 198 202 206 217 218 239 242 253 254 298 304 316 323 361 364 379 388 407 413 435 464 466 481 486 511 523 525 591 620 628 633 646 663 671 700 760 788 794 813 852 856 861 946 953
6  7 76 127 379 565 795
38  13 18 31 34 47 81 92 96 103 132 143 171 212 236 295 317 318 327 379 438 459 486 520 525 592 628 671 700 710 754 759 774 787 813 856 874 893 918
10  109 126 316 355 403 435 464 523 671 764
5  7 177 241 678 871
27  7 9 14 33 40 47 49 103 142 143 161 171 205 242 386 413 420 464 486 511 521 565 753 767 813 946 951
6  0 112 304 464 486 852
15  11 188 218 298 320 323 346 386 568 582 671 700 708 852 856
9  38 192 261 306 379 380 568 608 856
13  0 1 54 133 202 253 316 328 379 579 620 633 815
6  20 415 533 842 860 975
9  58 138 287 405 628 688 700 862 951
9  68 140 186 350 489 618 666 777 989
2  72 638
33  24 60 109 115 153 155 200 210 218 227 316 355 379 416 435 464 477 484 486 523 605 633 643 653 664 671 700 704 764 797 813 852 856
49  0 6 7 16 17 20 33 38 49 59 73 75 76 82 88 96 101 112 113 133 188 239 242 274 298 316 379 392 413 432 435 464 481 486 523 560 565 568 628 633 691 708 764 795 813 852 861 946 951
27  1 4 49 59 188 192 217 218 230 239 242 298 316 379 435 464 481 523 557 565 628 633 700 788 813 852 959
8  0 2 6 11 17 42 316 440
10  2 25 55 144 388 390 511 660 852 861
21  0 3 12 133 154 182 188 201 202 239 252 386 436 523 527 633 671 761 813 852 946
17  31 87 92 96 114 143 171 327 379 525 583 599 628 754 813 856 946
49  0 3 4 5 7 11 16 17 19 28 54 59 76 82 102 112 121 127 131 182 188 202 206 230 239 253 316 360 361 379 435 443 481 486 513 523 568 582 608 628 671 774 788 813 852 856 946 956 965
4  22 361 501 701
13  22 158 159 194 196 258 298 414 509 517 565 735 813
4  18 229 317 560
26  17 20 23 46 75 76 112 178 188 193 217 218 239 274 298 361 379 413 464 511 523 633 671 813 837 856
6  58 123 287 628 688 951
22  0 1 2 25 33 55 181 192 253 346 355 379 511 538 648 671 691 694 748 794 813 861
10  65 68 124 150 350 447 489 618 796 989
10  24 172 185 231 239 379 565 664 723 856
10  117 171 205 379 400 486 813 833 849 852
42  7 9 24 27 47 49 92 93 96 103 112 114 117 132 171 205 242 254 273 364 386 413 429 432 486 511 523 525 565 628 633 643 671 700 754 778 787 788 794 813 852 861
9  130 207 326 390 425 457 487 511 852
13  82 152 188 202 218 274 395 413 565 633 729 745 813
10  17 22 30 37 111 322 413 568 618 794
11  67 74 83 110 165 356 534 568 640 813 856
8  60 261 413 625 727 787 797 852
7  0 1 39 43 525 882 977
6  68 140 173 350 786 989
4  102 379 582 700
4  82 145 202 565
4  126 210 218 764
3  131 255 475
9  126 218 224 346 433 605 704 797 990
10  14 63 171 254 298 346 413 442 525 599
3  44 183 550
9  22 135 196 258 298 355 565 790 910
10  135 175 196 258 298 301 414 565 630 813
13  0 1 2 188 242 376 507 525 591 633 781 880 983
8  103 117 162 171 209 305 464 523
2  161 363
2  101 341
15  13 31 87 98 303 317 377 379 486 520 532 633 643 946 953
16  64 67 74 83 110 147 356 471 534 568 640 813 836 856 951 953
4  8 316 486 643
29  3 4 5 24 42 88 174 193 217 218 232 239 254 319 355 362 413 435 443 446 464 481 520 523 542 565 813 852 861
2  99 481
7  96 296 379 381 546 813 953
3  12 309 951
59  0 1 2 3 6 7 9 14 26 40 63 77 79 90 96 97 114 117 132 142 143 156 161 192 205 222 238 242 254 282 298 316 342 346 386 389 413 424 449 464 473 486 523 525 565 582 599 620 639 671 700 733 753 794 856 888 890 946 962
17  24 60 141 192 195 199 231 239 273 379 435 565 580 643 664 852 856
3  150 292 463
14  42 76 167 217 218 232 239 298 316 413 416 813 852 928
3  159 262 565
7  112 413 466 511 617 720 760
4  7 116 871 910
24  12 19 46 49 75 137 188 217 218 323 361 379 435 464 523 568 629 633 787 788 794 813 946 956
15  67 83 223 243 276 290 356 367 471 534 558 609 813 856 932
11  4 239 265 298 454 568 589 620 788 794 946
11  1 139 248 346 355 520 525 648 694 726 946
22  0 2 3 12 19 112 131 133 198 202 239 254 316 346 435 443 523 671 788 852 946 947
5  44 157 246 805 946
2  95 228
6  141 231 239 353 565 664
3  124 350 489
7  97 205 360 370 413 808 906
96  0 1 2 3 4 5 6 8 11 12 15 16 17 19 20 24 33 35 36 38 39 46 48 49 54 56 59 60 75 76 80 82 105 112 119 127 128 131 133 137 145 160 178 192 202 217 218 239 242 249 253 274 284 286 298 314 316 320 323 346 355 360 361 379 386 413 435 464 484 486 507 511 523 525 565 568 591 620 633 700 708 715 733 764 781 788 794 795 813 849 852 856 888 935 946 983
14  93 197 285 406 523 566 593 611 636 702 859 861 920 962
17  6 7 9 14 18 31 303 317 520 523 643 736 813 844 858 946 951
1  20
72  0 1 2 4 7 11 12 13 16 17 20 24 36 38 49 56 59 66 76 81 88 101 112 120 128 139 171 172 188 193 195 199 217 218 239 261 273 274 298 306 316 346 355 360 361 364 379 386 412 413 420 435 464 493 523 568 591 626 632 643 650 671 794 813 821 836 852 856 956 959 975 983
49  0 1 5 11 12 16 20 23 24 36 38 46 76 137 167 192 195 199 202 217 218 231 239 242 254 274 279 288 298 316 360 361 421 435 464 486 513 523 565 568 629 700 794 813 822 852 856 909 981
15  17 22 135 196 218 234 258 298 413 502 565 708 789 910 975
20  2 16 56 172 192 193 199 202 239 274 360 431 523 565 568 580 813 821 856 977
9  135 158 159 194 258 298 509 565 813
9  93 189 214 383 523 611 671 702 962
9  56 112 182 202 217 254 407 523 620
34  12 42 56 59 66 75 172 192 193 195 202 231 232 239 316 361 364 413 435 464 523 565 580 608 650 708 787 813 852 856 881 946 957 981
9  126 218 416 435 477 643 664 671 856
10  3 131 202 208 523 527 633 654 813 940
80  0 1 2 3 4 5 7 8 11 12 15 16 17 21 22 28 29 30 41 48 51 54 56 59 76 82 112 121 131 133 145 152 182 188 193 195 198 199 201 217 230 239 253 254 258 274 298 316 323 338 346 360 361 379 389 413 435 464 486 520 523 525 565 571 608 633 649 654 671 674 715 788 794 813 852 856 860 861 910 946
5  28 486 613 814 937
4  63 346 695 788
39  14 26 63 69 77 97 117 142 143 171 187 238 242 253 282 316 360 370 379 386 413 416 435 565 568 582 620 627 628 632 633 643 652 753 794 797 833 844 852
20  6 7 9 40 102 112 133 239 316 355 379 413 435 466 481 547 560 582 852 856
7  144 326 390 425 564 576 921
14  201 237 368 373 445 523 541 633 654 797 823 852 940 985
3  161 289 464
7  126 153 218 316 379 643 813
11  30 111 216 402 413 520 565 618 753 788 856
7  13 47 114 273 379 438 893
3  40 424 813
3  197 247 773
4  108 268 369 525
7  30 211 402 520 565 620 788
62  0 1 2 3 5 11 15 24 35 36 42 49 54 56 59 76 112 128 137 167 174 178 188 192 193 198 202 218 230 239 242 253 254 298 306 316 319 323 360 361 413 432 435 441 464 481 486 511 520 523 628 629 633 723 788 794 813 849 852 856 893 946
86  0 1 4 8 17 20 23 24 33 46 47 49 54 60 73 75 76 82 109 112 119 126 128 137 145 153 155 167 174 178 188 192 193 194 200 210 217 224 230 239 242 253 254 274 297 298 316 323 347 355 360 361 365 379 386 389 413 435 443 458 464 481 486 495 511 523 565 633 643 652 700 708 764 787 788 794 813 842 852 856 861 910 946 953 975 999
5  45 64 263 568 813
15  15 54 73 82 239 253 353 360 361 485 511 565 794 797 975
8  24 60 379 412 464 629 648 813
21  26 79 171 238 253 282 346 360 379 386 413 435 464 525 561 565 620 755 788 794 956
13  83 179 243 290 337 356 471 534 609 756 813 856 910
12  155 218 240 253 334 346 411 413 505 628 704 797
10  7 9 13 18 31 281 643 852 910 929
8  61 81 107 325 435 450 469 525
5  109 126 435 484 976
1  184
8  18 136 250 317 518 635 946 951
41  1 3 4 5 6 11 24 33 49 54 59 128 133 202 217 218 239 242 253 254 316 346 360 361 362 379 413 435 481 520 565 608 633 678 700 708 813 849 852 856 896
16  24 60 141 172 185 193 199 311 379 523 664 700 744 852 962 981
18  24 42 76 88 167 174 199 298 316 361 413 481 523 565 813 859 928 959
3  102 379 582
7  194 258 316 502 520 789 910
8  61 107 325 340 361 671 748 946
6  34 114 317 420 612 700
5  208 428 797 940 985
14  171 205 222 253 282 379 386 600 620 628 788 844 852 962
100  0 1 2 3 4 5 6 7 8 9 11 15 16 24 33 36 41 42 52 54 56 59 60 66 70 73 76 82 88 106 112 127 128 131 133 137 141 167 172 174 180 182 185 188 192 193 195 199 202 206 217 218 220 230 242 251 253 254 258 261 265 298 314 316 319 340 346 353 355 360 361 362 379 389 392 413 416 435 443 464 486 511 520 523 560 565 608 620 628 633 654 671 708 723 764 813 852 946 975 977
10  224 264 334 411 505 628 700 712 787 813
3  116 352 678
65  0 1 3 4 6 9 14 59 63 77 112 117 127 128 143 160 171 188 193 205 217 218 230 239 249 251 253 254 282 298 300 316 338 346 359 360 361 386 413 432 435 464 473 486 503 507 511 523 525 565 568 582 591 620 628 633 708 731 781 852 861 890 946 953 975
16  45 64 67 74 83 179 223 290 337 471 574 756 813 836 852 956
5  59 316 633 643 813
3  100 317 910
3  183 805 946
3  214 384 476
10  181 346 355 361 391 435 520 525 694 946
15  56 188 242 254 298 336 346 355 360 413 481 523 525 813 935
4  229 518 635 863
17  52 239 242 254 265 286 298 346 355 359 397 464 523 565 748 813 852
2  131 437
74  0 1 2 3 4 5 8 15 24 26 49 54 56 59 63 76 82 88 96 112 121 133 139 188 202 205 217 218 220 222 224 230 238 239 242 254 258 279 282 298 304 316 319 323 334 346 353 355 360 361 378 379 386 389 413 435 464 486 511 523 565 600 628 700 733 764 778 794 813 852 856 861 956 975
64  0 1 2 3 4 12 14 24 26 56 60 63 77 88 90 109 112 143 156 167 171 182 193 198 202 217 218 230 239 242 249 251 253 265 273 298 336 346 355 359 360 361 379 386 413 435 464 466 481 523 525 565 620 629 633 652 664 671 700 794 813 852 856 946
3  154 475 706
2  7 532
11  0 16 259 361 466 481 513 565 643 671 852
37  0 1 2 3 8 11 15 22 24 28 41 51 135 158 159 194 196 202 234 239 253 279 298 316 360 362 486 509 520 565 671 708 764 813 910 956 975
6  16 257 361 486 513 813
4  30 322 618 796
33  1 3 7 11 16 17 24 60 120 148 192 239 306 312 337 361 379 392 413 486 523 610 625 650 671 727 787 797 814 852 951 956 957
2  175 277
3  45 71 219
7  240 334 349 628 650 712 971
8  180 239 251 254 340 443 671 946
8  1 16 305 386 464 481 523 671
3  17 619 812
6  108 215 369 510 525 540
4  0 683 743 977
6  63 298 374 413 543 562
3  13 451 668
2  59 856
18  0 7 24 47 60 143 172 192 212 254 355 361 379 386 438 513 671 856
38  0 1 2 3 6 12 38 46 49 127 137 145 188 192 193 195 202 218 284 306 316 361 379 413 421 443 456 523 525 565 628 633 671 708 794 813 888 951
11  17 20 37 401 464 513 738 842 852 856 946
6  64 67 179 856 932 956
4  262 329 472 575
1  15
16  0 4 5 193 253 258 298 346 362 481 506 565 788 813 878 951
2  65 567
4  225 643 910 929
40  0 1 2 3 6 9 12 14 16 38 46 75 77 96 103 171 205 222 238 242 253 298 319 346 361 379 386 435 443 464 523 794 813 833 852 888 946 956 959 962
5  5 316 449 523 973
10  6 46 188 274 316 361 443 708 788 888
9  189 315 531 611 623 702 861 962 979
19  0 2 3 6 52 85 188 251 346 359 464 514 523 620 671 748 813 946 956
8  58 123 138 434 628 658 688 865
10  11 193 316 361 443 628 691 700 788 852
3  209 559 793
12  64 67 179 223 243 337 356 471 534 756 813 956
1  28
3  173 463 588
2  18 448
7  42 88 101 481 565 633 685
11  18 34 47 114 313 317 420 710 874 951 952
3  169 379 813
2  218 413
112  0 1 2 3 4 5 6 7 9 11 12 14 16 17 20 23 33 35 38 46 52 54 62 63 70 75 78 79 82 85 88 101 103 106 112 119 127 128 135 137 156 158 159 171 174 180 188 192 193 194 196 202 217 218 232 239 242 249 251 253 254 258 270 279 282 316 336 339 340 346 355 359 360 361 362 365 379 386 409 413 420 421 435 454 464 481 486 499 502 509 511 523 525 562 565 568 582 620 626 628 633 671 700 708 748 788 794 813 852 910 946 959
4  42 539 708 765
12  0 1 3 59 242 386 704 748 764 788 797 956
3  159 414 526
7  107 325 340 361 480 847 946
26  13 14 18 31 40 47 87 98 164 190 317 333 377 379 413 520 560 633 643 726 813 888 910 928 946 953
7  112 118 253 379 416 486 852
9  1 96 103 161 266 464 481 523 925
18  7 16 47 120 192 217 261 274 360 361 379 413 415 548 568 633 813 852
7  11 24 33 66 316 569 852
4  111 618 751 841
1  170
4  39 332 360 404
3  231 962 981
6  261 361 584 714 715 814
7  295 343 420 637 656 710 874
6  188 239 346 413 511 853
2  285 531
113  0 1 2 3 4 5 6 7 8 9 11 13 15 17 20 24 33 36 41 42 46 49 54 59 60 66 75 76 82 88 109 112 115 121 126 127 128 129 133 166 171 174 182 188 192 193 199 202 205 206 210 217 218 230 232 234 239 242 244 253 258 274 283 284 288 298 307 320 336 337 339 346 355 360 361 362 365 379 386 409 413 435 443 464 466 481 486 520 523 565 582 608 633 643 649 671 691 700 708 753 764 778 788 797 808 813 852 856 861 909 910 928 946
52  7 9 10 14 16 18 31 34 40 47 63 79 81 92 96 97 100 114 136 164 190 229 236 245 295 303 333 335 360 375 413 420 461 486 518 520 523 525 560 628 635 643 700 721 774 887 899 903 910 946 953 955
3  114 759 774
23  8 11 16 24 60 167 217 239 253 282 360 386 413 464 486 511 523 565 787 813 852 856 959
14  119 188 316 346 360 393 435 464 568 608 708 852 856 888
5  15 386 504 631 851
9  22 30 111 146 260 413 520 618 796
49  6 11 12 19 36 39 46 49 59 75 76 112 119 178 188 202 217 218 253 346 360 361 379 387 413 435 452 466 481 486 525 549 557 565 568 633 671 691 700 708 764 774 794 813 852 861 927 946 988
3  87 661 750
10  61 81 107 226 235 302 340 633 671 946
8  144 207 357 390 425 487 511 852
11  31 98 114 132 379 464 592 644 754 813 953
4  121 579 620 900
3  277 472 575
1  36
2  65 779
5  39 310 360 523 654
11  7 9 14 303 317 413 596 721 726 852 888
8  224 240 253 264 628 787 797 861
2  317 413
19  249 254 298 316 340 346 360 361 386 413 435 523 525 633 700 748 797 813 977
23  2 11 17 22 30 45 64 223 243 261 290 316 361 435 471 515 568 608 852 856 861 910 957
15  1 9 14 40 202 242 359 361 379 464 547 582 852 861 946
9  298 316 360 379 435 464 466 628 946
27  7 9 61 84 103 107 235 239 265 298 302 325 336 360 361 386 396 413 443 499 626 633 748 753 788 852 946
2  163 585
6  171 346 386 523 888 946
5  313 498 637 656 874
2  57 983
6  9 61 107 480 799 875
89  0 1 2 4 5 6 8 11 15 16 21 24 33 36 46 52 55 59 63 70 76 77 85 119 139 155 156 171 181 182 188 192 202 204 222 224 230 239 242 248 249 251 253 254 279 282 286 298 314 316 320 323 336 342 355 359 360 361 379 386 389 410 413 435 464 481 486 511 520 523 525 542 565 568 600 633 643 671 704 708 748 764 794 797 813 852 888 956 975
2  218 999
2  34 671
3  264 628 712
7  68 124 140 150 186 618 666
5  74 483 598 696 804
3  241 678 689
11  185 220 239 253 360 382 511 565 570 582 856
1  17
59  0 1 2 3 4 5 7 8 24 39 55 56 60 62 82 109 115 126 139 158 167 181 188 192 206 218 239 248 249 251 253 254 273 298 316 346 359 360 361 379 391 409 413 435 443 464 481 486 511 520 523 525 671 726 748 788 813 852 864
17  64 67 74 83 110 147 165 179 223 290 367 471 534 568 813 836 856
3  326 390 852
1  0
23  242 251 254 286 298 338 346 355 360 361 365 379 413 464 481 486 514 523 726 764 813 852 975
104  0 1 2 3 6 8 9 11 12 15 16 24 26 33 39 43 54 56 58 59 66 73 76 77 79 105 133 187 188 192 193 195 202 205 217 218 220 222 230 239 242 249 253 254 258 298 306 310 316 317 319 320 323 332 336 339 340 346 353 355 359 361 362 379 386 389 413 416 421 435 443 464 466 481 486 511 513 520 523 525 565 568 620 628 633 643 650 671 674 681 708 713 733 782 788 794 797 813 852 856 905 946 956 977
105  0 1 2 3 5 6 11 12 15 16 17 20 22 24 35 36 37 38 46 49 54 56 59 61 77 82 85 94 107 112 133 134 137 178 188 192 193 199 202 217 218 220 230 232 235 239 242 248 253 254 257 259 261 273 274 282 284 288 298 302 306 312 316 323 336 337 338 340 346 355 359 360 379 386 413 435 443 464 481 486 511 513 520 523 525 557 565 608 618 628 633 643 671 708 714 715 794 797 813 852 860 910 946 951 983
25  167 230 239 258 279 298 316 360 413 416 435 443 481 520 592 608 671 700 708 788 803 809 813 852 946
1  162
17  41 56 112 143 192 199 386 413 438 523 565 643 650 671 708 794 959
17  1 4 33 66 88 218 298 316 359 413 443 464 481 643 691 771 788
3  2 8 408
9  67 83 179 356 471 534 558 722 813
4  208 445 633 797
7  108 215 268 467 525 540 939
9  14 63 97 187 205 379 413 959 975
4  41 418 426 486
6  30 111 618 725 770 794
5  208 541 633 797 940
4  63 270 413 562
6  317 413 512 635 899 903
16  0 1 2 6 33 73 160 420 481 507 511 520 525 612 788 983
5  164 303 439 595 953
3  253 379 856
138  0 1 2 3 4 5 6 7 9 12 13 14 16 19 24 31 34 38 40 46 47 49 51 59 60 76 85 88 96 97 98 102 109 112 113 114 120 121 126 127 128 132 133 137 139 141 142 151 164 169 172 178 188 192 202 205 206 210 212 218 221 222 230 231 233 238 239 253 254 261 273 274 282 296 298 303 304 306 316 323 327 338 339 346 355 359 360 361 370 378 386 389 391 409 412 413 416 421 435 438 443 464 481 486 507 520 523 525 532 546 557 560 565 568 582 592 628 629 633 643 671 700 708 754 764 787 788 794 813 815 844 849 852 856 888 946 953 962
2  120 606
3  169 546 813
1  353
1  197
1  247
5  92 100 435 671 910
82  0 1 3 4 5 6 9 11 12 14 15 16 21 26 38 59 117 119 131 143 171 188 192 205 218 222 238 242 253 254 266 273 282 298 300 316 319 321 336 340 342 346 360 361 364 379 391 413 435 438 464 481 507 523 525 565 600 628 633 643 667 671 697 704 733 748 751 764 769 778 788 794 797 813 851 852 856 888 910 956 959 975
4  323 486 565 774
7  2 24 25 112 130 660 675
29  2 8 15 24 171 202 218 239 253 346 360 379 409 413 435 464 481 486 511 523 560 571 643 671 728 755 813 852 946
10  130 144 207 326 357 425 487 511 780 852
11  248 355 379 386 413 435 520 582 628 643 694
19  0 2 8 36 49 127 239 261 455 464 523 530 626 654 691 795 852 912 959
3  320 846 852
9  26 58 69 97 108 413 525 853 946
3  82 145 819
3  84 340 852
5  6 52 251 525 813
4  48 633 806 831
1  103
2  142 813
1  275
9  30 211 216 520 565 602 620 788 852
3  115 435 523
2  39 310
5  123 628 700 813 862
4  189 430 593 828
5  3 112 198 523 622
1  366
16  7 27 62 298 316 355 379 389 413 435 464 481 486 643 671 794
9  24 59 346 511 523 525 704 764 975
5  224 240 628 733 813
14  0 2 16 17 76 192 221 379 413 443 464 523 648 909
155  0 1 2 3 4 5 6 7 9 11 13 14 16 17 22 24 26 30 33 35 36 38 41 42 49 54 56 58 63 66 69 75 76 77 79 81 82 88 97 111 112 117 127 137 143 145 146 148 156 167 171 174 176 187 188 192 194 199 202 205 206 211 217 218 222 224 230 232 239 242 249 253 254 261 270 274 297 298 303 306 314 316 317 319 322 323 333 335 336 340 346 355 359 360 361 362 364 365 370 374 375 379 386 389 391 394 409 412 435 459 464 466 481 486 503 511 520 523 525 562 565 568 582 596 618 620 625 626 628 633 635 643 671 678 708 726 727 753 787 788 794 808 813 852 853 856 861 888 910 928 946 951 953 959 975
3  135 159 301
9  16 17 20 76 122 306 533 842 860
21  60 88 126 174 200 205 239 304 360 362 379 435 508 620 643 671 700 794 813 852 975
11  40 424 532 560 582 620 633 634 643 794 797
6  41 371 488 520 545 856
3  14 474 844
41  2 4 5 7 11 14 33 34 40 47 69 81 97 117 192 236 295 298 313 317 376 464 486 511 519 523 525 565 612 628 632 633 635 645 662 671 700 852 914 955 983
19  4 5 16 38 88 99 193 274 298 360 379 464 481 523 643 708 909 910 946
1  39
5  27 62 81 486 856
9  40 171 213 417 464 486 519 797 813
7  144 207 326 390 487 511 852
1  371
7  80 597 633 741 813 856 898
4  237 797 832 940
5  143 523 614 754 787
3  406 593 828
8  195 465 565 580 821 856 879 946
18  0 1 2 3 127 143 217 242 486 523 700 719 774 781 816 856 951 956
2  155 995
4  287 453 658 865
135  0 1 2 3 4 5 6 7 8 9 10 11 12 14 15 16 19 24 26 33 36 40 41 43 47 49 54 56 59 61 63 69 73 76 79 81 82 88 92 93 97 100 109 112 115 126 127 128 133 167 172 178 182 188 192 193 199 200 202 205 206 217 218 222 226 227 230 239 242 248 253 254 282 298 316 320 323 336 337 339 346 355 360 361 362 379 385 386 389 391 403 409 413 416 443 464 466 469 481 484 486 507 520 523 525 560 565 568 580 582 608 628 633 643 664 671 694 700 708 755 778 785 787 794 797 803 811 813 852 856 861 910 946 956 962
3  3 131 443
2  252 820
21  47 114 212 273 364 379 386 464 507 525 565 643 664 671 700 778 788 856 874 893 980
1  377
2  129 551
8  0 24 76 217 481 507 643 686
2  156 599
46  0 2 3 6 8 24 76 82 96 133 167 182 218 239 265 274 282 284 288 316 340 355 360 361 362 365 379 412 435 436 464 481 496 523 525 532 542 601 628 643 708 788 794 813 852 946
4  84 494 499 919
6  208 368 633 654 797 856
4  4 167 852 883
3  65 140 489
1  293
15  3 5 63 76 77 90 97 171 283 486 582 635 700 794 959
3  226 469 690
2  271 668
3  323 525 565
2  434 775
7  4 24 180 298 589 852 876
3  392 626 671
2  274 888
2  144 941
4  8 218 749 772
14  81 114 413 481 511 519 520 523 678 726 754 856 946 949
6  13 18 31 87 754 783
3  317 887 910
1  107
3  173 292 536
124  0 1 2 3 4 5 6 7 9 11 17 19 20 24 28 31 33 42 46 49 54 56 59 60 66 73 75 76 81 85 88 103 106 109 112 115 117 118 126 127 128 137 161 167 171 178 188 192 193 199 202 209 217 218 221 222 239 242 251 253 254 266 275 282 286 298 305 316 319 320 327 338 339 346 355 359 360 361 365 379 386 389 392 409 412 413 420 421 424 435 438 443 481 484 486 507 511 519 520 523 525 565 568 592 608 628 629 633 643 671 708 781 788 795 797 813 824 852 856 910 946 956 959 975
2  431 821
37  0 5 16 36 56 112 176 206 254 257 316 323 339 360 413 435 481 486 513 523 525 560 565 568 608 628 633 643 650 671 700 708 764 778 856 946 956
2  369 669
3  51 571 728
5  226 435 450 628 825
2  74 500
16  74 83 165 179 223 243 290 337 356 367 534 568 813 836 852 856
4  277 329 575 709
7  171 242 503 523 671 829 890
1  419
2  154 255
2  247 556
6  24 126 200 671 856 956
5  69 568 572 628 754
4  35 794 813 959
10  7 9 107 302 345 520 678 799 813 849
98  0 1 2 3 4 5 6 7 8 11 15 16 17 24 33 38 56 59 76 82 88 96 99 101 102 109 112 127 128 133 167 168 206 217 218 230 232 249 254 257 266 279 294 298 305 316 323 346 355 359 360 361 362 365 376 379 386 389 409 413 421 435 441 443 459 464 466 484 486 507 511 513 520 523 525 560 565 568 591 600 628 633 643 671 678 680 700 708 764 788 794 813 842 852 856 946 956 959
4  57 703 922 983
5  351 598 696 804 972
19  60 109 126 188 227 435 464 481 486 523 525 587 628 633 643 671 678 794 813
7  54 220 490 511 565 616 788
118  0 1 2 3 4 5 6 7 8 9 10 11 12 13 14 15 16 17 20 24 27 28 33 36 40 41 54 56 59 60 62 73 76 81 90 92 97 109 112 114 117 118 126 127 133 142 143 164 166 171 188 193 202 203 217 218 239 242 253 258 259 261 298 304 316 317 319 323 346 355 359 360 361 371 379 387 389 409 413 420 423 424 432 435 449 464 466 481 484 513 519 520 523 525 532 560 565 608 633 643 671 700 719 774 781 788 794 813 816 852 856 861 888 910 951 953 959 962
5  144 326 390 425 852
5  41 418 520 545 856
5  124 140 186 447 916
3  485 616 716
2  21 28
6  7 9 84 499 615 852
12  0 1 2 16 66 192 523 594 726 852 937 959
3  444 499 573
1  218
2  443 523
3  106 522 633
2  343 656
11  84 298 340 444 492 494 523 573 633 852 856
2  470 923
1  134
7  194 234 298 568 608 633 910
8  242 413 473 523 553 671 888 962
2  321 851
6  224 240 578 621 969 991
4  279 535 930 951
25  0 2 24 96 160 188 242 376 379 386 435 438 441 464 481 523 525 565 643 654 700 861 880 937 959
3  416 671 852
7  135 196 258 298 565 764 813
3  268 540 692
70  0 1 2 3 4 6 7 9 14 25 33 39 54 55 56 73 76 103 105 112 117 130 137 139 143 144 176 188 217 218 220 239 242 253 298 314 319 326 346 353 355 360 361 376 389 390 410 413 420 425 459 464 481 485 523 525 565 582 600 620 628 633 678 704 788 852 856 861 946 975
3  375 635 899
26  5 11 20 133 193 257 259 273 275 360 361 466 481 486 519 523 525 560 633 671 708 726 813 842 852 856
5  286 359 523 813 946
3  337 852 856
3  27 44 651
2  22 135
6  229 250 317 635 843 946
17  81 420 424 459 464 486 513 523 525 560 633 678 708 781 797 813 842
95  0 1 2 3 5 7 8 9 10 11 13 14 15 16 18 27 30 31 34 41 42 47 54 62 76 81 88 96 98 103 111 114 164 167 181 190 202 211 216 217 230 234 239 248 258 303 316 317 322 346 355 360 361 362 376 379 391 402 413 418 435 459 464 480 481 486 488 523 525 545 565 568 580 582 592 618 620 633 643 671 678 708 726 781 788 794 796 813 849 852 856 874 910 946 951
3  49 117 852
1  497
165  0 1 2 3 4 5 6 7 8 9 11 12 13 15 16 17 18 19 20 21 24 31 33 36 38 41 46 49 52 56 59 66 75 76 93 96 105 109 112 115 126 127 128 131 133 137 143 161 167 171 178 182 188 189 190 192 193 195 197 198 199 201 202 208 217 218 231 232 239 242 249 251 253 254 261 266 274 282 283 286 298 305 316 317 319 332 336 342 346 355 359 360 361 364 379 386 389 392 403 407 410 412 413 420 421 429 432 435 443 459 464 466 473 481 484 486 493 496 499 503 507 511 513 514 519 520 525 560 565 568 580 608 620 626 628 633 643 654 671 678 691 700 708 719 726 733 754 781 788 794 797 813 852 856 859 860 861 888 946 947 951 956 962 975 977
2  18 873
105  0 1 2 3 4 6 7 10 11 13 14 16 19 26 47 56 58 59 63 69 76 79 81 96 97 108 112 114 132 143 149 156 160 171 181 188 202 215 222 226 242 248 249 254 268 274 298 317 323 336 346 355 360 361 369 376 379 386 394 397 410 413 420 435 438 443 452 464 466 481 484 486 507 511 513 519 520 523 545 560 565 568 580 608 628 633 643 671 678 700 704 764 781 787 794 813 852 856 910 946 951 956 959 977 983
1  301
5  3 12 131 201 848
3  51 747 856
3  19 629 813
3  392 626 856
3  285 315 682
18  2 7 31 40 164 256 379 417 443 486 565 601 628 643 830 946 951 953
5  20 122 415 842 860
17  64 67 74 83 110 147 165 179 223 290 356 367 471 568 813 856 956
3  506 897 930
1  463
4  6 7 9 61
10  0 1 2 6 33 139 565 700 813 861
4  299 752 758 765
3  268 369 510
3  208 373 633
9  4 24 167 346 443 643 748 788 852
4  14 63 270 854
7  21 29 53 649 782 813 946
14  41 418 488 520 525 560 568 608 671 813 822 856 909 910
23  1 2 4 9 13 14 31 76 169 379 381 555 629 643 754 813 836 852 856 888 932 946 953
6  9 40 206 338 582 946
4  306 633 740 852
6  323 557 565 655 852 927
1  157
1  440
2  96 670
2  503 888
2  48 633
3  546 813 861
1  476
12  128 323 361 379 549 565 633 643 700 714 794 852
3  179 367 961
2  289 793
40  5 18 40 52 81 88 127 136 206 239 303 317 379 389 417 435 466 481 486 513 519 523 525 545 565 568 580 608 628 633 643 700 755 787 813 852 856 917 946 959
2  222 827
7  63 77 270 298 374 413 794
1  104
2  207 576
139  0 1 2 3 4 5 6 7 11 12 15 16 17 22 24 26 30 31 33 36 42 47 49 51 52 54 59 60 63 73 79 88 100 101 109 111 113 117 127 128 135 141 143 145 152 158 159 167 171 172 175 185 188 193 194 195 196 199 202 205 211 216 218 220 222 230 232 239 242 251 253 254 257 258 274 279 294 298 316 319 323 346 353 360 361 364 379 386 387 402 413 420 431 435 438 452 464 466 481 485 486 507 509 511 520 523 525 532 538 549 557 560 568 580 602 608 620 633 635 643 652 671 678 708 781 787 788 794 795 797 813 821 849 852 856 861 946 956 975
2  189 611
1  280
86  3 4 5 11 17 22 26 30 33 36 47 49 51 59 64 67 69 74 83 110 119 120 127 133 146 147 165 178 180 188 192 193 195 205 219 242 298 306 320 323 337 346 356 360 379 413 435 464 466 471 478 481 502 520 523 525 534 545 560 565 580 582 602 608 618 628 633 643 650 671 678 726 751 754 764 794 797 813 822 852 856 861 909 910 956 975
4  11 307 693 852
2  353 776
10  21 22 51 202 389 468 728 813 852 856
5  69 478 628 754 787
5  494 499 718 852 856
2  243 836
4  277 329 472 677
2  207 564
1  45
2  505 969
4  121 328 620 975
24  1 4 12 16 172 195 199 431 435 520 523 525 560 565 568 582 602 608 700 751 813 821 856 946
1  44
47  3 4 5 6 9 11 40 102 119 133 151 171 205 206 233 242 298 316 338 353 379 391 413 417 435 449 511 520 547 568 580 620 643 671 687 694 700 751 774 794 813 821 833 852 856 861 946
3  31 87 132
3  312 624 714
2  341 845
5  94 618 852 945 996
5  60 484 633 794 813
1  292
5  180 454 707 876 946
2  46 699
12  0 7 8 11 38 112 160 188 192 242 481 781
11  47 114 327 362 379 464 520 628 813 852 856
7  189 406 430 828 859 861 959
2  493 726
2  377 762
5  82 333 413 739 852
4  427 659 867 898
5  351 483 696 804 972
4  132 156 171 442
10  238 253 346 386 481 511 620 643 788 852
6  443 532 643 886 946 953
9  402 565 568 580 603 633 754 813 910
2  602 754
2  90 968
5  126 155 764 797 800
3  380 791 870
3  50 641 885
49  4 5 11 16 17 33 66 67 110 120 133 199 202 230 239 316 320 337 361 362 435 464 466 486 502 523 525 545 560 565 568 580 620 633 643 671 708 711 764 813 852 856 896 910 946 956 957 959 975
8  67 83 179 223 813 856 866 889
1  261
5  189 197 285 566 859
12  1 2 14 97 236 376 420 628 700 788 946 983
1  203
3  429 754 913
3  84 492 852
3  485 490 835
2  176 720
33  22 30 37 45 65 68 94 111 124 140 146 211 260 308 322 350 361 372 413 520 568 586 678 708 735 751 787 788 794 796 813 946 951
1  267
60  0 1 3 4 5 6 13 35 56 73 76 85 112 121 171 180 188 198 205 216 222 238 239 242 254 286 298 328 360 402 413 416 417 511 520 523 565 579 582 600 608 629 633 643 671 700 704 726 748 787 788 797 813 852 856 861 888 946 956 975
2  505 969
1  407
3  285 872 979
1  584
5  148 261 413 727 787
18  36 192 298 340 392 413 455 523 530 628 650 654 671 852 856 956 959 997
3  205 833 852
90  0 7 9 11 13 14 18 26 34 40 58 62 63 69 81 96 97 112 114 123 127 128 132 133 138 143 205 217 224 238 239 240 242 253 264 274 287 288 298 317 334 339 349 360 361 379 386 391 405 411 413 420 435 443 464 466 469 478 481 484 511 523 525 532 560 568 572 592 612 626 643 650 700 733 754 782 787 788 797 813 852 861 862 893 899 903 946 951 959 974
20  12 19 60 75 178 193 217 221 254 379 464 529 546 620 633 787 794 797 813 852
2  159 869
3  321 851 943
12  20 66 76 97 192 205 420 671 852 947 959 975
149  0 1 2 3 4 5 6 7 8 9 11 12 13 14 16 17 19 20 24 27 33 36 38 42 46 47 48 49 54 56 59 60 61 62 70 75 76 78 80 82 84 88 93 103 105 106 112 121 126 127 128 131 137 143 145 160 164 178 188 201 202 205 208 217 218 230 239 242 244 254 274 294 298 303 306 316 323 325 336 340 346 360 361 368 373 379 386 398 413 417 420 427 435 445 464 466 481 484 486 497 499 502 511 513 519 520 523 525 541 548 554 557 560 565 568 587 602 608 620 629 643 664 671 678 700 704 741 751 754 781 788 794 797 813 833 842 849 852 856 861 896 910 946 951 953 956 962 977 983
1  417
17  2 63 229 250 317 375 413 420 449 512 518 565 678 700 843 856 946
1  189
4  313 343 656 840
2  72 125
7  9 40 171 753 788 794 856
3  147 165 813
2  607 885
2  86 892
109  0 1 2 3 6 7 8 9 11 13 14 15 16 17 18 24 31 40 59 80 82 87 96 98 126 143 164 166 172 190 192 200 205 210 218 225 244 257 281 303 316 317 346 360 361 364 365 379 386 389 391 409 413 416 417 421 435 438 441 443 464 466 481 484 486 507 520 523 525 532 542 546 557 560 565 568 582 600 601 608 620 628 633 664 665 671 687 691 700 708 733 748 754 764 782 787 788 794 797 813 836 852 856 899 910 946 951 953 956
2  327 813
1  420
2  105 112
2  24 768
11  1 2 25 55 60 139 181 221 412 746 987
9  21 29 32 53 202 316 544 813 946
20  59 192 199 261 264 360 364 466 568 626 628 654 733 787 852 856 946 951 957 974
2  516 891
5  88 205 218 254 565
1  126
21  0 2 36 49 201 202 208 239 332 392 445 507 523 626 650 691 852 940 946 957 975
3  549 852 927
6  313 343 498 637 684 877
2  31 673
2  287 434
1  597
2  130 388
4  31 87 324 946
2  420 914
3  89 112 794
20  6 9 24 60 88 126 141 172 185 200 231 254 435 438 633 643 787 813 852 856
6  96 643 671 733 788 910
3  68 124 350
18  0 1 2 3 6 12 16 24 85 386 674 748 781 813 852 856 861 962
3  13 271 451
1  467
1  552
127  0 1 2 3 4 5 6 7 8 15 16 17 20 24 34 36 41 47 49 54 56 59 60 73 76 82 92 93 96 100 105 109 112 114 115 119 126 131 133 137 139 143 171 182 192 197 200 202 235 239 254 257 258 261 265 266 273 274 286 298 316 323 325 346 348 355 360 361 362 364 379 385 386 389 409 413 416 420 435 438 455 464 466 473 477 481 484 486 503 508 513 520 523 525 545 565 568 582 608 620 626 632 633 643 665 700 708 726 753 761 764 787 788 794 813 815 852 856 861 888 910 946 956 959 965 975 997
1  74
2  31 657
18  0 1 2 22 30 48 80 85 202 360 667 748 813 852 856 860 935 962
1  388
2  6 962
1  575
38  4 7 9 14 24 33 39 63 76 116 230 241 352 413 459 480 481 484 511 519 520 523 525 565 568 618 633 635 700 704 726 751 764 794 797 813 852 975
1  56
2  481 956
1  360
1  531
2  269 984
1  656
3  11 42 294
1  441
2  582 643
4  58 123 138 287
1  352
1  450
32  0 1 2 3 6 8 18 47 52 127 139 288 316 323 365 392 523 643 654 700 717 748 788 794 813 852 856 912 946 953 959 977
2  510 868
1  569
6  139 181 248 391 435 582
1  204
5  351 483 598 804 972
3  386 769 851
1  93
1  590
99  0 1 2 3 4 5 6 7 8 9 11 12 13 18 24 26 31 33 34 47 49 59 73 100 112 114 119 123 126 128 143 151 171 188 193 218 230 231 236 240 253 254 288 298 316 317 323 336 362 379 405 416 420 432 435 438 449 466 481 486 507 523 525 538 557 560 580 582 612 620 628 633 635 643 671 678 691 704 708 719 726 733 744 764 787 788 794 797 813 852 856 861 874 893 910 946 951 956 959
1  134
6  93 189 197 285 861 959
2  57 482
22  126 155 224 300 346 386 410 511 525 620 633 678 700 726 764 794 797 856 940 946 956 975
1  26
1  255
1  589
69  0 1 2 3 4 5 6 11 22 38 42 46 48 56 66 76 80 82 88 119 127 188 194 199 218 230 239 242 258 274 284 298 299 316 320 323 346 360 361 362 364 379 413 421 435 443 464 466 481 513 519 520 523 565 608 618 643 671 700 719 726 788 794 813 852 910 946 956 959
2  472 766
5  114 295 313 742 874
2  608 852
3  240 264 349
5  360 724 850 852 905
6  312 361 557 584 715 894
7  188 202 312 361 714 813 946
1  490
2  691 788
1  573
11  432 486 523 700 708 726 764 813 816 852 951
2  176 617
5  7 9 47 317 333
2  367 982
5  42 141 217 239 813
4  713 792 850 905
2  372 794
32  22 80 181 303 333 355 359 413 459 493 513 520 523 568 594 620 671 678 700 704 708 719 737 744 764 813 816 852 888 940 946 975
8  148 261 413 625 787 839 944 974
5  51 389 468 571 856
1  145
2  47 788
1  242
2  86 915
25  12 44 89 96 171 188 253 360 386 411 523 628 643 650 665 700 744 794 813 816 852 893 946 956 959
1  12
7  22 30 111 135 618 813 951
2  190 807
4  726 744 816 852
3  275 856 946
1  596
2  548 966
3  427 633 842
2  710 874
3  0 269 950
11  24 60 231 700 726 733 737 816 852 946 962
2  145 813
1  648
1  528
35  0 1 2 3 4 5 6 12 16 18 52 85 139 235 251 286 298 300 336 340 346 355 386 542 620 643 667 674 691 788 798 813 852 946 956
2  458 926
3  87 324 757
13  6 110 308 386 568 580 582 618 633 678 764 813 852
2  539 758
13  117 171 205 211 316 340 413 639 671 778 788 856 946
38  0 1 6 7 9 16 18 34 47 69 92 93 100 114 132 143 327 379 429 459 460 478 523 546 568 572 602 603 614 628 633 643 787 797 852 946 959 974
4  222 389 435 560
4  223 243 290 813
3  87 750 942
2  539 752
4  96 114 318 856
2  112 176
2  131 671
1  595
2  45 813
53  0 1 4 16 24 49 59 60 75 76 115 126 127 153 188 218 239 253 258 300 316 323 346 359 379 386 410 466 481 509 525 568 605 608 643 671 678 700 704 719 726 751 794 813 816 838 852 861 888 946 956 959 975
4  42 299 539 852
1  709
4  40 117 813 946
2  647 936
5  9 386 697 813 851
2  372 794
2  365 788
1  458
1  214
24  3 4 5 11 16 24 28 49 76 114 133 317 318 323 387 432 486 582 784 813 852 856 946 983
1  453
1  570
2  124 902
12  143 253 316 386 435 438 466 753 797 856 946 956
3  37 65 331
1  390
33  0 1 2 4 5 6 7 9 11 13 16 24 33 36 160 188 242 432 464 486 519 520 523 525 565 591 633 667 788 852 856 880 910
14  1 8 11 21 59 70 360 544 628 643 813 857 946 983
3  460 901 948
3  774 852 946
1  435
4  150 802 818 989
57  6 7 9 12 13 16 18 19 31 34 47 49 69 75 96 103 114 143 148 178 199 218 240 261 319 334 379 413 429 435 525 560 565 572 618 620 625 628 629 643 650 664 671 700 727 754 797 813 839 852 856 861 946 951 959 962 974
102  0 1 2 3 4 5 6 9 11 12 15 16 17 19 24 33 36 47 49 52 54 59 63 73 81 85 96 112 128 133 143 178 180 182 188 202 204 211 216 217 218 222 238 279 284 288 298 300 316 340 355 360 362 365 376 379 386 402 413 438 443 464 481 485 486 511 520 523 542 565 600 612 618 620 628 633 639 643 665 671 691 700 708 717 730 748 753 771 781 794 798 813 849 852 856 861 880 888 896 946 956 959
3  194 234 910
1  158
1  606
2  724 850
2  289 559
110  0 1 2 3 4 5 6 7 8 9 11 12 14 15 16 24 26 33 35 37 38 40 42 49 54 60 63 66 69 73 76 82 88 112 139 143 146 171 178 180 188 192 193 202 205 217 218 220 222 253 254 274 282 298 323 346 360 361 364 372 379 386 409 413 416 417 435 443 449 479 481 484 486 520 523 525 557 562 565 568 582 587 618 629 633 639 643 663 671 678 691 700 704 708 725 733 764 770 788 797 813 851 852 856 888 946 951 956 959 983
8  113 127 188 392 464 565 813 852
6  30 140 260 322 520 618
68  0 1 2 3 6 16 24 33 42 73 76 77 109 126 148 155 205 208 220 224 237 261 300 316 334 336 346 360 361 368 373 386 417 424 428 435 445 464 519 523 565 568 605 620 628 629 633 643 678 700 704 754 778 787 794 813 814 842 852 856 861 893 940 946 951 956 959 975
4  4 748 788 813
2  345 480
1  605
1  52
3  786 818 989
3  362 435 809
7  74 83 351 483 598 696 972
4  183 246 946 994
3  48 398 834
1  736
4  187 316 413 910
3  362 803 852
1  12
1  435
3  17 267 998
234  0 1 2 3 4 5 6 7 8 9 11 12 14 15 16 19 21 22 23 24 26 27 28 29 30 31 32 33 35 36 38 40 41 42 45 46 47 48 49 51 52 53 54 56 59 60 64 66 67 68 73 74 75 80 83 85 96 102 103 109 110 112 114 117 126 127 128 131 132 133 135 137 139 142 143 145 147 159 165 167 169 174 178 179 188 190 192 193 195 196 199 201 202 210 213 217 218 219 221 223 230 232 239 240 243 244 249 251 253 254 258 259 274 279 282 286 290 296 298 303 306 316 319 323 327 336 346 355 356 359 360 361 362 367 379 381 386 389 397 400 405 411 413 416 424 427 435 443 464 471 479 480 481 484 486 509 513 514 519 520 523 525 529 534 538 544 545 546 555 560 565 568 571 580 582 587 592 602 608 609 618 620 628 629 633 640 643 644 649 664 667 671 674 678 691 700 708 715 719 723 726 733 735 745 748 751 756 763 764 767 769 774 782 787 788 794 795 797 798 814 816 836 852 856 861 888 937 946 951 953 956 959 975 983
16  3 28 56 203 261 312 797 813 836 852 856 861 937 940 946 953
4  121 379 671 861
13  432 486 719 726 733 737 744 764 813 836 852 946 962
2  71 911
3  786 802 989
1  395
1  437
8  192 195 431 465 565 580 582 856
8  76 193 545 568 856 909 910 933
2  208 852
2  464 852
1  469
1  37
1  561
3  406 430 593
3  473 890 963
2  532 953
2  398 992
3  428 940 975
12  26 46 142 205 282 582 627 633 849 852 938 956
1  806
1  616
19  13 64 110 165 192 243 356 471 546 574 643 813 814 816 852 856 946 951 953
1  137
2  764 975
3  727 787 884
1  637
3  308 895 970
21  4 5 11 20 122 218 275 415 481 513 519 533 633 741 797 852 856 860 951 959 975
2  518 635
6  14 190 205 238 379 419
1  585
2  393 855
3  107 302 946
1  527
12  11 142 188 217 230 379 480 520 565 633 788 833
4  713 724 792 905
10  9 15 321 386 504 631 697 769 794 852
220  0 1 2 3 4 5 6 8 9 11 12 13 14 15 16 17 19 21 24 26 28 33 34 35 42 47 49 54 56 59 60 66 69 70 75 76 81 84 88 94 96 97 105 112 118 119 126 127 128 130 131 133 142 143 144 148 167 172 174 182 188 192 193 199 202 205 206 208 217 218 225 230 231 238 239 242 243 251 253 254 257 261 275 282 288 298 304 306 307 316 319 320 323 326 333 337 338 340 346 355 357 359 360 361 362 379 386 389 390 392 393 396 402 413 416 420 425 435 443 446 454 464 471 481 486 487 492 493 499 508 511 513 515 520 521 523 525 542 546 548 549 557 560 565 568 569 571 573 582 586 592 596 600 608 615 620 626 627 628 629 632 633 643 650 654 655 664 667 671 674 678 691 700 708 711 713 719 726 733 737 744 748 751 754 764 765 774 781 784 787 788 794 795 797 809 813 814 816 823 824 833 836 842 851 856 860 861 883 899 905 910 946 947 951 953 956 959 962 975 996
4  58 314 394 413
1  543
1  846
171  0 1 2 3 4 6 7 8 9 11 12 13 14 15 16 17 18 20 21 22 24 26 27 28 31 40 41 47 48 49 51 54 56 59 60 62 64 69 76 80 81 96 102 109 110 111 112 114 119 120 126 132 133 137 141 147 165 171 172 179 188 192 193 195 199 200 202 206 211 217 218 223 230 253 254 272 273 275 276 316 319 320 337 353 356 360 378 379 386 413 418 423 427 431 432 435 438 445 459 464 466 471 477 481 486 488 499 511 513 515 520 523 525 528 530 534 545 546 560 565 568 571 573 580 582 592 608 609 620 626 633 635 639 643 650 664 667 671 674 691 700 704 728 738 753 759 774 778 781 787 788 794 797 813 814 821 822 836 842 852 861 909 910 932 935 946 951 953 956 962 975
1  782
1  190
5  189 232 523 593 611
16  16 17 20 23 122 202 361 415 523 533 674 842 852 861 975 978
88  0 1 2 3 4 6 7 8 9 11 12 14 15 16 17 19 24 25 26 27 28 33 35 36 52 54 55 56 59 75 82 88 91 93 96 105 112 127 130 139 143 167 189 202 218 242 253 285 316 323 334 337 338 413 435 486 507 511 523 538 555 565 568 582 593 620 628 633 667 671 700 702 764 787 788 797 813 814 815 852 856 860 862 946 951 959 962 975
7  123 405 628 861 899 951 959
1  250
2  3 355
2  287 434
1  609
1  597
1  692
1  630
1  606
3  116 177 910
1  623
1  524
10  114 295 313 343 438 520 700 710 742 951
1  345
2  454 589
1  656
1  279
1  431
6  0 160 507 781 788 946
1  199
3  0 1 149
3  446 852 956
1  839
2  607 641
3  601 946 953
2  317 461
37  6 9 13 14 41 46 80 97 171 188 274 282 284 303 320 333 342 346 379 386 413 456 486 503 523 546 553 620 671 726 764 788 794 813 946 956 959
1  609
5  90 171 242 473 829
1  651
1  642
10  114 212 217 438 628 700 733 797 946 959
1  714
2  841 970
7  230 608 633 788 951 956 975
3  535 930 960
2  427 597
9  317 375 512 628 643 852 862 903 975
1  328
2  783 948
1  777
6  317 375 628 899 975 993
1  23
7  79 360 713 724 850 852 975
1  187
2  33 66
1  93
15  1 2 3 4 76 193 316 412 421 545 568 822 856 910 975
81  0 1 2 3 4 5 6 7 8 9 11 12 13 16 17 18 20 22 23 30 31 33 34 35 36 45 47 64 76 92 100 158 177 194 202 218 223 225 234 245 258 281 298 303 316 317 337 361 385 386 413 421 435 461 464 486 502 520 525 545 568 602 608 633 643 665 671 700 708 781 789 808 822 852 856 871 909 946 947 956 962
1  817
2  392 691
1  614
2  420 662
1  732
1  489
3  81 560 946
1  114
1  444
1  189
1  207
1  482
1  500
1  53
1  305
1  749
3  323 549 655
9  174 232 303 316 413 946 951 953 958
2  225 281
3  506 535 897
1  77
5  179 276 546 856 953
1  822
4  20 37 65 68
8  2 6 80 188 249 674 856 946
1  768
12  2 3 11 24 42 203 493 507 813 814 951 953
1  833
2  108 369
12  201 208 237 373 428 654 704 726 797 814 832 975
1  457
1  757
1  631
1  727
1  586
179  0 1 2 3 4 5 6 7 8 9 10 11 12 13 14 15 16 18 19 21 24 27 28 29 31 33 34 36 40 44 46 49 53 56 59 61 70 75 76 80 81 87 96 97 105 107 111 112 117 127 131 132 133 164 171 178 180 181 182 183 188 190 199 202 217 218 229 235 239 242 246 248 254 265 275 282 286 298 302 303 316 317 323 325 338 339 340 342 360 361 362 379 389 394 413 421 431 435 443 459 464 466 481 511 514 518 520 523 525 532 544 546 547 560 565 580 582 589 601 608 612 618 620 628 633 635 643 649 650 654 661 671 691 700 704 708 715 726 733 738 744 748 753 754 764 767 774 778 782 784 787 788 794 797 805 813 814 816 836 847 852 856 861 880 886 888 893 910 917 928 935 947 951 953 956 959 962 975 983
11  19 20 182 523 632 852 910 946 951 959 975
2  783 901
1  459
1  743
74  0 1 2 3 4 6 7 9 12 14 15 16 17 31 33 40 46 47 49 64 67 73 75 98 110 117 123 127 138 165 170 190 229 261 274 279 295 361 413 432 486 506 520 523 525 532 618 628 633 643 650 700 719 735 787 794 797 813 836 842 852 856 861 862 874 896 928 937 946 947 953 956 959 975
2  295 964
47  0 1 2 9 18 45 64 73 76 87 89 98 110 112 164 165 169 218 242 303 317 327 377 379 413 486 532 546 601 633 643 691 813 814 830 836 852 856 886 928 932 937 946 951 956 962 975
1  51
2  317 420
81  0 1 2 3 7 12 13 14 15 16 19 24 31 33 45 47 49 59 64 67 73 76 79 96 133 178 192 222 243 253 258 261 276 282 286 290 300 346 360 386 432 435 464 466 477 481 523 525 534 565 568 608 620 626 633 643 671 680 700 704 708 733 748 764 778 788 794 797 813 833 852 856 883 888 896 910 946 951 953 959 975
8  17 33 199 261 337 608 650 654
1  928
69  0 1 2 3 4 5 6 8 11 12 14 15 20 41 63 73 77 82 93 128 192 232 282 298 319 364 370 386 392 413 449 464 479 481 486 493 507 525 560 593 608 626 628 632 671 691 700 702 708 733 754 764 787 788 794 797 813 842 852 861 862 888 893 946 947 951 956 974 975
1  897
1  558
43  0 1 2 3 6 7 8 9 19 38 49 50 75 85 91 93 171 189 197 231 238 282 285 311 379 435 486 503 523 633 667 674 676 744 787 816 852 856 861 910 946 953 975
1  829
1  952
2  133 671
1  740
1  39
1  604
3  505 578 621
2  841 895
1  264
5  83 483 598 696 804
1  283
10  5 34 92 628 650 727 754 787 959 975
68  1 4 9 14 17 20 51 52 54 63 64 76 82 122 192 194 218 220 239 242 253 258 346 359 370 386 410 413 416 464 511 523 565 568 579 608 620 632 654 671 678 704 726 764 797 813 832 838 842 852 856 860 861 896 899 903 905 909 940 946 947 951 953 956 959 962 974 986
1  227
12  0 16 149 195 239 269 336 360 523 525 633 691
1  860
2  285 623
1  438
4  193 199 231 311
1  722
26  0 1 2 3 8 15 17 24 57 82 160 188 192 344 361 376 420 482 525 612 633 774 782 794 813 946
1  683
2  208 237
1  975
2  55 648
1  323
6  124 140 150 786 802 818
1  155
1  505
1  831
1  903
1  805
1  433
2  586 852
2  626 671
1  812
2  218 347
