1000
108  1 2 3 4 5 7 8 15 19 21 23 37 38 42 50 54 55 56 57 58 61 81 86 87 95 101 114 139 142 162 186 201 220 230 232 233 250 251 262 266 287 302 303 315 320 323 329 337 342 349 355 361 365 383 403 405 411 414 416 419 424 446 447 452 469 474 477 492 493 508 518 534 558 576 579 596 621 628 638 671 678 682 686 704 716 717 720 769 775 800 802 816 817 825 827 836 847 857 860 900 906 915 916 934 953 957 981 984
7  0 13 374 472 502 596 721
9  0 6 25 55 57 99 424 616 678
10  0 37 109 122 361 579 671 915 933 938
11  0 8 11 87 114 266 704 717 775 825 906
11  0 80 184 201 323 341 446 513 810 953 984
2  2 104
59  0 9 14 22 30 31 32 36 38 42 54 56 58 101 120 130 135 180 182 232 245 246 250 251 262 266 283 284 289 303 315 323 329 342 355 383 405 411 469 493 495 518 558 576 579 634 636 658 686 704 716 769 827 836 847 865 906 934 986
9  0 4 87 97 572 576 704 868 906
45  7 10 12 20 45 47 53 90 130 135 180 183 195 213 261 266 283 289 303 304 323 329 342 355 378 383 414 463 471 558 634 636 667 686 743 769 813 825 836 850 857 865 873 906 934
43  9 12 28 46 53 90 113 135 180 183 195 213 266 276 283 289 303 304 323 329 342 364 378 383 414 460 484 558 634 636 682 686 734 743 769 825 835 836 857 865 873 906 934
5  4 16 87 704 906
63  9 10 17 18 26 28 45 46 47 53 64 77 83 135 150 159 180 183 195 199 213 255 261 266 276 283 289 303 304 323 329 342 348 355 378 383 414 460 484 504 613 630 634 647 682 686 704 722 734 743 769 793 798 816 825 835 836 847 865 873 906 934 942
11  1 29 82 374 472 502 525 596 615 721 912
23  7 38 52 56 58 144 172 232 245 246 251 315 342 411 495 568 579 673 674 769 825 838 847
38  0 19 50 73 75 86 98 101 105 134 142 209 220 251 332 349 365 391 403 411 414 484 576 671 674 680 682 686 716 717 720 769 817 825 827 836 847 857
7  11 39 92 253 263 510 704
35  12 26 45 46 47 77 135 159 170 183 199 213 259 266 304 329 342 348 355 383 593 634 653 682 686 690 734 743 769 825 835 841 857 873 934
25  12 27 59 63 71 91 108 119 138 199 208 213 283 304 366 504 639 647 674 769 798 816 847 864 873
29  0 15 23 24 68 78 86 105 209 215 220 233 251 262 292 315 365 405 410 411 413 414 469 508 636 817 836 847 953
25  9 45 46 77 130 135 183 283 289 323 324 329 342 355 383 469 686 756 769 825 836 857 873 897 934
34  0 23 34 41 61 81 136 139 186 212 220 232 250 262 315 317 320 323 325 411 430 469 477 508 534 621 667 769 800 825 847 906 911 981
30  7 32 33 35 42 54 56 58 61 74 118 120 125 245 250 251 262 315 355 452 558 576 579 674 704 716 769 836 847 934
28  0 19 21 40 61 105 123 200 220 233 251 262 287 309 315 320 411 477 508 523 621 667 704 769 825 847 906 971
26  19 68 78 86 105 149 209 220 251 277 365 405 410 411 413 452 476 493 607 613 636 769 817 836 953 998
11  2 99 132 256 466 586 590 678 708 763 783
41  12 17 45 46 49 65 69 79 135 159 165 178 180 213 258 259 261 283 303 304 310 323 342 348 378 383 408 414 444 520 536 634 647 674 769 825 835 857 873 934 952
12  18 59 71 108 119 138 208 283 368 504 674 769
27  10 12 53 90 180 183 213 266 283 289 303 323 342 378 383 414 458 460 484 647 686 734 743 873 906 934 942
8  13 222 229 374 472 539 596 721
19  7 32 54 56 58 101 118 142 232 245 284 355 518 658 674 716 769 827 857
17  7 32 54 135 240 266 283 322 329 336 342 576 607 825 826 878 906
20  7 22 30 31 54 56 58 70 96 117 157 232 251 355 405 508 658 769 795 884
22  22 42 56 74 118 120 125 236 245 250 252 284 342 355 492 558 607 704 716 769 857 934
6  21 111 250 325 430 677
4  22 58 518 934
13  7 58 101 232 251 284 318 434 469 518 758 825 872
7  0 3 122 251 741 752 836
14  0 7 14 52 56 88 156 232 453 495 579 589 635 959
3  16 92 263
6  23 239 443 486 519 729
20  21 43 85 139 250 262 287 308 317 334 686 769 800 836 847 897 934 941 981 992
21  0 7 22 33 44 58 224 250 303 342 355 412 414 419 452 492 541 558 666 704 836
24  41 67 85 139 186 250 262 272 273 287 381 413 450 576 667 686 769 800 836 847 897 934 941 953
16  42 60 94 224 227 303 412 419 452 492 541 558 666 704 742 836
33  9 12 17 20 26 46 48 77 79 135 159 180 183 199 266 283 303 323 355 378 383 408 414 634 653 717 722 734 769 825 835 857 873
39  10 12 17 20 26 45 48 53 90 135 159 180 199 213 255 261 266 283 303 323 342 348 378 383 414 561 607 634 647 686 722 734 793 825 835 847 857 873 953
14  9 12 17 89 135 276 304 329 504 634 653 743 769 825
29  45 46 62 77 135 166 180 183 199 266 269 271 283 303 304 323 342 348 355 378 411 483 674 717 734 769 793 825 857
18  26 79 137 159 165 228 283 342 348 378 408 411 414 607 634 722 825 873
30  0 15 51 66 101 110 112 140 142 145 193 251 300 338 349 638 671 680 682 686 716 717 737 780 816 827 835 836 871 916
2  50 193
8  14 38 56 231 245 495 589 704
32  9 10 12 28 46 90 113 148 180 183 195 199 213 266 283 303 323 342 378 383 386 414 469 553 674 686 735 769 847 857 873 906
23  0 7 22 30 31 32 56 58 118 142 236 245 266 284 518 576 658 704 769 825 870 873 907
8  0 2 101 142 275 365 414 716
42  0 7 14 22 30 32 33 38 52 54 58 61 81 84 118 142 174 232 245 246 250 251 262 273 303 323 342 430 449 484 492 493 518 579 589 635 667 769 836 934 981 998
3  0 2 424
36  0 7 14 22 30 32 35 36 42 54 56 61 70 81 95 157 232 236 245 246 315 418 452 508 518 658 667 674 704 716 769 825 836 866 981 998
13  18 27 71 102 108 119 151 171 368 674 769 934 952
11  44 94 115 224 373 412 452 558 666 686 704
36  0 21 22 23 56 58 70 81 86 96 117 125 157 212 232 250 251 262 309 315 430 449 492 576 704 769 800 825 836 839 847 857 900 953 957 981
22  48 135 141 173 183 199 269 289 303 304 323 348 411 437 483 526 608 653 728 734 814 825
12  18 71 91 119 199 301 366 674 769 798 847 873
15  12 83 150 194 255 261 266 283 378 522 634 717 825 934 999
12  26 165 310 323 383 408 536 674 825 850 873 952
6  50 76 140 142 189 836
5  43 139 250 450 934
16  19 24 78 86 105 106 209 215 220 251 277 287 405 411 817 953
11  26 237 243 261 283 323 414 444 634 769 825
20  32 58 61 95 96 107 117 157 185 212 232 315 452 686 704 769 800 825 839 981
28  18 27 59 63 72 91 102 119 129 151 160 163 199 301 366 368 383 504 614 634 639 647 674 719 769 835 934 952
13  71 91 131 160 366 614 639 674 714 769 835 847 873
22  15 86 95 96 117 134 142 232 250 251 262 391 405 411 484 686 720 769 825 835 906 953
17  22 33 126 155 241 245 315 328 355 546 576 627 686 769 857 898 934
6  15 93 101 717 835 857
3  66 140 142
20  12 17 20 45 48 135 161 173 183 199 211 266 323 342 355 593 690 769 825 906
29  19 24 68 86 105 116 146 149 152 209 215 220 251 277 335 365 405 411 476 524 566 576 581 687 765 769 817 825 998
24  26 45 49 135 159 165 199 228 259 266 304 323 342 378 383 408 414 613 634 647 769 825 850 873
6  5 201 247 446 513 953
29  0 21 56 58 61 86 95 117 142 214 232 250 315 430 452 482 484 508 621 628 686 705 802 836 839 876 934 953 990
7  13 311 374 472 596 721 930
12  12 64 150 202 255 261 266 613 634 647 717 906
6  56 232 246 262 769 836
21  41 43 139 186 250 262 272 287 317 342 413 450 576 667 686 790 836 847 897 934 987
46  0 15 19 24 61 68 73 78 81 95 96 100 105 107 117 125 127 133 142 149 157 200 209 215 220 232 250 251 262 268 279 288 405 410 411 452 493 555 576 595 621 769 825 836 896 906
10  0 4 8 11 355 571 588 704 782 906
2  38 982
7  47 276 304 634 653 743 769
29  9 10 28 46 53 135 180 183 195 213 266 283 323 378 383 414 520 558 609 634 674 686 717 720 743 825 873 910 934
18  18 63 71 72 119 160 187 199 274 366 501 639 674 731 769 798 816 847
4  16 39 263 966
2  75 532
7  44 60 224 234 303 541 558
31  0 58 70 73 81 86 96 107 117 121 157 207 214 220 250 262 273 450 452 484 508 686 688 695 706 769 857 876 886 906 934
31  32 61 70 73 86 95 100 107 117 125 133 147 149 190 209 220 232 236 251 273 284 391 405 523 576 595 686 688 767 769 886
8  8 249 313 358 388 572 591 868
15  15 101 142 251 268 365 375 402 411 493 518 682 716 817 974
6  2 25 177 479 601 678
21  86 96 103 107 125 133 188 206 209 220 251 257 469 576 595 686 688 743 767 769 963
25  0 7 15 30 36 50 55 75 98 142 153 232 251 268 294 299 302 493 518 680 716 717 748 827 835
7  59 71 163 171 918 934 952
4  100 133 284 743
1  6
31  15 19 23 24 68 78 86 107 142 149 167 176 200 209 215 220 225 232 251 262 279 287 356 411 621 769 817 825 836 914 976
5  68 164 209 220 891
17  70 86 95 96 100 105 125 133 215 220 254 405 769 825 836 857 886
9  18 27 59 119 171 368 674 816 952
9  3 122 248 384 552 579 645 741 938
6  50 140 142 717 816 921
4  34 175 250 430
10  50 300 349 403 414 638 717 737 827 916
14  10 53 183 195 213 266 323 342 500 674 820 825 873 989
6  0 4 191 405 416 704
5  60 124 611 666 704
7  78 149 411 524 566 575 769
17  32 61 70 73 81 86 95 96 127 133 157 232 769 800 836 941 981
29  22 30 33 54 56 120 142 232 236 242 245 246 251 252 284 294 355 430 454 477 630 658 704 743 769 870 934 942 976
19  18 27 59 63 71 91 108 129 160 366 368 538 674 731 769 816 835 873 952
10  7 22 33 118 142 262 355 452 491 786
6  95 250 450 769 836 876
10  3 37 109 128 363 384 552 741 752 913
7  23 233 251 309 576 906 971
3  115 611 666
21  22 33 61 86 96 100 107 127 133 232 236 251 278 284 477 555 642 784 800 934 980
5  74 328 355 551 576
8  86 117 125 133 157 232 555 800
5  122 552 618 752 855
7  71 119 163 366 731 769 934
12  7 9 20 283 303 323 378 414 463 647 769 836
2  72 160
5  25 221 678 762 763
22  86 96 100 103 107 117 125 127 147 157 215 232 251 284 287 574 642 800 817 886 934 998
6  15 73 158 217 281 394
46  7 9 10 12 17 20 26 31 45 46 47 48 62 77 79 90 173 180 183 199 213 259 266 276 283 289 303 304 323 329 342 348 355 414 546 598 607 630 634 734 756 769 825 857 873 953
8  21 212 499 667 769 800 869 981
9  49 165 228 342 348 408 634 850 901
6  18 27 283 367 674 798
27  0 21 41 43 67 85 186 250 251 262 287 295 413 447 450 534 559 628 667 686 704 769 817 847 897 906 934
9  50 66 76 110 142 168 582 745 816
9  62 143 154 173 282 389 401 526 700
39  0 15 30 50 54 55 56 66 73 76 81 86 98 101 105 110 118 120 140 232 238 251 268 294 375 411 493 576 658 667 680 686 704 743 769 780 816 835 934
5  141 154 173 401 700
9  14 196 245 246 376 411 427 674 769
11  50 285 333 415 638 671 680 710 780 827 934
7  78 149 215 411 769 825 998
13  96 133 149 157 251 284 290 574 738 769 817 886 998
6  53 283 386 873 906 967
18  24 78 86 96 105 116 146 147 284 404 411 477 575 754 769 825 834 835
6  12 64 83 194 270 634
7  59 71 301 436 639 674 952
6  78 220 411 576 687 769
10  101 232 251 268 288 294 493 518 546 942
5  141 143 173 282 526
2  74 857
3  38 495 635
19  32 58 61 70 86 95 117 127 133 147 232 250 251 284 704 769 800 825 981
6  134 217 281 390 394 417
21  12 17 26 45 46 49 79 165 178 180 183 199 228 323 342 348 378 383 408 485 825
10  71 72 91 119 131 179 366 749 769 835
7  77 173 211 323 690 769 906
3  0 232 474
16  71 102 129 198 216 301 371 660 731 769 906 918 934 952 955 998
3  106 480 785
23  26 49 65 79 137 159 178 180 228 266 298 310 342 378 383 408 536 625 674 717 825 835 850
13  48 169 181 183 271 289 304 344 686 743 769 873 939
9  105 209 220 484 621 686 817 847 965
3  140 582 670
7  166 197 271 346 494 612 663
1  17
7  59 102 108 192 305 368 952
8  14 245 246 264 469 568 769 838
11  62 77 135 141 143 154 161 282 323 348 690
5  56 218 232 589 757
5  111 250 286 430 781
3  105 220 817
7  99 406 479 601 604 678 679
12  26 159 165 180 228 310 342 408 441 570 634 873
3  160 701 769
35  7 9 10 12 26 28 45 46 48 53 90 135 159 165 178 183 195 199 213 266 283 289 323 342 348 408 607 634 636 717 816 825 835 857 873
11  166 204 271 340 344 357 395 743 769 873 939
9  7 244 425 493 625 716 778 908 926
40  9 10 12 17 20 28 45 48 53 62 77 90 113 135 159 166 180 195 199 213 266 283 289 303 323 342 348 383 411 471 607 634 647 686 734 743 769 813 825 873
7  5 362 513 535 565 810 829
2  70 210
23  0 21 43 85 139 250 262 287 315 317 372 413 576 686 790 802 836 847 888 897 934 953 987
9  91 274 366 501 674 769 835 847 934
5  100 280 688 769 963
5  66 312 515 836 951
3  96 343 391
4  114 416 877 909
9  171 203 305 368 380 639 664 674 952
4  50 51 871 944
8  64 150 205 345 432 634 769 793
28  9 10 12 53 90 113 180 183 199 213 235 266 283 303 323 329 342 383 490 520 634 647 667 682 686 769 825 899
2  144 246
4  169 612 663 903
6  163 216 350 442 906 952
42  12 17 18 45 46 48 53 62 63 71 77 79 91 135 159 180 183 195 213 266 283 303 323 342 348 355 366 370 378 383 557 634 636 653 674 722 728 769 825 847 873 934
10  23 86 105 250 262 355 457 621 686 934
12  0 5 80 219 446 516 560 692 746 860 953 973
3  83 634 794
6  192 368 639 664 674 890
4  181 271 743 939
3  194 339 634
3  100 251 469
7  95 223 273 405 413 523 695
3  18 27 283
26  15 19 24 68 78 86 96 100 105 106 167 215 220 251 335 405 411 414 544 636 648 687 817 847 862 934
4  185 297 438 928
3  77 161 690
12  21 61 70 136 232 430 477 769 800 825 863 981
44  9 10 12 17 18 26 28 46 53 90 113 135 180 183 195 199 255 258 261 266 283 303 304 323 342 348 383 414 490 520 634 647 667 674 682 686 717 734 743 769 825 835 873 942
13  81 95 250 430 452 469 484 576 628 686 769 827 934
24  19 68 78 86 105 107 133 146 209 220 251 262 277 287 411 732 769 817 825 847 857 862 886 934
5  163 198 307 350 919
5  134 158 281 394 417
4  174 260 589 757
13  201 226 393 554 560 692 699 746 747 791 940 953 973
37  0 15 19 21 23 24 68 78 86 95 96 100 105 106 107 152 167 176 209 215 250 251 273 405 411 484 523 544 621 636 704 769 817 847 857 860 874
5  132 321 521 678 703
5  29 374 472 502 596
1  207
11  42 44 60 94 234 355 558 666 704 734 934
4  105 279 769 914
9  219 291 293 296 468 692 711 833 953
3  44 326 512
17  49 79 137 159 165 178 266 298 342 408 414 594 613 625 647 850 906
6  29 374 456 596 721 924
5  0 337 352 447 957
3  52 306 495
58  0 7 14 21 30 32 36 38 56 58 61 70 73 81 84 86 96 101 105 117 118 125 127 133 142 153 157 162 174 212 245 246 250 251 262 284 287 294 315 353 355 375 411 430 469 477 493 546 576 625 667 757 769 800 825 836 976 981
8  0 19 23 123 251 309 414 998
7  94 224 303 558 686 704 934
8  195 266 323 387 634 682 686 825
14  33 54 58 96 118 125 246 284 342 414 704 934 980 998
6  69 243 261 634 793 825
7  142 294 411 465 493 667 743
5  40 354 420 443 486
4  31 267 649 826
3  74 328 355
5  118 284 477 769 870
9  69 237 261 409 488 634 718 793 825
7  182 473 493 562 625 825 956
30  7 14 22 30 33 52 54 56 58 74 118 144 172 232 246 251 287 353 355 411 469 546 576 674 704 707 716 769 836 934
25  7 14 56 58 84 118 144 172 196 232 236 245 284 287 342 411 414 493 568 625 658 704 769 836 998
4  80 513 943 953
5  109 316 377 552 779
3  97 388 572
59  0 7 21 22 33 34 41 42 43 56 61 67 73 81 85 86 95 111 121 139 157 175 186 200 214 220 232 251 262 272 273 284 286 287 315 317 355 360 411 412 413 430 447 450 452 469 484 666 667 677 686 704 734 769 802 836 847 934 992
66  0 7 14 15 19 22 23 24 32 36 37 50 56 61 68 73 78 86 96 98 100 101 105 118 123 125 133 139 142 147 153 157 206 209 215 220 232 233 245 250 262 284 287 294 355 411 414 469 493 574 576 589 667 686 716 734 741 743 769 817 836 847 934 942 953 998
4  33 118 355 704
2  16 661
2  107 459
20  12 46 64 83 213 261 266 342 378 463 607 634 674 769 793 806 825 835 906 934
7  25 265 351 382 439 586 789
4  100 464 595 767
5  26 213 261 383 769
17  17 26 79 135 266 276 304 342 414 433 613 625 634 717 769 906 998
5  218 331 359 589 832
31  9 12 26 46 64 69 83 213 237 243 255 258 266 283 303 323 342 355 378 409 414 463 631 634 667 717 718 769 793 825 999
47  0 7 19 21 22 23 41 43 56 61 73 84 85 86 95 105 120 139 186 200 215 232 250 251 273 277 284 287 315 323 353 355 411 413 414 450 477 523 576 635 686 769 817 836 847 934 953
5  16 39 92 385 399
4  172 469 769 889
7  256 351 382 431 586 617 969
60  0 4 7 9 10 12 17 28 31 45 46 48 53 54 64 77 79 83 90 113 135 165 180 183 195 199 213 228 235 255 259 261 283 303 304 323 342 348 355 370 414 463 520 625 634 636 658 667 674 682 717 743 769 825 850 857 873 906 934 953
4  240 529 649 760
12  86 98 101 142 153 288 375 411 493 546 716 964
8  48 62 303 342 411 483 793 825
3  150 319 634
7  48 166 169 181 204 743 939
12  43 85 250 273 284 287 317 392 413 686 836 934
22  43 56 95 96 207 220 250 262 272 284 355 379 405 411 413 470 523 704 706 769 836 857
7  91 187 461 624 654 674 769
4  55 414 509 797
11  10 12 47 89 135 259 304 625 634 734 769
12  24 68 78 215 262 284 287 323 411 413 530 769
3  125 407 784
5  86 105 225 411 724
2  188 769
5  134 158 217 394 496
3  141 154 173
48  7 9 10 12 18 20 26 27 28 31 45 46 48 49 53 64 69 90 130 135 138 148 180 183 195 199 208 213 261 266 289 303 304 323 329 342 355 367 383 414 634 658 686 728 743 769 836 942
45  7 30 33 36 54 96 103 118 125 133 147 149 157 232 236 242 246 250 251 262 272 273 277 287 289 404 405 411 414 452 463 477 511 530 630 658 667 704 734 743 769 817 825 836 934
4  145 333 600 827
2  175 250
43  0 23 41 43 68 85 105 133 139 186 215 232 245 246 250 251 262 272 277 284 289 315 323 342 353 355 392 411 413 414 445 469 477 642 667 686 704 769 817 836 847 862 934
6  86 153 268 426 546 896
34  7 9 10 12 20 28 62 135 166 180 183 283 284 287 303 315 323 342 348 414 463 598 607 608 630 634 686 704 717 769 817 825 906 934
4  147 665 883 886
4  226 429 587 692
3  19 597 836
3  226 468 711
23  101 118 142 153 232 238 251 302 353 355 375 411 454 493 518 546 716 734 769 828 836 934 942
5  139 487 534 761 906
2  226 468
2  210 537
7  165 228 342 398 408 625 850
1  101
10  50 112 314 330 349 403 638 717 827 916
10  63 71 151 163 366 769 873 918 939 952
6  0 101 294 411 493 518
47  0 7 9 10 12 26 28 42 44 45 46 48 53 56 62 94 130 135 183 195 199 213 234 261 266 269 283 289 323 342 348 355 383 414 419 558 634 647 674 704 734 769 793 825 857 939 999
30  9 10 12 17 18 26 47 48 62 79 89 135 166 213 259 266 276 283 323 329 342 355 463 625 634 653 658 743 769 857
7  171 192 368 639 651 726 952
2  231 659
1  216
2  41 992
12  23 61 123 233 414 492 506 576 686 845 906 998
8  26 65 165 178 408 444 625 873
2  82 596
4  189 515 640 951
2  97 397
4  300 327 717 750
37  0 7 14 19 21 22 23 58 61 70 74 81 186 232 250 262 287 289 323 342 355 411 445 463 484 576 596 634 686 705 769 800 802 836 847 934 953
4  248 377 779 805
13  21 41 85 186 250 272 413 450 469 508 686 734 769
1  36
1  270
8  0 21 23 411 477 667 769 847
3  221 521 978
4  31 342 467 607
68  0 5 7 9 10 12 20 21 26 28 45 46 48 53 56 62 65 69 77 79 90 113 130 135 159 161 173 180 183 195 199 213 235 261 262 266 277 283 287 289 303 304 315 329 342 348 353 355 378 383 411 414 469 484 513 546 634 636 674 690 728 743 769 825 827 836 934 953
1  20
3  21 34 430
3  227 512 948
3  314 744 750
5  74 126 241 355 934
23  0 7 9 10 12 17 20 31 47 135 195 283 304 323 342 348 355 579 636 743 769 841 922
5  300 548 717 816 910
1  260
1  15
4  145 285 347 827
2  41 605
7  78 209 411 414 817 847 934
5  31 342 822 826 878
5  0 230 900 954 957
7  50 638 671 827 835 882 953
3  205 634 722
2  181 395
3  5 422 958
79  0 7 9 10 12 14 17 20 26 28 31 33 42 46 48 49 53 56 77 79 85 113 135 137 159 165 178 180 183 195 199 213 228 236 246 255 259 261 266 269 283 287 289 298 303 304 315 322 323 329 336 348 355 378 383 408 411 414 445 450 452 463 469 483 607 613 625 634 636 674 686 704 769 825 857 873 906 934 953
1  190
5  166 181 481 743 873
2  194 937
2  169 612
3  333 369 755
38  12 17 26 46 48 49 62 135 137 159 173 180 183 199 213 266 289 303 323 329 342 355 378 383 408 414 607 634 636 637 674 769 825 847 857 873 906 934
13  0 15 50 112 300 403 414 638 682 717 827 916 991
3  198 216 442
5  256 265 382 439 586
6  230 447 676 677 686 839
15  232 245 262 287 294 323 355 383 411 414 546 576 636 769 836
3  239 420 902
64  0 7 9 12 17 20 22 30 32 33 42 45 48 74 77 87 118 120 126 135 199 200 224 232 241 245 250 251 252 261 262 266 273 283 287 294 303 304 315 323 328 329 342 348 353 411 414 419 463 469 483 546 576 607 634 636 658 686 704 743 769 850 857 934
5  105 411 713 819 936
2  181 873
4  97 796 868 906
2  260 875
6  250 450 531 769 802 836
8  0 3 435 440 448 545 579 915
2  184 513
3  122 552 855
3  10 462 823
16  0 15 19 24 55 78 98 375 410 411 414 493 607 716 817 974
20  18 63 71 72 91 119 129 160 187 199 301 614 639 646 710 716 731 769 873 939
3  138 283 400
19  27 59 71 108 119 171 192 203 305 380 634 639 664 674 683 719 769 890 952
2  347 755
2  199 266
6  163 652 660 769 955 998
5  186 413 686 905 953
4  60 452 556 689
10  1 13 29 82 222 229 472 502 596 721
10  98 142 232 268 294 365 411 493 546 686
2  144 427
3  248 316 805
40  9 10 12 26 28 45 46 48 49 53 64 79 90 130 159 165 199 255 261 323 342 348 383 408 411 414 463 520 625 634 636 743 769 825 827 835 836 857 873 934
4  273 470 523 931
4  192 368 639 769
2  43 428
7  256 265 351 439 451 586 789
47  0 7 9 10 12 17 20 26 28 45 46 53 65 71 79 90 159 165 183 195 199 213 258 283 303 323 342 348 353 378 408 411 414 469 561 576 634 647 674 686 704 717 743 769 857 939 942
8  109 122 396 549 552 583 855 938
2  263 831
4  53 148 873 906
3  235 634 686
4  97 249 572 906
1  141
1  158
4  15 73 96 190
9  272 287 445 450 633 686 769 857 934
3  219 747 973
5  134 158 217 281 417
3  181 340 947
5  384 552 645 855 938
1  313
2  298 997
2  263 644
1  367
5  141 143 423 489 700
2  98 972
6  0 15 112 300 349 717
8  149 284 477 507 734 769 934 952
21  0 7 19 24 32 68 73 78 86 96 107 114 207 209 220 273 284 411 416 523 695
3  177 528 979
4  278 421 684 784
28  26 45 49 65 79 137 159 165 178 180 228 298 310 342 348 378 383 411 414 444 576 607 613 625 634 674 769 825
3  243 261 634
6  19 24 86 365 411 817
85  0 7 14 15 19 21 23 24 48 49 62 68 73 78 86 98 105 116 142 144 146 149 152 183 209 215 220 232 238 245 246 250 251 262 268 269 273 277 279 284 287 294 302 315 320 323 335 342 353 355 356 365 375 378 383 405 408 410 413 414 419 477 493 575 576 577 634 636 647 667 674 713 743 769 793 817 819 825 835 836 857 934 936 953 976
8  42 44 60 250 452 666 704 764
22  19 24 43 85 139 186 207 250 262 272 273 277 287 317 372 411 450 469 530 686 769 817
79  0 9 10 12 15 19 26 28 42 45 46 49 53 55 69 79 90 112 130 135 209 213 228 233 236 246 251 259 261 262 266 275 283 284 287 289 303 309 323 335 342 348 349 353 355 365 378 383 408 411 452 492 506 544 576 607 625 634 636 647 674 682 686 704 717 735 769 793 825 836 845 847 873 906 916 934 953 998 999
3  145 638 827
4  0 114 191 405
3  158 217 394
2  58 702
8  0 42 44 303 355 411 704 742
4  239 354 584 812
1  407
1  341
3  401 489 547
4  0 2 57 616
3  182 505 926
2  288 896
2  144 376
2  381 879
2  291 587
16  21 34 56 61 81 111 118 175 212 214 232 250 325 450 469 667
2  265 626
2  194 592
5  259 455 613 634 769
3  36 758 872
3  361 448 545
2  151 693
3  62 608 825
2  210 928
4  256 351 382 586
2  361 448
2  178 873
2  198 350
2  40 239
5  26 69 310 408 769
11  287 315 342 392 450 463 498 613 686 769 934
9  0 5 80 201 560 746 837 940 953
9  0 139 230 250 352 602 677 686 839
5  361 435 440 545 675
3  56 61 800
30  43 67 85 95 121 139 250 262 317 342 360 392 413 430 445 463 469 531 559 667 674 686 704 734 769 802 836 906 934 953
2  382 586
33  0 22 24 42 44 58 60 70 81 86 95 120 214 250 284 342 373 412 414 469 492 508 544 558 578 607 630 667 674 686 704 769 816
1  38
5  118 294 517 725 828
6  433 497 603 634 696 950
4  229 596 615 721
4  200 621 686 769
3  28 686 993
1  254
4  10 12 28 484
2  274 674
2  364 739
31  9 130 255 261 266 284 289 304 315 342 355 378 445 450 469 475 483 540 567 622 631 634 667 674 717 734 769 827 851 917 934
4  257 478 767 842
1  238
2  25 678
2  322 607
4  226 293 296 641
42  0 7 19 20 21 36 53 100 172 206 214 232 245 250 251 264 287 317 323 342 355 383 413 430 450 452 463 518 540 559 576 628 667 674 686 704 733 769 836 847 889 906
3  273 379 523
3  9 183 606
9  1 13 29 82 222 374 502 596 721
5  244 493 625 777 956
3  0 162 527
5  463 540 734 917 934
6  24 78 564 613 788 835
20  0 21 23 118 125 149 212 232 242 262 284 287 320 404 411 734 769 800 817 934
1  464
11  99 177 503 514 601 629 679 773 807 881 923
3  164 785 854
1  344
1  81
10  48 62 269 342 355 463 540 542 634 717
24  10 12 15 28 56 73 81 95 167 214 220 250 315 323 460 523 576 621 686 716 769 836 847 934
1  159
4  40 239 543 772
3  295 534 761
3  243 718 825
2  401 423
5  195 213 520 647 769
1  120
17  0 33 42 44 56 61 309 414 452 506 578 704 769 836 857 906 934
29  0 7 24 56 86 98 101 142 153 182 232 238 244 246 251 268 294 302 365 375 411 473 518 625 667 716 777 817 934
2  169 612
6  7 14 38 52 156 231
1  281
2  455 533
3  445 769 934
2  136 650
2  113 873
4  91 187 731 769
8  1 13 222 374 472 596 721 912
4  479 514 601 679
5  12 18 27 47 71
2  425 926
3  309 414 492
4  404 734 934 952
12  0 19 21 23 32 58 81 95 317 452 674 861
1  275
1  16
1  284
2  227 326
9  5 80 184 247 323 362 636 769 953
3  479 503 807
2  189 312
4  201 619 623 860
2  454 725
25  0 7 30 35 36 54 56 58 98 101 153 294 302 469 493 540 716 734 769 775 777 817 828 934 942
1  40
14  26 90 195 213 266 378 490 634 647 717 769 825 867 934
3  221 321 580
3  64 634 999
16  23 96 207 220 262 273 379 405 470 484 576 621 686 716 769 817
4  78 116 566 575
3  13 615 721
3  62 141 154
1  474
2  406 979
2  267 649
3  277 284 413
2  360 450
1  93
1  497
8  0 21 139 295 487 704 906 934
3  184 550 829
8  26 65 165 634 674 825 847 865
1  297
3  119 563 731
4  29 596 721 776
9  463 469 475 483 518 734 777 906 934
5  42 44 94 569 666
2  483 634
2  486 772
9  209 220 414 452 558 636 648 686 825
5  361 435 448 599 675
15  74 135 153 232 245 268 288 294 323 353 355 375 576 845 896
1  423
1  330
4  384 552 583 855
2  535 829
1  126
11  109 122 128 248 363 384 396 549 645 855 938
3  53 735 825
2  219 699
6  86 125 127 620 787 800
2  373 709
3  199 634 662
21  0 7 9 10 22 33 42 44 60 90 94 224 234 303 452 544 621 686 704 853 934
8  139 450 469 576 628 686 704 906
7  201 219 446 699 746 837 940
3  46 383 634
5  244 691 694 927 956
3  538 573 731
3  476 668 669
2  184 585
5  78 116 524 575 817
2  463 622
5  14 172 246 769 808
1  541
2  178 970
3  87 588 994
7  8 97 249 388 727 868 906
1  563
6  133 147 251 847 977 998
7  116 149 411 524 566 799 817
53  0 7 8 15 22 31 43 54 61 74 78 85 86 96 100 123 126 142 152 186 214 232 245 251 262 309 315 353 355 383 408 411 414 469 484 523 546 559 621 634 674 680 686 687 716 769 828 836 845 847 906 934 953
3  411 667 976
5  452 492 610 656 769
13  0 3 7 14 22 38 56 109 329 361 635 804 934
1  521
2  78 801
3  140 168 670
4  384 549 855 932
2  420 812
2  565 657
7  25 256 265 351 382 439 451
2  291 429
2  87 571
9  38 52 56 174 218 251 260 704 757
2  25 708
1  97
1  432
3  17 77 769
2  228 906
6  86 96 100 257 632 767
18  0 1 13 29 82 222 229 311 315 374 456 472 502 539 615 721 912 934
2  292 836
4  135 289 769 857
2  545 675
1  285
7  99 177 479 503 604 643 679
2  447 686
1  455
2  177 601
1  334
1  471
26  24 31 33 46 49 135 180 183 255 289 322 342 348 355 365 408 414 452 467 613 634 769 825 835 934 953
7  62 289 437 769 814 825 835
3  90 717 910
2  578 656
3  115 124 666
5  169 197 346 494 663
17  12 24 79 83 228 259 342 408 433 445 476 607 634 769 835 906 934
8  71 72 366 639 674 710 714 769
5  13 456 525 596 721
3  2 424 792
4  265 655 712 843
2  128 752
1  516
2  555 787
26  0 21 23 81 86 105 167 200 220 457 484 523 558 576 680 686 716 769 780 817 825 835 847 857 906 934
3  463 567 634
1  516
3  274 654 674
28  165 182 228 232 244 246 259 266 276 298 304 310 342 378 408 414 473 493 634 674 704 716 769 825 850 873 906 953
1  431
1  74
9  0 81 139 214 469 559 686 906 934
3  479 679 773
9  12 118 135 284 289 452 667 769 895
6  261 463 634 667 717 981
5  595 672 681 767 803
5  392 686 769 857 934
94  7 9 10 12 17 26 45 46 47 49 64 69 71 79 83 89 90 135 137 150 178 180 183 194 195 199 202 205 213 235 237 243 255 259 261 266 270 276 283 289 303 304 315 323 339 342 348 355 368 378 383 387 408 409 411 414 433 455 463 483 520 522 536 542 557 561 576 607 613 622 625 631 639 647 674 680 682 686 716 717 719 722 769 793 817 825 828 835 845 906 934 939 942 952
5  38 56 156 262 579
29  7 9 10 19 24 180 199 209 220 266 323 329 342 348 353 355 378 411 414 513 544 648 674 686 687 769 836 857 953
1  348
15  0 50 112 145 300 338 349 415 717 766 827 882 892 900 916
21  18 71 72 91 151 192 203 305 366 368 380 614 634 674 710 716 717 719 769 825 952
1  312
1  468
4  125 133 287 934
1  601
2  399 715
5  109 396 552 855 938
5  366 710 716 768 769
31  12 18 26 28 46 71 79 83 130 183 195 213 228 303 383 411 414 490 520 634 667 674 717 734 743 769 825 835 906 934 976
6  209 544 636 686 769 845
3  240 267 529
1  499
3  305 726 811
3  371 955 998
8  17 45 47 62 89 199 304 769
3  274 624 674
3  617 712 843
2  578 610
1  585
17  7 30 32 54 58 118 142 246 266 283 284 304 355 667 686 743 769
1  306
5  163 371 952 955 998
2  253 685
1  557
5  169 197 612 759 774
6  192 203 368 674 890 906
3  290 883 886
13  42 44 60 115 124 224 250 412 541 611 686 704 836
49  9 21 23 43 56 58 85 136 139 142 195 213 232 238 250 251 261 266 284 287 320 411 430 450 452 463 469 493 577 630 631 647 658 674 686 704 717 769 780 825 847 857 888 906 917 934 976 981 987
2  564 669
2  564 668
3  168 582 818
12  0 3 15 50 145 338 680 682 827 848 934 953
3  632 681 767
1  14
79  14 15 18 22 26 27 30 48 53 58 59 63 65 71 72 90 91 108 113 119 138 144 151 165 187 192 199 203 213 245 255 266 274 303 323 342 348 368 383 408 411 414 450 452 461 463 469 508 536 576 614 624 625 634 636 639 647 654 664 667 680 686 710 716 717 719 769 780 793 816 825 835 836 845 847 861 873 906 952
4  448 545 599 697
2  352 839
4  34 250 352 447
10  0 2 25 99 132 177 221 466 698 825
5  177 479 503 601 629
21  15 50 101 142 145 576 621 634 671 674 682 686 710 716 717 780 827 836 934 952 953
3  632 672 767
24  0 10 12 15 17 50 98 195 213 235 266 349 414 634 671 680 716 717 769 780 825 827 835 857
5  368 719 769 844 952
3  407 784 893
1  661
104  0 7 9 10 12 15 17 20 28 41 43 46 50 53 60 70 73 74 81 85 90 95 96 100 139 142 166 167 183 186 195 200 213 214 234 235 250 251 262 272 283 287 289 309 315 317 342 352 355 372 375 383 387 392 413 414 445 447 450 452 457 458 469 484 523 544 558 559 576 602 621 628 633 634 636 648 658 666 667 674 680 704 716 717 720 736 743 769 780 800 802 825 835 836 839 845 847 853 857 906 934 939 953 993
7  78 152 209 576 636 769 824
4  95 96 100 188
1  373
6  17 77 161 173 211 323
3  562 694 956
6  201 219 226 291 940 953
1  436
2  562 691
3  95 207 405
1  455
1  675
2  678 960
4  219 554 560 746
3  141 143 401
1  179
3  418 723 961
1  221
68  0 4 7 8 11 12 16 22 23 33 42 44 52 54 58 60 61 70 87 114 115 118 139 142 157 220 224 234 236 245 246 250 252 273 284 287 289 303 342 355 383 412 414 419 450 452 469 492 534 558 559 589 625 666 667 686 716 720 734 769 817 825 835 868 906 934 953 998
4  81 315 836 934
2  95 273
1  245
2  25 590
2  556 740
14  145 366 614 639 646 674 680 716 717 769 816 827 835 836
4  226 293 770 771
3  617 655 843
4  356 411 793 942
2  72 614
1  644
44  0 7 15 22 30 33 50 55 58 98 101 182 245 251 268 294 365 366 484 493 518 523 576 621 625 634 639 646 674 680 682 686 704 710 717 720 769 780 817 825 847 857 900 953
54  0 4 15 45 48 50 64 75 83 90 101 110 112 165 180 213 259 261 266 289 300 314 330 349 383 403 414 463 483 520 609 631 634 638 639 647 667 674 680 682 686 710 716 720 769 816 825 827 835 836 857 882 910 953
4  243 261 488 825
9  71 368 634 639 674 683 769 844 952
15  0 15 73 90 686 704 716 717 769 816 825 835 836 857 953
14  1 13 29 82 229 374 456 472 502 525 539 596 615 912
7  12 45 46 49 199 339 634
2  702 961
2  279 880
2  454 517
3  305 651 821
2  572 906
6  62 199 283 323 769 827
5  40 730 753 815 846
3  729 753 815
10  91 119 129 163 366 501 538 563 769 952
5  215 825 849 934 945
3  469 751 769
38  10 12 17 28 45 46 48 62 135 183 213 224 250 251 276 284 294 303 317 404 450 463 475 477 507 518 540 647 704 769 825 835 873 906 934 952 953 998
5  53 414 553 825 858
4  686 780 835 836
2  50 112
1  147
1  462
1  709
4  37 109 122 251
2  44 419
39  9 10 12 17 28 47 89 90 100 103 118 142 166 181 183 204 213 238 251 266 271 283 284 304 323 329 344 355 378 383 411 647 658 686 769 825 873 939 953
2  327 750
3  140 852 988
9  201 219 446 560 699 791 837 887 940
2  219 393
1  101
2  160 769
3  314 327 744
1  733
5  37 122 128 618 840
3  729 730 815
2  149 769
2  347 369
2  20 135
4  174 218 232 589
2  36 434
2  663 859
1  267
2  295 487
1  132
2  25 132
1  412
1  78
4  638 830 882 953
9  96 100 257 464 595 632 672 681 842
2  646 809
213  0 7 9 10 12 14 15 17 18 20 21 22 23 24 26 27 30 32 33 41 43 45 47 48 53 54 56 58 59 61 63 69 70 71 72 73 74 77 78 79 84 86 89 91 95 96 100 105 107 116 117 118 119 121 129 130 135 136 139 142 144 146 147 149 152 157 160 161 163 166 172 179 181 183 187 188 194 195 199 212 213 214 215 220 225 232 242 245 246 250 251 255 258 259 261 262 264 266 273 274 276 277 280 283 284 287 289 294 301 303 304 315 317 320 323 329 342 348 353 355 360 366 368 371 378 380 383 392 404 408 411 413 414 433 444 445 450 452 457 463 469 477 484 490 492 498 501 513 518 520 523 568 576 578 593 598 607 608 613 614 621 625 630 633 634 636 639 646 647 648 653 658 667 674 682 683 686 687 704 710 716 717 719 720 728 731 733 734 743 749 754 780 800 816 817 824 825 827 835 836 845 847 857 873 906 934 939 952 953 955 963 981 998
2  711 771
2  711 770
2  486 543
4  479 629 881 923
1  663
3  0 4 518
1  539
5  473 493 518 540 906
1  182
2  248 316
17  50 142 145 621 667 674 680 682 686 716 736 769 800 825 827 835 836
1  175
1  87
1  25
4  125 278 407 684
3  164 480 854
1  120
2  555 620
2  476 968
2  256 382
5  85 186 888 934 987
3  219 746 940
1  616
20  12 46 48 194 237 243 255 261 269 303 411 414 634 674 713 825 835 857 906 942
2  202 929
1  32
3  358 868 906
1  275
6  12 18 63 91 138 873
2  575 817
27  0 21 41 43 61 70 117 125 127 133 136 157 212 232 315 449 477 555 686 769 780 825 836 857 934 941 981
1  581
13  0 81 186 250 315 360 450 686 836 847 857 934 953
2  632 975
2  579 934
2  316 377
1  255
2  479 514
1  568
1  768
3  5 184 983
1  651
2  420 584
4  9 183 857 962
3  62 608 825
4  729 730 753 856
22  0 12 18 50 91 108 110 119 140 142 180 330 452 674 710 717 720 769 835 836 949 953
45  0 15 19 24 68 78 98 105 133 139 147 167 176 209 215 220 251 262 284 287 289 335 365 410 411 413 477 493 518 523 566 575 621 634 704 716 769 799 825 828 835 836 847 857 934
1  670
4  356 411 857 936
1  113
1  726
2  336 878
1  364
4  687 769 827 835
113  0 4 9 10 12 14 15 17 20 21 23 26 31 36 45 46 47 48 49 54 58 61 62 64 65 69 70 73 77 78 79 86 90 105 107 113 135 146 149 157 159 165 180 183 195 199 212 213 215 232 235 237 243 244 255 261 266 269 284 289 303 323 342 348 378 408 411 414 437 488 520 536 544 553 607 608 621 625 634 639 647 667 674 678 682 686 704 716 717 718 720 732 734 735 743 769 780 793 800 814 817 826 828 835 836 849 857 858 873 906 934 939 953
7  31 240 336 825 828 857 934
30  0 7 15 30 50 101 112 145 214 285 300 323 333 338 349 378 415 463 638 671 680 682 710 717 728 769 780 824 835 953
12  294 454 518 576 634 817 825 826 857 934 942 953
3  184 535 550
1  766
1  385
1  260
1  226
1  149
53  10 12 17 26 45 46 50 71 72 73 75 101 119 142 149 160 165 180 187 213 255 338 378 411 476 607 608 613 621 634 647 674 682 686 704 710 717 720 734 736 769 780 793 816 817 824 825 827 836 847 873 934 953
81  0 7 9 10 12 15 19 20 22 24 37 41 42 43 44 50 56 58 61 66 81 84 85 86 105 107 117 121 130 186 189 232 245 246 250 251 262 272 273 283 284 287 292 294 315 323 353 360 378 411 414 450 469 484 492 576 597 636 666 674 680 686 705 710 717 720 736 769 780 800 802 816 817 825 835 847 857 897 906 934 953
5  446 560 746 894 940
2  14 172
7  61 70 81 352 447 676 686
1  752
2  17 329
2  464 767
3  617 655 712
3  683 719 952
13  309 414 546 576 634 648 674 686 769 847 906 953 995
1  729
59  0 7 12 14 15 18 19 21 22 23 41 43 46 53 61 63 72 85 91 139 167 186 187 199 209 215 220 250 251 262 287 315 320 335 348 414 469 484 536 574 576 621 667 674 686 716 769 802 817 835 836 845 865 873 888 906 934 941 953
2  671 953
4  732 825 934 945
10  9 65 79 137 165 228 266 298 355 625
1  463
1  745
2  558 686
2  480 785
9  128 363 384 396 549 552 583 645 938
2  815 904
64  0 9 10 15 17 20 26 30 33 45 46 48 53 61 74 75 95 107 135 155 180 215 220 266 273 303 304 342 348 355 378 383 392 411 492 598 621 633 636 667 682 686 716 717 720 769 793 800 802 813 817 819 825 826 828 836 873 906 925 934 936 939 953 981
3  735 825 953
1  759
4  0 201 220 516
2  508 674
3  209 215 287
1  212
1  18
7  7 9 10 12 536 847 873
1  58
2  520 934
8  8 97 358 572 704 796 906 934
1  136
4  54 118 242 907
3  50 193 944
2  36 434
58  9 10 12 17 18 20 26 28 45 46 49 53 54 63 65 72 79 90 113 119 135 148 166 178 180 181 183 199 213 266 301 310 342 344 348 357 366 378 386 414 441 500 625 674 734 743 769 798 825 835 847 857 865 906 934 939 942 953
1  220
1  359
3  81 95 121
2  191 909
3  31 336 822
1  428
3  724 885 920
3  479 773 923
5  338 638 717 766 953
3  290 665 886
1  32
2  880 920
10  95 96 107 133 147 215 290 665 883 998
1  746
6  186 667 790 847 934 987
2  264 469
3  203 368 664
1  106
1  638
1  684
1  837
1  630
4  86 288 426 546
8  20 41 43 85 139 186 836 934
1  74
1  195
7  0 61 337 638 716 954 957
1  137
1  354
1  197
1  856
1  372
74  0 4 7 8 9 10 11 12 21 23 28 31 53 73 77 83 86 87 95 123 139 148 161 163 198 228 255 259 266 289 295 309 342 348 358 386 388 414 450 469 492 534 540 559 572 576 594 613 621 625 628 634 647 664 667 674 686 704 727 734 769 777 793 796 825 836 845 847 857 868 873 934 952 998
2  54 870
1  182
2  191 877
4  90 330 609 717
1  21
4  13 502 596 721
1  122
2  105 225
3  0 3 361
7  0 50 112 300 349 414 638
4  463 475 667 934
7  102 163 301 934 939 955 998
1  216
2  880 885
1  110
1  329
3  479 773 881
1  229
1  857
3  182 425 505
1  562
2  210 438
1  794
3  82 935 946
1  379
1  583
1  3
127  0 7 9 10 12 17 20 22 26 28 33 35 41 43 56 59 64 67 71 74 81 85 90 95 102 118 125 129 133 139 142 145 163 186 187 199 200 209 214 215 224 234 236 245 250 251 255 262 266 272 284 287 289 294 315 323 328 335 342 348 355 378 392 404 411 414 445 450 463 475 477 484 492 493 498 507 518 520 534 540 558 576 579 596 607 613 621 628 633 634 642 647 667 671 680 686 704 705 732 734 769 790 800 802 804 817 825 826 828 835 836 847 849 857 867 868 873 888 897 906 917 918 939 945 952 953 998
2  930 946
4  356 411 819 857
1  345
7  3 109 384 396 552 645 855
20  166 181 204 271 301 303 366 383 634 686 743 769 825 857 873 918 934 953 955 998
8  219 446 560 692 746 791 837 953
6  41 43 117 800 847 981
15  12 28 118 153 213 251 283 294 383 518 634 713 793 828 873
1  247
2  193 871
3  732 849 934
2  930 935
1  395
1  326
1  816
1  455
2  189 312
32  26 59 65 71 102 108 119 151 163 171 192 198 301 305 368 404 507 634 639 660 674 680 683 719 731 734 769 844 906 934 955 998
65  0 5 19 24 43 46 61 68 73 80 81 135 186 201 219 226 247 251 262 266 315 323 338 342 372 411 414 446 450 513 576 607 625 636 671 680 686 692 704 716 717 720 734 743 766 769 802 816 825 827 828 835 836 845 847 848 857 858 873 882 934 939 940 955 998
3  337 900 957
10  163 371 652 660 769 918 939 952 953 998
4  244 473 562 691
6  0 61 230 337 900 954
1  341
1  38
1  698
2  702 723
2  813 985
3  100 188 769
1  268
1  167
1  92
1  148
1  788
1  265
2  570 996
2  23 123
1  402
3  201 219 393
2  98 365
1  803
7  105 118 232 411 577 647 667
1  574
1  321
2  406 528
2  125 236
18  0 21 41 56 58 61 70 117 136 157 212 232 631 667 769 800 857 941
1  88
1  810
2  0 5
1  962
1  7
5  85 186 667 790 888
1  745
1  113
1  81
1  349
3  41 250 308
2  458 686
1  571
1  845
1  970
1  398
30  24 56 58 78 133 146 147 163 233 236 246 251 259 309 371 414 574 652 660 704 734 769 886 906 918 934 939 952 953 955
5  64 261 303 414 522
