1000
10  15 63 371 405 573 781 858 866 892 952
8  70 79 112 214 443 475 487 649
11  10 33 73 133 193 413 744 761 795 981 995
8  395 396 431 447 686 804 834 843
9  19 97 326 330 337 539 564 714 922
7  246 357 371 552 585 688 908
15  41 109 216 241 353 381 384 442 446 557 585 732 746 892 927
14  95 102 161 182 303 306 485 519 604 725 753 757 798 951
14  50 133 205 253 275 321 453 477 507 538 628 648 736 870
9  204 307 358 476 516 602 651 753 829
14  2 131 186 302 393 422 473 504 605 616 644 784 885 994
5  89 251 520 988 998
11  85 302 434 449 450 817 832 850 870 894 996
6  23 57 243 298 628 640
7  104 181 183 425 475 846 989
13  0 116 254 271 298 347 349 513 603 650 691 788 856
12  108 165 199 307 312 397 642 657 659 694 713 776
10  110 136 456 481 632 706 720 814 885 951
13  19 50 68 81 211 241 268 432 486 647 748 877 979
17  4 18 61 62 314 376 401 492 559 573 694 805 824 863 883 929 988
9  65 102 417 422 537 700 742 754 915
10  325 328 414 426 447 494 654 676 901 924
9  131 223 245 291 350 504 607 805 836
6  13 189 523 588 745 981
4  113 628 659 937
8  162 355 413 436 611 764 907 997
7  366 414 501 610 747 951 965
10  38 264 656 707 733 739 904 927 947 950
10  184 305 400 454 461 515 527 665 672 711
6  246 348 557 604 738 825
9  132 329 594 685 702 710 879 897 930
13  124 138 159 335 397 461 492 604 661 695 732 824 872
13  79 256 282 294 388 414 437 445 458 497 512 822 842
11  2 187 191 265 346 537 674 781 814 912 982
10  60 362 369 383 488 715 737 739 946 982
10  218 319 438 460 815 859 875 901 905 999
7  169 291 791 918 936 959 994
13  106 132 486 488 541 649 703 741 779 844 880 892 984
18  27 155 175 197 247 312 313 328 440 477 569 578 640 700 836 876 899 978
8  416 469 506 602 719 762 857 932
11  80 161 253 259 266 330 499 658 732 753 853
9  6 207 236 427 440 503 763 809 810
12  48 72 167 172 306 355 425 430 571 603 691 796
15  230 303 310 342 355 411 472 487 650 698 728 768 863 868 930
12  198 253 281 434 447 457 505 571 612 649 903 916
9  309 328 360 583 783 833 846 876 955
12  75 186 305 404 505 516 628 777 813 858 976 983
14  67 328 383 566 587 657 660 681 728 739 791 815 826 914
11  42 99 110 150 152 156 398 681 727 931 937
11  296 322 418 586 594 676 739 904 932 934 994
14  8 18 200 255 459 672 717 732 792 830 883 953 976 999
17  81 372 378 428 557 623 661 737 765 768 801 843 851 860 888 926 987
12  103 217 316 337 349 429 601 609 657 709 771 893
8  77 142 305 374 448 660 710 942
7  166 420 449 499 511 590 931
7  227 482 544 564 662 860 971
8  152 161 212 429 469 680 732 895
16  13 271 342 348 387 437 449 462 578 685 713 741 790 816 825 939
12  83 122 237 263 416 485 494 587 603 657 926 942
15  150 151 191 319 337 389 459 513 525 554 562 612 716 775 830
10  34 63 149 210 314 495 770 785 862 944
13  19 172 195 243 437 646 692 743 766 870 928 941 993
6  19 396 793 909 980 990
13  0 60 139 206 209 447 463 593 712 824 865 915 926
10  273 321 388 414 606 677 777 799 936 960
7  20 193 206 238 314 392 407
6  370 454 509 518 750 850
7  47 345 529 575 769 789 802
9  18 142 157 211 541 567 631 748 783
8  184 357 452 643 783 817 887 990
13  1 73 80 338 340 414 479 555 641 822 879 943 988
8  82 104 414 671 686 699 801 829
7  42 480 553 620 806 839 995
10  2 70 362 423 535 570 574 696 854 866
11  166 184 292 432 465 599 760 861 876 932 974
13  46 156 186 326 380 403 526 640 656 713 807 898 937
12  135 185 296 330 357 482 533 575 679 686 734 977
11  53 92 95 329 346 369 425 541 550 619 667
9  89 155 249 290 342 432 811 906 913
10  1 32 115 152 301 426 607 713 808 970
17  40 70 83 92 137 317 378 415 463 511 594 744 808 826 864 905 942
13  18 51 88 137 158 253 342 377 443 618 894 904 908
15  71 83 204 331 379 391 533 568 596 629 637 651 694 950 964
14  58 80 82 123 176 232 295 345 542 580 594 650 891 895
8  214 253 299 339 609 621 842 886
7  12 135 271 392 601 829 873
9  101 215 291 312 533 688 798 876 960
8  239 366 589 595 695 921 930 939
10  81 274 290 494 515 574 609 695 749 998
13  11 78 141 168 275 348 409 429 646 849 851 951 981
14  157 169 234 256 475 536 571 572 582 586 815 878 889 916
10  154 223 383 398 448 538 559 567 631 726
9  77 80 175 248 350 493 533 621 847
7  144 240 505 518 523 810 970
9  123 140 230 284 340 398 532 647 716
8  7 77 245 328 424 872 893 981
10  151 182 285 290 404 461 495 563 581 951
17  4 111 115 127 142 183 194 332 420 499 544 578 724 762 831 926 945
6  150 204 287 311 321 875
11  48 299 447 452 453 582 589 592 769 882 926
12  114 131 173 420 463 495 538 557 600 729 730 976
5  86 317 327 690 714
10  7 20 329 394 506 577 630 873 949 952
9  52 304 375 432 440 556 680 824 826
6  14 71 344 471 550 992
9  112 199 461 467 553 558 615 743 853
8  37 205 207 227 554 602 717 937
10  238 347 368 378 471 522 617 746 775 985
20  16 139 221 360 392 395 396 521 562 646 676 693 694 721 751 780 797 799 898 965
9  6 363 382 445 586 587 682 878 886
11  17 48 153 158 359 367 406 581 699 781 804
10  97 221 342 353 360 423 473 645 770 830
9  1 105 207 279 317 506 527 552 700
6  24 149 434 521 585 905
14  100 115 229 279 338 364 391 449 485 499 533 613 731 815
17  79 97 114 127 130 168 223 364 433 477 573 646 671 858 935 940 953
9  15 121 255 620 682 700 738 779 948
5  538 589 728 797 958
13  160 202 260 420 530 609 668 687 756 805 862 947 976
7  131 291 381 648 882 917 942
7  160 210 223 246 398 440 633
12  116 128 131 168 284 350 582 626 684 711 820 824
5  58 486 511 810 936
9  83 94 165 208 386 402 678 833 931
12  31 128 190 195 261 265 335 344 360 454 905 934
11  126 141 269 337 512 643 679 689 745 797 879
17  125 248 407 414 453 457 487 553 590 604 717 722 778 816 896 902 918
10  97 115 140 152 372 485 524 667 718 732
12  121 124 229 293 316 379 382 438 681 720 914 920
9  260 289 446 574 608 719 747 814 995
10  115 138 166 557 647 653 726 759 833 946
12  10 22 100 119 121 218 436 518 571 789 906 951
12  30 37 184 204 254 293 369 450 597 780 902 981
10  2 8 157 255 408 562 703 845 980 982
8  158 346 384 402 795 839 893 902
10  76 85 139 193 257 440 466 673 702 892
7  17 285 353 571 616 711 842
15  80 81 154 231 294 392 400 452 465 563 616 836 870 926 981
10  31 130 214 240 306 363 414 508 721 861
17  63 108 135 261 291 401 497 506 547 571 619 681 719 755 850 857 955
14  94 127 175 261 287 403 427 487 501 513 603 771 921 973
9  89 125 148 161 184 425 604 644 967
8  53 68 97 170 362 454 736 907
5  243 382 535 829 967
10  93 185 489 565 575 737 762 826 874 961
10  286 338 443 545 550 595 715 823 939 975
11  484 552 669 674 749 794 805 862 869 915 961
7  231 361 479 723 789 871 965
10  141 175 188 199 213 288 596 659 719 996
10  60 113 367 465 573 611 633 958 960 977
14  48 59 98 167 186 271 361 433 467 522 674 727 827 977
12  59 96 446 453 548 554 581 656 733 736 803 811
14  48 56 79 127 174 195 487 557 577 588 614 626 696 986
19  110 270 313 324 330 368 377 532 540 543 575 578 663 739 779 829 867 877 962
11  91 137 236 283 325 538 558 630 694 910 973
9  38 78 219 273 487 679 690 758 910
8  48 75 163 244 256 635 687 999
11  68 90 133 174 182 203 380 485 499 742 762
12  81 110 134 189 301 335 548 621 892 956 974 978
8  31 348 428 622 698 829 915 964
10  118 120 424 486 515 524 579 615 648 895
15  7 40 56 141 230 400 507 518 569 619 727 737 865 935 991
13  25 336 385 449 458 541 571 666 683 738 879 891 923
6  156 165 223 433 458 795
6  407 517 698 814 819 889
8  16 123 163 220 592 622 818 950
10  54 74 130 410 419 501 806 823 933 941
14  42 150 200 366 484 494 576 593 631 698 706 707 722 846
13  89 115 121 215 248 391 424 428 477 569 671 826 959
10  36 90 220 223 245 265 537 695 899 938
7  142 250 309 333 623 631 769
4  190 207 341 731
12  42 61 238 321 326 524 587 605 727 898 913 991
10  100 322 458 524 578 729 813 863 882 952
11  152 157 286 293 300 314 393 537 547 637 798
12  38 92 140 148 264 307 541 547 550 815 883 960
10  83 229 391 407 502 626 748 868 907 953
10  260 466 585 632 706 720 780 881 887 989
14  184 206 347 363 379 516 529 537 559 617 762 831 869 948
13  181 202 225 309 366 403 623 671 754 770 779 814 940
6  228 756 774 788 906 924
11  14 179 280 489 559 594 620 645 774 817 991
14  7 96 157 197 206 270 335 445 520 644 657 804 810 911
5  14 97 391 467 651
17  28 69 74 132 141 178 324 422 612 645 660 667 675 717 784 792 903
8  76 144 222 418 481 612 786 968
8  10 46 75 150 250 256 438 871
11  33 234 293 301 325 624 736 744 803 884 988
8  148 256 339 353 439 694 733 802
16  23 158 310 566 601 628 634 641 671 675 753 759 828 863 924 989
16  124 171 273 306 371 492 581 624 668 795 827 830 853 880 917 971
18  33 59 231 273 310 432 502 527 543 679 691 732 760 791 836 838 858 970
11  292 335 468 549 569 714 737 738 920 934 948
13  2 65 135 263 282 340 483 508 528 543 741 767 980
6  97 286 300 510 892 962
10  61 124 152 259 429 680 824 882 922 939
11  290 367 520 537 562 572 666 707 794 869 996
11  38 182 201 266 331 355 389 559 610 667 767
6  44 311 467 539 546 977
15  16 105 148 211 263 298 359 541 660 710 719 733 842 930 939
10  50 167 317 456 472 473 491 529 587 832
3  197 599 850
8  118 179 237 422 467 835 911 928
9  157 276 319 461 665 852 879 889 991
16  9 82 98 132 269 417 421 428 500 577 591 630 641 744 761 905
9  8 106 225 504 572 631 731 764 829
7  63 65 178 182 484 685 778
12  41 106 112 171 284 336 429 517 543 807 838 957
9  123 218 373 461 652 733 760 772 905
10  63 247 445 635 689 751 787 788 847 878
14  60 120 293 402 461 466 474 493 604 703 708 711 756 964
14  18 68 199 357 469 506 643 719 796 835 852 880 902 915
9  56 300 303 325 368 608 818 890 970
9  148 487 620 680 781 812 837 916 973
14  1 84 138 354 366 523 563 652 666 714 831 862 886 928
6  86 168 244 292 493 931
12  6 232 276 350 371 415 468 555 831 921 932 974
13  52 235 295 309 316 326 369 407 582 584 595 626 841
11  35 131 208 248 626 749 815 859 868 888 978
8  155 406 567 653 676 789 817 886
6  165 169 521 604 656 750
9  108 111 295 439 509 634 659 881 945
12  185 303 380 441 534 578 637 707 783 968 974 984
15  22 91 115 120 163 169 613 668 715 767 769 876 939 953 971
8  307 379 407 486 489 687 710 739
13  179 205 260 274 353 566 611 668 750 813 842 854 882
9  268 615 634 826 864 895 897 923 928
13  55 106 261 263 405 459 583 589 641 727 861 897 994
10  180 510 558 583 634 650 737 790 795 855
11  114 128 176 560 581 584 647 675 714 799 890
8  43 94 161 346 568 680 683 878
8  137 147 191 245 320 345 842 875
7  83 216 569 718 745 751 969
6  316 359 375 439 467 581
7  90 187 421 607 633 767 949
5  217 593 651 674 748
9  41 154 263 597 703 788 823 847 868
9  58 202 459 508 557 643 693 695 898
7  65 107 172 342 462 711 912
5  87 297 693 771 978
7  93 138 516 526 545 955 969
11  6 18 307 381 395 436 455 493 551 804 897
5  509 516 671 688 694
12  13 61 143 439 458 489 522 595 609 611 620 676
7  156 215 341 454 613 883 910
10  22 95 169 231 272 550 588 748 766 978
10  5 29 120 261 292 603 711 805 900 996
14  38 209 276 425 572 620 688 788 792 814 820 847 885 919
9  92 126 168 218 376 422 432 557 761
9  78 352 492 603 776 833 851 926 976
8  170 186 306 439 561 607 611 997
6  11 310 312 430 706 867
8  478 479 492 624 778 830 958 993
15  8 40 44 81 84 326 459 530 673 701 869 905 911 925 928
10  15 132 350 538 562 774 805 899 926 930
9  50 116 133 343 670 702 826 859 908
12  32 90 156 186 188 430 663 704 780 833 970 976
11  135 358 427 505 516 533 774 806 853 969 989
11  259 341 480 481 525 689 713 797 803 848 872
7  40 195 258 616 639 721 915
10  118 129 177 225 381 678 748 870 945 968
14  124 139 140 227 246 406 434 576 601 811 813 820 931 996
7  307 448 720 730 769 874 928
14  58 193 199 227 236 266 403 419 465 566 621 647 914 998
10  27 175 356 357 377 469 689 717 809 857
12  33 124 169 277 405 418 445 498 559 729 778 945
5  40 197 263 596 757
10  275 312 344 418 551 600 847 919 955 987
12  18 226 550 600 662 688 723 891 940 947 957 995
10  125 204 411 520 538 546 587 594 905 943
10  153 182 306 452 562 604 659 759 763 851
10  15 57 85 150 343 367 517 578 774 884
7  245 484 583 613 669 935 963
8  64 155 190 191 530 696 705 744
8  88 225 316 321 560 745 769 796
11  8 89 267 357 572 704 789 793 852 858 862
13  203 216 247 329 450 518 635 680 795 797 804 834 965
7  265 350 444 712 751 777 816
6  353 393 675 767 842 991
8  112 114 340 431 559 599 880 907
11  181 301 405 412 520 556 597 774 815 818 942
11  44 509 530 584 590 818 851 860 874 950 951
6  32 193 765 787 834 989
12  154 303 427 463 552 567 570 573 736 758 769 938
10  94 121 207 343 455 777 857 933 936 937
12  96 136 390 407 558 564 676 798 824 931 939 967
6  145 174 194 292 379 482
6  98 140 428 437 526 918
5  148 424 579 699 710
10  129 403 542 559 578 911 937 951 971 980
9  78 88 96 196 450 493 764 773 908
9  22 36 86 119 139 327 456 479 946
13  74 192 215 246 286 382 420 475 489 808 826 900 952
16  128 132 174 187 210 343 532 562 570 645 715 759 769 783 788 959
5  32 137 509 562 592
8  83 217 221 364 472 480 527 960
6  49 76 550 632 685 824
9  239 409 431 601 673 681 758 777 882
12  13 15 199 339 380 697 781 802 803 833 983 993
7  84 99 300 647 716 775 982
15  174 194 212 299 340 359 418 525 595 626 627 710 763 795 850
11  79 158 187 280 373 387 455 529 708 769 812
8  10 12 403 672 764 768 966 984
10  7 43 212 222 283 552 655 782 902 997
10  103 405 461 582 639 641 692 731 753 891
8  28 46 53 388 397 552 558 970
11  7 42 138 190 250 270 443 756 772 841 985
12  9 16 175 224 241 262 361 422 436 836 893 954
7  345 565 616 630 737 815 920
10  45 170 179 217 382 447 506 724 798 822
8  43 189 191 251 366 543 581 867
9  98 198 564 588 673 696 754 803 875
13  16 38 86 251 267 405 408 577 591 709 739 793 993
9  38 153 337 477 773 841 852 916 940
16  19 60 65 174 382 484 515 532 566 585 670 700 742 874 888 972
5  379 761 763 880 945
11  52 128 217 233 274 368 480 613 869 874 902
8  80 101 112 200 469 552 599 890
8  545 620 660 793 825 832 862 926
9  35 59 203 367 377 469 540 624 890
9  231 558 587 618 674 829 854 899 984
11  8 64 98 172 274 484 528 560 726 730 844
11  49 173 349 458 485 557 719 742 873 948 998
5  328 651 685 732 929
14  153 184 433 499 677 717 736 821 836 899 923 927 946 996
5  21 154 187 212 352
7  4 75 172 217 253 473 534
8  101 291 450 542 719 751 759 947
11  21 38 45 47 95 323 454 545 634 713 930
12  30 77 102 276 496 677 705 745 829 830 951 984
9  4 40 76 153 341 534 539 801 802
11  82 197 347 411 581 597 611 747 774 864 881
6  97 415 539 655 739 818
5  170 361 519 654 739
2  381 795
10  31 124 158 182 192 347 364 793 868 993
8  162 207 424 468 487 642 671 703
12  4 52 59 125 313 456 516 687 850 873 949 993
8  70 114 145 383 424 443 653 750
16  84 188 298 395 405 408 415 439 514 633 658 662 874 900 950 952
8  70 94 193 279 300 353 638 847
11  171 244 258 330 374 375 508 575 613 656 761
11  43 57 78 81 111 238 383 776 817 820 955
7  255 271 284 293 459 469 690
8  104 124 267 440 604 816 818 892
10  67 83 231 308 346 377 554 646 766 843
15  33 77 134 230 345 402 416 448 452 465 524 700 721 742 932
8  15 107 178 331 335 504 765 923
8  29 57 89 159 448 582 640 735
5  15 52 322 389 876
10  22 92 121 216 254 277 437 614 685 753
6  367 379 424 526 689 837
11  249 325 373 434 480 711 819 933 940 942 981
13  6 111 136 188 225 278 340 373 404 428 447 891 917
5  214 387 655 753 918
9  25 42 43 197 566 693 739 811 840
8  264 526 608 665 726 862 866 971
10  5 69 76 211 264 275 453 569 777 988
6  9 257 516 526 638 929
13  110 199 233 300 557 704 821 823 865 923 939 940 946
14  45 108 111 124 569 585 637 653 677 706 730 857 949 950
13  147 150 307 333 383 423 530 609 640 669 799 801 863
10  34 73 142 483 598 646 773 812 932 937
10  109 138 178 500 501 530 716 814 861 996
14  114 115 295 335 390 477 480 508 579 656 780 785 798 850
4  377 624 934 961
12  26 87 167 179 214 310 368 475 533 646 834 965
10  110 149 196 271 319 351 394 490 899 967
9  107 153 212 316 366 441 588 677 930
14  34 77 132 217 547 549 632 646 648 688 709 816 876 969
4  66 428 591 989
13  0 5 190 216 381 389 440 449 485 634 908 919 973
6  51 127 642 647 739 912
9  208 301 352 353 473 487 622 687 698
8  53 341 412 413 515 672 802 812
7  103 233 341 595 613 660 715
10  19 248 503 590 698 868 872 922 973 986
16  81 153 264 319 345 365 397 478 628 649 749 800 835 887 951 995
6  51 80 107 407 562 918
10  82 128 178 224 286 315 351 500 521 614
12  75 157 222 298 491 568 643 710 872 913 969 995
10  6 119 241 260 334 371 412 632 714 968
13  109 128 143 292 309 314 398 410 480 627 766 895 921
11  34 47 91 338 342 361 506 852 876 956 990
10  6 134 545 638 717 744 769 815 921 962
8  162 413 500 793 810 833 894 933
6  123 393 602 618 755 816
8  57 301 354 418 626 718 819 918
11  32 64 305 398 473 514 540 547 809 938 977
11  59 197 349 371 400 544 756 769 773 923 954
5  285 364 471 729 862
16  82 114 168 176 183 425 449 514 546 596 628 629 810 909 957 962
13  65 85 108 137 501 513 599 679 763 834 839 870 962
12  10 174 278 386 448 556 631 775 857 861 940 982
7  102 367 472 489 630 785 843
14  3 108 241 339 450 501 544 638 643 696 712 722 883 891
5  3 62 108 764 802
9  16 31 305 377 534 592 593 745 829
8  48 91 94 120 382 388 745 747
11  489 599 669 710 715 738 825 829 854 911 920
10  28 137 161 389 703 720 728 773 890 915
8  19 139 412 427 760 850 904 953
15  123 134 210 346 405 561 588 612 622 642 675 767 843 847 868
13  75 140 179 263 289 302 449 480 661 686 756 802 988
5  46 96 353 486 509
16  0 227 265 280 304 312 339 402 410 461 470 726 814 864 875 881
5  110 219 261 930 987
15  65 126 164 176 217 224 285 378 463 612 697 737 742 760 948
8  133 312 339 418 709 738 764 829
12  89 297 465 543 589 605 644 709 818 831 848 960
8  166 382 405 571 754 848 908 961
7  43 269 331 673 786 863 958
9  280 374 381 401 569 570 606 615 931
12  2 25 374 385 475 557 579 670 708 761 923 977
15  21 26 32 64 70 71 126 138 461 504 551 592 734 771 904
9  80 216 332 339 468 501 676 701 930
6  39 58 346 649 804 811
9  20 204 449 536 677 718 719 723 931
12  49 185 265 267 300 387 408 568 790 808 834 944
7  166 263 556 676 836 888 900
9  54 97 100 118 292 519 826 851 973
8  204 234 524 569 652 753 764 769
13  10 20 184 202 248 307 468 511 603 709 721 887 918
10  73 111 361 429 554 684 713 759 846 872
14  95 160 168 288 336 338 351 484 489 490 677 685 816 901
13  14 42 77 141 247 391 497 581 598 603 762 845 915
11  21 79 458 516 531 609 660 906 944 961 985
10  41 140 257 283 401 687 694 724 956 983
15  51 159 168 204 287 353 370 465 664 669 726 804 811 832 903
13  52 56 89 195 207 423 456 580 651 699 734 791 991
6  42 251 256 720 810 960
9  3 279 297 436 620 668 730 778 954
8  18 74 78 103 191 248 515 625
11  115 150 163 324 492 562 597 629 667 760 946
10  12 44 113 261 352 599 680 828 833 959
6  549 755 821 853 863 973
13  25 131 241 307 431 437 534 538 539 543 607 650 790
14  32 57 61 287 350 436 508 591 630 747 765 888 998 999
9  35 128 186 653 821 823 845 868 966
7  188 221 233 243 250 339 664
12  38 41 103 120 135 344 371 477 529 746 906 957
7  222 368 451 812 849 885 958
10  6 616 639 665 716 741 831 871 904 947
8  1 81 145 306 338 488 633 636
5  277 459 653 878 996
11  32 109 182 209 265 644 731 810 870 893 948
6  6 129 151 527 674 887
11  3 21 44 63 99 309 353 465 522 631 982
10  53 91 262 346 348 393 562 802 900 985
11  12 54 57 114 162 371 391 403 417 531 677
10  12 132 276 290 327 395 694 806 952 976
7  441 481 508 554 766 948 983
13  69 99 137 270 346 517 558 569 666 740 809 823 951
8  8 99 126 151 357 586 718 954
12  28 66 124 142 244 328 590 658 746 754 788 841
14  241 284 301 522 589 651 674 704 764 776 877 888 915 922
10  17 200 291 337 429 507 521 903 943 990
6  44 126 494 663 727 787
10  32 162 163 173 243 322 426 749 925 958
11  50 59 227 237 253 343 444 494 571 642 701
7  35 628 716 738 822 938 942
16  28 31 96 105 203 208 210 304 405 414 516 769 837 916 963 986
5  57 238 737 750 873
13  63 80 100 283 407 497 525 572 592 824 853 882 954
5  488 520 564 608 677
12  74 137 149 263 346 409 428 447 532 568 942 945
6  135 177 210 496 695 866
13  105 150 183 198 202 233 485 541 703 720 796 812 898
11  192 216 336 415 422 545 626 637 777 882 991
13  39 56 211 264 317 319 343 616 682 824 834 908 932
8  405 477 639 748 762 785 830 959
9  104 107 390 499 585 784 812 834 942
9  43 200 295 394 535 755 760 917 977
11  10 111 200 326 373 388 678 690 801 824 989
6  210 498 525 611 780 901
10  1 14 90 292 366 413 614 694 733 751
6  9 498 650 743 804 948
11  8 38 115 168 313 364 440 470 514 939 971
3  252 377 599
8  70 147 252 291 577 704 756 943
13  72 258 295 316 352 364 382 403 540 621 700 934 985
11  17 185 258 451 521 557 692 891 949 966 972
10  55 76 286 575 606 656 822 857 914 983
11  193 362 495 498 547 548 640 671 699 747 874
9  146 167 206 272 314 321 424 528 870
13  7 58 114 127 157 322 371 467 550 685 733 753 945
11  18 37 122 160 224 404 586 635 838 854 982
17  1 43 126 140 152 155 213 336 373 496 513 671 739 774 837 957 966
7  34 37 443 464 562 647 650
11  144 181 224 243 292 394 399 424 608 665 754
6  367 424 510 640 713 868
7  200 380 517 727 833 946 949
9  19 31 190 249 252 433 627 745 966
12  92 210 215 241 290 608 632 719 845 894 952 954
9  21 58 88 167 457 459 544 714 985
8  60 96 100 483 501 586 616 874
11  329 466 487 524 525 530 769 793 899 924 975
8  32 139 425 463 657 845 882 985
9  265 474 476 483 503 549 733 776 973
15  40 54 97 114 157 324 471 558 595 615 660 809 861 979 994
7  204 363 379 385 514 587 881
13  26 140 166 363 392 395 415 495 503 558 642 766 941
9  176 191 581 628 700 749 873 875 892
6  41 376 498 501 520 951
13  10 22 205 347 414 647 654 795 841 858 864 913 948
10  44 46 93 257 514 564 721 791 928 956
15  39 102 112 139 211 309 383 687 728 735 834 845 890 921 925
10  8 161 456 563 663 695 742 828 881 897
10  138 193 237 341 364 437 451 528 539 806
10  66 221 242 281 294 404 690 765 836 979
8  194 228 490 563 581 648 771 977
8  54 80 122 422 619 698 827 884
5  32 125 566 718 762
10  15 59 140 392 487 573 849 873 890 972
14  339 388 391 477 500 505 591 601 607 652 673 727 833 882
7  28 88 160 314 374 432 750
11  9 46 178 240 242 257 337 358 426 461 944
10  164 207 271 452 491 539 563 668 779 921
12  66 93 131 161 276 632 805 815 840 894 912 922
9  7 333 420 604 620 675 955 967 989
8  11 182 196 269 280 464 503 660
9  108 113 220 379 456 481 569 685 812
12  107 150 243 447 455 538 666 701 836 841 925 939
7  23 93 214 615 699 786 869
13  127 160 172 173 346 421 496 622 635 672 681 843 937
15  59 258 300 463 474 496 541 542 667 776 797 810 812 901 961
8  75 240 287 351 356 358 805 934
10  28 112 191 295 446 571 592 745 767 792
8  193 321 484 508 623 744 847 956
12  67 178 200 301 440 590 704 778 837 916 944 971
12  118 253 273 281 361 363 496 535 638 648 790 895
3  426 449 843
9  94 153 293 314 465 555 596 887 927
10  76 82 86 92 114 257 366 634 875 955
11  222 326 330 397 436 608 722 787 812 845 900
8  73 143 472 530 675 810 821 824
7  90 417 632 717 884 911 916
12  20 33 169 174 178 196 558 639 682 722 755 780
15  8 91 100 117 154 254 269 436 522 588 728 736 761 869 887
11  4 198 330 332 436 508 517 589 646 819 848
10  153 319 388 480 705 831 876 895 896 907
17  37 68 77 162 175 199 467 525 570 604 896 937 938 949 952 975 979
9  83 289 327 525 641 747 819 941 968
9  153 191 193 207 310 409 436 707 890
10  55 97 389 395 494 618 753 822 829 900
9  145 240 318 328 384 468 643 857 997
7  198 269 391 663 714 807 845
11  139 174 175 369 388 483 563 694 696 867 968
7  151 158 483 649 770 861 982
13  192 369 435 498 584 632 654 697 744 748 846 954 997
13  77 104 145 175 245 268 296 485 560 749 832 861 960
10  241 267 414 649 659 758 781 835 921 967
9  5 112 146 283 303 305 317 643 799
8  72 105 126 579 712 775 781 808
13  59 106 151 345 423 451 600 648 720 742 864 924 987
7  70 216 532 789 835 877 950
8  103 280 393 419 592 598 750 983
14  6 29 51 100 130 152 237 248 322 359 413 481 563 574
13  105 154 228 285 305 320 452 499 501 537 599 612 724
11  19 91 178 181 197 265 279 289 587 629 671
8  229 274 321 550 572 604 639 689
12  250 402 678 683 722 767 789 872 880 914 971 977
12  59 108 133 196 254 270 293 294 378 433 448 488
13  96 137 214 507 510 517 547 557 671 747 749 790 976
15  4 55 285 311 464 505 632 675 689 691 724 732 743 913 964
8  144 308 602 698 719 726 755 872
12  47 189 225 263 314 355 512 692 732 841 874 890
8  68 91 219 283 642 679 812 998
10  82 230 380 418 465 621 645 678 708 914
17  38 161 168 192 232 357 360 412 421 452 521 650 741 759 893 952 958
8  73 283 293 412 541 713 806 883
11  42 44 90 131 136 139 162 410 459 527 909
12  90 196 205 247 275 463 560 619 681 735 946 981
9  0 19 115 149 283 513 676 701 880
9  73 88 129 557 747 761 774 828 950
9  67 76 144 153 341 482 640 739 981
4  167 261 712 813
7  102 152 204 312 479 919 984
14  38 57 97 153 173 222 271 289 623 653 719 737 821 886
8  160 288 364 413 553 687 893 976
4  83 429 706 872
15  96 110 151 190 229 233 310 331 425 502 510 820 845 893 926
12  90 99 121 217 304 348 705 712 719 918 940 945
9  45 227 228 272 637 805 822 888 903
5  217 229 281 549 981
12  5 6 113 177 314 360 471 764 774 894 898 922
7  49 90 109 453 486 495 979
11  47 58 109 172 200 269 320 500 559 648 872
18  23 152 245 311 368 402 538 608 618 619 634 700 728 777 821 968 970 979
9  87 99 117 227 409 455 539 709 978
10  54 126 281 376 454 529 737 769 804 918
9  204 312 370 437 514 810 867 919 984
11  99 165 294 397 414 463 527 556 869 902 936
8  63 167 235 397 731 808 846 986
8  30 49 80 83 181 269 638 947
11  87 145 217 243 300 375 499 661 702 772 783
8  82 148 266 391 532 720 792 917
9  132 236 280 331 433 679 795 837 842
4  362 425 556 864
11  74 201 279 317 392 399 434 478 558 696 972
5  100 267 268 554 843
11  52 85 189 261 297 514 643 723 782 791 923
8  9 39 106 386 565 753 913 916
12  15 42 58 140 246 249 422 425 762 909 911 916
16  7 29 31 126 141 210 220 270 344 519 541 560 666 830 845 955
5  10 172 409 791 960
6  64 412 482 815 871 924
8  22 79 234 250 436 514 786 821
12  129 212 356 464 489 493 534 588 756 903 942 950
12  52 84 88 118 243 361 426 647 829 922 946 956
6  26 197 646 881 884 920
10  25 149 225 243 250 331 474 736 935 939
13  44 59 184 185 402 407 558 617 649 775 798 895 936
12  114 223 244 272 316 341 375 693 698 758 772 791
11  152 350 379 475 640 647 660 791 838 934 987
8  105 160 226 412 499 523 672 735
13  10 136 137 259 308 442 469 495 768 802 849 945 968
5  107 178 612 723 881
11  81 320 386 544 588 629 645 700 711 781 825
13  77 139 161 511 572 588 672 785 821 857 887 898 903
16  72 116 181 213 243 247 318 431 519 661 687 708 754 911 916 975
8  84 92 158 263 480 568 875 937
8  159 165 373 402 524 638 792 982
6  51 170 179 528 578 666
9  187 190 252 319 365 665 928 957 988
4  432 779 812 815
11  121 152 176 217 218 300 387 468 679 707 865
9  300 382 492 639 656 752 789 811 842
10  8 13 24 46 189 377 391 460 502 774
11  82 391 433 559 618 759 770 788 809 927 984
9  102 154 204 308 394 437 644 686 709
9  68 91 167 170 205 393 447 865 980
19  17 177 296 369 381 493 518 536 549 564 639 655 703 744 762 805 811 859 943
7  120 149 234 339 443 716 870
12  189 221 226 228 328 371 533 588 662 727 873 943
11  156 209 276 486 524 681 700 764 812 887 935
4  443 688 871 956
13  82 174 222 360 468 583 650 683 692 884 892 922 976
10  340 358 384 395 530 594 622 754 829 999
11  259 304 442 470 537 560 627 632 643 874 907
13  13 38 75 348 361 483 490 575 614 686 708 792 903
11  70 189 204 227 304 542 680 715 734 967 992
10  16 336 372 402 459 501 567 671 910 929
13  69 125 211 237 380 395 545 552 601 639 718 779 960
7  10 141 182 409 445 630 647
8  111 181 184 293 568 618 842 889
11  61 89 108 115 345 362 366 369 539 610 847
14  18 94 130 229 263 299 372 488 504 609 614 644 886 959
10  8 119 160 369 510 530 554 587 760 897
11  1 37 44 377 416 548 551 612 675 733 869
11  15 43 83 228 436 476 488 569 637 717 974
11  9 82 183 235 323 429 455 676 692 765 941
6  208 214 421 514 920 972
16  130 219 338 360 438 444 578 661 662 682 727 817 846 868 910 917
6  21 333 504 549 844 913
6  303 332 354 632 691 928
11  27 75 151 220 341 364 482 627 705 778 871
8  16 47 52 58 182 497 676 949
5  40 339 454 660 669
7  16 24 148 221 270 551 756
16  47 53 184 199 318 375 426 499 520 614 658 683 691 709 759 902
11  31 51 403 595 620 653 665 683 736 855 917
8  55 268 339 634 653 726 788 976
12  153 256 457 507 546 680 686 814 852 956 965 994
5  428 439 675 818 937
8  28 203 356 442 489 624 661 688
16  162 196 214 452 522 604 623 671 708 762 858 863 902 907 909 917
10  77 127 184 197 433 525 732 855 875 968
11  118 190 223 225 431 517 675 679 771 843 979
11  146 272 361 399 428 658 699 856 899 949 965
7  255 314 413 700 818 973 990
16  71 115 168 179 189 242 336 483 487 559 563 642 666 702 849 873
10  28 50 302 374 524 615 619 679 685 702
7  135 253 297 311 411 514 858
8  33 146 150 235 320 446 455 772
16  184 189 229 278 402 519 535 564 649 664 668 765 866 877 945 970
17  21 49 108 219 243 285 415 419 573 651 657 694 707 725 779 913 922
10  64 324 329 360 368 417 424 449 464 767
7  123 260 473 561 568 947 986
17  76 125 155 191 392 567 597 626 668 672 710 716 727 774 927 992 995
11  56 103 195 213 230 276 434 641 663 752 804
9  47 48 128 139 297 524 572 635 836
7  109 116 469 537 653 757 842
13  162 230 561 637 660 661 777 820 851 870 978 983 999
5  121 423 801 811 946
15  30 57 206 296 323 350 424 485 521 672 699 808 817 854 965
14  3 71 76 403 630 640 663 786 801 854 904 908 939 945
12  118 156 224 337 373 427 506 579 620 784 802 904
9  5 86 242 247 268 369 636 665 799
9  125 209 258 264 351 560 564 696 717
10  101 155 343 473 509 719 948 964 985 997
9  15 42 191 564 655 660 699 725 840
9  61 304 481 566 637 651 704 891 965
10  108 237 239 355 613 726 775 786 833 921
14  16 19 82 108 154 188 242 427 450 475 547 676 709 790
12  31 87 88 169 237 466 507 709 844 875 927 989
11  73 152 273 311 395 547 599 689 699 825 849
6  298 407 549 810 839 965
10  43 159 164 167 373 376 511 565 613 902
12  71 110 288 429 483 523 669 685 691 696 919 955
14  20 38 112 116 314 346 480 502 588 618 635 670 732 959
8  253 415 459 522 573 811 813 859
8  30 135 255 595 671 672 717 872
10  37 133 210 236 336 400 467 632 954 965
9  256 275 359 455 479 529 692 815 935
7  273 329 540 582 656 721 905
10  17 167 177 251 360 580 796 814 869 884
10  27 167 196 222 543 626 676 787 822 850
10  210 301 413 568 620 640 666 711 907 958
12  52 312 369 408 409 422 589 630 660 694 695 728
10  30 53 199 224 288 300 380 399 679 768
14  28 121 136 210 238 246 352 618 708 734 833 855 959 977
12  63 277 395 553 576 582 824 854 886 894 911 937
11  16 57 75 79 258 328 423 490 570 766 976
10  4 101 192 214 229 381 494 546 751 787
8  34 145 223 293 375 399 641 927
8  59 94 299 363 442 460 633 679
17  50 106 126 184 264 324 384 536 650 689 702 761 786 789 795 802 980
10  127 232 387 417 453 512 643 779 897 918
15  39 129 139 148 199 211 322 327 417 493 565 578 582 690 936
11  17 128 177 262 400 430 467 554 596 774 927
11  108 138 259 346 422 505 705 738 766 876 951
10  126 167 395 534 537 561 805 877 906 978
5  147 268 417 601 617
7  97 309 427 558 564 823 850
4  7 676 691 792
10  91 130 321 356 405 428 565 662 693 867
14  48 150 161 172 227 457 491 514 634 653 679 830 880 978
10  43 47 117 400 506 538 588 709 780 794
6  100 173 265 390 869 973
7  100 262 321 360 431 931 999
10  114 171 205 304 445 593 769 809 829 911
13  6 31 40 50 56 127 191 323 564 566 667 700 795
11  27 151 188 199 208 475 485 498 649 828 989
8  76 414 429 641 711 791 798 995
8  348 506 572 615 740 745 890 987
11  8 142 151 187 283 324 538 611 661 826 942
17  34 51 144 161 192 228 308 407 462 578 590 795 826 916 917 929 943
10  29 116 162 192 399 408 460 721 878 940
16  27 34 47 49 153 224 312 332 333 355 372 487 575 743 963 971
4  452 735 835 918
6  37 57 193 442 569 748
11  20 157 314 322 346 407 507 554 849 880 905
8  61 105 476 564 739 830 898 911
12  2 80 187 204 273 384 528 549 632 757 806 996
12  23 125 232 274 329 397 398 492 527 735 748 947
6  6 107 440 454 771 814
13  26 129 331 398 437 483 542 563 574 828 848 932 994
10  18 68 176 235 245 260 470 549 741 745
10  88 146 218 377 458 502 550 563 913 953
12  66 220 225 338 462 515 556 785 858 879 928 977
8  108 209 232 277 327 475 714 936
7  627 680 841 894 902 940 998
13  7 9 40 189 304 350 354 421 485 544 602 889 947
8  20 179 311 410 454 489 620 638
8  139 386 435 472 537 565 887 921
10  118 180 210 306 389 403 479 608 659 979
4  7 266 682 744
6  155 283 297 551 613 793
9  130 189 270 293 327 423 569 629 660
9  74 191 208 401 407 433 472 648 818
12  2 204 248 315 341 413 538 574 717 792 906 938
16  39 97 144 157 178 425 470 512 603 632 666 839 846 880 964 996
11  41 270 300 315 392 780 813 850 899 976 981
12  25 205 290 302 396 408 421 455 585 635 840 948
10  51 282 347 437 509 651 675 850 925 995
12  61 245 345 382 451 501 713 721 775 800 938 974
11  193 197 223 234 278 402 527 561 677 780 821
9  43 51 302 616 710 822 845 907 957
18  67 99 170 223 262 274 283 293 301 384 389 421 461 496 590 731 899 934
6  60 111 179 548 629 975
9  52 140 239 414 510 668 746 846 945
8  208 306 595 613 674 801 885 932
9  290 313 362 389 400 830 849 901 941
16  180 181 254 257 271 280 331 487 574 585 628 679 720 812 875 962
9  59 107 299 393 553 612 693 766 802
7  16 249 342 455 498 525 952
13  46 64 277 284 297 357 468 588 683 791 909 951 989
10  126 206 252 265 431 529 656 811 826 939
9  37 116 153 179 517 625 643 676 718
12  108 132 177 256 364 474 537 728 763 767 811 902
9  0 33 110 213 298 551 553 618 829
4  303 601 817 839
7  45 68 69 222 293 595 913
4  10 184 471 687
6  60 364 394 470 619 750
8  185 411 523 607 686 693 717 847
9  209 282 457 534 707 714 834 929 976
11  15 180 209 236 247 293 454 629 662 938 995
10  67 131 147 219 275 555 561 627 717 915
8  57 228 418 436 530 563 694 921
13  36 47 191 429 505 601 605 613 614 734 777 845 887
11  50 184 247 527 596 622 640 725 761 800 990
8  62 275 312 318 335 385 496 758
8  146 196 728 878 881 912 944 950
15  2 134 163 190 228 276 300 334 504 597 717 732 737 912 931
7  42 211 274 467 706 854 861
6  108 117 125 258 276 525
9  7 86 174 285 309 364 612 734 949
11  64 108 229 361 552 688 840 859 900 974 993
4  377 766 792 958
9  51 71 330 361 473 684 686 772 836
14  67 188 298 330 374 396 403 448 616 687 717 775 840 902
7  151 187 258 298 311 898 907
11  3 110 182 241 276 416 428 476 590 680 977
13  19 22 118 146 246 254 518 526 583 632 722 891 929
10  72 166 257 450 508 570 744 830 855 918
9  75 207 546 814 855 856 873 923 981
7  79 80 292 418 553 593 685
11  41 264 388 452 499 629 731 817 865 881 960
12  41 93 122 182 385 391 430 445 525 535 591 697
12  78 151 261 355 416 428 627 632 684 701 778 780
17  213 301 362 374 441 467 471 521 525 534 567 625 635 774 865 878 976
9  46 173 225 261 576 701 763 853 933
14  17 33 129 164 179 247 363 405 663 706 746 807 953 963
15  35 47 90 114 175 218 280 308 384 518 606 625 704 830 917
10  57 126 277 344 369 386 424 900 955 994
11  12 69 181 219 342 653 685 782 809 889 942
12  165 212 280 281 332 344 409 664 670 760 884 914
5  164 352 387 539 542
8  121 247 261 342 581 683 938 969
11  324 359 435 438 535 578 588 607 619 767 992
13  32 70 309 460 482 544 583 707 768 878 880 931 965
11  145 166 236 359 438 452 724 830 864 875 930
16  19 31 63 103 121 195 285 296 463 469 473 535 712 910 925 929
8  29 57 318 399 618 696 852 919
13  47 80 103 144 168 226 255 292 420 736 737 778 988
3  150 190 511
7  189 434 507 574 733 747 941
20  9 71 85 143 153 159 205 320 329 397 399 408 544 609 638 731 781 834 950 981
16  50 59 111 190 252 329 470 604 727 743 773 806 815 823 860 891
9  97 178 214 216 409 442 540 971 987
7  12 200 318 428 550 848 919
13  45 123 130 249 256 298 385 434 491 514 693 711 903
11  3 276 282 366 392 418 469 471 506 787 829
6  202 211 377 551 555 740
12  22 38 137 191 307 324 419 509 522 681 801 918
9  213 351 461 487 529 597 921 950 969
7  191 207 486 614 863 882 939
8  72 134 392 697 762 782 848 937
7  355 518 691 764 799 802 883
12  217 306 313 454 504 522 566 752 868 869 932 981
12  32 84 136 199 225 231 278 597 627 645 682 903
10  3 51 345 394 402 524 531 600 668 991
6  37 321 654 695 855 932
16  133 425 438 493 497 506 534 546 581 604 768 791 879 948 993 998
10  14 45 167 423 549 593 653 762 771 854
11  92 209 236 247 267 340 402 528 646 786 873
10  258 409 410 539 747 832 839 858 957 999
9  89 441 513 616 671 696 742 773 995
14  12 66 139 201 300 337 364 401 707 724 763 765 923 998
10  51 89 249 270 281 420 683 885 906 929
7  203 211 275 313 383 663 825
10  40 105 190 257 435 463 813 935 941 996
10  73 225 320 399 486 685 686 712 796 846
8  228 661 667 711 806 807 844 918
5  15 669 807 894 911
10  39 139 264 284 360 393 482 545 619 902
12  0 46 115 191 275 504 666 673 750 848 924 966
6  35 218 255 632 701 799
5  51 55 281 830 970
10  74 138 227 363 393 499 548 550 796 919
8  60 118 146 214 275 318 356 390
11  19 43 173 189 361 411 435 666 838 864 948
10  80 226 331 405 504 554 598 823 863 983
9  63 161 359 626 631 809 812 927 936
6  0 73 356 466 675 910
7  153 251 310 547 591 726 990
13  43 176 218 236 335 376 402 438 490 653 841 937 964
13  146 178 196 253 316 523 538 592 649 706 729 841 940
12  8 12 61 137 260 392 445 484 633 683 901 978
7  147 186 442 606 636 656 968
13  31 95 258 376 380 423 561 565 580 587 702 955 986
12  85 102 322 337 462 502 513 634 671 807 847 899
10  144 262 281 314 316 339 483 495 566 639
12  35 98 231 311 405 502 533 621 667 695 774 823
13  38 45 74 86 223 349 369 383 540 721 900 913 916
10  18 153 455 555 675 722 946 951 976 999
11  90 109 209 230 444 738 794 812 822 885 969
9  30 70 125 162 203 750 845 921 980
13  37 190 211 279 315 561 573 727 742 762 822 900 973
11  177 221 331 405 500 507 610 617 794 809 902
12  99 119 173 195 225 297 463 468 497 514 838 905
7  19 50 175 244 395 570 840
11  187 271 511 536 610 637 706 818 894 945 955
7  10 17 247 441 772 851 878
8  84 109 214 219 578 647 712 937
12  69 177 377 422 446 532 538 619 635 755 791 894
8  51 218 314 419 437 455 583 963
6  90 164 203 645 753 817
11  212 229 317 319 400 506 513 543 566 735 916
10  83 162 268 304 353 395 481 692 805 830
9  0 6 37 135 158 194 344 502 637
10  52 95 134 307 445 569 579 581 957 996
11  12 81 385 493 518 585 712 752 856 884 887
8  56 83 160 226 382 530 540 612
4  126 540 541 988
7  30 226 227 241 507 648 718
9  75 108 172 237 467 585 619 743 803
11  38 169 254 320 324 367 496 669 763 769 873
14  246 292 339 419 448 534 544 799 816 876 880 938 944 995
7  21 35 424 474 525 773 870
16  126 132 134 211 303 316 592 660 666 698 752 780 802 857 881 915
10  44 184 428 456 583 608 619 640 833 842
10  27 49 81 401 414 442 686 687 913 941
12  35 80 113 124 204 208 253 269 705 742 882 983
8  78 131 180 426 440 722 761 851
10  25 142 176 279 540 639 666 708 768 803
8  5 81 255 290 371 410 469 686
8  62 391 571 603 666 777 915 952
7  154 155 244 642 653 824 866
13  182 202 253 289 399 536 603 620 712 731 743 856 996
7  33 238 372 518 794 795 949
13  78 172 380 504 564 602 654 676 749 783 876 904 995
9  47 128 263 482 561 568 818 937 939
12  20 63 146 159 211 259 400 425 455 789 902 909
14  44 90 213 313 461 529 536 602 603 620 737 876 890 924
11  119 190 353 472 596 653 661 666 737 815 924
14  36 126 287 354 378 387 422 582 590 718 740 806 836 855
9  247 267 371 577 591 699 825 832 861
6  128 192 308 399 610 652
14  87 140 216 382 384 506 517 551 693 755 790 837 879 987
12  4 195 376 455 518 585 609 637 676 947 963 971
12  162 226 324 347 359 389 413 601 807 850 971 982
10  21 180 189 496 554 606 858 916 917 986
6  253 458 506 522 765 824
11  51 58 63 97 99 137 249 254 318 581 954
11  6 27 324 532 629 679 695 715 720 865 979
10  61 202 214 226 253 262 505 624 655 750
9  19 323 358 642 737 787 805 824 851
11  30 43 87 199 254 328 368 406 415 823 951
11  48 54 123 215 261 285 412 417 730 795 822
11  39 49 74 216 346 362 469 747 772 841 844
5  166 284 352 385 813
8  49 124 192 365 480 526 614 769
8  115 161 272 611 635 704 853 938
10  36 64 122 284 592 612 719 751 865 985
17  24 48 75 106 284 289 362 524 541 621 664 712 839 868 886 914 943
12  169 283 388 460 541 761 766 788 820 900 935 962
15  57 87 145 195 199 223 285 359 477 522 611 686 778 838 914
13  115 179 268 313 352 359 393 582 738 752 869 985 990
9  61 166 501 542 651 773 828 853 904
12  53 58 80 119 280 352 460 465 471 608 736 817
8  70 269 456 479 632 634 737 937
8  60 418 426 516 529 794 900 966
14  97 221 260 265 315 465 485 582 616 675 686 771 884 946
13  34 130 291 324 359 433 491 572 609 684 877 945 951
10  27 118 268 327 442 594 678 745 753 922
13  116 178 192 322 407 445 451 476 504 690 764 845 863
12  102 234 337 360 481 491 541 657 669 798 912 992
12  27 82 165 281 339 360 555 574 608 794 829 837
18  7 17 26 89 96 131 281 289 329 377 452 503 721 777 877 930 946 982
13  0 102 173 292 339 450 493 541 569 776 909 969 977
7  50 115 176 223 401 749 814
9  307 389 431 453 463 493 549 703 926
13  45 139 240 267 342 519 533 604 699 816 872 884 961
9  158 383 427 505 528 609 636 663 972
9  207 268 391 440 487 624 768 848 893
9  117 149 252 411 441 458 569 708 800
8  36 168 293 434 470 647 700 711
12  64 86 149 175 295 409 430 550 605 643 809 990
7  144 146 365 410 426 525 955
7  153 194 384 391 392 774 938
6  272 461 739 814 888 922
8  82 159 210 564 690 762 868 999
12  26 108 147 276 366 663 669 685 692 697 703 822
7  302 438 481 487 492 858 944
7  141 143 285 367 519 551 641
10  185 222 260 381 542 547 588 616 667 871
9  232 240 257 369 380 820 837 878 952
9  79 93 191 212 256 305 588 675 860
12  55 190 223 289 356 477 529 561 739 831 922 923
6  314 481 513 599 652 956
13  140 154 213 371 376 420 435 498 670 729 880 977 985
7  74 158 216 222 650 766 799
5  145 496 541 620 770
16  46 50 100 118 249 256 450 563 579 637 662 713 763 787 812 877
14  76 149 150 198 388 413 472 510 561 711 750 804 952 973
10  38 158 218 239 245 589 683 722 727 870
10  18 499 509 541 586 588 668 756 927 986
7  62 133 193 289 631 717 879
14  2 23 89 95 132 137 352 572 575 584 763 807 829 841
11  33 34 133 299 393 447 486 548 622 923 951
9  46 298 427 451 482 556 683 864 905
8  37 222 302 320 329 577 591 629
11  107 306 426 448 480 494 497 690 936 940 973
9  152 376 461 593 678 872 924 979 995
8  51 267 406 554 614 735 831 921
9  11 19 70 187 357 403 624 826 896
11  14 177 189 257 282 370 473 519 695 733 777
9  62 69 383 456 670 792 867 940 960
8  161 172 181 203 278 429 468 843
5  104 641 679 821 949
9  61 252 298 312 335 337 799 845 997
8  10 36 49 227 499 663 747 816
14  2 72 129 268 377 380 679 734 765 788 849 900 913 986
13  12 148 196 246 261 324 363 444 744 762 853 893 911
7  25 250 303 545 549 690 993
9  11 88 263 322 437 567 752 845 850
10  35 50 156 437 638 683 730 848 877 964
