1000
103  1 2 4 7 9 12 16 34 35 36 38 40 47 51 52 57 62 65 78 85 86 103 116 121 128 153 164 172 185 194 201 204 209 214 223 228 239 245 258 263 265 271 274 275 277 278 287 288 293 295 299 300 306 325 344 351 357 360 451 454 471 486 513 516 525 536 569 593 594 595 601 621 670 685 691 702 707 715 732 747 748 749 771 776 787 791 797 827 832 835 842 843 857 881 882 887 889 936 946 958 959 984 988
81  0 2 3 4 5 8 9 11 15 16 17 18 21 26 32 38 39 48 52 57 62 63 78 84 103 116 164 182 185 245 263 265 274 277 287 293 299 308 325 341 344 451 454 471 516 525 536 569 593 594 595 601 621 670 675 702 715 719 723 725 728 732 747 749 771 787 791 825 827 832 833 835 842 843 881 882 887 889 936 959 982
67  0 1 4 5 6 8 9 16 24 32 38 40 48 52 63 78 84 103 116 153 164 170 185 201 223 245 265 274 293 299 346 406 451 454 516 525 543 552 569 593 594 595 621 646 670 689 691 702 707 715 720 732 771 787 791 832 835 842 843 872 881 887 930 936 940 959 997
2  1 15
50  0 1 2 5 8 9 11 32 38 40 48 52 60 63 78 103 116 143 164 170 172 185 200 225 245 263 265 292 299 346 406 454 484 499 516 593 594 601 621 670 702 715 732 771 832 835 842 881 887 959
46  1 2 4 8 9 11 16 32 38 39 48 52 83 103 153 164 185 187 245 258 265 288 299 317 344 451 469 474 516 536 562 593 594 621 670 688 702 715 719 791 822 827 832 842 881 959
16  2 9 52 61 153 164 288 319 525 543 702 726 732 771 835 881
50  0 9 10 12 16 23 35 40 52 65 84 85 164 175 260 271 277 288 310 351 451 486 516 521 526 536 562 594 601 621 670 690 702 707 725 732 747 749 762 771 787 825 857 872 881 889 946 956 959 988
56  1 2 4 5 9 14 16 29 32 40 42 45 48 63 93 98 99 103 118 157 164 170 185 194 200 245 277 288 292 311 330 471 474 516 536 552 569 587 601 621 630 670 702 725 732 749 771 787 791 835 881 887 889 956 981 982
72  0 1 2 4 5 6 7 8 10 16 21 22 26 32 35 40 48 52 61 63 72 84 95 103 153 157 164 170 172 180 194 245 260 274 287 288 292 299 300 307 308 319 346 351 451 458 474 499 516 525 543 562 595 601 607 670 675 702 715 719 720 728 732 747 771 791 835 860 881 889 936 959
12  7 9 35 52 164 310 381 562 670 707 720 787
17  1 4 5 15 32 48 116 164 245 265 299 454 670 725 728 842 953
37  0 7 13 16 35 40 65 84 153 164 245 258 260 271 277 288 299 317 330 357 390 399 451 471 516 537 549 581 670 690 732 747 825 887 946 959 988
8  12 269 317 444 512 537 825 946
15  8 45 59 98 99 172 174 245 292 471 536 725 827 887 889
16  1 3 11 27 32 55 164 245 263 619 688 702 732 747 771 881
55  0 1 2 5 7 8 9 12 20 23 35 40 47 52 123 153 164 172 182 187 205 239 245 258 263 265 287 292 300 306 319 344 384 451 471 474 516 541 593 594 595 621 670 702 707 723 732 747 771 776 787 791 825 832 881
23  1 41 49 57 90 112 182 229 260 290 295 471 474 531 534 595 641 702 732 791 832 845 882
7  1 19 25 46 226 758 824
8  18 46 64 297 472 742 836 920
38  16 23 40 75 79 118 153 164 177 205 238 245 258 261 263 264 271 306 311 319 330 332 451 471 474 593 595 621 663 670 702 732 747 771 776 832 835 959
37  1 9 22 26 48 63 113 153 172 274 277 287 293 300 306 451 471 499 516 525 601 651 675 702 705 728 732 747 771 791 827 835 842 881 887 889 959
25  9 21 28 31 33 48 52 113 153 287 300 319 440 451 462 702 705 707 725 771 791 802 827 835 984
26  7 16 20 40 53 84 118 153 164 172 187 245 277 384 471 516 536 594 621 707 723 725 749 825 835 884
44  2 30 37 52 68 77 158 170 181 212 222 223 260 274 345 435 481 490 494 552 569 584 593 594 621 646 686 690 691 702 725 728 732 771 811 825 827 843 863 872 882 887 942 997
2  18 46
32  1 9 21 32 48 62 63 153 164 165 172 177 182 245 258 319 451 454 471 499 601 661 675 702 707 715 732 747 749 771 889 973
6  15 32 245 732 771 881
10  22 31 113 153 293 702 725 732 827 835
15  8 45 70 110 174 292 471 670 702 715 725 732 839 889 981
16  24 37 158 222 516 562 569 621 646 686 691 719 771 787 872 882
21  22 28 48 52 113 153 288 300 325 331 569 607 702 715 732 771 791 827 835 882 887
26  1 2 4 5 8 9 11 15 26 27 48 63 164 170 172 245 319 454 595 702 732 771 881 887 930 959
15  22 44 141 156 242 262 266 440 533 705 802 827 835 896 984
15  0 35 164 201 311 417 471 474 516 594 621 715 725 732 882
44  0 7 9 10 12 16 34 40 63 88 153 164 185 201 239 245 258 260 274 277 292 299 310 311 319 417 471 474 516 525 562 593 594 621 702 707 715 725 732 747 787 825 827 882
13  0 54 201 214 228 258 281 349 471 601 621 748 887
45  24 30 43 82 97 100 107 136 138 158 212 221 222 241 312 320 345 435 463 474 555 562 569 571 621 646 686 691 702 728 732 747 749 771 811 825 827 843 863 872 887 889 953 996 997
25  0 1 2 4 5 48 52 103 116 164 263 265 292 299 594 621 633 670 685 715 732 747 797 842 958
10  1 5 48 245 344 593 670 787 827 959
54  0 2 4 7 8 9 12 16 20 23 35 53 79 118 153 154 164 172 177 185 187 205 245 258 260 277 288 292 293 300 319 330 451 454 471 474 481 549 569 594 595 601 621 663 702 707 723 725 732 771 776 791 808 825
18  17 80 147 260 471 474 481 507 621 652 700 702 712 732 749 791 845 997
36  8 93 99 101 116 153 164 177 185 245 258 274 288 311 319 344 419 471 474 536 542 569 595 601 707 714 725 732 749 787 791 881 889 953 959 982
34  37 56 82 94 97 176 192 212 312 320 327 420 463 475 555 569 571 607 646 686 690 702 728 732 749 771 811 842 843 887 930 937 996 997
17  33 50 58 141 156 216 242 255 262 291 339 440 533 678 802 896 984
16  8 14 29 59 170 174 292 309 471 511 587 630 653 733 889 936
14  18 19 25 67 89 151 297 348 459 485 529 742 824 920
14  0 16 103 153 172 245 258 306 471 679 702 732 787 887
47  1 2 4 5 8 9 11 21 22 26 31 32 38 39 52 66 116 153 164 172 185 245 270 288 293 319 325 569 593 594 595 601 670 675 702 715 725 728 732 749 771 787 791 835 882 953 959
4  17 130 290 338
16  44 141 216 242 255 262 291 323 339 440 678 701 795 802 821 896
16  0 65 81 116 201 204 239 245 288 299 593 670 715 791 959 997
45  0 1 2 4 5 6 7 9 10 16 22 24 31 38 48 66 116 153 164 170 172 185 201 245 260 293 299 319 345 457 474 536 542 593 594 607 670 702 725 732 771 787 791 835 887
18  23 40 79 153 164 172 177 311 319 471 536 702 715 725 732 808 825 835
8  36 258 349 397 430 601 621 681
10  15 74 189 196 460 596 619 667 688 755
29  43 94 97 124 158 192 212 312 327 420 463 475 555 569 571 578 607 681 686 702 732 749 791 811 842 843 887 996 997
14  0 1 17 245 260 265 275 295 454 471 474 827 832 887
6  44 111 316 369 992 998
14  14 45 91 117 142 163 211 292 425 511 790 825 827 889
5  4 172 207 411 413
22  6 9 95 102 126 135 139 153 157 194 202 288 410 525 543 640 702 707 749 772 835 881
13  0 1 26 65 164 177 274 288 299 471 732 889 959
47  1 2 4 8 9 21 26 32 35 88 113 153 164 165 172 185 245 258 274 277 288 292 319 451 458 484 499 523 525 594 607 624 702 707 715 723 725 732 747 787 791 825 856 882 887 936 997
8  19 69 297 466 472 804 836 952
28  0 7 12 51 62 76 125 204 228 239 288 299 326 344 471 478 536 549 593 645 707 715 749 825 842 887 892 959
27  48 52 96 115 116 172 185 209 270 285 293 319 322 350 370 395 441 474 528 601 702 757 771 791 831 841 912
14  46 71 73 151 234 348 416 428 459 485 529 742 920 980
15  24 77 159 222 474 481 552 601 607 681 702 771 825 827 882
2  64 836
5  29 110 471 715 937
10  67 73 166 348 366 416 428 459 485 529
3  9 346 791
10  67 71 234 253 348 416 428 485 529 960
4  55 460 527 596
20  20 146 168 203 205 238 245 258 271 273 274 329 330 375 567 686 702 716 747 827
15  65 125 132 144 204 239 326 478 536 593 642 664 715 749 959
8  24 68 159 222 260 474 827 958
9  0 1 2 4 86 451 734 881 910
28  20 40 53 87 118 153 164 172 177 240 258 301 319 332 344 355 387 471 474 595 631 663 723 732 763 827 835 842
16  41 147 260 307 407 417 471 474 507 691 702 712 732 749 791 845
22  51 131 133 193 237 239 248 299 314 344 536 593 594 670 697 702 711 715 732 835 925 997
23  37 43 94 97 138 158 221 334 439 445 463 555 562 569 571 686 749 811 843 872 887 996 997
21  5 103 161 164 180 187 258 265 274 288 319 562 593 594 670 683 702 822 825 881 959
23  1 2 7 9 12 23 118 153 164 238 258 263 288 319 357 387 474 516 594 601 702 771 791
9  0 7 92 109 114 121 201 230 787
4  0 78 451 881
13  79 118 172 240 258 301 355 387 587 595 663 763 835
29  35 63 113 153 185 215 245 258 274 277 292 295 300 310 451 525 562 601 624 702 707 725 732 747 787 791 825 954 959
5  46 129 151 529 920
18  17 106 112 134 188 229 260 276 294 391 415 457 534 620 702 756 882 986
6  59 117 211 425 790 825
6  85 109 149 160 374 649
17  8 42 99 101 103 105 116 153 164 245 274 670 749 791 881 887 908
35  43 56 82 97 148 158 169 221 241 327 337 359 420 463 475 562 569 571 607 686 691 702 732 749 771 787 811 847 858 872 887 937 958 996 997
4  9 61 104 543
14  66 116 209 293 322 350 370 404 443 568 595 629 831 835
31  37 43 56 82 94 158 212 221 241 312 320 437 463 474 475 516 555 569 571 578 663 686 691 747 749 771 811 844 858 996 997
14  8 14 99 108 245 319 471 536 702 723 725 749 791 874
30  8 14 42 93 98 101 103 105 116 119 153 172 245 274 306 311 319 379 479 536 647 670 787 791 832 881 906 959 982 997
11  37 107 212 221 222 436 673 719 825 863 889
20  42 93 99 103 105 116 153 245 258 274 292 474 479 495 670 723 791 825 881 889
8  61 157 194 525 702 707 749 881
42  0 1 2 4 5 8 9 38 47 83 93 99 101 105 116 153 161 164 170 172 180 245 258 263 274 299 306 319 358 454 471 594 647 670 702 715 725 728 791 835 906 959
7  95 122 150 184 251 543 687
21  93 99 101 103 116 137 164 201 245 258 274 292 340 562 670 672 723 881 906 959 974
7  90 134 229 391 502 534 882
8  37 100 212 312 474 555 825 863
3  98 319 725
4  85 92 149 374
9  29 70 471 474 702 715 787 937 997
11  58 120 152 316 324 456 655 801 963 976 998
10  17 90 182 188 250 276 454 756 798 986
23  21 22 28 31 63 88 153 232 245 258 274 287 288 300 303 451 562 659 675 702 707 725 827
4  85 121 201 245
20  66 116 127 209 220 293 364 370 438 441 528 595 670 718 732 757 771 792 835 876
43  0 1 2 4 11 38 42 48 51 52 66 93 96 99 101 103 105 115 128 153 164 172 177 185 201 209 245 258 274 293 299 454 474 542 563 670 702 725 787 835 881 953 988
11  59 91 163 211 394 425 500 676 790 825 827
34  8 20 23 40 79 84 87 140 153 164 172 177 238 258 263 301 306 357 387 471 474 516 587 595 663 702 732 749 771 787 832 839 959 997
17  99 153 185 186 245 247 293 525 647 682 707 722 730 732 825 959 997
10  111 145 152 197 282 455 655 949 963 976
9  0 85 114 201 245 451 702 725 787
3  104 150 724
5  16 227 245 732 747
10  56 199 256 327 412 463 580 777 842 997
13  65 76 204 239 299 311 593 670 715 827 835 959 997
1  61
7  115 213 220 293 732 757 865
9  0 116 162 172 185 560 618 725 927
4  89 167 210 920
3  49 290 338
7  81 231 606 625 702 969 970
7  76 178 239 326 478 536 959
12  81 173 248 477 601 670 691 715 725 732 787 925
4  90 106 488 648
5  61 202 208 525 647
4  37 465 556 646
6  105 258 274 340 497 974
7  37 82 158 221 426 463 889
5  61 473 525 607 732
11  118 164 172 371 474 587 652 723 747 787 832
13  33 44 50 156 242 262 291 440 678 795 802 821 984
13  59 155 163 211 257 450 500 511 713 744 790 825 973
2  4 959
5  76 239 536 601 664
5  120 152 254 655 976
8  75 168 203 271 574 747 827 853
19  41 80 183 224 260 328 471 474 481 507 587 607 621 690 700 702 732 749 994
11  94 268 389 569 707 787 803 843 847 850 997
3  92 109 904
5  104 122 206 470 869
10  46 67 89 283 508 529 736 742 824 920
7  111 120 145 197 254 655 976
77  0 2 5 6 9 12 16 20 21 22 23 26 28 31 35 40 42 47 48 52 53 61 63 79 84 88 93 99 101 103 113 116 118 119 164 170 172 177 185 245 252 258 274 277 288 292 293 306 317 319 330 357 451 471 474 479 525 536 543 554 562 563 624 666 702 707 715 725 732 747 749 771 791 825 835 881 959
8  40 177 264 311 319 471 732 959
15  142 179 190 191 257 354 450 500 713 790 825 864 947 968 973
9  33 44 141 242 262 291 533 802 917
8  8 9 61 102 194 330 702 881
33  24 30 37 56 82 94 97 138 192 212 221 274 312 327 426 445 463 516 522 569 686 691 702 728 749 791 827 835 842 867 882 889 953
3  68 77 474
4  92 373 374 767
9  83 103 164 172 180 245 274 319 647
2  128 927
7  59 117 142 211 500 790 825
83  0 1 2 4 5 6 7 8 9 10 11 12 15 16 20 23 26 32 34 35 38 40 42 48 52 53 62 63 79 83 84 93 103 105 116 118 140 153 161 170 172 177 180 185 187 201 205 238 245 258 260 265 274 288 311 319 330 344 357 451 514 516 587 594 652 670 702 715 725 728 732 747 749 771 787 797 825 827 835 872 881 908 959
11  26 63 172 245 483 601 624 702 715 825 889
5  71 171 218 427 710
2  129 809
12  75 146 203 236 271 287 567 599 723 747 827 965
10  94 198 246 337 475 732 811 858 872 937
38  2 4 8 9 24 32 45 52 103 153 164 172 222 274 319 344 516 536 542 562 593 595 621 630 670 702 723 725 728 730 732 747 827 835 881 887 889 942
3  166 218 427
69  0 4 9 14 16 21 23 26 32 40 47 48 52 53 60 63 66 79 87 99 103 116 118 128 140 153 161 164 165 170 177 180 185 187 222 238 245 258 264 274 292 293 306 311 319 371 471 474 536 542 569 587 594 595 601 607 663 691 702 723 732 747 749 787 825 839 842 881 959
4  133 477 799 862
8  14 29 45 309 421 471 747 887
9  7 367 486 526 536 551 660 707 956
3  43 771 842
36  20 26 40 42 53 62 79 116 118 153 154 164 172 185 205 245 258 264 274 311 319 330 357 380 471 474 516 594 702 707 725 732 771 825 842 959
3  132 478 536
6  155 190 191 450 713 825
17  9 83 103 161 164 172 185 187 258 274 569 719 725 728 771 791 884
3  24 614 811
14  1 16 17 26 112 195 260 401 454 474 542 546 732 740
3  147 328 994
2  104 393
66  0 1 2 4 5 8 35 40 42 48 52 63 66 88 116 119 128 153 164 172 177 180 187 205 215 238 245 258 274 288 292 293 319 344 395 400 424 451 462 474 516 536 542 562 569 594 595 621 702 707 715 717 723 725 728 732 747 787 791 825 835 842 874 882 959 973
4  119 293 647 732
28  5 16 23 40 83 164 172 180 185 238 245 260 357 451 474 536 594 595 702 707 728 732 747 825 842 881 884 973
10  90 112 276 284 294 449 454 597 756 820
4  55 460 619 688
5  155 179 191 450 968
6  155 179 190 450 782 968
14  43 56 158 212 569 686 691 702 728 747 749 771 825 842
11  81 248 299 344 621 702 715 732 840 958 997
18  0 8 9 61 102 157 201 259 330 471 474 516 621 663 691 702 707 881
9  182 249 401 474 542 732 747 764 931
5  55 460 596 688 755
4  120 152 655 794
13  169 246 296 337 505 561 569 681 732 791 811 858 872
4  124 580 777 997
3  4 8 265
32  0 2 34 35 36 51 52 85 105 114 116 121 164 194 219 245 258 280 293 299 311 330 344 382 501 523 594 702 747 787 857 889
5  61 135 208 525 647
7  75 146 168 287 567 747 827
23  0 51 65 76 125 233 239 299 344 398 478 536 593 594 601 668 670 732 827 835 840 842 959
16  16 20 40 75 164 177 185 245 258 288 319 330 451 702 776 825
3  150 611 869
2  60 347
3  135 202 647
17  0 66 96 115 116 293 295 443 516 528 542 595 702 827 835 881 916
2  129 298
10  59 91 117 142 163 257 425 500 790 825
23  24 37 43 56 97 100 107 158 192 221 241 312 435 437 516 555 686 691 702 747 749 771 842
4  127 757 791 865
9  0 36 217 278 286 360 510 654 748
16  88 185 245 258 273 274 292 295 400 516 562 702 723 725 787 889
6  44 50 255 339 678 745
7  214 278 286 360 654 851 944
3  166 171 710
5  201 258 299 311 434
4  115 127 732 921
23  37 82 94 97 100 138 158 212 241 426 435 562 569 646 691 702 715 719 732 771 825 887 889
29  24 30 37 68 77 100 170 172 260 319 474 481 516 519 562 569 585 646 681 691 702 707 732 766 825 827 843 882 889
5  0 2 24 751 791
11  147 260 275 328 471 481 587 690 702 749 959
4  4 289 406 783
4  18 386 750 758
4  123 245 267 732
4  0 36 65 362
10  17 90 106 235 290 294 506 534 641 882
3  85 243 418
4  131 606 625 895
8  113 258 271 562 725 747 791 936
3  204 344 842
11  67 73 272 313 342 348 405 428 459 485 529
2  229 506
4  168 244 567 747
4  81 314 566 702
24  20 75 84 118 164 172 185 187 245 258 357 474 516 536 594 595 607 702 732 747 825 827 832 997
22  0 16 35 51 65 76 81 125 132 144 204 245 258 277 299 344 536 593 601 702 715 827
9  79 87 258 292 344 355 387 595 835
12  37 94 97 212 221 320 426 435 686 691 771 887
14  33 44 50 141 156 262 291 335 678 795 802 807 821 917
2  230 321
2  236 709
92  0 1 2 4 5 8 9 11 12 14 15 16 20 23 26 27 32 35 39 40 42 47 48 51 52 57 63 75 88 93 98 99 101 103 105 113 114 116 119 121 123 153 161 164 165 172 177 185 187 201 205 215 227 238 239 258 260 274 288 292 293 305 306 311 319 344 454 471 474 516 523 525 536 594 619 670 688 690 702 707 715 725 728 732 771 825 827 832 887 888 889 906
12  169 198 376 475 476 548 561 732 811 872 937 958
8  119 293 392 487 493 524 536 730
16  81 133 193 299 344 594 601 670 689 702 715 732 787 791 825 887
3  195 464 542
3  112 276 454
3  104 570 605
4  153 288 573 898
3  73 333 529
3  145 152 655
6  44 50 216 339 440 678
5  124 412 463 777 823
11  142 155 211 378 425 450 500 790 825 973 985
79  0 5 12 16 20 26 35 36 40 42 47 54 63 75 79 83 84 87 88 101 103 105 113 116 118 137 153 164 172 177 180 185 201 205 215 219 232 238 239 240 245 263 271 273 274 278 287 292 295 306 311 319 344 349 371 387 474 516 536 562 594 601 621 670 702 707 723 725 732 747 748 787 791 839 887 911 936 959 984
3  194 474 770
57  7 9 12 17 24 35 40 41 52 57 77 80 90 147 164 182 187 222 224 245 275 288 292 295 300 307 310 344 345 357 417 451 457 471 474 507 516 546 590 594 607 702 707 732 747 749 787 825 827 832 860 872 882 887 958 959 997
2  20 595
10  33 44 50 141 156 242 431 741 795 917
21  0 1 4 15 16 20 38 84 103 118 258 292 299 349 594 621 702 747 749 791 839
12  20 154 172 177 274 311 319 451 471 474 702 959
36  0 1 2 4 5 11 16 38 57 83 164 200 275 292 295 349 451 454 471 474 507 525 593 594 601 670 685 688 725 732 749 771 827 881 887 959
1  33
2  227 732
6  148 361 442 707 787 850
6  13 317 512 540 875 889
4  48 66 594 675
15  0 7 12 20 75 146 168 232 258 287 516 707 747 791 995
9  234 279 313 342 402 405 485 529 922
11  75 215 258 274 292 306 594 670 702 889 911
65  0 1 2 9 21 24 35 42 62 63 75 83 88 93 99 101 103 105 113 116 137 153 158 161 164 170 172 177 180 185 215 245 258 264 273 292 293 306 310 319 340 395 471 474 546 562 594 601 675 686 702 705 719 720 723 725 732 747 771 787 827 881 959 973 984
22  0 57 224 260 265 288 292 293 295 345 471 481 507 525 594 595 670 691 702 827 887 959
9  90 112 188 250 356 449 454 620 820
26  0 1 7 8 12 21 23 35 40 63 88 153 239 292 471 521 525 536 601 624 690 723 749 762 771 887
7  0 214 217 258 360 447 654
3  272 342 402
4  201 344 382 827
3  36 318 601
4  120 304 343 408
7  151 336 508 736 824 920 957
6  188 294 449 454 484 499
6  66 322 350 370 831 926
5  214 217 360 510 654
25  0 1 9 16 21 22 113 168 203 258 271 300 308 319 325 446 516 569 702 707 723 747 791 827 887
55  0 5 6 7 8 9 12 31 40 42 48 51 61 62 63 65 83 84 113 153 164 185 205 245 252 260 275 344 353 432 451 471 474 481 492 507 536 549 562 573 593 594 595 688 697 702 707 715 732 771 791 825 835 953 959
2  225 855
5  17 49 130 229 338
9  44 50 141 156 242 440 701 795 802
70  4 8 9 14 16 29 35 38 40 45 59 63 88 101 105 153 172 185 215 240 245 258 260 263 265 273 274 275 277 295 299 306 309 310 319 344 349 363 387 425 458 471 474 507 536 543 549 562 594 595 601 670 685 690 702 707 723 725 728 732 747 787 791 825 827 839 842 881 936 959
43  0 1 2 21 28 40 48 52 66 96 115 116 119 127 153 172 185 186 201 209 245 247 274 275 295 452 471 481 493 525 536 594 595 647 702 723 730 732 749 791 835 887 982
10  90 188 229 284 454 467 484 499 702 854
36  0 17 57 88 209 215 258 260 265 275 292 293 319 363 458 471 474 481 494 516 562 569 595 607 609 621 702 723 728 732 791 827 882 959 982 997
15  198 337 352 385 561 569 681 707 732 747 791 811 858 872 930
4  19 46 64 785
1  210
45  0 1 2 4 5 9 11 12 35 38 51 52 62 65 81 103 116 125 193 201 204 219 239 248 263 292 302 311 317 319 349 536 593 594 601 670 702 715 725 732 791 840 889 959 997
27  0 9 16 21 22 31 40 88 113 260 287 319 325 451 516 569 690 702 707 723 732 771 791 825 827 835 887
11  79 87 118 332 387 471 595 663 707 763 984
7  299 403 491 536 547 594 732
3  113 707 827
3  282 343 408
2  245 525
23  0 16 20 21 47 99 103 118 153 172 245 258 273 274 292 311 319 471 474 621 732 776 791
9  9 80 260 319 474 546 818 832 860
5  1 9 287 319 702
5  45 174 292 707 936
19  7 10 35 88 260 274 292 315 351 368 562 594 697 702 707 720 732 771 825
44  8 20 34 35 42 53 99 125 154 164 172 177 201 219 245 258 264 299 306 319 330 344 349 396 471 474 507 514 516 536 593 601 621 670 688 702 715 732 837 839 882 887 959 997
16  37 43 56 97 107 158 212 435 538 555 646 686 702 747 771 930
5  234 272 405 485 529
5  81 237 566 702 711
7  310 365 368 489 572 594 704
6  58 111 369 456 992 998
11  5 12 13 153 269 299 512 601 825 832 889
6  281 635 735 873 879 897
87  6 9 16 20 22 26 32 35 40 42 48 52 53 63 66 79 83 84 98 99 103 108 153 154 161 164 170 172 177 185 205 222 245 258 264 274 287 292 295 299 300 306 307 308 311 325 330 344 380 451 458 462 471 474 499 516 519 536 542 546 562 569 590 593 595 601 621 646 690 691 702 707 715 723 725 732 747 749 776 787 791 797 827 860 881 889 997
7  37 43 97 241 435 686 842
2  243 650
5  66 96 285 370 831
4  50 693 706 802
1  111
19  0 1 31 48 287 300 319 544 569 601 626 702 732 791 811 835 932 959 966
14  65 76 132 478 530 536 562 608 699 788 812 827 887 959
14  43 56 94 124 158 420 475 509 571 686 749 842 937 997
9  147 183 224 474 481 577 690 702 749
5  75 375 518 615 747
33  8 12 20 40 75 153 157 164 177 194 201 205 311 319 349 380 451 471 474 514 516 621 670 691 697 702 707 719 732 771 825 887 930
2  31 835
11  20 79 301 387 471 520 595 631 663 707 763
2  253 754
5  82 383 439 843 996
3  242 807 955
1  283
15  94 169 198 296 385 475 569 681 702 732 747 749 811 858 872
3  49 130 290
8  44 50 216 255 440 678 701 795
7  105 137 274 377 448 497 974
6  1 525 723 747 810 872
7  234 272 279 402 485 532 846
3  282 304 503
56  0 1 5 16 39 42 65 79 81 164 170 185 193 201 204 233 239 240 245 248 258 260 280 288 292 311 319 371 432 471 474 478 507 536 549 562 584 593 594 595 601 621 670 691 702 715 725 732 747 787 825 827 835 842 872 887
11  24 37 52 260 275 471 773 827 871 887 909
4  2 4 9 72
1  207
11  46 67 71 73 234 405 416 428 459 485 529
26  36 54 258 263 265 292 299 311 330 380 471 474 507 536 595 601 621 670 707 723 732 747 787 827 887 939
6  66 96 285 370 388 629
5  0 7 9 310 562
4  296 385 681 811
15  288 432 471 474 492 536 549 593 697 702 707 771 825 827 959
5  155 450 713 864 947
7  79 87 240 387 632 827 835
4  276 454 620 732
21  0 12 84 118 153 164 177 187 238 260 422 516 594 690 702 707 728 732 771 787 825
2  103 482
7  94 571 598 612 728 887 964
9  0 214 217 278 286 372 510 654 944
1  268
2  228 639
11  292 295 387 458 474 516 536 595 607 621 702
3  115 771 876
4  315 368 594 704
2  71 416
5  175 486 526 536 857
6  310 315 365 562 594 842
5  58 316 550 644 743
8  66 96 115 285 322 350 438 831
21  140 172 258 344 432 471 474 478 496 536 546 587 621 652 702 723 749 787 825 832 997
4  360 510 654 708
3  160 617 767
4  92 109 160 933
4  75 329 518 747
1  246
2  340 497
2  257 450
4  99 453 461 813
10  177 319 330 349 414 474 601 702 707 887
8  10 670 674 707 787 793 832 847
3  201 280 889
5  334 433 480 684 731
4  16 23 471 621
9  296 337 352 561 569 671 681 747 811
3  226 637 750
22  79 84 87 118 240 258 292 301 332 355 363 474 516 594 595 702 763 827 842 881 959 984
2  350 539
2  148 603
3  12 581 658
2  90 106
2  247 730
3  184 409 634
4  117 500 825 827
4  66 185 274 686
7  311 471 507 621 670 715 749
1  54
4  204 668 842 959
3  12 516 732
12  185 215 424 569 686 702 720 723 725 728 747 787
7  182 195 454 474 542 732 747
4  272 279 342 846
3  302 491 536
3  96 504 629
8  234 272 313 348 485 515 529 883
4  2 4 225 791
8  80 423 471 474 691 712 732 881
2  282 304
2  393 951
1  61
2  60 413
3  124 256 777
6  60 411 468 564 778 971
6  380 429 474 536 601 887
2  90 914
9  67 71 73 348 366 428 485 529 698
6  34 35 80 260 471 474
1  230
1  42
16  43 56 94 327 475 509 517 555 571 686 728 747 764 771 889 937
1  174
4  357 592 690 702
5  407 474 558 616 784
8  185 400 562 569 686 702 728 747
16  59 91 117 211 257 292 450 500 622 747 790 816 825 903 973 985
8  138 158 221 241 435 569 702 889
5  166 171 535 710 806
11  67 71 73 234 348 416 459 485 529 695 848
3  414 474 536
4  54 601 681 839
4  262 729 741 795
11  288 344 353 371 471 474 536 549 601 825 827
4  383 480 731 943
2  219 589
15  24 37 212 221 241 312 320 426 490 538 571 646 691 702 747
3  100 826 885
3  97 212 516
6  115 370 579 694 817 831
8  82 334 445 555 728 825 996 997
13  22 33 44 50 141 255 291 339 662 678 701 802 896
4  66 115 732 771
1  268
3  96 209 835
3  13 780 946
8  82 158 439 728 730 747 764 771
3  287 702 707
2  278 834
2  340 497
5  188 276 284 454 620
10  142 155 179 190 191 257 354 378 425 864
55  0 1 2 5 7 9 12 16 20 21 22 26 40 63 78 86 88 113 121 153 164 185 187 205 260 264 265 288 300 319 330 462 471 499 516 525 569 590 593 594 690 691 697 702 707 715 732 747 749 771 825 827 881 887 889
3  293 702 732
3  379 813 934
32  0 1 2 4 11 26 32 40 57 103 112 116 182 188 245 250 265 276 284 294 356 401 449 484 499 542 620 688 702 732 820 828
3  120 655 963
2  111 316
5  52 90 260 607 732
18  9 63 292 295 319 363 471 474 481 516 607 646 702 719 747 789 791 993
9  46 67 71 234 348 428 485 529 980
7  55 74 189 196 527 596 680
1  379
8  22 185 319 451 747 771 825 860
10  37 43 56 82 94 97 124 138 158 256
3  249 636 786
2  136 556
2  64 498
4  294 484 499 881
2  413 778
2  5 594
3  150 623 869
95  0 1 8 12 14 16 17 20 21 23 26 29 34 35 36 40 41 42 45 47 53 57 62 65 70 79 80 98 103 110 118 147 153 154 172 174 177 194 224 245 260 264 265 274 275 277 288 292 293 295 301 306 311 319 330 332 344 345 349 353 371 384 396 407 417 432 451 458 474 481 507 516 536 549 587 590 601 621 652 663 670 691 697 702 715 725 732 747 749 771 776 887 937 959 997
3  19 64 836
6  139 525 607 657 681 732
110  5 8 9 16 17 20 34 35 37 40 41 42 52 57 66 68 77 79 80 84 97 101 107 110 116 118 140 147 153 159 172 177 182 185 187 194 195 222 238 245 258 259 260 264 265 274 288 292 295 306 307 311 319 328 330 344 349 353 363 371 380 387 401 407 414 417 423 429 432 458 471 481 494 496 516 531 536 542 546 549 557 562 584 587 593 594 595 601 607 621 652 663 691 702 707 715 725 728 732 747 771 784 787 825 827 881 882 936 942 997
20  43 56 94 97 169 246 327 337 420 561 569 681 686 732 747 811 842 858 872 889
5  246 561 582 747 811
4  133 173 670 925
13  65 76 132 178 204 326 344 371 496 536 601 732 788
4  99 101 153 861
4  383 433 731 943
34  24 40 41 68 147 222 224 275 288 293 295 328 458 471 474 494 516 536 562 569 587 595 601 607 621 702 707 719 732 749 771 825 889 907
1  358
6  165 601 624 835 889 959
9  4 63 284 294 454 467 499 620 702
18  46 67 71 73 234 272 313 342 348 405 416 428 459 529 824 846 920 980
13  0 7 175 367 536 551 621 660 707 768 857 913 956
3  247 738 975
3  134 575 781
2  315 989
7  24 435 538 621 646 652 747
3  302 403 536
6  288 353 549 593 697 959
3  247 293 732
13  24 295 474 481 516 569 584 595 621 702 749 771 942
3  101 825 881
7  371 474 478 587 652 732 825
5  137 340 377 448 753
1  466
17  4 9 21 26 63 284 294 319 451 454 467 484 516 690 707 732 881
10  117 142 155 163 211 257 394 425 511 790
2  201 901
2  106 643
1  343
1  404
2  198 811
2  229 235
29  41 80 147 260 265 275 288 292 311 344 349 396 471 516 536 549 573 593 594 601 621 670 702 725 732 747 787 825 835
6  151 283 529 736 824 920
3  327 420 686
7  214 286 360 372 591 654 944
4  45 59 142 500
5  13 269 317 545 889
2  0 593
5  164 311 330 670 732
1  405
82  0 1 2 4 5 7 8 9 12 16 21 23 30 34 35 84 97 118 158 164 170 177 185 194 209 212 215 222 238 245 258 260 271 287 295 300 311 319 330 357 363 387 399 437 451 458 471 474 481 494 499 507 519 525 536 562 569 584 594 595 607 621 681 690 691 702 707 725 728 732 747 771 787 791 825 827 835 842 860 881 887 889
3  420 764 937
3  329 375 747
16  222 319 516 536 542 551 562 569 666 681 702 707 719 797 827 889
3  332 576 631
6  7 277 536 690 707 762
2  158 867
5  63 201 245 619 688
2  247 730
42  0 1 2 6 9 21 35 61 63 88 102 119 135 139 153 202 245 265 275 277 293 305 341 451 473 516 594 601 607 624 647 681 707 732 747 749 791 835 842 881 887 995
6  7 175 367 536 660 857
4  74 460 610 977
5  66 115 209 542 732
20  46 67 71 73 89 151 234 253 272 313 348 405 416 428 459 485 508 736 824 980
1  326
6  17 474 557 565 593 732
1  342
7  33 44 156 705 802 917 984
5  17 90 106 229 553
1  427
89  0 1 5 7 8 14 23 42 52 53 65 76 81 98 99 132 144 153 170 172 175 178 185 187 204 238 239 245 247 258 277 288 292 293 299 302 311 319 326 344 349 353 363 367 371 403 414 429 432 471 474 478 481 486 491 507 516 519 521 526 546 551 562 569 593 594 595 601 652 666 688 690 702 707 715 723 728 730 732 747 749 811 825 827 835 842 857 956 997
3  12 13 988
9  312 435 490 555 559 646 702 703 747
2  388 796
3  269 875 890
3  16 621 870
20  42 52 116 170 172 182 185 195 209 249 319 401 454 474 519 528 732 747 827 942
13  2 6 9 61 95 104 153 292 601 707 732 771 839
7  325 569 583 604 686 732 959
2  512 677
16  182 260 274 307 319 371 474 536 569 590 595 652 702 825 832 958
2  302 692
3  246 588 765
20  12 40 65 288 292 344 353 432 471 474 492 507 593 702 707 715 725 771 825 881
4  369 586 644 743
7  175 486 519 536 562 569 707
6  2 8 24 68 771 787
3  534 627 696
1  153
17  37 43 56 82 97 107 212 312 420 439 538 646 702 728 747 825 827
2  136 465
4  474 531 600 732
4  423 616 752 784
5  538 646 703 747 915
1  128
15  198 246 296 385 475 476 582 671 681 686 747 791 811 858 978
64  5 7 9 10 30 35 37 82 83 88 94 105 113 153 170 185 215 221 222 232 258 274 288 292 295 310 319 326 344 351 368 424 474 481 516 519 536 551 569 584 594 595 601 607 621 666 686 702 707 715 719 725 732 747 771 787 791 825 827 842 881 887 889 953
2  116 153
3  413 669 819
1  531
3  237 314 702
5  75 168 203 236 747
1  96
77  0 1 2 8 24 30 31 37 40 42 43 48 56 82 94 97 148 158 172 180 185 192 198 221 222 287 295 296 300 319 325 337 385 400 424 426 451 475 481 494 516 519 536 544 546 551 562 584 590 594 595 604 607 621 646 671 681 686 691 702 707 728 732 747 749 771 791 811 827 832 842 843 850 882 887 889 959
3  251 602 605
19  37 43 56 82 94 97 327 359 420 435 598 702 728 747 771 787 842 887 964
3  315 704 760
7  252 288 507 593 638 702 732
1  146
2  488 781
1  520
3  328 702 707
5  56 97 805 811 844
3  438 694 817
4  124 199 777 997
2  12 390
3  476 561 747
3  544 604 893
21  24 344 474 494 516 562 569 590 594 595 621 690 691 702 715 728 732 825 827 889 997
3  222 707 983
2  550 743
23  8 45 87 118 140 147 164 172 224 371 471 474 481 496 595 607 621 702 732 749 827 936 959
1  548
1  434
17  260 319 451 471 546 569 584 594 595 607 690 691 702 732 832 881 959
2  510 944
5  422 690 814 990 994
57  0 1 2 4 5 16 20 24 35 39 48 51 52 65 76 81 83 125 170 204 239 265 288 299 311 319 344 353 451 474 492 507 513 531 536 549 573 594 595 601 638 652 670 690 702 715 723 725 728 732 749 825 835 842 889 959 997
87  0 1 2 4 5 7 16 23 24 34 35 38 40 48 52 63 81 83 84 103 164 172 177 185 187 201 204 238 245 248 258 260 263 265 270 273 274 275 288 292 293 299 302 310 315 344 357 365 368 387 451 469 474 507 516 525 536 562 569 584 590 593 595 601 607 621 624 670 675 681 686 690 697 702 707 728 732 771 791 825 827 835 842 881 887 936 995
74  0 1 2 9 16 17 20 32 40 42 48 79 87 96 115 118 170 172 185 187 209 238 240 261 275 288 292 293 295 301 319 332 344 349 363 387 474 481 494 516 536 546 562 569 584 587 590 593 594 601 607 621 685 690 691 697 702 707 725 728 732 747 771 787 797 825 827 835 839 887 889 942 953 984
5  55 74 196 460 680
2  188 820
3  359 571 728
4  168 747 800 965
1  557
77  0 1 4 7 8 9 21 26 36 40 42 48 54 66 68 84 88 133 144 165 172 204 239 248 258 265 274 277 281 292 299 311 317 319 325 344 349 380 414 430 432 471 474 478 481 483 507 525 536 543 562 593 594 595 607 613 621 628 681 685 691 702 707 725 732 747 749 757 771 797 835 839 887 889 959 995 997
2  570 829
1  389
10  544 569 583 671 686 691 732 747 771 886
2  251 570
5  131 231 625 868 895
45  9 31 43 52 56 63 68 94 139 147 172 238 260 295 363 457 458 473 474 481 516 525 562 569 587 590 594 595 601 621 681 690 691 702 707 728 732 747 787 791 827 835 887 953 996
1  326
2  295 702
2  527 737
2  206 935
1  359
5  601 621 685 747 797
1  181
1  329
4  423 558 752 784
1  373
4  128 725 825 927
7  15 55 189 245 523 688 732
6  90 276 356 449 454 484
76  0 1 2 4 5 7 8 16 20 23 24 30 34 35 36 37 38 40 41 54 147 170 185 193 194 258 263 295 306 311 319 330 344 349 363 371 384 396 471 474 481 486 490 494 507 516 541 562 569 584 587 594 595 601 607 613 646 652 670 671 681 686 690 691 702 707 728 730 732 747 749 771 787 791 797 997
1  425
2  470 869
15  63 88 153 165 277 483 525 594 690 707 723 791 825 887 889
3  131 231 606
2  325 902
1  553
3  601 702 747
3  96 350 404
8  8 45 170 721 725 747 835 874
5  79 332 520 835 928
2  355 835
4  38 732 747 797
1  393
2  318 735
1  464
5  386 750 758 961 987
8  573 593 665 702 732 771 815 859
2  362 900
2  61 656
2  17 229
2  76 769
1  502
3  369 550 743
2  65 891
31  2 24 30 37 43 136 221 222 312 319 435 458 490 538 555 559 569 621 652 691 702 719 728 732 747 771 787 791 825 843 889
11  99 103 119 135 161 186 202 208 293 525 732
1  134
2  92 739
1  321
3  21 941 999
20  41 140 164 371 471 474 490 496 536 546 593 621 646 702 732 747 771 787 827 938
2  45 746
8  214 217 278 286 360 372 510 944
8  111 120 145 152 197 254 455 976
1  640
1  473
1  390
2  113 707
6  175 486 526 857 887 953
2  26 707
2  440 678
19  20 40 79 87 97 118 172 194 301 332 471 474 691 702 707 728 825 881 959
3  76 144 959
5  638 732 771 815 835
8  153 519 536 562 702 707 842 956
2  55 877
3  204 398 842
1  564
74  0 1 2 4 5 7 8 9 10 11 12 16 20 29 38 39 48 51 52 81 83 93 99 101 103 105 115 116 125 133 164 170 204 245 248 258 265 273 275 292 299 311 330 344 349 381 396 471 477 507 514 593 594 621 675 689 691 697 702 707 715 725 728 732 747 749 757 771 787 825 827 835 881 997
12  385 561 569 604 621 681 686 691 702 707 747 775
2  105 723
4  100 779 825 997
3  381 787 832
15  1 9 21 26 48 113 270 274 594 670 689 702 705 747 835
2  117 790
1  545
12  44 50 141 216 242 255 339 440 662 701 795 896
1  47
2  460 596
34  54 56 68 198 222 296 337 352 385 430 473 475 516 519 525 561 569 594 601 607 621 671 686 691 702 707 728 732 747 749 791 811 842 872
1  119
1  83
1  383
10  0 38 265 292 595 601 613 747 797 942
48  24 30 37 43 56 75 82 94 97 158 192 212 241 274 312 320 327 395 400 420 424 475 509 544 561 562 569 594 604 621 671 681 690 691 702 728 732 747 749 771 787 811 842 887 889 930 959 997
1  104
16  5 15 55 189 196 245 265 288 311 454 523 536 619 702 732 956
9  2 248 670 675 691 702 705 787 825
45  7 12 24 43 147 224 245 277 292 300 319 328 357 422 451 499 516 521 536 584 590 592 593 594 595 607 621 624 686 691 702 707 728 732 747 749 771 787 825 835 842 889 956 994 997
58  0 2 24 30 37 80 94 97 133 158 172 192 194 212 221 222 241 275 319 330 344 407 435 451 471 474 516 569 584 590 595 601 604 607 621 646 663 670 671 681 686 689 690 702 707 719 725 728 732 747 749 771 787 791 842 881 887 953
1  547
3  323 706 802
3  438 579 817
1  428
1  553
19  81 288 310 330 353 451 471 492 594 595 670 702 707 725 732 747 771 825 936
1  416
4  326 788 812 950
3  41 147 732
7  50 291 339 440 678 802 896
193  0 1 2 4 5 6 7 8 9 15 16 17 20 21 22 24 26 28 29 31 32 35 37 40 41 43 47 48 52 53 56 61 63 66 68 75 80 81 83 84 88 90 94 98 102 103 110 113 116 118 121 131 147 153 157 158 164 165 170 172 177 185 187 192 193 194 201 205 209 212 215 221 222 224 237 238 239 245 248 258 260 263 264 273 274 275 287 288 292 293 294 295 299 300 308 310 311 312 314 319 325 328 330 337 344 353 357 363 371 380 387 400 422 424 426 435 446 451 452 454 458 471 474 481 484 494 507 516 519 536 538 546 549 555 562 566 569 571 573 577 584 587 590 593 594 595 601 607 609 621 628 638 646 652 663 666 670 671 675 681 686 688 689 690 691 697 705 707 715 719 720 723 725 728 730 732 747 749 771 787 815 825 827 832 835 842 881 887 889 930 937 956 997
4  538 559 727 849
3  315 365 572
17  21 22 33 274 533 675 689 702 707 725 732 761 827 835 889 936 984
3  323 693 802
109  0 2 7 10 16 22 23 26 35 40 42 61 63 65 88 102 113 119 148 153 175 177 185 187 194 222 245 258 260 268 271 287 288 292 296 300 301 303 309 310 319 330 332 349 353 357 380 381 446 451 474 481 486 499 516 519 521 525 536 543 549 551 562 569 577 585 594 595 601 607 621 624 659 661 663 666 670 671 681 690 691 697 702 705 715 723 725 728 730 732 747 749 775 787 791 811 825 827 835 842 847 882 930 936 956 958 983 984 995
1  372
1  244
4  166 218 427 806
3  81 314 732
4  41 80 407 845
5  142 155 179 354 864
2  42 953
67  0 1 2 4 5 9 26 29 31 34 35 38 48 51 53 63 65 70 76 81 103 110 125 133 153 164 165 185 193 221 239 245 248 288 299 311 319 344 396 451 471 474 536 549 562 584 593 670 702 707 719 725 728 732 747 749 771 825 832 835 872 881 887 923 958 959 997
1  75
2  185 874
4  115 732 792 835
23  1 5 9 30 100 180 221 274 330 458 481 519 562 646 691 702 715 732 771 791 842 889 907
9  2 9 10 274 310 400 702 787 889
3  630 747 889
2  119 730
45  1 16 23 40 63 79 98 101 105 140 168 170 172 185 215 258 274 277 287 292 293 295 300 319 341 349 371 400 536 593 624 672 702 707 725 728 732 747 749 791 825 835 839 889 956
1  122
79  1 7 8 11 14 22 23 24 28 29 34 35 40 42 48 52 53 63 88 98 103 108 113 116 121 128 133 153 164 170 177 180 185 215 232 245 258 265 274 292 299 319 344 400 471 474 507 516 549 562 593 595 601 618 630 670 691 697 702 705 707 715 723 728 732 747 749 757 771 787 791 825 827 874 882 887 889 930 936
3  6 732 835
2  703 849
66  1 9 11 21 24 37 43 48 103 158 164 170 180 185 187 192 245 292 295 357 359 400 420 424 439 445 474 516 536 555 569 571 584 593 594 595 598 607 621 646 663 670 681 686 690 691 702 707 715 723 725 730 732 747 749 771 787 791 825 827 835 842 872 887 889 930
2  431 795
19  119 170 247 293 392 445 524 536 621 702 707 722 728 732 747 749 771 825 835
4  383 433 480 943
189  0 1 2 4 6 7 8 9 12 15 16 17 20 21 24 26 27 28 29 31 32 34 35 37 38 40 41 42 43 47 48 52 53 56 62 63 79 80 81 88 94 115 118 119 123 127 133 139 147 153 154 164 169 170 172 177 182 185 186 187 193 195 198 204 220 221 222 227 238 245 246 248 258 260 265 267 274 288 292 293 295 296 299 300 302 306 310 311 319 325 330 337 344 349 356 357 399 401 407 441 451 452 454 457 471 473 474 475 478 481 493 496 499 507 514 516 525 528 531 536 542 543 544 557 562 569 573 584 587 590 593 594 595 601 604 607 619 621 633 638 646 647 652 665 670 681 686 688 690 691 697 700 702 705 707 711 715 718 719 723 725 726 728 730 747 749 757 771 787 791 792 811 825 827 835 839 840 842 845 872 882 887 889 937 942 956 958 959 997
1  45
2  78 881
2  318 635
8  151 283 508 529 759 824 920 957
1  610
1  487
1  649
1  182
3  262 431 795
4  19 46 67 151
4  369 550 586 644
1  142
1  216
1  653
130  0 1 7 9 12 15 16 20 21 26 35 37 38 63 75 88 97 123 140 146 153 164 168 170 172 174 185 187 192 195 201 203 212 232 236 238 258 260 263 271 274 287 292 296 312 319 329 337 341 344 349 375 385 400 401 420 424 425 435 445 451 458 462 471 474 475 476 490 507 516 518 525 536 538 542 555 559 561 562 567 569 571 582 595 599 601 604 607 613 621 628 630 633 646 652 670 671 675 681 685 686 690 691 697 702 707 715 721 723 725 728 730 732 749 764 771 787 791 811 825 827 832 835 839 842 860 872 889 930 973
4  0 36 214 258
80  0 1 7 8 23 26 37 41 42 43 48 56 61 65 76 80 82 93 94 97 98 102 118 147 153 158 164 172 192 212 224 260 263 265 277 293 319 327 328 337 371 396 451 471 481 494 525 536 569 587 593 601 621 670 681 686 690 691 702 707 715 723 725 728 730 732 747 771 787 791 825 827 835 842 843 872 882 887 889 937
4  226 386 637 758
2  223 979
3  558 616 784
2  497 838
4  333 774 852 918
2  55 196
4  90 112 188 798
12  66 115 127 213 601 670 725 732 771 791 825 827
5  18 226 637 750 987
3  736 824 878
1  572
4  705 835 936 984
4  7 277 521 857
6  79 87 301 332 387 984
8  195 420 445 517 747 771 842 937
1  548
1  222
2  160 373
2  486 956
1  642
2  259 924
106  0 1 2 4 6 7 8 9 15 16 20 21 22 24 26 27 30 31 32 37 40 43 48 52 66 68 84 94 97 115 118 153 164 176 177 180 192 212 221 241 245 265 274 277 288 300 310 312 330 353 357 364 420 441 445 451 462 471 474 481 494 516 543 549 552 562 569 571 594 595 601 604 621 638 646 652 665 670 686 690 691 697 702 715 719 725 728 730 732 747 749 757 764 787 825 827 835 842 857 872 887 889 930 956 973 997
1  61
2  345 827
2  754 852
2  671 707
8  0 16 20 40 205 306 319 471
6  124 199 256 412 580 997
2  413 468
2  673 997
1  444
2  488 575
2  191 962
1  225
5  423 474 558 616 752
1  297
1  464
86  0 1 2 7 8 10 16 30 35 39 42 47 48 52 63 85 88 94 99 110 116 118 121 133 140 148 164 172 185 201 215 248 258 260 268 274 292 319 344 349 357 371 381 400 474 507 516 552 562 571 595 607 621 646 652 670 674 686 689 690 691 702 707 720 725 728 732 747 749 771 791 825 830 832 835 839 840 842 872 881 887 889 937 953 984 997
4  326 478 699 812
2  458 993
12  59 91 117 142 155 163 211 257 425 500 676 825
88  0 1 2 5 8 9 16 17 21 22 31 40 41 42 48 51 52 56 63 66 72 80 84 88 93 98 99 101 103 153 158 180 185 198 213 223 232 248 258 263 271 287 288 292 293 295 296 299 300 306 319 325 406 458 516 525 561 562 569 594 607 621 624 646 681 691 707 719 723 725 728 732 747 749 757 787 825 835 839 840 842 872 887 889 930 936 953 997
3  115 718 732
1  381
1  197
10  50 141 242 262 291 339 431 678 729 741
1  539
11  0 38 164 319 519 595 601 613 621 633 685
2  112 756
1  173
1  599
1  111
16  22 33 44 50 141 156 242 291 323 440 533 693 701 706 896 984
1  148
2  64 952
3  578 844 967
2  427 710
2  242 335
2  40 53
1  167
3  341 872 887
35  24 37 43 56 82 94 97 169 181 198 246 296 325 337 352 385 475 476 505 536 561 569 578 681 686 707 732 747 839 842 844 872 930 958 973
4  326 699 788 950
2  379 453
3  592 899 990
3  638 665 702
1  425
3  438 579 694
1  307
1  564
4  188 276 454 597
3  50 141 242
2  5 83
1  256
10  18 46 151 283 485 508 529 736 759 878
112  1 7 12 13 16 23 24 35 37 40 53 59 63 65 68 83 88 91 100 101 107 117 119 142 153 155 163 164 165 172 177 179 185 187 192 205 211 221 222 238 245 248 257 260 288 292 300 310 317 330 344 353 357 371 394 425 432 439 451 462 474 481 495 496 507 516 536 546 549 555 562 584 593 594 595 618 624 646 663 670 673 689 690 697 702 707 715 723 725 728 730 732 747 749 757 771 787 790 791 827 832 835 839 842 857 881 882 887 889 936 959 997
2  436 885
92  0 1 5 14 21 22 24 28 31 33 35 37 39 57 59 68 75 77 79 113 117 125 146 158 164 168 170 203 204 209 222 238 239 245 260 265 274 275 280 287 292 295 300 303 319 326 344 345 349 353 355 387 394 432 451 474 516 519 536 542 555 562 569 584 587 594 595 607 652 670 702 705 707 725 728 732 747 749 757 771 773 825 835 839 840 842 843 881 887 889 984 997
1  454
1  602
1  787
7  66 96 285 322 370 438 948
34  0 1 2 4 5 16 17 20 57 99 118 140 238 245 260 307 317 371 381 546 569 590 674 702 715 747 787 825 835 839 887 889 958 997
1  1
2  447 866
87  0 1 2 4 6 8 9 20 21 22 23 28 31 33 48 52 53 61 79 81 87 96 103 115 116 125 153 158 164 170 185 204 209 240 288 293 300 325 331 344 355 443 483 507 516 525 536 593 594 595 601 607 630 631 632 665 670 675 690 702 705 707 715 718 723 726 728 730 732 747 749 761 771 787 791 825 827 832 839 857 881 882 887 889 930 936 997
4  19 64 69 472
1  311
1  753
26  29 118 172 258 263 292 311 430 543 595 601 723 732 747 787 791 811 825 827 832 835 840 842 857 887 997
13  193 204 299 732 787 791 827 839 842 857 887 930 997
1  66
69  0 1 2 4 5 11 21 38 43 56 65 79 124 158 172 176 177 185 187 192 204 212 233 292 320 327 344 368 387 398 475 516 525 536 562 569 571 593 594 666 668 681 686 690 691 702 707 719 728 732 747 749 764 771 787 791 811 825 827 839 840 843 857 858 887 889 929 930 959
19  0 1 2 24 37 43 56 82 148 222 334 569 646 749 827 842 872 887 894
6  97 578 805 811 872 958
5  17 41 80 712 732
3  342 402 485
5  94 148 381 707 958
1  428
2  703 727
3  148 268 569
1  217
3  754 774 918
1  146
1  294
1  289
1  63
17  0 7 201 367 486 526 536 660 762 771 825 835 839 840 842 887 930
11  94 97 169 198 296 337 475 561 842 887 978
1  638
7  9 260 307 319 462 516 747
1  479
2  173 905
4  24 37 100 107
4  155 354 450 713
2  127 213
1  834
2  158 522
1  606
4  150 206 470 623
2  541 972
3  345 880 909
33  2 7 24 30 37 82 94 164 169 198 246 260 296 337 341 344 475 681 715 728 732 747 749 771 787 791 810 811 843 844 887 894 930
1  318
5  98 185 630 717 725
2  269 540
2  115 364
1  667
2  759 824
1  318
1  871
64  0 1 2 4 5 6 7 8 9 15 16 21 27 32 42 61 78 83 86 93 99 101 102 105 116 153 157 164 170 172 187 194 209 265 274 292 319 387 407 451 467 474 495 499 516 525 549 562 590 594 663 670 691 702 715 734 787 825 827 835 887 919 930 959
30  0 1 17 24 30 31 34 35 48 63 68 90 106 158 185 222 229 260 295 311 474 569 707 725 732 749 825 835 887 959
1  405
3  23 180 187
2  436 826
1  604
91  0 1 2 4 8 12 14 21 24 31 32 36 37 43 47 52 56 57 63 65 82 93 94 170 174 221 241 245 248 258 260 265 275 277 287 293 300 311 326 330 344 345 349 359 380 414 451 471 516 525 562 569 571 594 595 601 607 624 660 686 691 702 715 725 728 732 749 771 787 791 810 825 827 832 835 839 840 842 843 857 858 872 881 882 889 894 930 953 956 988 995
1  245
75  0 1 7 8 9 14 21 26 29 37 42 45 59 62 100 101 138 158 165 170 201 215 221 222 245 269 273 299 317 319 382 420 426 451 475 481 483 512 516 519 562 569 584 593 595 601 624 646 686 690 702 705 719 720 721 723 725 728 732 747 749 771 787 791 825 827 832 835 842 887 936 937 953 984 997
1  540
1  645
1  65
1  583
4  843 872 887 930
2  231 606
8  33 44 50 440 678 701 802 984
1  318
1  252
2  814 990
1  639
1  501
1  626
1  425
1  149
1  862
4  99 103 105 245
2  481 719
2  93 164
2  345 871
1  78
2  258 273
1  66
1  486
1  415
1  559
1  209
5  156 242 262 533 945
2  754 852
2  881 930
10  19 46 67 89 129 151 283 485 508 736
1  220
1  272
1  715
1  770
3  81 133 477
1  285
3  128 162 618
1  631
1  842
24  2 32 43 296 312 330 686 702 707 725 728 747 771 791 811 835 840 842 857 872 881 887 894 919
1  195
2  325 959
1  374
1  453
1  611
24  0 1 2 9 45 63 232 258 292 309 474 587 594 697 705 707 725 761 791 825 835 889 937 997
20  43 70 94 110 169 246 327 420 471 517 702 732 749 764 787 889 936 953 984 997
1  652
1  349
1  2
3  651 991 999
8  24 170 474 494 542 595 685 732
3  433 480 731
5  217 360 510 591 654
1  917
5  0 7 12 13 444
2  155 354
1  831
1  120
2  699 812
1  409
2  64 804
19  11 37 42 48 116 158 288 562 595 607 660 691 714 787 791 887 889 937 997
1  88
1  335
16  7 8 175 486 536 666 688 690 702 707 723 732 768 771 887 997
2  283 736
15  0 38 77 94 193 246 260 546 707 715 732 811 832 844 847
72  0 1 2 4 5 7 9 12 20 21 32 39 42 48 51 62 65 76 83 88 99 103 105 118 119 125 132 143 153 154 164 172 177 185 204 224 258 260 264 265 274 275 288 292 295 299 311 325 326 353 387 398 471 483 492 544 569 587 590 593 601 663 664 686 715 732 825 842 881 882 932 997
1  73
1  637
1  782
3  111 120 455
2  359 571
2  168 599
1  325
1  805
3  155 190 191
2  131 970
2  131 969
1  413
1  870
11  26 142 155 185 187 257 274 425 747 771 811
3  105 137 340
1  487
5  111 120 145 152 655
1  527
2  561 858
1  751
4  67 459 485 529
2  8 29
6  1 8 42 99 293 295
2  585 707
22  0 22 33 44 141 258 274 301 387 533 595 705 707 761 763 787 802 827 889 896 937 997
2  257 425
2  90 112
2  637 758
6  0 7 12 116 537 887
1  489
3  592 814 899
2  941 999
3  58 316 998
2  458 789
4  147 183 592 690
6  271 525 594 601 707 887
10  37 43 56 82 94 97 334 439 607 997
64  2 24 37 41 43 51 56 63 81 82 94 97 99 110 118 119 124 125 148 193 199 238 260 295 299 311 319 327 371 439 471 474 536 580 584 593 601 621 670 673 686 690 702 715 732 771 777 779 787 791 825 827 832 835 839 840 889 936 937 953 956 959 984 996
4  58 111 316 992
3  651 941 991
