
***ForestFire:  GeoFire  Nodes:1000  StartNodes:1  Take2AmbProb:0
                FwdBurnP:0.35  BckBurnP:0.354  ProbDecay:1  Orphan:0
(1000, 5520)  burned: [1,1,11]  [0.01s]
1000
136  1 2 4 5 7 8 12 16 17 44 46 52 61 70 71 74 82 83 93 99 103 110 111 112 113 118 128 131 140 145 147 156 158 163 172 176 184 185 206 207 215 216 224 231 239 244 245 246 248 260 273 275 276 288 290 291 292 305 310 319 333 352 356 361 375 376 386 400 406 411 416 417 428 447 451 454 456 458 481 485 487 505 518 522 526 541 542 545 548 554 561 578 584 597 599 603 609 616 621 626 654 670 688 697 700 703 718 728 732 737 740 755 758 769 783 786 809 817 820 825 837 848 849 870 878 884 904 920 922 929 947 948 953 954 958 982
37  0 3 44 55 103 111 112 158 176 216 231 245 291 310 326 337 363 411 447 460 545 548 554 561 578 584 616 626 633 688 718 772 783 820 866 958 975
88  0 4 7 12 13 15 16 17 23 32 34 46 47 52 56 61 70 72 100 109 113 145 156 185 202 204 206 209 224 229 232 237 242 246 254 268 275 276 292 305 310 324 333 359 368 400 406 416 428 478 480 481 485 505 518 519 520 526 541 545 554 555 584 599 603 607 609 616 626 654 670 718 732 737 740 758 769 784 820 825 830 878 920 922 947 948 972 984
41  1 20 26 31 33 44 55 67 85 103 107 111 112 158 176 187 216 231 245 310 326 352 361 400 456 545 561 578 584 616 626 633 670 688 758 783 820 848 866 894 945
40  0 2 5 13 52 58 70 93 118 153 184 185 192 196 204 209 242 246 261 316 406 428 485 518 522 541 545 555 597 609 626 718 732 758 769 848 914 920 953 982
68  0 4 6 11 18 28 39 43 52 60 64 74 93 113 121 138 140 141 154 172 184 186 192 200 206 209 231 246 248 260 276 292 302 315 316 319 333 376 384 400 403 406 413 423 428 458 479 485 487 541 545 554 555 561 597 609 616 626 732 758 769 794 806 812 820 875 920 948
47  5 11 24 28 39 43 52 60 64 70 71 138 140 141 142 145 154 158 184 186 199 201 206 231 246 248 257 260 292 315 319 333 400 485 487 541 545 555 598 616 718 769 812 820 920 948 960
72  0 2 9 10 12 16 17 21 23 46 56 61 65 70 113 145 184 206 207 217 228 232 237 239 276 292 305 333 350 359 400 405 416 425 428 485 519 520 526 545 584 603 616 621 626 636 654 670 700 703 711 718 723 740 752 758 769 814 817 820 825 843 848 851 870 878 920 947 948 954 972 984
26  0 19 84 114 128 147 148 215 216 226 288 313 356 416 437 477 485 505 545 593 616 621 626 795 825 953
38  7 21 35 46 113 122 155 184 190 206 217 220 232 239 296 325 351 359 400 405 416 520 541 545 584 585 600 603 670 700 703 723 740 752 825 920 948 999
23  7 22 48 61 78 113 214 239 333 394 416 417 425 428 545 636 670 711 724 814 825 870 962
66  5 6 14 24 25 28 29 43 52 60 63 64 68 88 113 129 138 140 141 142 184 192 199 201 205 206 234 242 246 247 260 270 292 316 333 350 357 384 400 413 428 485 487 541 545 555 561 603 616 626 630 654 662 674 710 718 732 740 769 812 820 892 920 948 953 972
42  0 2 7 15 16 17 46 52 61 70 74 100 145 204 206 231 232 276 333 368 400 428 485 505 517 520 555 584 603 616 626 670 726 758 820 848 877 878 920 947 948 984
19  2 4 27 32 66 109 196 246 254 268 421 518 522 554 570 598 616 626 922
32  11 24 28 39 52 60 88 108 138 140 141 142 161 184 199 201 206 207 246 292 315 384 400 428 438 485 541 545 732 769 820 920
28  2 12 34 46 59 61 82 95 120 229 232 242 264 333 372 400 478 485 520 541 616 670 820 825 843 848 878 920
39  0 2 7 12 17 46 52 70 74 99 110 113 145 206 207 276 292 315 319 333 400 405 485 541 545 616 626 697 703 728 758 769 843 865 878 920 947 953 984
32  0 2 7 12 16 46 47 51 61 72 145 158 239 242 252 275 333 350 368 400 478 485 505 545 603 607 626 654 769 786 825 947
14  5 28 60 140 248 400 428 438 506 541 545 609 769 920
17  8 38 53 79 102 114 128 356 371 485 505 545 568 621 626 878 953
12  3 26 44 67 216 245 352 400 584 848 894 920
16  7 9 46 135 262 325 365 416 598 603 670 677 684 740 752 999
4  10 259 333 870
19  2 7 56 65 70 188 237 281 292 428 584 654 709 755 758 769 884 920 953
43  6 11 14 28 39 52 57 60 64 73 80 88 138 140 141 150 184 186 192 199 201 242 246 248 260 292 319 344 346 406 417 428 438 485 487 545 599 609 616 769 848 920 948
53  11 29 37 42 43 50 63 68 88 129 140 141 150 160 162 166 173 181 184 228 242 246 247 248 292 315 319 333 350 355 400 413 428 467 485 487 536 541 545 555 561 576 584 598 603 604 626 639 674 920 948 963 972
21  3 20 30 33 158 180 216 245 352 400 452 545 561 728 747 758 783 846 848 866 894
20  13 32 66 89 90 109 116 196 224 243 246 254 402 421 480 511 554 570 616 626
42  5 6 11 14 18 24 36 39 40 52 60 64 70 80 113 133 138 140 145 207 248 292 315 360 400 428 438 448 485 536 545 616 626 638 765 769 794 806 838 848 888 920
21  11 25 52 63 64 113 207 292 350 384 485 536 545 584 603 616 626 728 740 820 948
12  26 144 216 245 258 411 550 595 728 747 778 846
15  3 67 94 112 216 245 265 352 400 410 428 485 670 820 848
12  2 13 27 66 109 196 224 246 254 570 626 986
19  3 26 41 44 111 112 158 245 303 352 363 400 499 545 561 603 635 758 877
12  2 15 46 202 229 275 333 368 400 417 520 758
19  9 62 132 155 195 232 239 296 351 404 501 541 545 586 600 603 723 733 957
24  28 39 40 52 60 64 70 80 92 138 140 248 292 360 400 428 438 545 603 616 769 806 838 920
10  25 50 124 150 159 162 355 545 639 786
11  19 45 91 128 304 309 371 583 740 820 878
37  5 6 14 24 28 36 40 52 57 60 64 73 88 138 141 154 199 201 206 246 248 260 292 319 332 360 438 545 616 746 769 820 838 888 920 948 982
10  28 36 39 64 286 438 563 616 838 920
15  33 44 111 112 158 352 400 545 561 584 603 626 740 877 920
16  25 43 167 184 206 217 232 248 292 535 545 555 604 616 843 920
26  5 6 11 25 42 50 64 140 141 154 164 184 206 248 319 333 406 470 526 541 545 561 603 839 948 952
38  0 1 3 20 33 41 71 85 107 111 112 145 158 176 216 231 245 276 292 310 333 352 400 545 552 561 584 616 626 758 783 820 848 914 920 945 947 948
3  38 309 583
36  0 2 7 9 12 15 16 17 21 34 49 59 61 95 99 113 202 229 239 242 262 275 294 333 400 485 520 536 541 545 598 603 626 728 848 878
10  2 17 275 368 428 478 485 554 654 848
15  10 78 143 214 333 379 425 529 559 636 658 684 814 825 893
10  46 59 95 168 229 248 462 616 626 820
30  25 37 43 64 118 140 141 150 154 157 184 246 248 282 292 298 333 348 355 395 545 626 639 732 759 839 920 931 948 952
6  17 54 238 283 521 890
49  0 2 4 5 6 11 12 14 16 24 28 29 36 39 57 60 64 70 75 113 138 141 145 199 200 205 228 246 248 292 305 315 400 428 485 505 541 545 555 609 616 626 758 769 806 820 920 948 953
10  19 79 102 128 356 371 387 626 820 878
7  51 238 399 414 521 753 890
13  1 3 111 112 158 176 400 471 561 584 626 688 758
20  2 7 23 69 70 188 294 406 416 428 573 584 626 709 718 755 769 817 920 960
34  24 39 52 60 64 105 137 141 150 186 199 201 206 222 246 248 260 319 400 406 428 436 438 485 616 703 732 739 769 820 825 848 920 948
9  4 86 153 209 225 261 522 541 863
12  15 46 49 95 229 248 300 433 539 616 820 931
38  5 6 11 14 18 24 28 36 39 52 57 64 140 145 184 199 201 205 206 246 278 292 333 384 428 438 485 541 545 555 616 674 750 769 806 878 920 972
37  0 2 7 10 12 15 17 46 70 82 96 99 140 184 207 229 233 239 333 395 416 428 496 519 541 545 571 584 603 626 769 786 825 848 920 945 947
8  35 81 232 241 545 642 733 815
19  11 25 29 113 145 161 207 350 406 429 439 485 541 545 584 603 626 740 769
53  5 6 11 24 28 29 36 39 40 43 50 52 57 60 70 92 118 140 141 145 146 154 184 206 207 221 248 260 292 333 384 388 400 428 438 485 487 541 545 555 561 598 609 616 626 654 732 820 858 920 948 960 972
5  7 23 188 237 920
9  13 27 32 98 196 224 254 402 428
12  3 20 31 94 112 216 245 400 411 667 728 848
12  11 25 129 141 292 306 316 341 627 862 947 953
4  56 169 212 406
62  0 2 4 6 7 12 16 23 28 36 52 56 61 64 71 82 92 95 99 118 140 142 161 174 184 188 216 228 246 248 276 292 294 305 310 319 400 428 456 526 541 545 584 598 603 616 626 654 718 755 769 820 848 851 865 878 902 915 920 947 948 953
35  0 6 44 70 82 92 99 118 142 145 158 184 216 231 274 276 291 292 294 333 400 438 485 496 541 544 545 584 626 755 769 848 878 883 920
24  2 17 76 77 242 275 284 328 333 368 386 391 428 478 485 603 607 654 670 737 810 825 829 838
20  24 39 80 138 141 206 316 319 349 360 377 406 430 545 769 770 843 848 920 953
13  0 5 12 16 99 140 231 246 274 276 333 555 948
10  52 101 228 246 400 596 702 831 953 954
13  72 77 284 328 333 368 397 485 654 777 786 801 810
9  72 76 284 368 391 684 687 777 848
10  10 48 97 214 333 416 670 711 814 897
16  19 53 102 114 119 128 356 371 387 505 545 568 626 820 878 953
12  24 28 36 73 138 319 360 377 430 545 848 920
4  62 327 408 426
27  0 15 61 70 71 87 92 95 99 118 140 184 197 229 246 248 276 292 321 323 400 485 545 616 848 883 920
4  0 99 821 993
8  8 147 148 288 485 616 621 825
26  3 44 107 112 128 151 158 176 280 310 334 400 412 420 428 485 554 573 577 584 603 626 667 670 783 820
4  58 153 261 522
9  82 118 125 248 249 321 323 820 930
21  11 14 24 25 39 141 149 152 173 206 246 292 357 467 475 487 561 599 610 662 710
3  27 115 534
6  27 116 246 342 900 920
6  38 123 304 371 740 833
23  36 64 70 71 82 99 118 140 161 183 184 246 292 305 315 392 428 485 545 584 848 883 920
9  0 4 5 196 260 329 403 428 545
10  31 67 112 245 352 400 461 817 820 848
23  15 46 49 59 70 82 118 140 161 229 248 315 428 485 520 539 603 616 626 703 786 820 948
12  61 99 126 184 193 428 541 545 573 786 859 883
4  78 104 333 806
4  66 254 402 651
38  0 16 46 61 70 71 74 82 83 92 96 118 140 142 145 147 184 206 260 274 292 294 305 333 428 496 505 541 545 555 692 769 843 883 920 953 972 993
15  2 12 156 204 231 240 274 428 472 492 555 626 726 763 929
8  75 228 457 596 702 780 953 954
11  19 53 79 119 128 356 371 626 740 820 878
17  0 1 3 112 176 245 361 400 554 584 670 820 826 866 878 975 994
4  97 194 525 712
24  57 106 130 137 141 186 189 201 248 260 292 319 333 346 400 428 496 523 569 603 626 732 848 920
7  105 137 199 292 333 400 603
30  3 44 85 111 112 128 139 158 176 187 216 245 292 310 356 400 420 485 486 515 578 584 603 626 664 670 758 820 848 945
3  14 776 853
20  2 13 27 32 134 224 243 246 251 454 480 510 518 570 626 744 803 837 922 986
16  0 16 117 145 207 275 292 319 419 428 545 616 703 920 982 984
35  0 1 3 33 41 44 55 107 112 128 139 158 176 245 246 278 291 310 363 400 447 486 515 545 561 584 603 611 688 758 783 820 848 878 982
42  0 1 3 31 33 41 44 55 67 85 94 103 107 111 127 128 158 176 216 245 310 354 400 411 428 456 461 485 545 561 584 593 626 654 667 758 820 848 866 878 904 994
36  0 2 5 7 9 10 11 16 28 29 46 52 63 140 145 203 206 207 228 246 248 292 315 333 350 439 485 536 545 555 598 769 820 884 948 954
13  8 19 79 128 148 310 356 371 416 505 545 626 878
2  89 534
4  27 90 246 342
15  110 145 207 246 256 292 294 319 545 616 703 769 843 920 982
36  0 4 50 64 70 71 82 87 92 95 99 140 141 145 150 161 242 246 248 292 298 308 485 541 545 573 584 599 609 616 656 820 832 839 931 948
8  79 102 128 356 485 540 570 820
8  15 485 545 598 616 670 720 843
3  5 479 626
4  9 136 325 400
7  91 170 191 304 603 820 833
8  37 159 162 285 312 581 685 963
4  87 323 340 930
4  96 175 378 974
9  112 176 245 310 400 415 428 485 920
28  0 8 19 38 53 79 85 102 107 111 112 114 119 145 158 176 207 304 310 348 356 371 485 583 621 626 820 833
11  11 25 68 141 316 395 545 730 740 786 920
15  105 141 142 184 242 253 260 400 406 417 496 603 732 865 969
3  0 178 273
8  35 155 351 389 545 584 603 723
7  28 438 448 536 735 765 838
11  109 250 251 287 297 454 510 653 754 803 986
8  21 262 598 603 677 740 800 999
5  122 325 365 443 603
15  57 105 106 189 199 201 260 279 292 314 428 537 599 848 920
29  5 6 11 14 24 28 36 39 52 73 80 140 184 206 246 256 294 315 319 333 395 485 545 729 730 769 820 920 953
10  107 111 158 245 338 346 486 515 624 848
48  0 5 6 11 14 18 24 25 28 36 43 50 60 61 64 70 74 82 92 95 99 113 118 138 141 145 184 228 246 248 270 292 315 319 400 428 485 541 545 554 603 616 732 769 806 848 947 948
52  5 6 11 14 24 25 39 43 50 52 57 64 68 73 88 105 118 129 130 140 142 150 152 160 184 206 209 228 235 242 246 248 292 316 319 384 395 438 487 545 555 561 599 603 616 730 746 769 848 865 920 982
29  6 11 14 70 71 99 130 141 145 160 161 184 201 242 292 333 400 417 428 485 498 599 603 626 878 948 953 966 972
12  48 214 333 379 425 529 636 684 814 840 902 932
6  30 258 595 728 747 846
66  0 2 6 7 12 16 17 28 44 52 60 63 64 71 99 110 113 117 118 128 140 142 150 156 158 160 161 184 201 204 206 207 211 228 232 246 248 260 275 292 294 319 333 348 400 405 416 428 485 505 541 545 584 598 599 603 626 758 769 865 878 920 929 948 953 972
8  64 206 271 322 333 626 769 920
17  0 8 84 99 184 215 256 288 294 406 416 441 496 616 736 920 953
7  8 84 114 288 310 485 673
8  88 173 206 357 467 549 662 710
21  24 25 37 50 57 118 141 145 156 201 235 242 246 292 428 519 545 599 848 865 961
7  85 420 485 554 573 584 603
7  88 141 184 467 769 873 920
6  4 58 86 209 225 708
14  5 6 39 43 50 64 230 248 333 358 388 470 920 948
17  9 35 132 218 296 325 351 389 400 401 541 545 584 585 600 603 723
20  0 2 100 145 150 161 201 208 231 242 428 436 439 541 545 599 670 732 865 929
7  50 246 348 355 626 759 965
44  0 1 3 6 17 26 33 41 44 55 71 85 107 111 112 128 139 145 176 199 207 216 245 275 292 310 326 346 352 363 368 400 447 452 545 552 584 624 730 758 769 783 848 902
6  37 124 162 182 639 963
19  25 141 142 145 161 184 201 228 242 292 331 395 485 541 545 598 599 948 972
32  14 63 70 92 95 118 142 145 156 160 165 184 201 204 207 242 246 319 348 395 428 439 485 496 541 573 599 626 728 730 732 972
11  25 37 124 159 263 336 545 613 614 786 963
18  0 179 244 267 290 409 451 556 755 756 758 817 852 878 884 929 953 958
9  43 184 319 406 436 541 545 616 626
13  161 184 242 246 348 350 439 496 603 626 728 732 972
4  25 198 333 413
14  42 184 206 217 292 398 535 545 604 632 637 669 696 802
6  49 171 229 248 626 820
4  69 317 546 590
9  123 191 277 299 304 382 820 833 906
2  168 320
10  0 5 236 385 423 444 458 542 561 689
8  25 88 149 206 467 487 616 710
4  70 216 649 746
3  126 177 378
26  0 1 3 44 55 85 103 107 111 112 127 128 158 184 245 278 310 400 485 561 578 584 688 758 820 920
4  175 378 566 714
3  131 273 424
10  163 244 255 345 484 671 756 852 929 953
4  26 216 347 728
3  25 227 432
4  159 339 509 905
2  92 545
99  0 4 5 6 7 9 11 14 24 25 42 43 50 60 61 64 70 71 82 92 96 99 130 138 140 141 142 145 147 152 160 161 164 165 167 176 201 206 215 217 228 235 239 242 245 246 248 256 274 276 278 288 292 310 315 319 333 348 368 384 395 400 406 416 417 428 436 445 478 485 487 496 541 545 555 561 573 599 603 609 616 626 639 654 728 730 740 746 769 786 848 873 878 902 914 920 948 953 982
13  0 2 4 196 207 224 541 609 626 641 728 758 881
17  5 6 24 57 105 199 201 222 248 260 292 335 376 400 739 769 848
9  3 107 434 459 465 553 578 584 758
11  23 56 65 70 237 294 455 485 545 758 920
10  105 137 199 260 373 428 537 569 686 883
5  9 219 359 700 996
6  123 170 277 304 603 820
4  4 5 11 24
2  96 428
3  104 343 525
5  35 404 501 586 957
9  4 13 27 32 66 93 185 224 254
2  82 246
1  166
29  6 11 14 24 39 52 57 60 106 137 158 186 189 206 246 292 315 333 362 428 485 545 584 626 730 825 878 883 920
4  5 52 369 597
34  6 11 14 24 39 57 60 105 137 142 145 150 156 160 161 184 186 210 213 242 246 278 292 294 384 400 406 428 449 485 561 769 878 948
7  2 34 46 229 333 400 626
5  113 246 289 293 311
11  2 4 12 100 145 161 242 427 541 626 960
16  11 52 60 292 485 555 587 598 630 654 769 773 806 898 948 972
52  0 2 5 6 7 9 11 12 14 16 39 42 43 57 60 64 73 88 99 113 138 141 145 146 149 167 173 184 199 207 231 246 248 256 271 275 292 294 333 384 467 485 541 545 555 616 632 703 769 825 920 948
40  0 7 14 16 28 29 61 63 64 110 113 117 128 145 158 161 185 206 215 223 224 231 239 246 292 350 400 406 485 584 599 609 616 626 670 728 809 843 855 920
4  156 242 541 545
12  2 4 5 58 141 153 225 235 406 541 654 769
4  201 246 367 400
1  145
3  69 547 828
6  201 406 449 493 716 942
9  10 48 78 143 333 379 636 684 948
20  0 8 147 184 207 239 242 278 319 356 406 416 464 545 561 584 603 736 809 947
38  0 1 3 8 20 26 30 31 44 67 70 71 107 112 158 174 180 245 313 363 368 371 382 400 411 428 485 523 545 584 667 746 778 846 848 866 878 920
17  7 9 42 167 184 232 242 266 292 319 535 545 723 806 843 877 920
4  155 296 507 645
2  190 700
7  9 232 416 603 723 843 861
4  64 292 858 860
5  57 186 248 739 948
3  207 626 661
20  0 2 27 32 66 109 185 196 207 246 400 428 454 485 570 599 626 902 928 947
6  58 153 209 406 494 584
4  8 288 396 953
1  181
26  7 25 52 70 75 101 113 140 141 145 160 184 246 248 295 319 400 405 536 584 596 598 702 819 953 954
17  2 15 34 46 49 59 61 82 95 168 202 248 333 520 616 848 920
2  154 358
24  0 1 3 5 6 12 44 71 74 100 156 206 207 246 274 292 294 333 541 578 616 758 948 953
23  2 7 9 12 15 35 42 62 145 217 220 239 272 405 416 418 496 560 616 626 670 843 878
4  61 545 584 626
3  11 497 812
9  141 150 184 209 246 316 541 654 879
4  172 385 423 689
9  2 7 23 65 188 480 626 758 920
6  51 54 399 521 753 890
27  0 7 9 10 17 35 46 61 184 207 215 232 242 246 333 418 496 541 545 603 626 670 732 761 825 953 982
9  100 431 472 492 532 574 626 830 886
2  62 733
47  2 4 11 15 17 24 25 46 72 118 130 141 142 150 156 160 161 165 184 201 204 208 215 217 239 248 276 333 350 417 427 428 463 485 496 541 545 576 599 603 626 670 732 737 948 960 961
6  27 109 454 744 803 837
9  0 163 179 345 484 755 756 929 953
48  0 1 3 20 26 30 31 33 44 67 94 103 107 111 112 127 139 158 176 184 216 246 276 310 313 346 352 363 368 400 417 461 485 531 541 545 584 593 670 728 746 758 769 783 786 817 848 920
92  0 2 4 5 6 11 13 14 24 25 27 32 39 50 52 57 60 70 74 75 82 88 90 92 109 111 113 116 117 118 138 140 141 145 150 157 161 165 184 197 199 201 203 206 207 210 224 228 231 235 239 245 248 256 260 274 291 292 294 310 313 316 333 342 348 355 400 418 428 439 480 485 519 541 545 555 603 609 616 626 740 746 769 795 848 865 878 920 953 972 982 991
4  11 25 333 746
63  0 5 6 18 24 25 28 36 39 42 43 49 50 52 57 59 64 70 82 87 95 105 113 118 140 141 145 154 168 184 186 206 222 228 229 242 246 256 260 292 315 319 333 348 384 400 428 467 545 599 603 609 616 626 732 739 746 769 820 848 920 947 948
1  87
5  134 251 297 681 986
6  109 134 250 318 681 986
2  17 947
5  130 417 572 690 760
10  2 13 27 32 66 98 196 368 421 554
7  179 366 484 666 691 852 953
25  117 138 147 184 206 246 248 260 294 319 333 348 395 406 428 436 545 616 626 703 730 878 883 953 982
3  6 748 793
7  30 144 595 631 747 778 846
3  22 333 920
34  0 5 6 11 24 39 57 64 93 99 105 130 137 145 186 189 246 248 256 294 319 417 428 436 500 545 599 626 746 820 848 865 883 953
3  4 58 86
10  21 46 135 598 603 740 746 758 818 999
3  162 613 614
4  15 372 478 606
2  31 400
3  217 723 843
13  163 269 290 390 451 556 570 616 758 774 878 948 958
6  2 13 301 421 481 554
9  267 290 383 390 474 528 774 903 913
7  11 140 350 466 603 732 734
12  146 206 322 333 435 555 616 683 769 920 948 953
7  232 405 418 496 560 670 981
4  0 131 178 628
23  71 74 99 100 184 231 246 276 278 292 294 417 478 490 541 555 603 616 626 758 763 867 920
26  0 2 17 34 46 47 72 110 145 158 206 284 333 361 368 371 400 428 478 489 505 545 626 766 920 934
32  0 2 5 7 12 16 44 70 71 74 82 184 242 245 274 278 292 294 310 368 375 386 417 485 531 541 545 554 561 584 848 878
6  170 191 304 603 713 820
20  60 111 176 184 201 215 274 276 292 294 400 428 447 485 515 541 561 584 878 920
2  137 370
1  85
2  23 769
2  50 292
4  51 521 579 890
9  72 76 77 275 333 397 428 878 920
1  124
5  40 563 616 694 838
4  134 454 803 837
14  0 8 84 147 148 184 226 310 406 428 485 616 953 982
3  203 311 757
13  0 163 267 269 383 451 619 758 817 884 920 953 958
11  0 1 71 111 246 460 545 626 743 755 830
98  0 2 5 6 7 11 14 16 23 24 25 28 29 36 39 42 44 50 52 60 64 68 70 71 82 88 92 99 105 106 107 110 113 117 118 137 140 141 142 145 150 158 160 167 184 186 199 201 205 206 207 217 221 231 246 248 274 276 278 282 294 305 315 319 333 341 346 350 360 384 400 406 416 428 467 485 505 531 541 545 555 561 603 616 626 740 769 806 820 830 843 848 877 883 920 947 953 972
2  203 868
39  46 56 70 71 99 117 138 145 147 188 201 206 231 246 256 260 274 276 278 292 319 333 348 406 428 467 485 545 555 573 626 758 769 878 883 920 948 953 972
4  228 319 400 536
7  9 35 155 218 401 507 541
6  134 250 476 764 803 986
10  50 118 307 381 541 543 643 648 738 839
4  170 820 833 906
3  59 616 908
4  268 473 481 946
3  5 458 527
4  33 603 635 699
14  38 91 123 128 170 191 277 371 382 485 603 740 820 833
22  0 2 7 52 70 92 99 292 319 349 406 428 442 485 496 505 526 545 603 616 843 920
4  68 316 330 491
3  298 648 839
3  118 541 914
3  38 45 847
33  0 1 2 3 44 70 85 107 111 112 114 127 128 148 158 176 184 245 246 276 288 353 363 368 436 485 545 616 626 688 848 878 920
2  203 289
2  124 581
10  8 216 245 246 368 485 593 746 795 825
1  137
26  5 6 14 16 25 28 52 92 95 113 138 140 184 199 248 292 319 333 428 485 555 616 769 920 944 947
17  4 5 11 68 73 129 141 235 246 306 491 545 555 626 740 769 838
1  169
1  251
57  0 5 6 16 24 25 39 43 57 70 73 80 105 110 117 138 140 141 145 161 164 184 215 217 228 248 256 260 292 294 295 305 315 346 349 406 417 428 436 464 505 545 584 588 603 616 626 639 745 746 769 843 914 920 947 948 982
2  171 503
6  82 87 323 400 485 502
6  146 271 333 555 769 883
6  82 87 125 321 446 680
3  2 541 674
11  9 21 122 136 155 351 365 545 603 843 936
3  1 3 158
2  81 426
7  72 76 364 368 607 737 749
3  93 403 428
1  306
2  160 395
3  39 616 804
91  0 2 5 6 7 10 11 12 15 16 17 22 25 34 43 44 46 48 50 60 61 64 71 72 74 76 78 97 99 105 106 113 138 142 143 145 146 154 166 184 199 202 206 214 229 231 239 242 246 247 248 256 259 271 275 284 292 294 315 322 348 368 400 416 417 425 428 435 436 485 520 541 545 584 598 603 626 658 670 684 711 746 769 806 814 878 883 920 948 953 982
3  85 420 792
4  186 376 468 848
4  162 545 869 963
10  1 363 374 386 447 485 488 548 561 920
8  139 346 515 523 620 624 701 848
2  182 509
3  125 782 930
4  68 292 947 953
9  90 116 246 380 428 478 541 549 920
2  194 525
1  24
12  179 244 484 646 666 671 691 756 852 920 929 953
14  24 105 139 158 245 292 319 338 368 469 523 545 848 920
5  180 450 663 919 976
26  50 128 145 157 161 165 184 246 248 256 294 333 368 371 428 436 467 545 561 616 626 746 920 953 972 982
8  73 305 319 406 545 584 603 843
22  7 11 17 25 29 63 113 165 207 242 270 292 405 496 545 555 576 584 603 621 626 953
15  9 35 132 155 325 365 389 400 545 585 603 677 740 843 936
17  0 3 20 26 31 33 41 44 94 158 245 363 400 545 758 820 848
3  310 363 616
1  112
7  25 37 50 157 246 626 769
17  0 8 19 53 79 102 107 114 119 128 215 371 485 626 820 878 956
6  11 88 149 662 710 807
2  154 230
7  2 7 9 190 551 555 700
11  28 36 39 73 80 292 377 428 838 920 979
7  0 3 103 275 504 622 633
3  199 428 485
20  1 33 111 158 216 245 310 337 352 353 368 386 485 554 555 584 783 848 878 883
4  328 368 555 607
13  21 136 325 351 585 589 594 603 677 740 796 820 843
9  255 484 666 671 691 852 856 953 977
3  210 400 561
40  2 12 17 34 47 72 76 77 158 184 216 245 254 275 276 310 313 328 333 346 348 363 364 371 386 400 416 417 428 453 485 523 545 554 555 584 607 670 786 848
3  200 597 849
1  279
28  19 38 53 79 91 102 114 128 216 275 304 348 356 368 382 387 400 428 478 485 603 626 740 820 825 833 878 882
3  15 264 606
5  189 428 537 790 940
8  337 386 428 485 488 508 548 920
2  0 276
7  0 5 186 335 769 848 920
7  73 80 360 430 813 848 920
4  126 175 177 516
13  48 143 214 425 483 580 658 684 697 715 758 840 948
5  342 428 541 549 603
5  298 643 648 727 839
8  170 216 304 371 387 495 565 740
4  269 290 393 913
22  5 11 14 29 60 64 141 184 201 206 248 292 400 467 485 549 555 561 616 626 820 948
4  172 236 423 689
11  0 72 276 337 363 368 374 428 485 554 573
6  53 79 371 382 485 495
5  64 154 541 732 948
6  132 155 351 603 670 723
6  267 269 474 591 774 845
6  72 77 485 684 825 914
1  92
1  383
3  10 417 711
15  50 61 129 138 141 160 161 184 256 331 436 541 545 730 769
3  226 407 953
4  76 284 871 983
4  167 604 704 802
4  54 238 414 753
106  0 2 3 5 6 7 9 11 12 14 15 16 17 18 20 25 26 28 31 33 34 36 41 44 46 52 55 57 64 67 70 71 75 82 85 94 103 105 106 107 111 112 122 127 130 140 142 145 155 158 176 184 186 201 202 207 210 216 224 228 245 246 248 265 275 278 292 295 321 333 351 352 367 368 371 384 406 416 417 428 438 461 478 485 541 545 549 554 555 561 584 599 600 603 616 626 667 740 758 769 806 820 848 920 948 954
4  155 296 608 798
5  27 66 98 482 651
4  5 93 329 428
5  35 195 501 668 957
21  7 9 16 145 228 232 272 350 416 418 485 496 512 541 545 555 584 603 626 670 786
50  0 2 4 5 24 43 56 57 63 69 73 130 147 164 184 201 207 209 213 215 225 256 288 292 294 305 319 349 400 416 417 428 436 438 478 485 526 545 584 603 616 626 718 779 794 848 920 926 948 953
3  396 775 953
1  81
2  163 615
2  31 625
9  0 1 30 67 112 216 592 609 949
3  85 420 916
7  5 11 25 166 561 584 659
4  54 399 629 753
6  127 422 717 789 816 920
43  0 2 7 8 9 10 21 56 61 78 114 145 147 184 215 220 232 292 333 368 400 405 406 417 485 496 505 545 584 598 603 626 670 711 724 755 769 786 806 825 920 948 999
34  0 10 24 34 130 142 184 242 245 253 260 274 276 319 333 368 394 400 406 416 428 435 478 485 545 584 603 626 711 745 746 769 848 948
14  232 239 246 272 405 440 496 544 584 603 626 670 769 825
3  110 616 920
7  85 107 151 334 412 618 820
7  13 27 254 268 554 698 788
3  415 789 920
5  5 172 236 385 689
1  178
9  7 10 48 143 333 379 670 684 711
2  81 327
3  204 242 626
112  0 2 4 5 7 10 11 12 14 18 23 24 25 28 31 36 47 52 56 57 60 61 64 66 70 72 85 92 93 95 96 99 100 105 110 112 127 137 140 142 145 150 156 161 184 189 193 199 201 216 224 242 246 248 256 260 275 278 284 288 292 294 305 315 319 329 333 342 348 360 362 368 371 373 374 380 386 400 403 406 417 436 478 485 519 537 541 545 554 570 573 584 598 599 603 616 626 670 692 730 732 740 746 769 832 848 878 883 914 920 948 972
5  63 541 567 740 820
5  73 80 377 513 848
1  240
3  181 533 665
3  59 558 616
5  187 459 578 584 758
6  271 333 417 683 746 948
24  57 156 164 184 256 260 310 319 333 348 395 406 428 537 541 545 626 658 730 779 878 883 914 982
4  8 477 485 848
23  14 18 24 28 36 39 40 57 60 64 71 133 141 400 406 485 536 563 616 765 769 838 920
7  63 113 156 161 165 246 541
4  418 544 670 843
1  147
3  305 920 955
2  136 514
2  172 791
4  184 602 781 924
1  323
9  0 1 111 158 278 337 485 545 561
6  28 133 536 599 765 920
4  201 213 769 942
3  347 663 919
16  0 163 267 290 485 556 570 598 616 703 740 758 817 878 920 982
2  26 158
3  368 485 688
9  0 109 134 224 243 287 485 599 837
3  188 758 920
6  0 3 70 112 834 878
6  101 596 808 823 953 954
4  0 5 172 302
6  187 434 553 578 584 758
4  1 291 626 728
12  94 112 245 400 478 485 531 549 634 786 817 848
2  49 820
3  242 541 557
2  215 319
2  187 601
2  270 603
17  25 88 149 152 173 206 248 292 294 348 384 549 616 676 873 920 931
2  335 848
3  346 523 848
2  43 154
4  55 561 584 758
5  100 240 492 726 830
3  301 481 946
6  269 390 591 774 903 913
4  88 524 599 610
1  297
4  8 437 485 848
22  2 15 17 47 72 184 264 274 275 342 371 400 406 417 428 461 485 549 603 606 626 766
5  5 121 626 731 875
9  2 27 109 237 246 616 626 920 972
5  0 2 268 301 473
2  402 651
4  379 580 715 840
13  179 244 255 345 366 666 671 691 756 852 880 920 953
133  0 2 4 5 6 7 8 11 12 14 15 16 17 19 24 25 28 29 31 46 47 52 57 60 63 64 71 72 76 82 84 85 92 95 107 112 113 118 119 120 127 128 138 140 142 145 148 151 160 161 176 184 188 199 201 205 206 207 216 224 242 245 246 276 278 288 292 294 304 305 310 313 315 321 333 337 356 362 363 368 371 374 384 386 387 391 400 405 406 416 417 428 437 438 447 451 453 454 461 477 478 508 536 541 545 548 549 554 556 561 570 573 584 598 599 603 616 626 670 684 688 740 758 805 820 838 848 914 920 921 947 953 999
8  107 111 139 624 706 758 848 970
18  0 5 6 11 24 25 64 88 141 173 184 545 561 584 599 616 710 769
4  337 374 548 920
4  275 538 652 766
3  274 541 878
4  306 316 626 769
4  100 240 472 562
4  213 679 716 942
1  225
2  382 387
29  61 71 99 105 130 147 161 165 184 232 239 242 272 305 350 405 416 418 541 544 555 584 598 603 626 670 732 920 953
1  234
5  142 603 941 966 972
3  33 842 907
3  260 746 953
6  35 195 404 586 600 957
1  321
2  320 939
2  361 622
32  0 2 8 12 17 19 52 79 99 114 145 275 292 305 319 416 530 541 545 584 616 626 755 758 830 843 874 878 920 953 989 999
2  18 655
2  218 296
5  374 485 570 805 920
4  182 339 719 911
3  109 134 518
1  27
2  405 584
1  430
1  443
6  107 111 139 278 338 848
1  378
1  12
9  0 2 4 13 109 510 657 922 995
9  2 7 61 150 246 428 537 545 972
14  2 7 9 12 15 34 46 95 229 333 541 545 616 920
7  51 54 238 283 722 753 890
11  0 4 13 58 86 554 570 584 740 863 982
8  105 216 338 346 368 469 584 848
3  475 599 610
3  104 194 343
10  0 2 7 43 70 305 406 545 603 876
1  302
2  269 913
3  48 143 559
5  505 541 755 830 874
8  245 276 292 461 584 758 934 953
3  240 574 886
2  432 665
2  89 115
4  42 167 217 920
22  25 28 29 46 113 133 228 295 438 448 485 564 598 599 626 765 769 806 817 820 838 884
10  137 189 373 428 436 519 545 626 883 914
3  489 652 766
5  59 95 616 703 820
2  119 822
105  0 2 4 5 6 9 11 14 15 16 18 25 35 43 46 52 58 60 61 63 64 70 71 96 99 118 140 145 155 156 160 161 164 184 185 204 206 208 209 231 235 239 242 245 246 274 276 278 292 296 298 308 324 333 342 380 388 395 400 405 428 429 436 439 463 485 490 496 505 520 530 545 555 561 567 584 598 600 603 616 626 648 654 670 674 697 732 740 751 755 758 783 830 839 848 878 883 884 914 920 947 953 960 972 982
2  0 172
1  298
7  71 418 440 496 603 670 769
164  0 1 2 3 4 5 6 7 8 9 10 11 14 16 17 18 19 24 25 26 28 29 33 35 36 37 39 41 42 43 44 46 50 52 60 61 62 63 64 70 71 73 79 80 82 92 93 96 99 110 111 112 113 114 117 118 120 129 132 138 140 141 145 150 155 156 158 160 162 164 167 183 184 188 199 206 208 215 216 217 233 239 242 245 246 248 256 260 275 276 291 292 294 305 310 316 319 325 333 336 346 348 349 350 351 352 368 395 400 405 406 416 417 428 436 447 485 487 505 519 520 526 537 541 555 561 571 573 584 598 599 600 603 616 621 626 654 670 703 718 723 729 733 740 746 758 769 786 794 820 830 843 848 877 879 883 914 920 926 953 962 963 972 984
4  169 575 590 612
1  212
9  0 1 337 374 485 488 570 598 825
15  149 342 380 384 400 461 467 478 485 570 603 616 766 878 901
1  30
1  359
3  44 158 783
5  187 459 578 758 945
31  0 1 2 5 13 27 47 85 103 140 151 254 268 276 363 368 386 400 421 428 485 522 577 584 626 732 740 786 788 827 914
51  2 4 5 6 11 12 25 42 52 60 64 74 99 100 113 141 184 205 206 246 271 274 292 294 315 316 322 350 359 363 364 368 384 400 405 496 541 545 561 584 598 616 626 630 746 769 848 883 920 947 950
11  163 267 451 485 570 598 616 626 755 758 958
1  463
3  433 616 931
2  48 529
3  232 272 670
51  0 1 3 5 11 25 26 33 41 43 44 55 64 88 111 112 141 172 176 184 201 215 276 278 292 337 348 367 384 400 413 447 471 485 487 541 545 555 576 584 598 616 626 633 674 688 740 758 769 958 982
1  492
5  40 286 438 616 838
5  536 626 817 836 884
1  382
1  177
8  429 541 584 598 600 740 751 783
3  19 79 953
3  105 189 686
21  13 27 32 109 119 224 267 428 451 485 508 522 548 549 556 598 740 755 758 902 982
8  61 545 584 718 794 848 920 959
2  253 690
16  56 85 96 118 151 161 184 294 386 428 485 545 584 654 832 843
3  240 532 886
2  546 612
8  25 242 350 561 584 603 623 626
2  85 554
17  0 1 3 107 176 187 231 434 459 553 584 626 740 758 848 945 953
4  283 582 785 890
3  379 483 715
2  124 312
3  579 644 785
4  38 45 128 820
99  0 1 2 3 7 9 12 20 23 25 29 41 44 55 56 61 63 70 71 85 92 103 107 111 112 118 132 145 151 155 158 176 187 199 207 215 216 225 228 233 245 276 278 319 333 349 350 363 368 400 405 406 413 416 417 418 428 434 459 471 485 487 496 505 512 522 523 531 541 545 554 555 561 567 571 573 576 578 600 603 621 626 633 654 688 718 723 730 732 740 758 769 783 786 843 848 883 920 994
6  9 155 351 365 603 740
8  35 195 501 600 605 621 654 957
2  205 647
3  319 746 947
2  365 594
6  169 546 612 682 864 997
4  390 474 913 998
2  411 854
6  8 112 245 313 746 758
3  365 589 843
7  30 144 258 631 747 778 846
7  75 101 228 457 953 954 968
8  0 4 5 200 369 617 849 973
50  6 13 21 25 46 64 70 113 120 135 145 160 205 228 262 333 416 428 451 485 496 536 541 545 548 555 556 561 567 570 603 616 626 670 684 703 718 740 751 755 758 769 786 800 817 820 884 920 948 960
37  0 2 24 88 118 137 141 142 145 150 156 160 161 184 207 224 242 248 260 400 428 448 454 475 485 487 524 536 545 603 610 746 765 769 920 948 953
17  9 35 155 400 501 541 545 567 584 586 605 621 654 729 732 751 783
2  465 725
1  445
103  0 2 7 9 11 12 17 21 25 29 33 35 36 41 43 46 61 63 70 72 85 95 105 106 107 111 123 130 132 135 136 140 141 142 145 151 155 165 184 191 215 220 239 242 246 248 262 270 274 277 292 303 304 305 319 325 333 349 350 351 365 371 380 389 400 405 406 416 417 418 428 466 478 485 496 498 526 541 544 545 549 576 584 585 598 599 616 626 670 688 697 723 728 733 737 740 820 843 877 914 920 948 972
7  25 42 167 398 632 802 948
4  586 600 621 654
3  264 372 478
9  2 17 72 328 364 368 616 749 771
2  401 798
17  0 2 4 5 18 24 52 64 118 184 185 207 246 248 411 626 728
4  88 475 524 599
1  111
6  546 575 590 675 682 864
4  162 263 614 768
5  162 263 613 762 768
1  409
105  0 1 2 3 5 6 7 8 11 12 13 15 16 24 27 28 29 36 39 40 42 44 49 52 57 59 60 64 70 82 84 95 110 117 118 120 140 141 147 164 173 184 206 207 229 231 232 246 248 256 267 271 274 286 288 292 300 305 310 315 319 332 348 353 384 400 406 419 428 433 438 451 467 480 485 487 505 520 539 541 545 549 555 556 558 561 563 598 603 607 626 670 703 718 746 755 769 774 786 830 843 878 920 931 948
3  597 678 849
1  420
2  290 707
1  338
20  0 7 8 19 84 128 350 545 584 586 600 605 626 640 654 729 783 835 920 984
3  361 504 660
1  576
6  139 158 338 486 758 848
1  410
146  0 1 2 3 4 5 7 8 11 12 13 16 17 19 25 27 28 29 32 41 44 46 49 50 52 53 55 56 61 63 64 70 71 79 85 95 100 102 105 107 109 112 114 121 128 142 145 146 157 161 164 165 168 184 185 199 202 204 207 223 224 232 233 237 239 240 242 246 248 256 260 274 275 291 292 294 310 316 319 333 348 350 355 356 371 384 400 405 406 416 417 418 427 428 436 460 478 479 480 485 491 496 505 536 537 541 545 554 555 556 561 564 576 578 584 598 603 609 616 621 654 670 684 692 709 718 728 730 740 746 755 758 769 786 820 830 844 848 858 866 878 920 948 960 966 982
1  68
1  273
2  414 672
7  11 205 555 769 820 857 948
4  258 595 778 846
8  167 206 604 650 669 695 802 948
9  1 3 361 561 584 688 758 797 958
1  461
3  33 303 699
8  7 10 48 143 214 658 814 932
2  167 696
1  28
7  25 37 50 159 184 319 824
5  621 783 835 920 984
3  185 693 881
3  62 733 815
5  298 381 648 738 839
1  582
1  218
4  345 666 756 920
1  587
7  298 307 381 541 643 738 839
1  174
1  632
3  98 402 482
3  489 538 766
2  134 988
31  0 2 7 11 17 23 47 64 70 72 76 112 184 205 209 235 541 545 573 584 586 600 605 621 626 732 733 769 786 848 879
1  506
1  118
3  518 922 995
9  48 333 379 436 636 670 730 923 990
1  413
1  622
1  223
5  11 88 149 357 710
3  347 450 919
4  107 758 848 850
2  432 533
8  255 345 366 484 646 756 852 889
6  67 85 112 216 400 705
2  404 957
3  167 632 802
57  0 2 3 7 9 10 12 15 21 31 72 78 85 103 107 120 156 207 232 239 242 245 272 333 368 389 405 416 418 425 428 440 485 496 541 544 545 560 598 603 616 626 658 684 697 703 711 718 728 746 758 769 810 820 843 920 960
9  179 345 366 484 691 742 852 953 977
1  629
1  148
6  11 25 60 324 541 561
3  612 682 864
3  467 741 811
6  21 135 351 365 740 999
2  617 849
2  493 951
1  323
3  250 251 986
4  590 612 675 864
3  271 435 948
23  21 48 77 143 214 333 379 391 425 485 598 626 670 697 711 728 746 758 810 820 825 902 948
1  124
2  189 569
1  77
16  0 1 3 55 111 176 310 453 485 561 584 603 633 878 920 958
4  172 236 385 423
2  253 572
6  255 345 366 484 671 852
4  99 428 626 966
1  641
1  286
1  632
2  167 637
12  0 16 379 541 603 670 684 703 728 758 910 929
1  421
3  303 635 925
6  0 7 9 190 219 359
1  338
6  75 101 228 831 953 954
29  0 7 9 16 57 95 110 117 206 256 451 539 545 598 616 670 697 718 721 723 728 758 769 786 825 827 843 878 920
3  398 802 899
1  667
3  486 758 970
1  619
1  153
6  23 56 626 755 769 920
7  11 88 149 173 357 487 662
12  7 10 78 333 394 416 417 425 670 684 825 897
1  104
1  277
1  177
3  379 483 580
2  213 493
1  415
23  0 1 2 4 6 7 11 56 70 406 545 571 584 598 616 626 670 703 769 812 920 948 953
2  509 911
1  120
3  703 723 786
2  521 753
22  7 9 35 132 155 217 220 266 389 545 584 603 703 721 728 737 740 843 877 920 926 948
4  10 416 767 962
1  601
3  12 100 472
1  381
29  0 16 26 29 30 46 67 144 161 165 180 184 185 207 245 460 603 609 626 670 684 697 703 723 740 758 825 877 982
7  138 545 600 621 783 835 920
16  129 138 141 158 161 184 199 256 395 428 436 584 626 658 758 878
2  479 875
33  0 2 4 5 11 14 50 57 64 105 130 140 156 161 165 239 242 248 270 388 428 496 541 554 584 600 654 733 758 786 874 948 982
13  35 62 241 545 603 642 654 732 740 758 815 879 972
1  270
2  133 838
2  147 215
9  0 2 72 242 328 603 723 843 948
4  298 643 648 839
4  57 186 222 248
59  0 2 7 9 11 21 29 38 41 63 91 102 129 135 184 246 262 292 304 316 351 365 371 382 400 428 429 451 485 522 541 545 554 561 567 570 578 584 585 598 603 626 677 723 728 733 746 755 786 820 825 843 877 878 902 920 948 964 982
2  676 811
2  671 852
2  291 830
2  109 243
3  319 417 746
36  39 141 174 184 216 245 246 247 248 260 262 313 319 333 348 417 428 435 500 545 555 588 593 599 616 626 670 684 740 745 758 769 902 920 947 982
6  26 30 144 258 595 846
1  257
2  328 607
2  60 799
5  541 567 598 600 783
4  7 9 21 999
6  54 238 399 414 521 722
1  134
28  0 23 56 70 71 163 244 291 416 505 530 541 556 570 598 616 626 709 740 756 758 786 817 830 878 884 902 920
10  163 179 244 345 484 646 666 755 920 953
1  289
89  0 2 3 4 5 7 12 16 23 26 33 34 44 52 55 107 111 112 145 158 163 176 185 187 188 231 237 245 262 267 274 290 294 352 379 400 434 451 455 459 471 485 486 505 531 541 545 553 556 561 570 578 584 593 598 624 626 633 664 670 684 697 703 706 728 730 732 733 746 755 769 783 825 830 841 848 874 878 884 902 920 934 945 947 948 953 958 972 999
3  50 157 952
1  253
2  239 825
1  614
2  100 274
1  297
9  28 133 438 448 536 599 794 817 848
6  275 478 489 538 549 652
1  724
3  613 614 943
94  0 2 4 5 6 7 11 14 16 17 18 23 24 28 36 39 52 56 57 60 61 63 70 71 73 99 113 117 138 140 141 145 146 152 158 184 186 201 205 206 209 245 246 248 271 281 292 294 315 316 319 322 333 355 376 395 400 416 417 418 428 438 449 487 491 536 544 545 555 561 584 598 599 616 626 630 654 670 703 709 718 746 758 820 825 838 848 873 884 887 902 920 942 953
2  73 909
2  607 971
1  1
2  205 972
8  267 269 390 474 616 903 913 948
2  407 967
1  108
2  76 77
6  30 216 258 595 631 846
2  406 436
4  101 787 953 954
2  445 924
2  340 930
24  0 1 3 26 44 85 111 158 245 363 541 552 567 584 600 621 640 729 751 758 825 872 920 934
1  2
3  579 582 890
31  0 17 37 61 76 95 96 129 162 184 245 368 405 416 461 545 554 584 598 616 626 654 703 721 732 740 755 817 827 920 963
2  780 954
2  421 554
3  415 422 920
2  373 895
1  444
2  334 918
1  257
9  5 28 406 545 571 765 843 848 959
3  8 246 313
2  365 885
1  633
2  401 608
1  750
3  135 598 960
1  76
7  167 398 604 632 669 704 948
5  109 134 243 287 297
1  332
3  485 508 912
16  5 28 36 52 60 97 140 205 217 292 333 400 416 536 848 920
1  357
3  457 823 954
3  0 207 215
4  72 76 670 684
2  676 741
6  5 6 11 234 718 927
2  377 920
8  7 10 48 78 143 333 636 962
4  62 642 733 879
2  415 920
21  0 7 56 94 163 245 290 451 461 536 564 598 755 765 786 820 830 848 884 902 980
1  262
1  228
78  0 1 2 3 5 6 7 11 12 14 15 29 31 38 39 44 49 52 53 57 59 64 70 79 85 87 94 95 102 103 107 111 112 113 118 119 123 128 138 168 170 176 191 248 260 277 292 299 304 352 356 365 371 384 400 420 429 462 485 536 539 545 583 598 603 626 630 670 684 740 769 817 825 848 902 920 947 948
1  83
1  540
4  457 808 953 954
1  639
37  0 2 7 8 9 10 15 17 48 57 61 72 84 199 206 239 313 371 391 416 418 548 684 703 711 728 740 758 761 769 783 820 887 920 934 948 982
2  103 975
3  554 703 786
1  212
1  72
18  2 240 291 292 472 505 530 541 545 616 626 743 755 758 817 874 917 920
3  75 702 953
3  118 428 573
7  91 123 128 170 299 304 371
2  456 891
4  621 640 729 920
2  564 884
5  0 109 243 287 454
16  28 36 39 40 72 133 286 316 360 438 485 536 563 735 769 920
11  43 50 118 298 307 381 541 643 648 738 931
3  143 379 483
2  758 920
1  499
40  7 15 16 42 73 99 117 120 207 217 220 232 266 292 305 319 325 349 351 365 440 505 545 573 584 594 603 616 670 703 723 737 740 794 877 878 883 920 948 984
1  626
1  390
9  26 30 144 216 258 595 631 747 778
1  309
91  0 3 4 7 12 15 20 24 26 28 31 44 46 47 57 61 67 70 71 73 77 80 82 92 94 105 107 111 112 137 139 140 141 150 158 184 186 216 229 245 246 248 260 276 292 310 335 338 346 352 363 368 376 377 400 406 417 428 430 437 461 468 469 477 485 486 515 523 541 545 555 571 578 584 624 626 654 664 758 765 769 794 806 817 820 902 920 945 947 948 953
7  0 369 597 617 678 933 937
1  664
3  7 70 920
13  163 179 255 345 366 484 666 671 691 742 889 920 953
1  108
1  592
1  207
1  366
2  630 948
3  64 221 626
1  96
1  221
1  220
1  68
3  58 522 985
4  590 612 675 682
12  16 70 130 141 145 150 156 246 260 878 961 972
8  1 3 26 103 112 216 626 878
1  274
1  293
2  336 963
4  0 7 10 22
2  397 983
2  783 934
5  152 184 467 769 920
7  505 530 732 758 830 934 999
3  5 479 731
1  526
14  12 33 41 217 292 545 603 723 728 740 843 883 920 972
61  0 2 7 12 15 16 19 38 46 53 60 70 71 79 102 103 111 112 114 142 145 163 184 199 201 216 232 246 256 267 276 278 284 294 310 333 356 363 371 428 436 451 456 490 505 541 549 616 626 688 703 730 740 755 758 843 865 866 883 920 972
5  235 545 654 733 815
1  484
2  185 641
1  371
26  71 82 92 96 99 189 199 256 260 292 294 322 333 363 428 436 537 541 545 555 584 843 877 878 972 984
17  0 23 113 163 290 536 541 564 598 755 758 769 817 836 887 920 978
1  796
3  240 532 574
4  769 825 884 920
3  28 39 992
2  666 852
7  51 54 238 283 521 579 785
1  834
1  11
2  48 896
3  3 20 26
1  790
1  893
2  78 711
1  205
1  704
1  90
1  549
20  70 143 158 184 224 570 684 740 746 755 758 769 817 820 848 920 934 945 947 948
3  269 474 774
2  0 112
2  182 935
2  170 299
1  499
1  300
1  770
1  697
2  509 719
2  805 938
6  269 383 474 528 591 774
14  4 44 184 308 319 391 428 436 485 537 541 545 554 603
1  70
1  412
1  830
1  792
3  347 450 663
166  0 2 4 5 6 7 9 11 12 14 15 16 18 20 23 24 25 28 36 39 40 41 42 44 50 52 56 57 60 61 64 65 70 71 73 80 82 90 92 99 105 110 117 127 129 137 138 141 145 146 147 152 154 176 184 188 199 206 207 216 217 229 237 245 246 248 259 271 274 275 278 284 290 292 294 305 310 315 319 333 337 342 345 346 348 360 374 376 377 400 406 415 416 419 422 428 438 442 448 451 455 467 480 484 485 488 496 505 508 520 535 541 545 555 571 584 598 599 603 616 621 626 640 646 670 688 703 709 718 723 729 740 746 755 756 758 769 783 786 789 806 813 816 820 825 830 835 838 841 843 848 851 852 873 877 878 884 887 902 934 945 947 948 953 972 982
1  485
7  0 2 13 109 518 657 995
1  658
2  445 781
1  699
4  406 545 723 948
1  812
1  224
9  0 100 145 156 163 179 244 345 697
4  87 125 340 782
7  50 59 118 467 558 616 839
2  143 636
1  849
10  275 531 758 783 825 872 874 902 920 953
1  905
2  325 351
1  849
1  912
1  503
1  373
4  498 966 972 987
4  213 449 493 769
1  768
1  315
11  3 44 61 107 553 578 758 848 902 920 947
2  301 473
32  0 2 7 12 16 17 44 61 68 70 140 215 224 248 252 292 315 319 341 485 541 555 588 746 758 820 848 902 920 945 953 982
78  0 2 5 6 7 9 11 12 24 25 29 39 43 44 50 52 57 64 70 74 95 113 118 140 142 145 154 160 184 201 205 206 214 222 231 242 248 267 271 294 319 333 379 384 388 400 406 416 417 428 435 598 599 603 604 616 626 630 632 683 684 718 723 732 737 740 758 774 802 820 825 843 848 857 902 920 926 953
1  411
1  555
1  679
3  43 50 759
75  0 4 8 11 16 19 23 52 68 70 73 75 79 99 101 138 142 145 147 163 179 184 226 228 231 239 244 246 255 256 260 271 288 290 292 294 333 341 345 348 350 366 396 406 407 457 484 485 496 500 505 531 541 545 568 578 596 599 671 702 718 756 758 769 780 823 831 848 852 920 934 947 948 954 982
15  0 7 75 101 113 228 400 457 596 702 780 787 808 823 953
1  442
1  356
6  35 195 404 501 586 668
10  0 1 163 267 290 556 561 633 688 758
2  571 794
10  6 56 64 204 242 541 598 626 670 800
4  150 242 865 972
4  10 545 724 814
8  25 124 159 162 336 545 786 869
1  740
1  157
6  142 498 626 692 941 972
1  775
1  596
1  130
2  486 706
1  771
36  2 7 11 25 60 64 99 142 145 160 161 165 205 246 292 294 348 428 480 498 519 541 545 603 733 758 773 865 877 878 883 920 941 961 966 984
1  597
1  126
3  1 103 826
1  347
2  366 671
1  884
1  360
1  817
1  272
31  0 4 39 110 111 117 141 184 239 246 256 288 319 333 348 436 451 522 541 561 570 626 728 732 740 746 825 920 947 953 984
2  397 871
12  2 7 12 16 110 545 621 640 843 883 972 982
1  863
7  32 109 134 250 251 297 681
1  941
1  653
1  505
1  658
1  246
1  888
2  83 99
3  103 112 584
3  518 657 922
1  190
1  590
1  591
11  9 21 135 262 416 485 505 677 752 758 874
