1000
6  258 266 278 382 540 782
15  33 59 94 169 346 366 380 386 409 577 685 687 858 902 984
7  43 153 208 236 321 407 953
6  252 258 442 562 833 945
6  54 337 356 427 537 925
11  113 126 287 348 620 747 772 799 823 903 989
12  49 67 237 239 332 499 661 698 820 908 933 979
8  264 296 331 423 518 797 880 940
11  224 385 468 487 496 582 741 826 911 945 978
13  87 123 181 184 209 384 447 464 582 802 807 810 954
11  158 200 271 337 489 553 645 824 899 910 927
12  69 169 186 259 381 398 520 565 646 791 872 889
12  67 111 157 181 192 247 289 454 506 614 780 896
12  24 170 239 283 306 385 398 569 641 643 777 953
7  277 313 406 513 602 851 990
4  265 299 694 823
9  151 153 200 294 345 447 682 784 998
13  24 32 67 194 213 397 434 515 579 757 853 870 880
13  23 185 191 240 401 410 595 687 731 840 849 866 868
3  761 875 903
5  146 270 496 749 823
8  113 216 657 706 712 735 812 818
13  154 168 242 437 578 586 592 622 651 729 736 763 935
19  18 81 147 157 209 241 255 357 396 449 462 535 563 665 673 783 899 901 924
10  13 17 120 137 221 347 474 522 527 747
13  146 238 281 449 538 604 630 705 755 873 891 938 985
7  34 67 336 667 688 739 753
7  352 385 614 639 842 883 979
13  68 121 356 411 425 428 578 586 693 775 781 891 940
6  155 401 613 621 818 833
13  180 227 257 260 449 535 570 620 631 638 668 680 872
4  48 63 195 223
14  17 267 287 383 469 503 507 585 610 664 844 937 946 949
8  1 228 309 315 357 743 782 783
14  26 265 282 317 447 455 463 557 560 566 641 679 850 863
6  158 332 442 453 693 738
12  64 120 122 183 293 369 415 418 431 472 611 977
11  309 450 509 721 738 775 884 944 952 956 986
6  47 215 238 246 462 703
9  48 104 125 263 299 565 682 726 899
12  112 121 140 179 212 364 398 424 426 501 595 933
9  176 187 255 271 284 454 713 844 959
17  48 129 140 147 160 255 277 369 483 557 575 647 886 954 970 977 996
15  2 46 100 197 344 351 404 441 514 616 640 691 712 980 994
3  210 340 563
4  281 643 688 839
8  43 95 240 407 572 860 887 986
11  38 238 314 597 711 730 734 762 802 892 985
11  31 39 42 400 416 459 541 639 779 857 959
8  6 319 398 403 457 673 734 849
11  112 174 460 471 561 685 756 788 878 962 968
9  150 176 404 434 447 453 594 768 820
4  136 211 697 868
7  138 143 373 743 778 908 971
10  4 91 102 119 224 268 300 358 635 885
12  149 159 303 343 397 399 410 433 455 478 547 780
10  276 328 411 451 570 581 585 629 709 872
7  201 225 247 507 565 767 940
13  66 94 119 429 482 513 551 626 638 703 821 855 929
13  1 63 366 394 405 453 626 665 698 710 884 957 986
8  98 226 338 348 414 527 670 742
14  230 273 316 501 561 594 671 706 730 775 776 845 849 946
8  69 218 232 250 556 618 622 839
8  31 59 296 418 513 654 671 998
6  36 274 525 556 736 906
7  152 194 270 280 594 773 779
9  58 137 286 350 351 502 533 801 958
19  6 12 17 26 74 97 198 202 225 475 504 625 641 666 717 786 852 875 908
11  28 77 102 134 608 634 638 700 734 804 900
16  11 62 71 276 315 327 330 424 470 688 703 714 723 786 955 957
10  126 144 301 313 353 404 544 613 790 795
14  69 273 290 306 343 366 382 513 545 619 645 667 731 919
8  121 370 500 543 553 562 824 986
12  201 276 491 514 599 612 714 728 749 779 810 832
10  67 265 294 305 414 555 690 723 746 847
12  254 259 316 322 426 545 601 646 655 722 811 986
7  194 496 711 722 777 927 941
7  68 258 324 525 608 834 973
17  131 139 207 296 353 383 386 427 471 530 651 674 704 890 909 919 955
6  518 526 638 733 769 790
6  238 283 620 891 948 969
6  23 175 404 512 668 839
7  108 143 258 385 624 708 756
7  218 406 421 529 558 790 926
10  245 351 713 721 731 742 785 806 856 881
10  97 167 302 498 516 520 681 823 843 853
11  130 241 324 376 412 654 715 728 762 967 974
15  9 95 166 311 538 571 575 583 633 662 739 760 765 860 887
10  116 232 300 389 473 547 652 736 797 997
12  151 527 544 560 564 566 661 737 913 945 962 995
10  197 283 568 792 793 795 831 867 915 930
10  54 231 314 525 584 590 734 851 884 978
7  99 204 585 651 677 784 979
11  162 219 312 351 356 664 714 894 922 923 989
9  1 58 159 223 466 488 787 823 840
8  46 87 267 585 593 607 759 812
7  241 327 399 838 923 964 995
8  67 85 142 149 161 219 365 726
8  60 115 126 213 363 589 795 863
11  92 129 181 332 503 534 664 666 676 688 939
11  43 115 271 304 373 521 551 627 688 735 872
9  178 193 396 507 635 728 813 874 960
11  54 68 417 584 595 640 659 737 772 785 864
8  127 198 210 285 381 511 635 660
8  39 122 256 269 308 413 553 886
13  130 156 185 249 364 430 431 483 558 902 913 975 997
8  147 297 334 340 408 587 768 795
8  428 439 459 516 542 708 720 804
8  82 138 360 764 768 798 894 907
6  365 601 626 653 806 958
8  286 343 348 435 470 571 761 940
11  12 142 163 304 540 551 619 670 723 738 961
7  40 50 330 352 356 832 852
14  5 21 135 230 256 270 459 479 671 816 850 898 928 948
6  250 281 339 363 384 778
11  98 100 173 198 655 701 804 838 914 929 986
11  88 135 167 373 374 407 626 662 679 700 968
7  253 505 572 770 826 848 922
12  174 175 377 395 457 527 586 602 681 754 844 994
14  54 58 125 169 265 277 337 606 777 795 873 913 924 957
7  24 36 261 454 594 681 770
9  28 40 72 147 156 377 556 793 887
8  36 104 257 346 501 823 939 975
7  9 221 349 526 663 774 937
11  143 418 469 525 593 665 727 824 896 923 930
7  39 119 320 751 839 855 938
10  5 70 98 352 445 564 656 726 885 920
7  103 158 160 374 491 829 959
7  478 592 668 752 941 951 988
8  42 99 356 553 656 666 771 841
7  86 105 213 298 545 733 771
13  78 133 202 218 278 314 383 386 536 612 913 955 986
5  284 435 584 673 852
10  131 254 274 286 309 327 624 701 762 950
8  68 304 314 393 424 645 669 898
12  113 116 174 184 311 336 414 609 824 829 882 973
11  52 173 453 537 546 563 647 701 714 850 858
7  24 66 226 292 345 789 992
12  53 108 224 325 536 552 648 721 748 852 877 963
14  78 188 228 260 317 323 335 489 586 594 718 753 837 867
15  40 42 179 183 234 258 259 267 388 529 539 594 692 751 870
4  374 508 557 881
12  97 111 223 286 303 447 701 711 719 800 903 999
13  53 82 124 305 420 480 494 543 697 734 743 920 938
13  70 170 175 202 447 485 597 626 627 701 880 958 978
5  267 410 561 769 797
11  20 25 282 295 431 521 611 615 628 842 911
19  23 42 106 121 198 275 377 440 469 470 553 600 626 692 705 708 759 810 961
8  282 442 452 506 519 785 864 982
6  55 97 279 691 886 893
12  51 249 330 362 436 495 636 715 747 863 951 963
10  16 89 400 412 447 667 676 840 928 990
13  65 156 175 186 489 596 601 696 734 737 765 793 887
7  2 16 564 570 601 728 768
8  22 350 396 427 566 696 797 992
9  29 252 281 475 501 715 806 867 919
13  105 121 152 168 274 320 331 387 680 704 715 745 978
12  12 23 216 241 303 392 600 664 695 782 802 818
11  10 35 127 178 200 274 288 432 604 640 965
13  55 94 191 310 433 434 473 475 491 671 731 844 898
10  42 127 186 397 447 476 520 646 853 863
5  97 194 355 859 988
12  93 169 256 303 317 322 509 585 644 707 762 845
8  111 179 432 460 787 798 812 831
11  191 194 203 292 562 628 643 671 753 902 913
10  225 348 454 497 633 693 752 864 920 992
10  87 174 268 599 680 733 768 796 854 901
11  85 116 321 347 369 403 429 563 590 832 908
7  22 156 169 461 606 752 890
22  1 11 119 162 168 245 247 351 386 444 527 634 691 749 751 787 804 812 857 878 938 990
14  13 144 290 382 390 417 608 613 707 731 779 790 807 939
10  235 334 480 485 500 625 649 797 798 983
4  349 409 624 859
11  115 136 270 430 524 534 644 782 913 934 966
15  50 118 135 166 228 320 416 453 473 687 806 842 877 924 966
15  81 118 144 152 292 340 418 524 550 604 684 702 781 807 915
13  41 51 229 315 407 442 563 635 694 701 744 769 889
5  390 792 848 889 938
11  101 158 184 219 264 321 934 946 964 969 993
11  40 140 163 204 229 242 621 668 681 890 905
10  30 260 336 564 592 679 741 827 883 987
16  9 12 99 261 454 488 523 532 582 600 702 749 860 895 921 974
12  219 319 348 381 394 586 589 728 834 860 893 974
6  36 140 296 633 706 760
9  9 135 178 235 320 611 622 871 915
9  18 105 380 406 451 679 695 726 972
8  11 152 160 349 536 621 735 799
13  41 194 377 394 553 607 609 698 759 798 862 873 933
6  139 296 379 509 514 962
6  314 320 693 837 912 943
12  206 244 354 433 477 583 595 654 656 718 945 951
14  18 159 164 233 311 322 324 368 401 746 772 871 928 953
7  12 406 511 572 682 740 843
11  101 279 349 391 423 448 528 532 545 589 592
13  17 65 76 161 164 187 348 392 409 509 748 773 965
3  31 326 915
8  292 306 598 676 755 774 803 907
7  43 90 206 208 638 660 773
14  67 103 115 147 234 501 560 570 597 609 687 794 851 901
3  401 600 722
10  10 16 158 487 523 570 625 641 657 672
14  57 73 285 423 651 703 716 810 875 891 946 951 955 958
16  67 131 144 230 235 269 310 327 510 621 770 819 845 911 918 980
8  164 240 314 385 554 736 892 928
8  92 179 375 425 793 798 844 998
4  208 388 976 994
13  190 197 345 459 482 586 665 709 778 785 789 861 866
8  78 258 497 564 693 715 799 844
8  2 197 205 250 486 557 650 671
12  9 23 230 255 383 424 471 481 485 489 595 973
14  44 103 220 222 225 271 417 423 485 517 591 727 813 961
11  52 312 369 563 573 577 606 633 795 828 999
4  40 377 703 773
15  17 98 130 250 292 326 336 530 728 735 819 825 851 856 937
6  252 332 386 460 825 832
7  38 254 451 592 607 678 747
7  21 157 298 467 518 706 981
11  233 329 431 491 493 538 594 668 703 793 802
10  62 83 131 325 427 469 566 775 903 969
14  93 97 178 182 220 294 459 715 743 868 870 888 906 914
6  210 219 436 511 811 919
13  24 123 242 324 326 367 399 402 591 612 840 959 969
7  210 307 411 458 798 813 860
9  31 94 142 323 401 499 578 777 959
10  8 54 138 241 302 564 603 633 972 994
8  57 67 165 210 264 440 654 756
9  60 137 228 341 374 655 747 863 920
13  30 312 404 456 507 534 559 641 656 657 672 691 806
11  33 139 174 226 260 372 568 701 756 811 909
9  176 179 298 336 339 411 638 955 963
12  61 113 202 209 339 366 382 613 696 715 759 826
8  91 347 373 482 559 662 777 924
15  62 88 270 327 355 517 582 715 739 742 755 776 800 813 897
9  191 217 253 326 331 494 786 798 901
17  140 198 278 344 492 565 676 700 707 810 817 837 852 865 868 960 998
13  171 184 202 422 580 625 629 630 655 666 728 942 989
14  2 282 327 368 527 630 675 692 770 814 916 922 957 964
7  6 459 494 518 539 551 600
17  25 38 47 80 240 308 331 349 428 704 711 800 838 889 969 977 978
7  6 13 407 505 797 814 856
10  18 46 203 238 336 459 471 855 930 948
12  23 86 96 157 224 247 481 544 685 736 785 898
12  22 179 221 347 421 500 659 700 714 899 933 987
9  244 407 408 544 655 682 736 760 876
8  190 243 321 341 378 550 711 741
13  84 169 405 435 483 522 526 529 629 754 773 813 966
12  38 282 351 459 528 555 563 691 693 762 767 775
7  12 57 169 241 580 721 847
4  485 709 784 853
12  105 150 412 432 437 467 599 602 728 865 873 910
12  62 114 208 213 262 370 387 475 500 833 958 966
5  425 443 521 662 963
9  3 155 214 446 522 686 699 906 948
5  117 233 534 626 715
16  75 133 215 306 342 402 485 510 585 659 749 774 802 877 902 987
12  23 41 42 209 279 340 349 410 583 586 805 828
11  104 113 162 261 265 582 583 662 748 770 934
12  30 122 269 303 585 601 610 624 645 656 712 729
15  0 3 77 82 140 207 512 561 634 753 758 800 830 842 921
11  11 75 140 454 474 555 566 604 626 836 841
10  30 139 180 228 456 487 609 661 890 955
9  120 181 256 489 501 576 638 759 912
7  250 395 437 528 591 621 764
8  39 308 415 526 529 547 685 719
7  7 178 225 280 482 924 952
11  15 34 74 119 256 281 467 564 847 859 905
13  0 290 346 369 474 489 494 621 634 672 760 823 875
10  32 95 140 145 284 375 377 452 520 892
9  54 166 359 478 537 637 799 834 865
10  104 202 257 424 517 568 600 674 797 930
15  20 65 113 173 232 343 373 484 607 654 702 709 747 818 830
13  10 41 100 210 282 375 494 498 605 695 696 745 812
11  308 471 634 637 674 793 804 816 884 911 966
11  61 71 284 288 401 650 715 773 817 871 977
13  64 133 156 158 353 687 695 720 743 806 854 908 974
3  147 835 969
11  56 69 73 295 320 526 542 557 702 895 977
10  14 42 119 487 501 672 733 835 918 993
13  0 131 234 326 347 449 456 493 596 640 721 970 999
9  149 193 255 316 467 614 615 724 940
11  65 264 295 395 428 484 506 578 653 834 918
10  25 45 114 155 265 346 364 438 701 759
9  34 146 148 236 246 271 677 875 880
13  13 80 90 334 371 500 624 841 858 899 924 944 952
10  41 132 267 273 360 455 561 718 801 861
12  103 201 386 394 492 500 584 665 673 773 819 883
14  66 110 133 142 339 376 437 464 495 572 693 718 800 939
7  5 32 292 503 625 691 820
14  158 273 302 366 391 441 473 659 668 672 764 880 938 974
4  12 339 352 416
8  71 170 266 539 881 903 960 966
9  435 442 702 704 754 758 760 919 924
9  137 164 175 196 213 287 645 900 921
7  36 428 488 550 777 804 859
10  16 74 219 453 565 663 723 789 842 913
7  146 276 280 429 721 824 879
8  7 63 78 183 188 408 905 959
11  106 316 335 508 640 661 671 699 800 940 948
10  130 216 229 437 467 523 528 776 916 951
16  15 39 326 368 378 551 579 643 675 703 706 737 762 849 868 880
11  54 88 486 654 662 684 750 755 792 923 963
9  70 353 425 608 653 676 697 727 985
11  85 224 288 344 365 443 697 771 804 883 948
10  55 142 157 162 257 510 521 560 652 748
6  100 111 134 420 873 874
7  74 143 394 477 516 934 954
14  13 71 196 254 309 316 335 362 368 512 578 609 620 843
7  222 358 402 435 611 740 926
12  104 238 263 272 368 381 461 465 602 745 811 912
10  33 37 133 306 441 499 634 691 921 941
8  159 202 362 385 445 507 525 668
9  87 135 191 340 390 414 470 922 965
6  93 211 227 787 882 925
6  14 70 601 665 706 968
15  47 91 131 134 189 203 392 452 459 515 587 645 665 753 962
8  33 69 176 330 380 451 526 820
10  61 75 279 297 306 364 398 454 677 767
9  34 139 162 324 358 445 455 607 899
6  372 410 500 654 805 892
10  49 182 458 537 601 666 749 851 852 951
10  125 156 174 184 189 276 565 654 682 934
10  2 167 178 244 332 455 484 502 727 872
13  75 162 191 363 488 531 562 678 708 757 794 814 890
9  139 223 329 454 482 628 645 684 867
9  77 86 191 221 317 423 694 872 968
6  138 218 722 729 817 844
12  195 213 221 233 278 299 394 439 454 552 623 912
9  69 96 133 202 232 236 465 664 912
7  56 604 612 732 854 907 971
9  217 323 402 423 430 455 475 750 937
5  69 112 150 315 582
10  7 156 233 238 415 745 751 798 950 968
12  6 35 99 214 321 393 687 697 839 852 899 975
4  346 355 501 691
9  106 171 283 389 510 522 536 643 805
11  139 297 306 374 409 549 603 687 768 808 930
16  26 135 180 213 229 240 345 462 471 612 645 718 845 847 898 926
9  4 10 119 400 415 417 573 578 934
10  60 349 423 479 488 508 534 744 802 895
11  114 229 230 286 289 357 404 573 696 787 992
15  44 106 175 255 311 377 388 398 450 462 580 664 841 873 898
9  226 244 523 613 755 785 823 856 859
8  254 363 490 628 735 863 890 898
14  55 71 110 270 413 428 436 466 557 621 648 823 837 868
10  43 234 302 443 590 646 649 858 873 931
8  16 137 206 336 650 751 974 998
8  1 122 266 281 333 507 784 936
14  24 167 231 242 278 393 474 536 633 655 704 728 742 759
10  5 60 110 165 182 194 505 512 633 928
13  123 172 186 193 238 255 338 442 614 634 656 677 894
11  66 154 371 421 475 485 517 658 761 895 933
13  43 66 84 93 169 246 412 496 726 902 921 980 990
12  27 112 126 289 359 403 567 630 731 802 880 952
10  70 78 274 301 389 499 807 836 849 890
7  190 372 559 618 647 793 978
5  161 232 333 566 729
9  4 28 93 112 129 618 834 847 913
9  23 33 339 386 421 592 604 682 896
9  54 307 317 360 633 748 806 939 982
10  268 352 522 656 669 758 818 879 880 985
5  108 284 358 545 928
8  504 526 561 731 755 788 928 983
9  150 306 310 363 518 643 687 724 927
11  98 114 322 342 362 450 537 544 582 669 718
10  40 105 281 316 377 508 524 562 597 872
14  97 109 302 466 495 499 643 659 664 665 667 703 819 962
10  1 59 71 230 288 369 466 714 850 858
11  221 398 438 468 538 541 775 893 898 913 917
10  191 236 299 306 308 403 588 606 743 894
9  36 42 167 211 266 366 416 559 856
4  72 250 746 786
8  283 350 431 540 674 709 722 799
8  228 318 354 429 590 648 925 962
10  53 100 116 231 270 387 458 547 670 927
12  116 127 141 226 335 514 515 602 627 690 761 944
10  204 267 271 525 559 633 771 817 828 842
8  86 286 478 598 604 663 820 996
18  118 121 147 187 212 267 340 364 459 493 515 565 687 757 790 811 814 915
8  244 299 386 643 856 879 948 960
9  188 448 550 594 619 646 912 929 953
10  1 185 315 439 489 533 559 789 831 896
6  11 103 182 308 426 722
7  0 71 170 230 546 551 685
10  32 78 131 209 519 731 785 871 905 908
8  9 114 395 452 631 736 784 856
14  8 13 27 82 203 310 418 483 525 652 670 901 954 988
11  1 78 131 169 214 285 357 378 928 938 969
9  156 250 373 420 618 683 707 821 979
9  140 205 340 398 405 554 599 805 834
8  88 334 353 398 609 690 705 790
5  170 177 311 931 967
13  193 288 529 534 618 693 790 842 857 861 901 916 994
6  157 194 314 554 648 823
13  134 332 347 572 652 694 698 701 736 819 888 974 981
10  59 182 187 285 305 326 556 617 706 882
11  118 262 280 384 564 661 740 763 824 948 990
10  23 101 154 520 549 620 812 908 911 970
10  17 55 160 463 477 488 552 555 731 924
13  11 13 40 49 316 340 367 388 389 505 534 579 885
9  55 96 221 414 583 585 659 743 959
10  48 151 337 413 610 738 798 802 830 999
9  18 29 191 199 223 273 720 817 982
10  221 254 307 329 405 456 649 814 927 993
9  49 167 352 368 526 631 711 713 869
11  43 51 70 81 227 339 488 580 590 700 876
8  59 245 388 402 852 861 894 985
10  14 83 185 192 418 525 610 697 722 996
8  2 46 116 176 239 243 664 835
13  106 243 296 501 527 582 602 636 641 692 863 892 963
7  1 172 194 335 468 502 729
11  18 55 145 255 318 525 629 740 828 978 989
4  28 56 222 229
9  86 151 249 351 437 445 536 777 842
6  104 343 400 545 546 644
12  60 74 135 311 399 555 611 692 737 793 801 806
14  36 263 331 337 417 443 482 521 600 632 722 845 921 923
10  48 174 289 369 556 568 644 677 779 875
11  102 170 210 337 415 427 444 603 678 723 744
8  36 63 124 175 385 406 600 793
7  545 564 579 672 681 853 934
7  143 304 387 617 875 899 972
12  83 242 350 357 525 636 769 797 816 839 896 949
6  235 460 558 610 833 990
12  7 193 201 210 324 329 338 494 541 637 679 743
11  40 69 134 209 269 448 451 493 749 912 947
9  28 204 251 301 474 579 631 677 703
12  40 75 381 430 673 863 898 915 920 941 982 989
9  4 78 154 218 417 433 462 529 795
11  28 107 238 280 293 343 527 574 586 635 770
9  58 167 295 372 464 496 684 717 819
14  105 173 329 426 491 534 539 608 655 803 826 863 888 924
10  36 105 146 217 371 432 586 690 786 965
16  158 163 249 431 441 450 521 571 599 666 822 849 887 908 949 955
11  55 159 190 427 475 578 620 634 732 841 866
12  17 51 159 511 689 728 738 809 874 905 942 946
10  110 132 245 291 307 477 497 650 773 956
7  150 220 343 650 776 872 984
15  22 249 262 286 298 412 438 494 552 726 784 846 863 977 983
7  281 367 437 549 732 742 868
10  107 326 380 513 653 696 767 788 925 952
11  147 225 491 501 545 638 717 719 722 858 931
8  43 288 309 432 588 693 699 756
14  3 35 148 176 291 349 468 503 628 679 690 742 960 961
13  251 302 344 415 524 580 702 768 830 873 874 937 982
10  169 417 602 618 689 704 832 845 913 983
5  126 310 317 412 879
4  252 513 835 889
14  9 16 34 51 142 144 151 160 582 650 720 763 784 796
9  193 379 424 490 539 649 772 946 981
8  23 25 30 278 511 709 722 979
8  37 340 363 432 495 719 746 812
12  56 185 215 315 424 456 484 657 694 764 798 970
9  148 267 314 384 495 697 863 865 951
8  35 51 59 136 174 294 559 977
14  12 41 120 165 181 259 316 323 326 650 738 826 915 957
11  34 55 284 317 321 329 493 538 549 575 867
7  227 260 278 402 451 854 946
5  49 118 621 670 772
11  222 319 373 564 577 614 870 899 926 949 989
14  48 107 113 206 219 237 240 246 314 377 468 524 702 910
8  50 163 214 422 494 759 765 979
7  168 308 505 702 726 756 865
8  23 38 336 340 427 783 834 948
4  34 397 513 964
7  9 286 429 503 510 542 759
8  308 327 635 743 805 823 950 969
12  94 343 365 366 544 687 751 867 940 948 951 963
8  216 249 265 279 298 661 664 861
9  8 367 409 442 459 513 554 790 901
10  32 124 147 218 595 801 820 937 975 992
11  69 110 147 311 555 700 706 735 764 793 899
15  50 78 209 240 272 336 511 574 654 692 746 796 850 904 926
3  36 775 853
9  88 159 174 288 613 889 900 910 925
10  24 259 266 347 425 481 517 627 787 916
13  67 155 159 250 329 350 433 603 660 739 751 777 862
11  160 488 593 636 822 838 884 917 918 962 971
8  190 305 397 435 578 605 776 855
10  55 128 268 376 575 636 724 808 929 942
6  113 338 546 750 794 977
10  143 171 547 613 616 705 799 851 937 963
8  209 241 474 486 490 590 723 732
12  58 206 231 264 323 415 546 610 672 858 894 984
9  42 105 245 385 664 802 832 860 979
10  270 280 321 451 520 589 770 814 834 891
14  144 171 209 210 248 254 350 526 613 648 717 753 956 969
7  208 300 481 709 890 934 997
10  8 200 260 277 510 520 618 660 781 929
10  94 181 293 322 338 397 404 476 687 784
15  10 139 152 209 261 266 380 538 591 602 613 810 854 930 937
11  342 448 481 688 704 758 807 837 842 917 941
13  73 127 159 217 430 440 512 515 560 674 768 818 881
10  234 285 525 533 534 541 636 692 872 926
11  217 278 377 424 455 533 544 562 607 676 997
13  143 233 237 266 271 423 437 460 523 612 703 782 789
7  150 286 365 450 452 814 971
14  8 20 76 351 429 505 536 627 647 681 689 827 854 995
9  165 207 435 498 560 592 647 800 937
8  85 271 497 519 546 683 741 818
10  6 223 309 353 365 511 552 598 818 871
11  72 171 242 250 283 285 318 593 748 895 973
19  40 61 122 155 198 261 277 333 408 440 538 556 611 764 774 795 803 852 943
8  66 321 409 596 718 723 822 837
9  32 99 287 442 464 655 697 906 931
7  67 361 633 636 638 913 929
8  117 239 348 398 461 496 745 838
4  12 148 280 957
9  32 57 101 227 310 346 652 703 903
9  141 297 338 364 548 707 720 803 939
7  37 162 188 194 568 734 793
8  202 254 303 334 464 487 597 704
10  103 192 220 434 449 471 499 626 702 858
8  81 258 306 348 491 942 992 996
15  14 58 63 71 439 446 463 468 629 637 675 754 866 886 976
8  43 73 188 374 622 728 806 809
7  17 314 374 377 491 857 932
10  85 107 305 524 575 624 689 837 855 954
9  210 232 269 350 474 526 572 735 772
7  7 79 216 237 362 552 905
9  148 383 498 526 548 644 799 801 927
9  11 85 160 267 396 484 487 698 752
13  100 146 251 303 415 432 537 549 633 655 747 776 824
8  24 245 252 334 359 593 679 707
9  181 200 298 341 494 557 626 737 848
8  173 175 364 443 459 516 638 922
15  64 77 91 124 310 375 385 406 410 421 492 688 782 808 859
18  79 123 245 263 276 315 361 403 485 517 519 537 552 567 635 719 771 827
12  24 60 89 118 169 236 408 428 558 643 665 915
11  193 246 262 298 565 612 615 633 735 770 873
10  83 140 245 263 391 427 703 769 809 967
6  78 213 653 663 705 739
7  322 597 755 827 859 932 960
7  181 193 625 643 745 785 919
7  66 380 492 493 550 625 844
13  99 173 227 253 338 391 398 430 492 617 655 778 889
3  23 30 843
15  131 138 186 334 347 412 496 543 603 741 863 865 890 907 913
16  4 136 268 319 363 521 526 573 682 781 803 815 839 925 932 988
10  25 87 217 367 455 489 501 565 633 766
9  140 237 290 430 448 818 893 918 997
10  0 111 371 645 670 679 696 705 827 925
10  48 367 423 492 776 797 818 842 919 997
7  107 276 464 551 748 799 890
5  72 143 536 622 726
14  70 89 241 243 363 466 493 648 671 714 761 789 851 900
10  71 75 130 193 360 413 419 440 761 868
12  136 382 413 479 482 498 562 601 635 814 887 993
8  55 88 263 373 480 636 978 994
5  508 519 609 667 887
11  335 396 438 455 521 551 617 753 782 818 898
12  175 244 293 379 533 577 704 723 744 911 945 985
16  58 100 111 237 299 382 542 549 567 622 721 724 833 889 925 973
11  138 326 397 437 499 518 526 559 572 599 929
12  10 72 104 129 147 187 603 639 682 802 863 935
9  203 388 392 468 580 622 625 860 883
16  74 246 259 397 414 470 567 578 583 584 691 708 759 882 904 991
9  62 64 121 394 416 501 657 744 927
10  34 42 141 208 276 343 523 789 814 995
7  83 105 422 527 776 954 986
10  227 231 354 369 375 380 453 552 799 938
11  34 89 198 303 491 497 706 750 781 811 914
15  50 61 145 258 284 361 603 605 712 777 796 838 846 882 925
11  3 72 164 322 364 493 546 797 834 916 961
9  23 44 136 167 176 211 246 613 671
13  89 126 153 180 207 224 265 395 419 458 640 803 810
12  11 39 57 234 294 320 377 528 538 843 890 894
12  34 89 154 218 259 355 571 605 678 875 946 994
7  352 526 551 555 808 937 961
10  90 228 269 416 509 597 634 804 806 821
7  13 653 740 765 847 936 956
9  30 56 153 198 200 589 635 720 732
8  87 110 432 566 629 734 806 855
14  46 117 192 286 393 517 552 643 662 735 806 846 856 965
7  211 337 339 537 641 763 997
4  428 471 737 808
6  42 87 455 478 516 987
7  261 627 749 814 824 855 928
9  1 211 458 550 615 782 830 833 870
12  22 28 223 280 306 337 433 477 555 616 627 957
10  17 299 398 419 425 610 632 845 873 946
9  235 247 340 404 443 554 617 903 988
3  56 857 998
17  8 9 181 232 256 330 363 408 447 586 627 669 709 757 758 763 764
11  87 190 255 256 399 555 628 738 740 899 976
10  91 102 132 285 555 651 665 710 821 976
11  32 56 92 95 162 254 257 399 636 783 850
15  22 28 118 139 182 206 255 428 431 582 703 737 757 852 879
8  106 314 629 702 808 879 916 933
9  368 441 612 678 799 842 891 933 989
10  98 182 193 484 570 609 624 764 895 978
9  91 167 344 372 404 481 706 731 877
7  210 221 262 489 776 837 877
12  22 128 180 193 215 357 497 598 604 784 945 977
11  95 124 476 500 522 596 604 652 655 692 823
11  51 61 65 120 139 140 217 379 668 784 948
7  18 40 102 190 209 469 642
7  152 278 502 593 844 852 879
11  47 144 198 364 510 531 568 694 696 705 907
6  196 376 499 592 731 751
10  73 166 249 388 432 552 719 836 941 971
11  147 157 181 199 237 269 415 418 765 821 830
11  75 109 152 153 257 313 319 546 634 646 928
14  14 118 249 308 374 408 444 489 618 666 699 782 835 901
10  224 335 417 475 536 553 561 877 976 984
15  25 158 175 259 328 357 376 592 593 628 684 747 782 964 968
11  271 477 561 566 642 644 650 809 823 874 977
9  119 168 211 368 690 751 814 824 874
10  95 187 215 270 317 493 846 897 989 995
6  68 77 170 301 430 989
11  135 187 198 260 306 389 548 589 622 643 814
12  32 257 400 406 422 482 579 616 738 821 928 930
11  36 146 184 307 414 501 630 644 820 856 883
11  73 131 221 328 336 494 528 588 762 867 979
11  29 70 170 230 341 473 480 485 489 563 942
7  12 27 279 349 458 770 970
7  146 279 528 577 734 953 978
8  43 480 578 610 730 752 755 912
10  394 420 534 549 580 647 689 728 784 919
12  62 354 356 387 391 444 487 602 657 696 818 983
7  71 111 379 641 699 906 935
11  5 30 80 306 396 433 741 753 818 840 853
11  29 179 186 202 262 266 343 457 663 842 901
9  22 62 184 514 543 551 554 609 668
4  326 669 928 981
8  82 133 172 257 283 516 589 755
10  67 171 200 235 287 532 533 554 700 884
15  58 59 109 116 144 147 253 259 511 523 682 726 788 933 977
12  100 144 374 474 496 576 578 582 815 832 840 961
13  146 164 323 342 442 583 604 686 747 778 885 890 998
8  56 235 245 410 513 571 587 953
9  25 235 236 352 611 631 688 699 951
11  30 384 403 425 630 648 656 684 775 793 944
4  415 579 695 740
19  87 165 183 211 224 347 348 358 375 504 521 528 538 675 693 808 911 956 969
11  68 169 258 266 272 309 349 433 568 601 854
15  54 101 103 176 428 465 526 546 570 659 714 774 812 923 962
12  150 408 421 476 478 492 504 547 585 781 806 884
6  268 272 423 513 737 856
12  30 58 68 79 197 229 261 440 504 524 823 971
5  27 48 553 805 837
12  43 102 158 278 297 564 702 739 751 756 805 844
10  13 34 67 200 227 408 573 619 758 924
8  595 605 691 702 724 748 766 998
15  13 45 164 299 334 362 365 378 527 532 572 609 801 821 952
7  162 173 413 416 519 605 611
12  10 71 134 257 292 314 323 336 540 735 891 945
9  11 75 160 344 379 601 705 774 800
9  42 136 354 496 497 617 708 715 990
12  138 343 372 392 485 544 631 692 703 704 779 941
5  171 344 402 448 669
17  208 273 345 435 436 447 454 605 657 687 713 746 788 825 846 916 946
8  22 78 92 201 584 777 924 925
9  88 303 385 393 507 593 701 876 912
8  109 280 301 439 530 569 712 856
14  63 86 190 225 270 300 318 320 471 782 833 852 888 899
17  75 115 226 235 243 347 430 503 521 534 593 662 679 702 734 876 960
10  126 129 190 227 257 349 359 631 706 724
10  21 200 227 451 556 618 650 821 876 938
8  350 665 769 782 806 894 906 927
10  102 242 254 288 365 399 635 727 854 983
6  103 197 475 487 835 900
11  6 89 260 297 395 467 674 685 785 892 915
13  87 116 231 251 256 300 572 655 692 764 900 903 959
9  123 294 376 530 621 797 892 921 951
14  32 93 99 157 327 340 365 407 467 483 723 741 836 978
15  23 59 124 206 285 313 314 365 527 584 658 691 811 814 958
10  67 99 129 235 319 432 602 818 845 907
8  26 71 151 365 548 728 973 982
16  30 81 128 179 217 288 310 594 622 695 813 830 852 911 965 988
7  134 359 363 582 623 649 785
9  60 111 373 385 457 540 817 838 962
11  61 63 113 159 164 208 297 544 563 886 965
10  200 227 266 277 288 419 482 747 822 888
6  23 49 132 285 426 821
7  78 269 272 371 491 661 722
7  236 299 513 633 706 869 988
10  99 151 196 234 301 493 680 872 979 986
7  92 282 316 349 416 425 846
12  215 322 417 566 588 817 832 878 930 955 976 982
13  34 116 180 185 423 442 522 540 655 692 842 862 946
7  30 156 166 676 702 712 732
9  85 118 120 179 419 496 834 922 927
11  16 39 192 243 320 357 537 553 626 723 795
6  387 498 852 879 920 986
7  175 300 323 429 604 631 825
9  1 50 241 263 382 661 705 771 796
5  252 628 880 963 993
14  1 18 174 198 274 332 335 362 377 466 488 650 706 908
11  26 45 69 99 100 490 525 630 793 879 937
11  434 444 496 516 617 756 768 855 943 944 956
9  74 374 389 431 442 606 760 857 957
15  43 149 169 227 246 287 309 333 555 642 665 759 951 963 978
13  140 147 236 408 414 471 492 593 648 662 679 816 849
11  28 35 165 189 207 246 286 391 441 633 702
11  15 176 324 393 451 597 751 833 887 959 965
7  157 185 271 274 632 668 758
10  152 154 230 271 339 439 540 597 618 786
15  52 143 301 302 332 406 452 503 718 750 814 888 911 916 998
8  6 59 187 393 520 717 834 952
8  252 297 441 602 619 630 705 923
10  68 116 234 242 404 470 625 862 863 866
12  115 133 136 142 144 176 228 281 393 652 891 900
18  175 181 270 276 291 443 459 461 511 587 640 642 655 680 693 779 815 923
17  38 58 69 201 212 217 299 365 425 494 507 529 586 648 736 761 986
14  78 156 238 291 347 444 490 510 550 648 750 836 953 958
12  25 147 389 480 530 540 597 646 685 699 903 952
16  21 61 183 216 299 313 394 470 560 590 656 675 687 810 893 922
8  162 170 234 387 508 522 834 987
8  82 107 147 322 555 647 838 970
9  56 206 248 270 371 449 486 582 864
6  59 584 758 887 890 988
6  47 76 142 238 244 403
10  21 43 257 561 653 680 725 869 910 924
5  41 84 403 650 860
9  69 73 93 136 242 366 544 635 918
14  86 150 155 156 207 219 230 232 253 273 647 778 780 972
3  201 871 924
7  67 429 440 485 698 737 877
13  139 190 284 286 336 363 502 697 822 837 874 878 882
6  142 263 440 450 526 599
8  107 274 401 447 508 570 900 988
11  37 84 138 247 278 295 551 727 753 908 975
17  75 76 199 325 371 381 406 415 440 449 674 749 762 764 794 832 917
12  69 74 111 294 417 481 502 550 664 682 749 849
8  279 362 478 551 642 656 779 850
4  712 738 862 936
11  39 97 126 185 351 437 461 543 626 744 927
8  124 210 301 321 659 721 956 971
19  73 86 101 153 182 213 235 249 347 434 514 617 667 735 782 867 884 907 999
8  22 257 325 355 409 859 966 987
9  47 61 616 741 791 879 935 951 978
13  18 71 84 159 170 352 361 383 397 590 598 733 805
9  328 433 438 481 570 680 759 775 997
8  79 130 166 277 731 741 939 945
10  47 49 68 91 143 152 509 571 615 655
17  21 100 186 213 342 470 517 528 572 645 728 746 782 865 907 927 937
12  22 64 88 203 241 243 384 393 703 763 851 880
12  89 102 152 299 414 523 574 586 637 717 898 984
12  35 37 111 400 434 454 583 610 725 797 897 997
8  26 87 232 475 530 640 769 995
11  192 307 395 410 569 583 632 919 923 973 975
12  8 180 244 498 536 620 664 730 733 832 862 994
8  60 84 232 347 438 442 924 982
11  33 53 143 219 274 368 399 423 465 825 989
7  176 338 417 550 556 726 775
10  156 271 308 331 505 532 810 877 923 972
8  74 191 370 450 471 650 735 908
11  5 24 150 215 226 270 521 604 628 672 943
12  138 194 256 303 358 500 542 642 778 851 961 975
13  20 73 169 181 254 319 424 576 722 723 790 944 950
11  300 329 479 560 697 704 790 832 896 899 978
14  125 140 169 331 345 466 475 598 606 640 694 762 771 861
6  128 165 168 520 616 986
14  26 139 164 258 314 485 549 620 721 796 877 906 911 946
11  118 245 291 513 759 789 799 831 841 899 957
15  25 196 232 300 341 361 531 616 624 769 783 897 916 961 996
10  50 82 225 228 441 461 640 689 761 870
11  17 322 377 582 586 777 807 858 906 996 997
12  258 291 359 490 582 641 695 710 773 780 789 845
21  95 147 187 230 261 281 347 460 464 555 691 732 754 794 847 892 901 912 938 974 987
9  87 183 243 266 291 690 767 799 987
11  19 110 350 374 544 545 703 756 819 917 951
11  47 86 133 162 246 299 612 722 751 769 880
7  22 395 447 573 582 736 769
12  108 262 288 451 470 501 582 589 662 722 832 976
8  87 152 460 569 600 823 897 923
8  538 642 805 827 869 924 966 985
11  57 246 316 439 760 768 819 830 857 931 946
11  51 106 108 153 166 335 443 491 689 767 978
13  79 145 176 421 529 658 739 755 762 763 782 791 824
10  117 120 202 236 256 428 484 528 614 896
8  129 130 302 375 526 685 751 963
7  5 102 191 448 457 517 797
13  65 194 197 212 245 273 285 435 758 779 821 831 976
7  123 196 254 501 635 646 787
15  28 37 61 218 246 367 472 631 732 744 787 870 882 933 959
10  61 232 298 436 477 521 541 558 591 984
15  13 76 119 223 231 293 412 475 561 651 757 827 891 924 972
9  53 114 206 534 628 715 748 936 995
10  48 65 73 170 416 648 702 724 773 834
5  12 55 715 758 795
10  28 175 487 537 560 636 790 817 836 958
20  0 33 157 173 494 525 549 577 602 604 654 658 728 735 769 867 884 904 965 980
6  23 33 462 585 755 935
12  16 92 248 346 384 437 447 488 592 594 617 987
13  84 102 148 206 241 341 383 532 661 669 872 902 936
9  67 69 233 370 431 696 807 944 951
12  94 163 169 312 339 474 774 775 884 960 963 995
7  50 361 439 626 650 947 957
9  137 206 294 380 494 544 557 754 758
12  70 79 83 170 377 389 391 468 749 750 781 974
4  11 730 769 814
4  90 177 300 858
14  90 121 152 204 217 272 354 414 418 470 509 631 688 805
7  198 322 479 722 759 862 986
17  70 90 98 106 119 211 427 501 682 780 808 813 853 857 912 952 981
9  166 447 471 561 685 753 918 923 987
16  7 88 145 154 171 239 269 421 541 562 663 738 772 798 924 986
15  108 163 171 187 204 222 233 331 400 451 797 818 856 872 876
13  5 186 207 268 371 480 519 542 559 588 754 760 927
14  142 232 238 258 286 297 497 646 874 884 906 932 974 991
10  66 284 414 469 519 643 866 884 915 966
12  9 47 157 217 254 338 352 400 483 553 932 938
7  196 430 501 508 537 564 923
9  68 107 115 169 272 293 302 568 854
12  255 318 334 388 465 639 640 731 766 793 901 921
16  84 109 155 174 227 274 358 414 514 568 571 572 636 658 888 901
8  9 170 175 353 490 757 786 838
10  335 478 525 567 574 587 633 795 924 972
7  434 514 529 605 839 860 991
12  9 73 147 201 234 489 564 706 745 816 850 923
10  75 220 228 308 377 560 665 840 907 990
10  21 95 163 169 271 396 450 635 887 927
9  101 210 222 232 245 668 795 863 974
16  236 239 322 377 402 484 495 546 557 576 606 609 665 697 791 875
6  537 627 702 875 902 988
7  113 272 421 692 810 856 886
12  234 273 325 375 401 670 678 781 946 964 980 984
17  21 29 157 270 359 491 498 499 539 541 549 618 620 666 798 833 946
9  202 213 285 365 393 429 761 767 860
8  6 51 287 315 376 469 611 838
12  58 387 568 584 600 610 643 657 673 773 831 960
7  432 476 502 672 718 905 934
15  5 15 20 85 94 122 266 341 343 392 465 593 605 638 765
12  10 72 124 135 295 395 521 576 606 769 978 981
8  213 214 650 684 743 870 939 951
7  8 117 230 430 454 834 968
8  180 496 526 531 540 766 777 963
5  211 255 375 410 977
3  127 135 977
9  258 270 400 443 577 600 668 767 840
6  90 163 380 754 773 821
15  73 112 167 214 444 483 627 678 722 741 750 764 878 958 996
11  3 29 250 422 551 577 654 694 818 920 978
16  77 182 268 280 356 388 462 484 562 681 698 707 779 826 846 966
6  275 277 407 446 602 660
7  259 353 599 664 704 781 878
11  139 189 234 343 490 502 516 591 639 718 929
11  96 115 238 476 505 561 670 708 807 820 928
11  45 62 81 125 332 421 537 809 848 919 926
8  18 94 151 221 620 627 811 830
7  129 259 283 340 433 754 980
14  27 146 174 258 294 375 391 412 490 541 588 621 679 905
5  85 192 306 535 565
12  32 41 118 159 204 207 325 533 596 640 860 956
10  61 162 202 336 415 444 579 666 758 860
10  437 561 572 607 650 677 834 888 889 975
9  74 247 265 336 356 569 759 873 980
6  117 177 523 839 858 898
11  18 49 61 299 353 432 692 723 868 950 952
9  34 113 136 366 471 585 724 810 958
11  14 91 198 213 319 480 544 736 748 908 975
14  67 112 132 138 234 319 332 405 501 586 596 654 668 683
10  17 85 160 248 419 472 620 795 861 986
11  166 274 328 456 489 496 634 659 804 914 933
8  58 125 240 477 516 571 576 689
14  84 213 239 341 369 378 384 572 611 637 653 798 816 947
9  48 169 391 515 581 690 767 795 859
12  1 136 283 344 366 440 482 511 757 792 848 918
13  161 172 265 293 341 525 531 729 857 862 907 962 980
13  46 87 181 182 222 483 554 713 809 819 844 845 874
9  206 284 391 405 467 751 853 936 941
8  187 475 679 700 725 741 794 859
17  34 98 150 160 226 342 408 426 430 437 452 536 553 700 813 864 870
6  102 148 165 709 863 916
7  234 249 268 452 461 536 735
6  18 206 433 513 700 801
10  90 139 155 323 455 466 612 728 782 895
10  18 52 219 234 299 343 438 545 849 877
4  403 675 712 766
10  17 140 219 458 577 756 775 825 863 921
7  184 191 273 383 499 716 938
14  11 30 56 100 321 324 364 436 492 676 785 798 925 974
13  25 119 187 249 304 340 344 443 528 579 847 970 988
11  101 304 434 443 605 606 718 800 860 889 981
12  19 67 201 266 282 416 420 566 814 815 890 923
8  243 404 652 655 657 798 898 991
10  138 174 254 590 591 603 717 745 753 868
8  50 169 678 718 832 836 897 914
12  295 359 378 445 586 587 596 683 688 730 941 972
11  7 17 144 282 288 299 352 359 686 736 762
4  84 141 290 491
9  135 312 394 555 561 718 775 963 988
8  27 180 285 302 554 611 906 933
14  37 59 91 272 476 625 636 728 782 787 800 801 945 980
4  54 126 398 628
9  42 104 149 513 671 816 897 975 994
13  46 87 121 152 432 546 548 694 710 812 931 961 992
10  219 393 430 654 672 697 806 846 919 994
11  11 176 177 238 446 473 534 551 846 874 918
14  78 168 179 260 322 342 353 486 536 542 565 628 710 875
10  25 28 80 201 484 588 645 701 777 982
9  47 203 267 318 408 661 663 759 994
6  149 182 367 539 706 987
9  93 108 349 368 405 482 565 658 956
7  181 276 338 350 500 589 867
7  12 124 357 380 421 750 770
7  232 607 738 755 765 878 886
13  113 134 159 241 336 340 342 367 426 549 737 848 876
15  10 23 39 242 283 317 332 420 458 470 583 654 750 754 956
8  68 292 473 544 660 662 701 720
13  23 166 198 233 385 391 468 602 621 759 805 806 939
8  1 105 164 254 351 785 815 905
9  5 19 142 218 290 507 580 662 705
3  471 555 782
10  179 265 296 383 434 518 822 842 902 911
10  64 219 252 503 619 658 753 757 800 883
10  108 196 328 536 597 666 728 735 811 859
12  6 53 67 167 274 383 396 432 687 721 746 851
3  78 228 987
6  10 249 459 473 712 983
11  8 146 202 272 396 550 633 668 697 753 905
13  189 261 308 326 327 379 424 616 652 759 795 929 948
13  89 105 119 131 164 173 294 356 367 444 504 536 939
5  115 219 560 854 878
10  90 175 184 195 377 426 454 527 661 801
12  236 298 391 474 562 587 650 697 755 864 917 994
7  367 476 490 722 761 916 980
9  202 277 280 476 539 714 796 858 889
12  71 78 155 220 291 532 541 617 740 839 888 928
9  126 143 165 226 426 683 833 932 981
9  181 258 292 309 351 415 663 805 870
7  93 117 236 311 524 681 706
16  93 96 124 300 415 635 699 702 740 745 765 796 803 810 875 936
18  23 119 174 231 264 283 291 397 430 641 651 712 716 742 766 777 797 808
13  4 312 372 439 473 537 540 551 561 651 872 943 964
8  83 307 336 458 471 492 839 935
13  10 76 362 373 402 519 556 658 681 726 735 799 812
16  113 151 191 203 348 360 361 386 576 601 610 623 838 919 964 994
10  58 115 379 478 487 504 552 837 912 962
9  90 124 240 269 335 489 610 678 982
7  344 390 440 503 767 887 965
8  515 531 537 800 802 920 970 997
12  6 40 187 242 350 587 588 626 775 854 883 975
9  173 178 256 305 320 337 419 486 822
6  22 553 619 730 783 926
8  346 569 725 778 785 861 923 986
12  32 123 213 329 443 469 480 489 497 567 688 735
12  25 125 143 169 177 288 386 559 657 759 802 871
10  99 122 170 286 358 508 733 825 901 913
8  7 28 57 110 279 297 466 956
9  76 128 309 426 490 599 648 861 879
5  235 434 478 512 613
6  189 501 689 747 925 959
7  37 283 374 631 689 749 786
9  3 8 89 190 550 592 645 733 884
16  32 61 178 201 434 448 456 566 579 650 679 753 767 817 818 957
3  424 788 856
12  80 113 240 252 297 302 378 395 462 466 594 912
5  32 421 432 458 994
5  133 331 465 749 849
15  128 150 190 201 298 319 452 466 630 663 691 730 761 786 825
10  37 264 283 352 439 643 698 705 795 849
7  2 13 191 379 615 629 704
7  9 42 305 385 516 558 998
8  69 78 131 201 229 260 432 678
13  37 435 485 569 633 689 727 844 894 899 940 962 984
12  59 69 119 236 454 506 578 690 754 788 946 987
10  66 109 144 201 250 665 704 781 832 850
11  41 48 127 221 223 296 399 662 694 775 943
9  101 234 290 378 442 531 655 787 821
12  111 147 210 442 562 567 627 748 755 887 981 990
12  50 89 188 314 365 372 476 635 670 859 929 956
14  138 150 229 251 300 408 466 480 686 691 771 787 827 882
8  96 178 236 463 604 817 925 928
10  158 194 311 431 572 668 671 694 782 931
10  173 174 245 250 272 290 729 766 801 834
3  86 390 529
7  50 116 313 324 331 604 826
10  80 178 218 221 238 275 386 465 485 633
8  42 278 396 451 614 708 873 932
7  53 328 476 495 599 638 727
9  185 224 420 715 745 777 808 879 985
7  77 135 209 500 551 667 740
12  86 181 182 274 288 345 393 759 790 800 813 872
11  105 122 332 469 721 740 748 846 851 886 933
8  205 513 583 584 603 678 764 773
13  36 42 238 273 276 437 453 479 592 605 626 828 829
17  8 91 144 156 238 354 410 547 589 615 664 691 730 750 768 824 833
9  6 27 92 387 449 460 483 612 676
11  43 202 351 782 817 841 847 859 884 917 984
9  216 393 448 623 795 824 874 920 961
10  148 358 401 426 443 667 678 742 891 930
7  171 361 437 444 618 659 910
9  1 436 482 603 737 776 817 956 980
8  25 47 301 359 405 550 766 972
16  37 46 59 72 75 115 131 558 676 683 703 752 794 797 853 936
13  180 242 254 575 707 729 759 760 784 796 893 909 957
12  128 161 385 537 580 668 675 710 720 815 873 882
10  5 93 235 410 426 458 588 607 608 743
9  14 151 169 351 395 422 647 811 961
4  555 800 809 876
7  137 154 165 339 469 512 887
5  178 277 402 546 686
14  43 118 205 224 391 547 566 741 886 888 892 916 928 949
8  89 96 496 557 607 739 778 787
7  42 376 406 512 755 757 832
11  88 105 486 493 539 541 573 732 738 757 932
10  16 63 204 234 345 581 628 642 697 954
5  142 211 278 400 728
