
***ForestFire:  GeoFire  Nodes:1000  StartNodes:1  Take2AmbProb:0
                FwdBurnP:0.35  BckBurnP:0.354  ProbDecay:1  Orphan:0
(1000, 4294)  burned: [1,2,29]  [0.01s]
1000
105  1 2 3 4 7 8 19 25 32 36 46 50 52 54 64 69 80 88 89 90 91 97 105 107 114 115 136 140 155 158 165 174 178 188 207 211 220 227 237 239 256 258 261 270 276 285 293 298 309 317 334 340 350 354 355 371 382 397 418 428 439 456 492 516 530 535 539 541 548 573 585 586 597 605 615 626 630 640 656 690 695 696 710 712 713 714 737 743 746 772 776 779 820 841 851 888 892 900 906 950 966 970 981 983 989
76  0 2 4 5 8 19 25 30 32 36 46 50 52 54 64 69 80 88 89 90 97 105 113 116 128 136 158 174 178 188 194 237 239 258 261 270 276 285 309 317 334 354 382 397 443 448 453 456 492 494 516 530 535 548 573 586 615 626 640 690 695 696 709 713 714 743 746 772 776 820 892 922 966 970 981 989
74  0 1 4 5 6 8 9 19 25 32 46 52 54 63 64 69 72 80 88 89 97 105 116 136 146 158 160 174 178 186 188 207 237 261 270 285 369 379 381 382 397 418 453 492 516 530 535 572 573 585 597 615 640 687 690 695 696 712 713 714 743 746 772 775 776 779 832 851 892 920 966 968 981 989
59  0 4 7 8 12 13 14 21 32 37 46 54 64 72 80 97 114 116 140 145 158 188 194 211 227 228 258 261 270 334 340 371 375 382 397 418 456 492 516 528 535 573 585 587 596 618 630 640 695 713 714 716 772 820 892 903 978 981 989
62  0 1 2 3 7 8 21 25 32 36 45 46 54 64 69 72 80 97 105 107 111 114 136 140 158 165 178 185 188 194 227 237 258 261 270 285 364 365 397 423 442 492 516 535 548 573 586 630 640 670 690 709 713 714 743 776 778 851 852 892 920 989
40  1 2 6 8 9 19 34 46 80 97 105 107 116 136 160 188 237 261 285 293 354 385 397 418 492 516 535 573 615 630 640 687 690 696 713 714 772 892 966 989
26  2 5 19 34 46 54 80 101 105 130 154 163 196 200 237 252 365 379 397 418 516 687 690 696 743 772
74  0 3 4 8 10 11 16 18 21 31 32 33 36 49 51 54 64 69 72 74 80 97 107 114 115 136 158 174 177 188 194 220 227 228 234 236 239 258 261 270 293 315 364 375 450 453 456 480 492 516 521 535 548 573 585 586 587 596 640 690 696 713 714 772 778 779 781 820 843 852 872 888 892 989
54  0 1 2 3 4 5 7 16 37 46 54 55 64 69 72 80 97 107 140 158 165 183 211 227 261 270 354 356 397 418 423 446 452 484 492 516 535 572 573 585 597 630 649 670 690 713 714 741 743 823 892 906 966 989
27  2 5 22 32 64 80 89 97 107 116 146 158 174 186 261 270 293 332 397 516 630 714 772 832 875 892 966
14  7 16 69 72 115 188 220 237 375 521 712 714 781 820
17  7 16 56 62 72 126 136 168 236 340 450 492 521 537 596 714 843
11  3 13 72 108 227 228 343 497 689 820 903
23  3 12 15 35 48 72 75 96 289 340 491 497 537 552 616 699 711 739 751 806 903 905 969
7  3 85 327 395 528 618 714
25  13 17 27 35 41 96 271 289 416 491 506 616 699 711 730 739 751 806 857 917 931 964 969 979 999
30  7 8 10 11 36 60 69 72 80 104 136 163 166 188 220 227 350 380 446 453 535 548 586 696 707 710 713 714 888 892
19  15 27 35 38 41 84 96 243 271 357 616 711 751 806 877 931 954 964 999
12  7 29 49 59 69 153 256 331 453 640 779 881
30  0 1 2 5 6 20 46 54 69 80 113 116 147 220 255 354 376 382 418 573 597 615 640 690 714 743 772 892 981 985
14  19 26 57 193 220 255 335 376 586 597 690 743 892 920
36  3 4 7 23 24 25 32 46 47 51 54 64 72 97 107 113 114 140 178 237 261 270 456 516 521 535 585 597 630 714 743 779 886 892 920 966
8  9 39 97 107 270 364 772 892
20  21 24 28 47 54 73 80 102 113 114 456 516 695 696 709 714 886 892 965 989
6  21 23 178 332 456 714
40  0 1 2 4 21 32 36 46 52 61 80 83 97 103 107 113 116 155 165 173 178 237 261 270 276 376 382 492 548 586 597 656 690 712 713 714 743 772 892 989
17  20 43 57 220 241 258 286 398 477 516 586 597 600 640 690 892 920
13  15 17 35 38 42 75 96 243 360 506 616 944 999
12  23 73 80 102 113 114 267 349 651 695 903 989
7  18 59 69 153 453 496 779
21  1 36 46 69 77 80 82 128 198 254 376 382 444 548 586 640 695 743 779 821 922
18  7 40 99 100 138 177 218 228 234 314 339 466 480 487 525 701 820 891
30  0 1 2 3 4 7 9 21 25 54 64 80 97 107 158 161 261 270 332 397 492 516 535 573 714 772 792 892 920 966
20  7 36 80 95 97 136 209 270 364 492 586 690 695 696 710 714 772 833 888 892
11  5 6 46 80 116 163 187 237 252 397 516
19  13 15 17 27 38 42 75 96 199 262 340 407 506 616 711 724 751 905 999
30  0 1 4 7 16 25 30 33 46 68 69 80 136 165 178 188 276 285 290 350 548 586 696 713 714 749 772 810 820 892
10  3 8 46 64 72 354 521 597 714 892
15  17 27 35 41 42 96 243 361 616 711 751 806 877 944 999
3  22 97 124
18  31 44 81 86 99 100 205 218 234 304 313 424 465 466 487 525 555 747
24  15 17 38 58 65 70 71 96 112 243 361 388 416 490 616 699 711 751 806 877 931 954 967 999
11  27 35 38 66 79 96 119 143 243 360 999
14  26 57 67 76 204 220 258 516 535 597 600 690 892 920
4  40 81 205 218
8  4 69 178 397 442 453 696 743
43  0 1 2 3 4 5 6 8 19 21 25 30 34 36 37 51 80 98 116 136 140 147 163 237 258 261 285 293 317 373 376 418 516 567 597 640 687 696 714 820 892 900 989
23  21 23 53 78 113 120 125 157 215 284 372 394 456 516 582 585 630 690 709 743 789 892 966
3  13 338 973
5  7 18 69 306 921
20  0 1 52 54 90 105 107 162 174 179 188 237 382 428 443 516 597 695 713 892
13  7 21 46 80 97 98 136 236 258 492 594 640 843
20  0 1 2 25 50 54 80 87 186 237 332 382 492 572 573 650 712 875 892 906
14  47 78 113 120 140 391 415 441 516 582 597 630 690 966
51  0 1 2 3 4 6 7 8 19 21 23 32 50 52 64 72 73 80 97 105 107 113 116 136 147 162 174 178 190 237 239 270 285 332 365 397 418 443 492 516 573 597 640 690 695 696 714 892 966 970 985
15  8 64 92 97 107 211 261 332 356 453 484 654 713 714 720
6  11 159 236 450 655 843
22  20 26 43 67 204 220 245 255 258 261 398 516 535 586 597 640 740 743 892 920 978 989
15  41 65 70 71 110 112 361 363 384 388 490 616 711 967 999
9  18 29 69 153 453 586 723 743 779
12  16 69 80 117 237 258 261 446 453 586 670 966
13  25 80 83 103 155 173 261 434 492 597 743 861 892
5  11 136 203 521 596
8  2 142 149 151 246 295 470 869
32  0 1 2 3 4 7 8 9 21 32 37 54 55 80 97 107 116 178 270 293 317 332 453 492 516 535 696 713 714 743 749 892
22  41 58 70 71 112 118 134 164 180 235 353 363 384 388 417 490 507 616 679 931 954 999
11  42 93 96 112 119 143 231 251 360 361 999
8  43 57 141 204 258 535 539 920
12  36 80 290 350 709 713 714 772 858 892 966 992
48  0 1 2 4 7 8 10 16 18 19 29 30 36 45 49 59 60 72 80 117 165 166 178 186 188 220 227 237 256 258 261 290 380 397 446 453 586 670 710 714 760 779 818 841 851 875 892 989
12  41 58 65 112 363 384 388 507 679 764 931 999
19  41 58 65 112 122 127 134 139 243 361 388 417 503 616 704 929 931 954 967
33  2 3 4 7 8 10 11 12 13 16 21 37 54 69 73 80 114 133 168 220 227 228 340 350 375 492 521 537 640 743 892 903 920
14  23 28 54 72 80 113 225 261 267 294 690 695 741 989
13  7 106 114 194 228 315 320 456 586 690 714 741 892
7  13 27 35 340 751 752 768
17  43 123 135 172 220 258 261 352 390 398 495 516 534 597 600 654 892
4  30 198 254 956
11  47 53 113 120 140 391 415 516 688 709 966
4  42 131 221 733
78  0 1 2 3 4 5 6 7 8 9 16 19 23 25 28 30 32 33 34 36 46 51 52 54 60 61 64 68 69 72 73 94 95 97 98 105 107 113 114 116 128 136 147 163 189 196 220 237 241 258 261 267 270 290 350 364 382 439 456 492 516 572 573 597 690 695 696 709 713 714 743 772 788 820 886 892 966 989
5  40 44 205 218 438
4  30 214 247 254
7  25 61 132 155 173 743 892
9  17 121 357 440 616 685 931 954 999
7  14 197 395 528 618 686 731
10  40 99 100 156 205 218 234 466 487 525
3  52 144 382
14  0 1 2 107 140 174 188 355 516 615 714 742 888 966
14  0 1 2 9 97 107 174 186 397 605 772 827 875 892
7  0 1 50 162 174 237 892
5  0 181 539 630 920
4  55 107 171 720
6  66 96 112 231 361 999
8  80 95 107 237 258 364 598 743
18  33 80 94 113 136 258 270 285 350 364 572 615 690 695 696 741 813 966
19  13 15 17 27 35 38 41 42 66 93 112 199 243 361 388 616 877 954 999
43  0 1 2 3 4 5 7 8 9 21 22 25 32 33 39 51 54 55 64 80 89 107 116 136 165 188 239 281 293 356 397 492 535 573 587 654 690 713 714 772 892 961 981
10  46 51 80 116 136 258 364 690 696 714
11  31 40 86 156 205 218 234 304 374 525 555
11  31 40 86 156 205 218 299 424 487 701 747
7  6 109 422 589 625 696 777
4  23 28 113 279
4  25 61 178 492
9  16 166 220 241 380 707 710 714 892
27  0 1 2 4 5 6 50 54 80 116 129 136 192 237 239 258 293 443 492 516 535 630 690 696 714 961 966
4  74 114 228 714
62  0 4 5 7 8 9 21 22 25 32 50 54 55 64 80 88 89 92 94 97 113 116 140 161 174 176 186 188 237 239 258 261 270 285 293 309 354 364 397 418 492 516 521 548 553 554 567 580 597 605 690 695 713 714 772 875 892 920 961 966 978 989
5  12 227 670 820 903
9  101 212 344 422 589 625 665 777 839
8  58 112 361 388 478 674 711 816
8  4 137 182 233 364 504 776 989
23  41 58 65 66 70 71 93 96 110 143 148 243 361 363 384 388 478 751 754 887 917 929 999
37  1 19 21 23 25 28 47 53 54 73 78 80 95 102 107 120 125 140 225 258 261 267 294 391 456 492 516 582 597 626 690 695 714 789 920 966 989
31  0 3 4 7 21 23 28 72 74 80 106 115 128 150 228 258 364 392 398 434 456 539 586 630 640 709 714 820 892 903 965
7  0 7 10 114 539 586 820
47  1 2 3 5 9 19 25 34 46 54 64 80 97 98 105 107 129 136 165 237 239 258 267 285 293 303 309 317 364 398 492 516 535 567 630 640 654 690 696 713 714 743 746 892 920 961 966
10  60 69 258 261 446 453 493 892 894 978
7  65 164 235 388 401 531 954
3  42 66 167
19  47 53 78 113 140 188 253 267 275 391 415 516 560 582 597 709 892 966 989
4  84 357 437 440
8  71 134 139 361 461 463 931 954
10  76 172 258 261 268 421 495 534 600 892
4  39 514 715 815
12  47 113 224 273 409 599 709 789 892 919 992 998
6  11 168 492 537 714 772
9  71 361 388 639 647 674 804 931 959
9  1 30 80 114 198 297 494 640 922
13  105 116 165 237 239 258 321 492 535 640 712 920 961
4  6 154 280 431
6  79 221 368 733 745 913
5  83 155 563 743 936
7  72 219 228 238 350 735 772
13  65 71 122 152 222 361 384 388 399 413 417 488 679
11  76 220 245 258 269 578 586 690 772 855 892
43  0 1 2 4 5 7 11 16 33 36 46 51 54 62 80 95 97 98 105 116 165 166 168 177 232 237 239 258 285 364 418 480 492 572 690 712 713 714 746 772 888 892 989
3  111 345 796
9  31 257 288 358 400 588 627 667 797
10  71 122 206 361 388 635 837 931 954 967
31  0 3 4 8 21 46 53 78 88 107 113 120 174 183 188 213 239 258 267 391 492 516 530 573 585 630 690 696 734 741 966
6  67 258 260 517 535 920
10  63 149 151 169 170 202 246 565 661 869
5  42 66 112 243 248
3  87 229 590
3  3 587 714
8  2 9 519 585 656 746 832 880
7  19 46 54 80 382 696 888
4  112 249 754 929
10  63 142 151 169 170 184 246 287 693 869
5  114 242 398 406 709
7  63 142 149 170 470 609 869
2  134 222
9  18 29 59 208 520 653 668 779 848
9  6 130 196 280 379 397 492 516 670
10  0 25 61 83 132 173 563 606 743 892
7  86 99 100 205 218 313 555
4  47 215 516 892
20  0 1 2 3 4 7 8 9 32 207 261 332 354 573 615 687 726 775 872 978
3  56 450 843
8  2 5 293 397 418 573 892 981
13  32 107 223 270 285 364 492 516 535 551 714 785 892
6  50 54 90 174 237 892
19  6 16 34 46 80 175 189 220 241 258 397 404 605 675 690 696 788 823 892
10  65 118 235 388 401 784 842 864 898 954
17  0 4 8 25 36 69 97 116 129 136 232 237 239 492 712 714 981
10  16 69 104 136 191 201 256 283 712 714
3  119 263 278
8  11 72 126 136 228 492 714 906
7  142 149 246 287 328 822 869
5  142 149 151 246 869
5  92 272 658 720 860
8  76 123 220 258 261 319 359 495
5  25 61 83 155 597
24  0 1 2 7 9 50 54 88 89 90 107 140 162 213 267 567 586 597 690 695 714 741 841 966
6  163 220 241 586 675 772
9  107 188 316 414 498 554 567 762 990
5  7 31 136 466 480
20  0 1 2 4 21 24 25 36 45 54 64 69 103 276 285 293 332 714 892 966
2  50 337
7  65 195 217 353 384 679 958
4  91 630 878 892
2  111 504
5  8 140 312 515 690
1  149
2  4 989
12  2 9 52 69 89 107 329 397 492 605 875 892
3  34 252 771
40  0 1 2 3 4 5 7 10 16 36 50 69 88 97 107 120 140 176 194 220 237 239 267 270 285 293 379 492 516 535 547 586 640 690 714 760 772 841 892 989
10  80 163 220 241 258 333 398 571 605 690
4  54 634 690 971
2  166 283
11  105 237 239 266 293 443 492 516 535 630 772
5  20 335 586 597 892
21  1 3 4 7 74 188 220 228 267 296 315 480 547 586 597 690 714 741 852 892 989
6  180 353 384 592 679 923
6  6 80 154 397 492 892
3  85 348 395
10  30 77 128 297 341 342 430 640 683 892
8  35 96 243 318 388 408 616 905
2  6 838
3  166 216 889
6  142 436 464 565 728 869
4  62 366 596 808
11  43 57 67 220 258 412 535 571 873 892 920
12  40 44 81 86 99 100 156 218 313 457 747 866
8  139 274 336 361 388 635 837 967
17  0 2 158 261 270 332 354 481 521 584 585 597 615 642 656 726 920
4  153 435 653 848
12  33 210 270 285 303 364 492 516 682 714 892 981
7  209 270 285 303 317 492 892
6  0 3 8 55 261 332
5  109 264 344 839 927
14  140 174 267 291 550 585 597 690 705 741 746 781 791 968
2  82 247
10  47 157 226 284 323 394 516 630 892 920
6  201 330 641 847 889 928
5  180 301 384 679 940
11  31 40 44 81 86 99 100 156 205 313 522
8  133 238 346 347 350 505 713 772
42  0 7 10 16 19 20 26 43 57 69 72 76 80 104 135 163 172 175 188 189 194 204 228 241 245 255 258 267 333 376 495 516 586 597 675 690 714 743 765 772 892 920
5  79 131 230 733 913
3  134 152 240
4  161 270 535 814
3  125 576 992
11  73 113 267 294 311 476 547 714 960 966 989
6  215 284 323 394 516 630
18  0 3 4 7 8 12 16 69 72 108 228 256 350 670 714 818 858 903
23  3 7 12 31 72 74 106 114 133 168 194 220 227 238 245 256 258 398 586 714 772 820 903
2  144 910
5  221 527 733 745 913
5  66 93 265 361 367
4  136 165 393 480
3  111 324 624
10  7 31 40 86 99 314 339 489 555 640
12  65 118 164 325 388 401 577 619 784 842 954 999
7  7 11 51 56 389 492 843
53  0 1 2 4 5 6 10 21 25 34 46 50 52 54 60 69 80 90 94 105 107 116 129 136 162 165 188 192 239 258 266 276 285 293 317 418 428 469 492 516 535 573 597 640 670 696 712 713 714 743 772 892 920
4  133 219 228 772
44  0 1 7 54 97 105 107 116 129 136 140 165 188 192 237 244 250 258 266 285 293 300 303 317 322 364 492 516 535 549 571 573 585 630 640 712 713 714 737 892 922 961 968 981
6  222 282 370 500 633 896
13  26 80 104 163 175 189 220 258 292 333 571 696 920
12  150 398 406 434 483 536 539 709 794 824 841 892
15  17 27 38 41 42 71 96 112 143 199 271 361 416 616 806
5  239 259 719 800 890
13  57 135 220 228 258 269 376 690 743 765 855 882 920
7  63 142 149 169 170 328 869
4  82 214 305 911
2  143 691
4  148 660 754 929
4  239 426 540 573
1  66
6  6 34 187 365 397 714
7  120 275 391 415 560 582 782
4  30 77 82 956
11  19 20 57 220 258 376 586 597 640 772 892
8  0 18 69 166 227 228 670 714
3  138 288 797
67  0 1 3 4 7 26 43 46 51 57 60 67 69 76 80 94 95 98 105 107 113 114 116 117 123 129 135 136 140 141 163 172 189 204 220 228 237 239 241 245 255 261 267 270 333 373 376 398 434 456 492 535 571 586 587 597 690 696 714 743 788 855 892 903 920 966 989
2  244 800
3  141 638 920
58  0 1 2 3 4 5 7 8 9 21 25 32 46 55 57 60 61 69 73 76 80 107 113 117 123 158 172 207 211 258 267 270 293 332 351 382 398 434 446 481 516 535 597 654 687 702 703 713 714 726 779 851 852 892 920 975 978 989
5  35 340 362 407 616
1  167
7  212 277 344 449 717 839 927
2  231 367
13  192 237 239 276 293 492 516 573 696 772 892 953 966
41  28 73 80 113 116 120 140 174 188 194 213 220 225 258 261 270 308 309 311 373 434 456 492 533 547 582 586 597 603 680 681 690 695 714 741 772 845 892 904 920 989
2  123 421
3  135 245 690
48  0 1 2 3 4 7 8 9 21 22 25 32 33 54 64 80 95 107 161 188 207 209 210 223 258 261 267 285 303 309 317 332 364 397 434 492 516 535 585 597 615 630 696 713 714 781 892 920
8  15 17 243 416 616 767 806 979
3  171 658 720
4  125 409 599 892
4  206 629 837 967
7  120 253 391 415 473 560 709
24  0 1 25 36 178 237 266 285 290 293 309 317 350 448 455 516 573 640 690 696 714 772 892 966
9  264 383 449 569 607 613 666 839 927
2  167 307
1  102
3  130 154 670
4  97 302 356 492
2  240 633
4  166 191 591 712
7  47 215 226 310 394 516 630
41  0 1 2 4 5 36 46 54 95 107 116 136 161 178 188 209 210 237 239 270 276 293 303 309 317 354 387 492 516 535 573 630 640 696 714 772 888 892 920 966 989
3  26 398 920
4  149 169 708 869
3  138 257 474
5  13 15 416 491 806
8  36 68 69 80 276 714 851 892
9  213 526 550 585 662 705 791 793 968
2  241 377
37  0 5 7 9 46 64 97 105 107 116 160 178 188 192 237 239 261 266 276 285 303 309 317 364 382 418 492 516 538 573 696 714 772 892 966 981 989
6  73 113 225 451 714 989
2  63 545
2  194 568
7  128 198 396 542 640 811 892
3  0 900 983
3  100 575 766
11  239 364 410 511 516 549 659 713 753 772 835
5  217 384 399 413 679
1  281
19  116 209 210 239 270 285 293 309 317 364 382 434 492 516 630 640 696 714 892
5  40 99 465 475 555
1  247
2  49 921
2  278 458
4  267 373 582 586
21  0 1 107 116 267 270 276 285 293 303 317 387 492 516 535 626 696 714 772 825 892
2  284 512
6  225 267 373 492 547 989
4  183 648 831 945
8  40 156 205 218 424 747 897 934
4  31 234 339 508
4  7 74 194 690
6  176 414 694 773 850 990
25  0 1 46 64 116 210 237 239 270 276 285 293 303 309 492 573 586 640 690 696 710 737 772 892 926
3  199 408 905
2  172 359
4  74 471 556 757
1  129
4  239 713 772 961
6  215 226 394 479 516 630
1  233
7  235 326 401 459 619 842 999
2  325 401
4  14 454 909 987
2  169 246
2  186 875
7  216 420 610 641 652 847 889
2  18 640
22  9 24 32 52 54 55 64 158 178 207 211 261 270 382 433 492 516 573 714 892 920 985
8  189 220 241 258 447 571 586 939
7  0 1 3 375 485 695 892
5  20 193 586 597 892
5  206 361 388 478 763
3  179 411 755
1  48
4  31 234 314 508
16  0 3 11 13 35 72 75 262 362 375 407 537 716 843 888 892
5  198 386 430 559 640
3  198 595 863
2  12 689
5  109 212 264 839 927
2  137 796
3  219 713 772
2  219 350
1  197
3  28 562 651
18  0 16 36 68 72 80 95 133 219 227 276 347 428 455 713 772 858 966
6  261 529 643 664 702 916
3  76 398 892
8  65 180 195 384 388 490 672 931
18  0 1 5 8 19 37 107 158 207 285 521 535 573 597 690 714 823 892
2  0 88
8  8 55 97 281 484 649 654 670
6  17 84 121 460 616 685
1  138
2  172 319
4  27 42 66 974
26  38 41 58 66 71 93 96 110 112 122 127 134 139 206 231 243 336 384 388 402 488 503 679 748 751 917
3  262 340 407
8  58 65 70 112 384 417 524 999
30  4 7 22 33 80 94 95 98 107 111 114 116 136 161 209 239 270 293 300 303 382 492 549 553 571 640 714 888 892 966
8  4 6 54 252 397 418 714 892
1  203
3  231 265 938
5  131 445 733 745 913
2  2 530
4  240 419 896 984
3  0 3 378
4  47 456 585 892
8  46 258 267 308 311 492 920 989
1  99
6  3 7 10 72 334 340
17  19 20 25 30 46 220 245 255 258 586 597 640 690 772 892 920 966
3  292 738 937
1  371
7  2 6 154 188 492 690 924
9  16 69 104 586 640 707 710 714 892
1  2
32  0 1 2 3 19 25 30 50 52 80 87 147 261 293 303 332 364 425 446 492 516 548 571 573 636 696 713 779 888 892 920 966
4  277 403 607 927
21  58 65 70 112 134 180 195 217 301 353 361 363 388 399 413 417 488 524 672 679 931
2  5 962
3  341 430 854
5  285 309 482 535 645
30  41 58 65 70 71 96 110 112 118 127 134 139 164 199 206 235 336 353 361 384 401 429 432 478 501 674 763 816 931 967
3  236 546 673
1  76
14  53 78 113 120 140 253 275 415 492 499 516 560 585 966
3  114 744 965
2  232 462
10  47 215 226 284 323 479 516 630 841 892
3  14 85 197
7  297 427 542 640 677 811 892
37  0 1 2 3 4 5 6 8 9 32 34 45 54 69 89 97 107 154 160 163 186 196 252 270 365 418 516 570 605 670 696 713 714 810 892 899 952
25  26 57 76 114 116 150 189 228 242 258 261 286 352 434 481 483 584 585 586 690 709 788 841 888 892
6  134 301 384 413 417 679
5  138 588 627 797 865
11  118 164 235 325 326 388 429 501 674 828 862
3  361 405 488
3  383 885 927
2  163 557
2  402 488
7  150 242 509 608 709 841 859
4  35 262 340 362
4  199 318 616 905
3  125 273 599
4  300 621 753 772
1  337
6  204 535 571 713 873 892
6  134 301 384 399 417 679
5  176 316 468 612 694
10  53 78 120 253 275 391 582 709 886 966
10  15 41 243 271 289 506 616 806 944 979
9  65 71 134 363 384 399 413 524 679
24  0 2 3 5 6 8 19 46 54 107 136 160 237 293 365 397 597 640 690 712 714 892 899 989
1  370
1  330
2  123 268
7  101 109 513 589 625 628 829
4  4 8 670 823
8  40 100 313 472 523 701 801 897
6  382 492 502 696 892 920
4  250 540 573 914
5  396 532 543 677 811
6  0 50 237 350 713 772
6  388 401 467 732 862 912
5  198 341 386 518 854
1  130
2  388 982
3  332 516 640
22  61 114 242 258 261 267 270 303 398 481 535 539 547 584 585 586 630 656 709 713 892 989
1  208
7  202 464 565 566 728 869 874
1  121
1  81
3  0 80 544
2  84 121
3  53 630 671
5  4 45 678 743 846
7  1 50 54 105 192 516 663
1  30
2  368 913
12  8 16 60 69 117 261 382 453 670 714 892 966
1  333
3  1 276 714
4  264 277 839 927
6  7 11 56 159 537 843
3  294 714 756
1  8
21  1 2 7 16 18 29 45 55 59 60 64 69 117 446 493 573 654 714 720 743 966
2  327 909
5  276 350 713 772 888
23  0 1 3 7 21 23 24 47 74 80 113 114 258 267 372 492 587 597 690 714 741 867 966
1  205
1  307
4  325 574 727 842
4  357 579 602 685
5  122 646 798 876 895
1  393
2  122 564
2  202 436
2  40 304
5  31 40 86 177 480
5  429 486 732 862 912
2  414 612
3  237 573 581
3  63 151 869
2  320 556
1  424
2  275 583
1  288
3  304 555 604
5  225 684 706 960 989
1  26
4  110 112 336 388
5  323 394 516 630 892
7  7 31 136 177 194 232 466
9  207 261 398 434 558 584 585 709 920
3  387 510 535
7  242 398 584 585 709 841 892
8  8 55 356 601 622 649 654 670
2  334 892
2  467 957
4  31 40 86 100
6  134 361 384 402 405 503
1  234
6  41 58 65 353 751 931
8  13 15 289 616 786 806 944 979
87  0 1 2 3 4 5 7 8 11 25 32 33 51 52 54 61 64 72 80 97 103 105 107 113 116 126 129 136 140 154 161 165 168 186 188 192 196 209 210 236 237 239 258 266 267 270 281 285 293 303 309 311 317 332 364 373 379 382 391 425 456 499 516 521 530 535 548 571 572 573 587 644 670 690 695 696 714 743 772 823 843 888 892 906 920 981 989
5  117 453 573 620 978
4  1 128 640 758
6  76 123 172 220 597 892
2  29 779
3  12 13 552
1  176
5  391 492 516 535 630
2  240 896
3  388 401 803
3  425 631 696
3  71 361 488
3  111 182 893
3  219 713 851
7  15 27 35 416 616 944 979
3  65 70 679
2  314 339
5  406 608 709 853 859
2  482 535
2  300 835
1  310
2  422 628
2  124 815
1  183
82  0 1 2 3 4 5 6 7 8 9 21 23 26 32 34 43 46 47 50 53 54 57 64 76 78 80 88 105 107 113 116 120 140 154 157 161 188 192 209 215 220 226 237 239 261 266 270 276 284 285 293 300 303 309 323 332 382 391 394 397 433 443 479 492 499 535 571 582 630 640 690 696 713 714 743 772 852 892 920 966 978 989
2  141 856
1  430
3  146 832 880
4  153 653 657 848
16  7 10 11 21 37 62 72 107 207 354 492 597 781 823 892 920
1  218
4  424 632 817 897
3  363 384 417
5  31 40 86 99 669
7  291 550 585 705 791 793 968
3  230 698 913
4  3 14 85 618
3  351 614 702
8  0 1 2 140 369 492 585 690
1  118
2  427 677
3  267 603 826
3  76 123 600
57  0 1 2 3 4 5 7 8 16 21 32 43 57 64 67 97 105 116 129 141 161 188 192 204 223 237 239 258 261 270 285 309 354 387 412 434 482 492 499 510 516 539 549 571 597 630 640 654 696 713 714 743 852 892 901 920 989
4  242 709 718 841
8  11 13 72 126 340 450 840 843
3  293 573 714
14  0 67 91 114 115 242 434 535 630 696 714 823 841 920
3  250 426 573
1  0
6  297 396 640 811 892 955
2  427 677
1  439
1  295
1  389
11  188 194 225 267 311 434 586 587 630 714 989
17  0 1 4 7 16 25 30 36 107 382 492 580 605 714 920 966 981
9  239 300 364 535 571 713 714 749 772
9  213 291 526 585 656 743 746 966 968
2  161 561
3  13 497 637
6  107 364 605 714 788 823
4  107 176 567 695
6  40 99 156 234 304 475
3  320 471 757
1  404
1  481
1  341
5  120 253 275 391 966
1  551
2  349 651
6  132 155 593 692 743 759
2  463 951
4  142 202 436 869
2  436 874
11  46 107 116 174 176 554 695 762 805 892 978
3  296 830 902
3  277 839 927
4  397 802 810 952
19  189 204 239 241 258 333 364 382 412 492 516 535 549 630 690 713 743 892 966
8  2 8 52 80 95 136 492 892
52  0 1 2 3 4 5 7 8 19 32 52 54 80 97 140 158 160 237 239 250 266 276 285 293 317 332 354 382 426 453 469 492 493 538 540 581 586 587 597 615 670 690 696 710 714 720 743 772 775 892 966 989
2  459 842
2  299 941
3  224 611 676
3  235 954 999
2  135 690
2  460 602
3  107 548 605
4  469 573 587 714
14  47 53 113 120 253 267 308 415 516 630 823 886 920 989
1  473
7  207 398 434 481 483 585 709
35  0 2 3 7 8 21 47 140 146 207 213 239 270 291 372 391 398 434 481 483 526 530 550 584 630 656 690 705 709 743 746 886 892 966 968
52  0 1 4 7 16 20 25 26 30 33 36 57 59 60 69 74 114 115 135 174 175 188 193 194 220 228 255 258 267 308 317 333 335 376 380 398 434 547 573 587 597 630 640 690 696 710 713 714 743 892 920 989
15  3 7 97 145 258 456 492 547 573 581 586 597 630 714 892
4  138 400 627 797
3  101 109 422
1  144
1  283
2  195 923
3  563 692 743
1  51
1  342
6  3 7 11 62 203 918
58  0 2 8 19 20 21 25 26 37 43 46 50 53 54 57 61 76 80 107 113 120 173 174 193 194 207 213 220 237 255 258 261 267 270 335 354 376 418 456 495 521 535 573 586 587 605 630 690 712 714 743 772 779 781 892 920 966 975
1  94
6  125 273 409 709 892 992
5  26 43 76 123 534
4  484 622 670 955
6  460 579 617 721 736 879
2  267 533
1  475
19  0 89 107 163 186 189 397 548 553 580 597 714 725 810 827 875 892 920 966
1  155
4  277 383 613 927
5  406 509 761 859 870
2  151 869
1  330
1  576
2  414 468
2  277 607
2  529 702
14  0 1 2 5 19 88 95 158 207 270 573 623 714 966
30  13 15 17 27 35 38 41 58 65 71 84 96 199 243 262 271 357 408 416 491 506 711 786 806 877 931 944 954 979 999
5  602 721 736 795 879
5  3 14 85 528 716
4  235 325 954 999
3  493 947 978
3  410 753 772
4  484 601 670 955
2  615 966
1  233
5  101 109 422 628 750
6  0 1 113 309 695 714
4  138 400 588 797
4  422 513 625 750
2  274 967
51  0 3 4 5 8 9 21 47 53 91 105 114 116 140 181 192 215 226 239 270 284 285 303 323 394 434 441 479 499 516 535 539 547 571 582 585 586 587 597 656 690 696 714 743 823 841 878 892 920 966 989
1  502
2  523 897
3  240 282 722
2  190 690
5  139 206 787 837 967
2  382 770
1  552
2  260 920
4  127 647 804 959
52  0 1 2 3 4 5 7 18 19 26 30 46 51 54 57 72 114 116 128 129 188 198 234 237 239 255 276 285 297 303 317 331 341 364 376 380 396 418 433 494 516 535 542 586 714 743 811 892 920 955 966 989
3  216 330 847
2  207 774
3  351 702 933
2  492 906
1  387
2  461 895
3  127 639 959
2  312 945
5  8 356 484 654 670
1  52
3  28 349 562
1  330
4  153 208 520 848
12  55 76 97 116 261 356 453 484 535 649 670 713
2  56 843
11  0 25 146 207 434 550 585 630 700 743 746
1  520
2  171 272
1  300
5  249 697 754 929 935
2  142 869
5  291 705 746 793 968
1  443
2  351 702
1  109
1  277
2  138 812
2  153 848
1  525
29  4 8 60 69 108 154 227 237 256 280 356 397 423 446 484 492 573 601 622 649 654 696 713 714 823 892 903 955 989
1  441
2  353 384
1  389
6  110 127 388 401 862 930
3  163 175 220
1  576
5  396 427 532 543 811
1  442
15  65 70 134 180 195 217 301 361 384 399 413 417 507 764 999
2  267 695
2  267 845
3  209 714 729
2  198 963
1  476
3  84 357 460
2  85 790
7  2 5 6 46 158 261 696
1  78
3  12 343 820
72  0 1 2 4 5 6 7 8 19 20 25 26 33 43 47 53 54 73 74 80 95 97 98 105 107 113 116 135 136 140 163 174 183 188 189 190 194 213 220 245 258 267 269 276 315 317 354 376 379 398 418 456 492 516 530 571 573 578 585 586 597 630 634 696 710 714 741 743 888 892 966 989
2  248 997
4  563 593 743 809
2  149 783
5  316 414 819 844 850
28  0 1 2 3 23 28 30 33 50 54 73 80 95 107 113 174 267 334 492 554 567 626 680 696 743 772 892 989
61  0 1 2 5 6 7 16 23 33 36 45 46 54 64 80 95 98 101 105 116 140 147 163 237 241 258 266 270 276 285 293 303 309 317 382 397 425 492 502 516 535 539 573 586 630 670 687 690 695 709 713 714 743 772 810 841 888 892 950 978 989
2  660 754
2  527 913
4  13 15 41 979
3  656 769 884
4  31 100 424 897
7  261 351 529 614 643 664 933
2  261 932
2  71 967
8  213 291 526 585 662 746 793 968
1  476
8  16 104 380 710 714 772 892 978
1  287
33  1 4 23 47 68 78 80 114 120 125 150 242 275 398 406 415 434 481 483 509 536 584 585 599 696 714 743 841 886 892 966 989 992
13  0 16 33 69 104 317 380 573 586 690 707 714 892
14  13 15 17 35 38 41 58 110 616 751 806 816 905 969
19  0 2 10 25 52 129 136 165 166 237 239 283 418 597 714 743 779 888 981
56  0 1 2 3 4 5 7 8 16 25 36 50 55 64 68 80 97 107 116 136 219 237 239 261 270 300 322 346 350 382 397 412 428 434 455 505 516 535 549 571 586 654 670 696 714 743 749 772 810 841 851 888 892 961 966 989
128  0 1 2 3 4 5 7 8 9 10 11 14 16 19 21 23 24 25 32 33 36 37 46 54 55 64 68 69 74 80 88 97 98 104 105 106 107 113 114 116 126 136 145 161 165 166 168 174 178 188 194 209 220 225 227 228 237 239 252 256 258 261 267 270 276 285 290 293 294 303 309 332 354 364 365 380 397 418 446 448 451 453 456 492 516 535 538 539 547 548 549 553 573 581 586 587 597 605 615 626 630 640 670 682 690 696 707 709 710 712 713 742 743 772 788 811 823 841 851 888 892 920 955 960 966 988 989 992
1  124
3  3 340 618
2  264 839
1  536
2  244 890
6  55 92 171 272 453 573
4  602 617 736 879
1  633
1  59
3  35 849 999
6  605 807 810 827 892 966
5  158 207 261 775 942
1  459
3  202 436 869
1  682
3  15 964 999
1  85
2  429 467
7  79 131 221 230 368 745 913
2  140 966
1  133
4  602 617 721 879
4  0 239 317 950
2  377 937
2  13 15
2  57 920
13  8 73 74 95 140 174 194 213 267 456 690 867 892
7  88 714 743 809 888 892 966
61  0 1 2 4 6 8 19 20 21 25 30 45 47 57 59 61 64 72 80 83 94 116 132 155 220 237 245 258 442 453 492 516 535 550 563 571 573 585 586 593 597 630 640 656 690 692 695 696 709 712 713 714 742 746 772 781 809 811 841 892 920
2  392 965
5  131 230 368 733 913
18  0 1 2 116 136 146 213 550 585 656 662 705 743 772 781 823 966 968
4  40 100 205 313
1  361
9  36 64 549 713 772 810 892 966 989
2  625 628
14  13 15 17 35 38 41 75 112 361 490 711 917 969 999
1  75
4  300 410 621 772
8  112 148 249 660 697 799 929 935
2  337 780
1  451
3  320 556 943
1  494
1  563
3  69 188 892
2  608 859
2  176 567
2  336 388
3  70 679 999
2  220 245
1  299
3  271 806 908
1  75
2  700 884
1  636
1  187
74  0 1 2 3 5 6 7 9 19 22 25 32 33 36 68 80 89 97 107 126 133 135 136 175 188 192 219 220 228 237 238 255 266 267 276 285 293 300 309 317 322 346 350 376 410 428 455 492 516 549 573 597 621 695 696 707 713 714 743 746 749 753 781 823 827 833 841 851 888 892 920 966 989 994
1  316
1  642
4  2 158 573 726
6  0 1 2 4 111 989
4  101 109 834 839
2  4 7
17  0 2 7 18 21 29 30 59 69 153 261 382 496 597 712 892 920
1  755
12  7 10 213 270 521 597 743 746 772 823 833 920
1  253
1  693
3  164 235 999
2  161 977
3  491 616 806
2  635 967
8  80 163 258 398 553 714 823 892
5  47 113 125 892 920
1  686
4  213 291 526 968
1  32
5  291 526 662 705 968
3  242 824 907
2  617 871
2  137 345
5  138 257 400 588 627
2  461 876
2  754 935
3  244 259 925
2  424 897
1  570
1  501
3  127 639 959
2  567 836
16  13 15 17 38 41 243 271 289 416 491 616 711 767 786 944 979
2  725 810
1  203
7  692 742 743 888 892 920 991
13  36 397 570 605 696 713 725 749 807 888 892 950 966
10  297 396 427 542 640 677 714 743 892 955
1  667
1  95
1  223
2  124 514
3  110 388 711
1  523
3  69 227 868
2  694 850
15  0 1 3 7 10 12 31 36 46 80 108 114 115 228 689
1  30
1  169
22  8 163 354 423 492 521 539 553 582 630 670 714 746 772 781 788 841 888 892 920 966 989
4  242 794 841 907
1  309
1  533
7  89 605 725 772 888 892 966
2  401 862
1  422
2  568 902
2  312 945
4  2 9 146 519
5  33 772 781 888 920
1  777
2  300 511
1  805
5  139 206 274 635 967
2  200 948
10  109 212 264 277 344 449 569 717 777 927
2  537 843
24  0 69 174 188 242 394 398 406 483 536 539 630 696 709 713 714 743 772 823 824 888 892 920 966
5  164 235 325 459 574
13  7 11 51 56 159 236 340 450 492 537 655 840 915
2  694 850
2  267 681
1  442
3  216 330 641
5  153 208 520 653 668
1  724
4  316 694 819 844
11  0 2 4 69 261 290 505 713 714 772 955
7  4 7 194 261 516 535 920
1  509
2  386 430
3  135 245 258
1  517
2  15 999
5  68 227 350 892 966
4  406 509 608 761
1  171
1  61
5  401 429 467 674 828
1  342
3  164 883 898
2  400 949
1  205
2  456 741
1  818
16  63 142 149 151 169 170 202 246 287 436 470 565 609 661 728 972
1  608
1  795
2  7 158
3  204 412 892
2  436 566
9  9 52 69 89 107 186 329 605 920
2  461 798
7  17 38 41 96 616 931 954
3  181 630 892
4  602 617 721 736
2  146 519
1  18
1  245
1  864
2  700 769
1  403
7  21 23 80 415 582 585 709
1  112
31  0 7 16 33 88 136 147 285 340 364 382 398 455 492 690 696 712 713 714 742 772 809 810 823 827 833 841 892 920 966 989
4  201 216 330 928
2  244 719
1  31
166  0 1 2 3 4 5 7 8 9 16 19 20 21 22 23 25 26 32 33 36 37 43 46 47 50 52 54 57 61 64 68 69 72 74 76 80 83 89 90 97 104 107 114 116 117 120 123 125 135 136 155 157 160 161 162 163 178 181 186 188 193 194 196 198 204 209 210 215 220 237 239 242 255 258 261 266 267 270 273 276 285 290 293 297 303 309 317 332 334 335 340 352 354 364 365 372 376 380 382 394 396 397 398 412 418 425 434 446 479 483 485 492 495 516 521 535 542 567 571 572 573 585 586 587 597 599 605 630 640 670 690 695 696 707 709 710 713 714 725 741 742 743 749 760 772 779 788 789 809 810 811 823 827 841 858 873 878 888 920 950 955 966 978 981 989 992
1  504
1  117
2  461 646
3  240 370 500
6  313 424 523 632 701 801
4  164 864 946 986
2  397 418
4  0 46 298 983
1  535
2  568 830
11  3 12 13 28 72 108 114 227 228 258 670
1  267
6  13 35 199 318 408 711
6  0 8 52 168 492 644
3  794 824 993
1  767
2  327 454
1  229
1  247
2  429 467
9  131 221 230 368 445 527 698 733 745
1  426
1  843
1  351
5  15 112 361 751 969
1  596
2  125 992
66  2 4 20 21 26 32 43 57 67 72 91 107 113 116 129 141 204 207 215 220 237 241 245 258 260 261 267 270 285 286 332 373 376 382 425 481 492 516 521 535 539 548 582 586 597 605 630 638 640 714 740 743 772 779 781 789 809 823 833 841 852 875 888 892 966 989
2  49 306
4  1 30 128 239
2  195 592
1  379
1  800
1  317
10  212 264 277 344 383 403 449 569 607 839
2  216 889
6  71 112 148 249 660 754
1  674
19  15 17 41 65 70 71 84 122 127 139 353 384 388 490 616 877 954 967 979
1  703
2  643 702
1  313
3  660 754 799
1  132
2  377 738
1  367
1  333
1  217
1  575
1  726
1  757
8  27 38 416 491 506 616 806 979
3  312 648 831
1  898
2  620 978
1  838
1  865
7  0 696 737 810 892 955 978
1  564
2  397 570
1  266
18  17 41 65 71 84 96 118 122 139 164 235 577 616 619 877 931 967 999
10  542 601 622 640 670 714 811 851 892 950
2  77 254
2  486 976
1  180
4  127 639 647 804
4  225 476 714 989
8  97 105 107 116 129 239 322 713
1  385
1  683
3  15 17 730
4  23 114 392 744
73  0 1 2 5 8 9 21 32 47 53 54 60 68 78 80 88 95 105 107 113 116 120 140 174 178 225 258 266 276 285 293 350 364 376 382 391 415 446 453 456 516 548 550 560 571 573 585 597 605 615 623 630 640 690 709 713 714 725 734 742 746 749 772 810 823 827 841 858 888 892 920 981 989
14  41 58 71 139 206 274 388 629 635 704 787 837 931 954
12  2 213 239 291 526 550 585 662 705 746 791 793
5  13 15 711 751 917
3  0 1 54
1  190
1  869
2  48 980
1  360
3  261 597 978
1  957
1  785
18  3 57 107 117 158 261 493 516 567 620 696 707 892 947 950 975 989 995
10  15 271 416 491 506 616 699 806 931 944
1  973
17  0 1 2 3 19 97 160 165 209 239 293 492 548 712 892 966 989
1  432
3  0 298 900
1  370
3  19 54 332
1  898
1  327
1  714
63  0 1 2 3 4 5 7 8 23 25 28 46 57 69 73 80 107 111 113 120 136 185 188 194 225 258 261 267 285 293 294 311 373 418 434 476 492 516 535 547 573 582 586 630 640 670 690 695 696 709 713 714 749 772 776 823 888 892 920 960 966 978 981
2  176 316
1  809
9  68 125 224 599 709 714 892 919 998
1  907
2  772 996
1  978
1  994
1  691
2  125 992
29  15 17 27 35 38 41 42 58 65 66 70 84 93 96 112 235 325 363 577 616 619 679 724 730 751 764 784 857 954
