1000
10  416 421 453 482 713 750 770 841 868 917
7  67 73 183 467 534 605 676
13  26 47 116 158 179 216 279 326 410 424 704 832 965
10  52 167 197 362 528 619 658 741 793 936
11  36 71 73 113 290 302 684 752 866 920 943
14  39 146 270 279 293 316 448 491 566 697 738 796 801 908
14  16 97 268 368 383 408 459 461 532 597 614 670 780 995
1  127
12  174 336 340 495 500 612 615 685 778 843 920 944
13  128 148 160 236 298 302 334 443 447 682 693 877 992
10  195 246 364 381 599 636 752 763 854 989
9  105 159 216 450 772 843 860 955 996
14  82 205 216 438 495 600 758 766 795 800 831 854 936 987
10  29 143 324 403 562 634 734 748 838 965
11  34 146 339 344 405 640 674 701 791 933 986
14  18 267 283 346 384 405 432 685 763 789 805 820 936 944
18  6 58 203 373 426 466 542 547 655 661 683 709 719 844 890 893 943 953
6  108 123 250 450 686 707
15  15 50 164 261 271 407 538 619 694 695 711 800 882 940 942
16  25 116 145 163 192 211 289 311 399 420 424 540 660 772 787 988
12  49 251 291 362 459 483 605 608 665 921 951 975
6  412 414 600 614 819 843
8  71 240 349 488 516 520 540 997
13  112 114 193 341 351 404 528 616 621 622 634 956 994
10  26 29 302 468 471 619 637 877 954 961
11  19 45 112 308 314 411 412 441 471 642 965
18  2 24 29 81 98 177 230 246 438 502 672 821 823 838 896 898 917 994
11  42 199 221 222 225 296 434 508 538 748 797
4  538 834 904 951
13  13 24 26 33 335 439 496 668 709 714 755 834 870
9  166 533 594 599 690 741 792 941 978
16  49 53 115 155 200 203 230 379 575 609 643 648 679 704 738 831
10  155 297 441 581 625 668 765 793 868 897
9  29 57 142 246 251 346 516 687 720
11  14 322 336 408 522 542 598 741 778 811 869
9  55 118 130 373 644 676 763 869 964
24  4 157 257 274 359 377 400 401 420 432 474 480 566 602 651 691 733 758 790 799 800 805 809 931
15  68 148 162 214 418 618 629 724 756 793 823 831 869 936 993
5  200 214 279 339 736
9  5 70 227 230 245 521 750 770 881
9  55 56 83 173 437 599 603 642 825
7  72 125 139 497 536 629 999
8  27 262 467 474 677 735 855 960
8  105 257 277 689 695 753 765 936
6  88 172 237 271 358 913
11  25 51 124 323 427 448 503 681 855 960 962
13  172 333 382 437 476 574 635 686 742 815 841 845 952
11  2 63 69 414 457 458 513 617 724 890 933
8  64 156 216 626 679 802 834 994
15  20 31 51 279 285 372 373 437 613 719 767 780 901 934 956
12  18 135 208 532 559 583 777 786 819 883 901 913
16  45 49 82 153 181 226 507 550 559 627 630 651 816 887 975 981
15  3 91 201 412 439 449 631 679 828 858 900 952 955 981 994
5  31 58 78 345 839
7  107 126 157 395 437 707 918
14  35 40 87 161 171 242 618 619 751 799 862 880 896 923
17  40 68 80 247 323 370 379 455 472 495 603 624 662 773 820 866 893
9  33 109 113 384 394 447 522 547 627
9  16 53 156 234 269 571 796 863 941
6  242 303 423 470 806 879
12  95 149 250 481 518 619 720 722 799 804 891 913
10  113 349 373 452 793 811 834 865 876 899
7  63 163 296 378 402 595 866
16  47 62 181 212 245 330 390 411 447 593 697 745 770 847 891 967
10  48 239 365 549 719 746 776 789 824 977
8  69 384 667 759 767 861 990 998
13  93 152 179 183 336 339 345 470 823 847 900 913 975
5  1 401 422 440 479
13  37 56 79 130 146 426 543 700 752 794 846 864 914
7  47 65 285 406 940 951 965
11  39 82 120 242 355 375 389 653 686 745 962
13  4 22 128 262 352 501 734 742 773 790 926 940 978
14  41 169 454 511 560 578 746 798 801 859 870 888 954 958
15  1 4 194 261 280 330 409 414 545 643 671 683 689 767 991
13  115 118 219 261 283 312 380 483 728 770 792 798 910
8  148 330 337 585 627 711 717 959
10  83 115 153 276 339 443 445 693 806 811
11  143 174 217 523 537 595 646 783 892 927 979
9  53 95 125 401 515 667 858 966 999
14  68 239 246 264 265 687 704 744 763 774 839 912 930 959
10  56 88 234 245 333 350 485 686 731 857
13  26 197 253 394 547 592 640 654 699 742 765 797 835
16  12 51 70 217 254 384 412 420 472 484 609 752 810 819 970 986
12  40 76 259 427 522 595 655 757 803 813 894 934
7  491 612 676 742 773 891 913
8  515 550 566 574 675 727 759 817
9  178 283 330 348 399 782 872 915 994
7  55 310 315 674 772 823 847
13  44 80 155 194 262 387 474 501 568 620 640 655 699
11  192 262 309 385 501 521 525 537 675 753 958
9  364 373 400 654 724 765 788 798 938
13  52 201 204 244 369 373 439 494 588 668 669 754 786
15  120 238 247 322 342 352 578 620 644 656 665 736 767 805 870
14  66 130 144 260 290 368 387 442 449 498 554 604 685 759
6  185 363 657 737 760 814
14  60 78 227 237 369 406 438 513 603 686 781 843 887 906
10  110 360 386 391 473 621 671 774 840 936
7  6 159 301 362 778 842 875
10  26 304 349 380 526 645 722 727 882 916
8  140 150 173 334 579 756 772 795
10  128 147 201 235 261 287 309 398 646 964
6  432 461 603 656 674 744
10  118 153 217 241 359 362 393 508 634 881
9  134 239 275 474 623 822 897 940 992
10  239 291 321 417 522 563 751 873 883 928
7  11 43 116 273 556 571 875
7  134 161 190 202 211 455 943
8  54 164 260 384 623 679 835 863
15  17 200 223 252 276 424 455 496 506 573 620 624 678 714 765
6  57 170 203 470 539 729
10  96 404 460 482 609 693 778 891 923 958
7  431 435 456 793 854 903 936
8  23 25 140 205 284 339 401 802
12  4 57 61 123 359 515 517 595 662 811 815 976
15  23 161 189 293 298 313 377 386 491 523 752 776 865 926 934
7  31 74 76 486 522 639 930
10  2 19 105 134 233 301 402 599 606 646
9  123 135 339 355 515 589 621 689 926
12  35 74 102 277 322 335 436 601 635 699 819 820
12  158 308 449 452 475 481 574 703 705 719 821 990
11  70 92 147 231 279 457 616 670 734 768 979
5  294 396 841 897 943
7  160 266 324 705 756 842 965
10  17 113 117 297 554 656 663 666 824 922
6  45 395 507 527 643 813
9  41 78 406 459 568 634 745 755 884
7  54 416 521 600 680 740 962
9  7 277 296 480 493 597 703 835 908
13  9 71 100 259 327 333 463 476 777 839 879 915 990
6  154 375 587 653 708 783
11  35 68 93 231 436 503 574 592 637 865 984
5  232 613 724 888 986
6  296 304 403 410 496 978
9  218 238 276 321 464 468 553 797 888
12  103 106 116 156 268 442 464 487 582 619 641 766
11  50 117 147 167 324 451 566 799 889 950 954
9  258 498 630 707 710 791 811 912 956
10  215 285 316 395 504 742 863 881 917 950
7  299 339 413 556 640 750 872
10  41 368 492 580 689 728 745 764 778 898
6  99 112 361 490 562 956
6  433 571 786 877 925 977
13  33 170 177 222 235 243 259 261 409 439 507 519 799
8  13 77 338 341 404 508 711 967
9  93 229 232 311 416 513 586 614 874
10  19 248 302 461 683 726 816 869 878 951
12  5 14 68 223 413 424 501 574 709 750 879 972
14  100 120 135 197 209 296 350 402 452 709 753 821 834 963
12  9 37 75 378 407 519 665 765 813 821 851 899
6  60 224 365 653 910 915
7  99 267 301 373 485 835 888
7  292 298 713 743 760 849 881
12  66 229 233 235 262 473 477 542 691 832 836 913
5  51 76 102 428 690
14  129 221 441 449 467 518 534 572 715 717 748 821 836 882
10  31 32 88 164 169 211 501 738 750 867
9  48 58 134 218 372 422 459 469 484
6  36 54 470 720 754 755
13  2 119 285 315 396 433 591 676 691 752 787 914 933
16  11 97 331 351 354 381 477 548 627 639 656 699 723 919 923 954
10  9 122 285 452 644 670 708 868 901 997
12  55 106 114 168 242 396 404 413 646 701 889 900
6  37 167 280 350 478 790
15  19 62 256 381 538 567 660 681 705 798 813 824 861 871 872
11  18 107 155 249 259 556 592 795 882 943 957
9  336 430 537 675 839 885 928 970 971
9  30 209 371 525 579 707 864 872 885
10  3 135 162 303 396 608 621 707 809 878
7  161 506 518 755 776 805 858
13  72 155 175 212 283 377 458 489 498 539 544 573 575
12  109 142 339 399 402 409 509 615 654 847 932 974
9  55 238 368 471 481 543 612 637 831
10  44 46 264 484 487 502 591 721 778 886
16  40 99 262 341 417 443 471 504 526 557 618 638 647 650 736 882
12  8 77 293 442 524 573 575 601 757 822 970 973
13  169 343 376 437 571 657 845 854 879 924 943 970 997
11  229 258 281 284 287 363 449 540 581 633 677
14  26 142 179 251 264 266 291 317 354 386 451 500 593 719
11  86 191 324 437 458 491 657 734 755 938 961
8  2 66 177 240 242 655 832 892
6  309 427 490 544 571 631
16  51 63 188 278 305 408 504 628 733 748 774 775 792 855 863 931
5  312 383 390 447 482
14  1 66 197 236 285 347 363 454 574 683 714 859 933 961
4  228 380 783 838
10  94 253 263 323 328 542 607 682 786 986
7  375 495 707 804 852 920 932
6  282 308 409 448 537 560
2  181 257
6  114 230 232 426 565 975
9  106 250 252 305 323 481 811 918 951
12  178 233 357 358 389 454 546 568 632 757 893 951
6  19 89 303 622 738 940
8  23 296 435 461 534 727 749 861
11  73 88 299 301 307 409 416 599 707 788 816
8  10 204 324 444 456 664 809 901
9  320 387 583 601 615 619 625 707 795
11  3 81 147 183 264 436 484 546 565 617 750
9  253 259 302 332 369 393 747 757 843
9  27 226 383 535 573 907 978 992 996
11  31 38 108 288 360 419 450 564 680 905 928
13  52 91 100 291 545 547 640 704 728 811 871 904 967
6  106 378 517 848 908 913
13  16 31 109 236 279 358 416 523 613 651 694 936 988
7  91 195 217 578 719 805 835
9  12 112 230 312 635 670 777 834 965
8  267 276 351 365 368 679 710 954
6  336 449 675 830 870 883
7  50 398 478 511 662 805 913
9  147 166 293 338 392 475 568 654 793
4  435 469 551 912
11  19 106 155 413 442 480 567 623 667 921 979
11  63 169 249 284 315 411 504 552 631 865 920
7  276 382 523 637 778 887 904
15  37 38 230 235 236 303 326 341 347 350 392 519 560 756 790
10  137 331 423 548 684 763 793 830 925 953
8  2 11 12 48 253 420 616 691
8  77 82 102 204 376 410 662 859
9  133 156 402 412 579 734 806 826 938
8  74 469 534 536 656 792 826 979
5  333 357 415 839 881
9  27 154 243 262 263 666 739 939 972
9  27 142 310 434 455 466 581 668 724
11  108 146 242 487 562 572 736 743 761 801 976
8  149 267 396 560 591 666 713 954
7  27 275 422 463 761 820 949
10  51 199 314 375 408 475 661 669 744 922
10  39 95 236 371 403 447 617 637 834 869
8  184 249 465 562 768 830 906 926
10  144 152 176 438 473 486 487 508 715 899
8  26 31 39 189 205 214 710 781
9  120 130 235 248 435 458 712 822 925
12  131 144 189 322 375 424 488 558 576 734 736 874
11  116 152 191 394 540 587 759 852 920 962 965
9  58 80 279 585 623 672 704 878 964
14  100 142 152 214 231 408 490 540 554 569 574 578 582 858
16  9 183 203 214 227 335 338 357 672 690 725 885 898 903 924 939
16  44 95 392 403 410 492 623 635 715 729 743 820 821 829 907 964
8  92 133 171 256 634 937 942 945
12  64 79 103 104 271 341 533 748 762 855 895 993
17  22 179 257 382 386 391 432 581 672 678 715 730 828 830 887 915 951
14  102 250 265 408 454 479 613 619 644 675 771 870 973 988
18  55 59 70 161 179 223 265 305 309 343 374 450 547 578 605 689 774 951
11  142 221 313 328 477 648 706 781 799 900 904
4  91 726 858 971
9  39 63 80 258 375 502 570 761 766
14  10 26 33 79 296 307 343 449 497 622 671 683 848 869
7  56 92 326 393 694 780 878
12  145 231 395 441 447 592 602 874 881 944 953 995
10  164 212 228 390 492 593 616 648 677 837
11  17 60 190 241 312 397 431 682 817 824 967
8  20 33 177 491 797 817 840 847
7  108 190 410 430 664 681 921
9  81 185 198 216 269 368 384 386 618
12  82 300 308 390 409 526 623 665 715 964 973 995
5  300 650 672 761 828
10  163 238 308 340 416 631 741 897 914 942
14  36 43 188 240 361 424 527 532 543 596 743 766 888 921
7  136 176 245 343 510 779 865
18  83 128 142 164 198 265 480 497 539 609 726 746 811 871 877 892 959 964
11  93 107 419 463 501 566 572 636 713 714 744
13  18 73 74 100 142 346 353 504 745 791 909 912 974
11  42 71 88 89 152 173 221 447 535 738 891
8  185 221 288 317 379 473 725 938
11  79 172 177 197 456 620 666 788 918 930 961
18  79 241 242 259 309 319 395 408 447 451 479 487 498 656 678 881 920 965
9  122 177 268 313 404 581 603 755 861
13  15 150 206 224 379 441 492 523 581 723 741 760 877
10  6 134 266 271 559 594 612 827 918 931
6  58 253 560 827 854 903
8  5 328 415 486 708 716 724 882
9  18 44 239 268 574 607 808 927 931
4  362 377 413 700
8  105 383 428 472 531 664 706 926
7  36 504 516 531 597 655 882
7  103 225 463 507 677 680 742
8  76 108 133 206 213 341 707 783
9  43 118 127 308 325 431 491 532 824
6  181 296 318 403 475 762
15  2 5 38 49 120 203 234 282 285 395 415 533 601 795 848
11  73 162 455 479 522 565 649 739 756 833 978
8  176 402 478 631 685 722 830 918
9  187 279 331 408 462 478 616 659 771
6  15 74 86 169 900 955
9  112 176 212 331 475 505 515 626 967
12  49 69 137 158 160 183 279 309 400 507 739 784
9  405 505 528 547 592 721 893 905 910
4  100 176 305 842
10  200 263 312 356 424 620 766 853 873 961
8  19 374 378 392 433 497 530 993
7  4 93 651 772 809 817 973
9  20 104 177 201 412 466 582 746 906
5  151 530 536 572 649
14  5 114 174 209 425 428 437 490 515 691 707 720 852 897
11  121 349 540 547 566 569 771 823 941 964 985
10  306 326 327 364 489 516 686 752 932 944
19  27 62 127 132 147 193 246 278 311 419 422 445 560 674 681 775 776 937 942
9  32 123 323 545 546 709 797 848 907
11  9 114 151 301 398 428 581 764 825 901 933
7  138 194 349 369 491 735 789
12  254 255 322 356 463 498 580 621 659 749 983 993
12  97 116 150 194 298 378 489 499 582 595 777 929
14  4 9 24 145 198 480 507 649 779 797 837 854 910 960
10  59 167 192 214 453 602 605 967 970 990
8  98 132 387 563 573 748 804 959
13  181 190 242 287 366 505 511 512 668 755 830 854 928
11  295 422 508 587 667 679 705 747 823 840 996
11  194 246 309 417 491 504 552 558 583 639 859
14  25 119 187 254 256 277 330 449 456 481 553 563 669 746
16  89 100 180 242 265 285 307 457 527 578 625 633 667 696 889 926
5  87 222 626 687 751
15  19 144 296 376 562 630 642 661 680 771 822 849 881 936 989
16  74 182 205 250 288 330 340 447 550 654 696 725 827 875 885 979
13  114 243 266 440 535 563 570 588 744 760 854 899 971
7  25 226 375 446 676 790 966
12  87 158 212 422 490 603 625 753 756 759 797 947
5  5 137 575 592 755
11  177 263 386 528 544 594 830 914 945 988 995
5  278 507 825 923 936
13  265 320 551 589 668 741 835 845 899 914 954 970 976
5  196 319 544 763 806
12  104 133 367 387 405 433 462 802 891 894 962 989
8  34 92 118 232 300 388 660 914
8  45 56 185 190 297 395 574 628
15  13 122 135 178 195 329 549 565 577 601 633 854 880 934 951
8  277 426 509 587 832 834 911 986
12  2 214 247 295 369 432 572 831 876 922 929 937
9  128 295 339 392 792 808 850 949 987
5  185 243 270 511 978
4  324 688 755 825
12  63 73 75 86 308 312 418 429 495 496 698 992
8  159 215 282 284 500 547 660 946
5  198 512 524 557 602
14  46 80 128 220 373 495 630 673 743 764 815 851 979 984
8  9 99 447 579 664 671 897 927
14  29 118 236 512 647 655 719 742 775 803 823 870 881 977
14  8 34 66 165 207 350 357 403 587 599 720 774 838 997
6  75 686 753 843 923 937
8  143 209 236 364 770 792 797 799
18  14 38 66 76 112 117 138 170 327 414 462 531 582 654 714 825 852 894
11  8 256 312 393 457 610 661 700 792 903 923
19  23 143 173 214 239 276 394 515 516 557 590 643 728 777 918 927 953 982 983
8  92 472 551 572 679 732 864 899
10  175 242 246 258 351 452 680 696 734 895
6  14 434 653 664 823 886
14  53 66 392 517 573 586 679 681 702 744 878 881 923 996
12  15 33 261 357 429 456 475 526 601 718 782 827
8  183 214 391 714 822 832 843 959
7  86 427 455 539 692 850 954
12  22 61 98 294 299 407 496 501 551 594 832 967
16  80 147 162 214 336 389 394 461 476 547 584 767 797 800 952 967
8  23 159 206 343 577 738 760 781
7  71 92 360 373 470 481 822
10  261 470 519 522 549 561 825 936 968 970
10  159 177 388 469 524 606 645 845 908 998
11  70 117 369 384 425 453 470 626 707 961 969
12  288 300 360 391 460 461 474 505 528 537 581 717
9  191 220 236 336 346 424 586 835 924
8  44 191 203 530 587 717 961 998
6  36 102 113 407 611 905
9  96 200 352 356 467 525 532 787 909
9  140 257 423 534 553 647 676 714 862
8  3 20 97 102 272 595 736 857
13  94 176 183 420 421 467 482 648 674 713 778 822 968
10  10 90 295 338 372 440 510 645 695 785
8  64 149 206 638 773 846 849 950
10  305 398 495 624 647 655 736 764 805 957
7  321 570 592 847 880 906 968
13  6 93 139 171 206 253 408 466 484 530 708 769 906
16  91 95 198 299 326 355 442 586 592 681 749 802 814 851 856 980
7  56 577 614 759 861 862 958
11  166 227 462 548 584 682 732 890 902 914 944
7  49 156 364 525 571 941 957
18  16 35 49 61 90 91 150 333 352 404 479 564 573 806 840 866 872 983
7  242 289 457 573 643 706 832
10  70 129 186 226 232 245 314 597 787 993
7  175 217 311 620 767 825 952
5  36 114 169 272 788
10  62 148 202 289 301 429 514 593 898 958
10  31 56 263 267 515 620 642 666 724 897
9  74 98 184 423 639 743 767 776 879
13  10 159 163 454 467 526 542 581 671 748 781 862 921
14  46 213 240 394 504 541 622 623 658 668 747 872 944 976
13  6 182 199 273 392 437 582 651 716 830 877 913 990
16  15 57 65 82 107 253 355 508 571 711 721 828 832 873 894 965
6  89 522 588 776 788 963
13  96 114 177 240 253 317 443 458 508 517 779 804 893
11  88 93 196 304 321 445 498 501 574 594 870
11  322 354 441 458 569 573 603 717 765 983 990
13  70 191 350 407 457 488 579 648 717 866 872 924 982
11  63 182 249 254 392 420 485 650 698 866 928
14  96 240 347 356 434 449 629 640 678 717 795 846 925 980
16  209 214 237 289 327 345 383 390 557 578 607 629 805 837 900 952
8  102 198 247 340 446 696 717 836
12  57 81 233 341 350 382 432 545 576 644 668 692
11  54 124 137 248 265 279 323 646 662 813 894
11  121 158 161 167 224 414 588 743 928 965 990
9  250 750 783 809 810 811 821 892 920
15  100 208 298 366 412 418 421 561 612 725 734 852 912 914 996
9  19 86 170 429 476 531 566 572 601
6  36 90 285 426 454 678
9  36 67 78 112 430 472 752 900 922
13  62 116 147 170 218 281 418 463 480 531 571 734 902
14  13 132 227 237 278 336 421 438 712 780 814 879 894 923
10  23 110 143 161 266 373 415 452 742 850
7  14 15 286 321 555 663 775
8  69 95 125 481 521 762 767 828
11  18 148 349 359 389 466 671 741 763 901 979
12  6 34 181 226 235 241 265 282 368 516 633 915
13  73 142 170 187 194 254 461 657 665 677 678 779 814
9  2 132 217 237 252 474 953 968 979
10  25 63 212 490 505 539 560 599 708 744
13  21 25 52 82 218 291 398 438 454 456 551 561 771
11  138 146 161 211 272 532 785 798 830 868 955
13  21 47 73 339 396 442 485 521 530 604 742 814 844
8  220 270 279 404 539 617 875 876
9  0 126 144 194 203 256 529 865 866
9  104 173 307 464 709 792 946 983 992
15  37 330 398 402 444 448 522 549 574 596 643 653 657 882 914
10  200 260 296 482 543 559 586 763 801 899
10  19 36 82 216 363 390 560 785 932 949
9  0 363 398 403 703 788 871 875 934
10  67 156 225 296 306 315 512 834 941 973
14  59 215 361 380 434 463 483 492 682 831 835 865 931 935
13  2 19 108 146 232 257 288 357 629 737 813 930 959
7  293 355 505 599 635 695 923
10  16 68 189 325 400 505 559 658 832 988
12  45 83 180 348 437 469 586 734 748 780 781 868
12  153 273 293 298 515 677 794 795 883 912 959 994
14  330 346 378 399 433 466 516 555 665 675 802 834 898 928
9  165 252 401 433 674 864 910 929 976
15  111 250 277 432 436 511 514 518 538 550 630 743 873 884 887
10  15 36 101 240 326 394 431 582 665 731
14  141 158 289 321 429 430 565 621 691 763 891 943 982 983
11  27 222 344 391 423 438 495 512 565 820 871
6  111 193 210 231 462 968
7  118 130 197 431 461 789 865
15  40 46 49 54 175 178 293 383 427 517 531 723 818 877 968
10  12 26 95 229 403 412 434 539 745 941
9  29 52 91 142 526 645 847 909 987
11  67 313 364 453 579 625 666 740 793 954 979
14  25 32 154 248 267 388 479 516 587 649 770 846 899 911
9  93 134 174 211 369 414 551 762 839
9  9 76 173 386 518 527 544 715 734
5  195 418 587 627 927
7  76 296 387 469 496 546 670
8  314 393 463 469 493 582 902 916
16  9 57 63 182 227 248 262 265 312 334 697 735 773 811 879 935
12  5 45 187 418 452 461 503 572 576 728 839 872
19  52 93 119 154 176 207 246 308 391 467 504 601 642 683 702 790 801 836 973
12  11 17 200 242 471 477 484 512 573 839 853 942
8  135 177 265 504 626 634 715 782
11  61 119 147 160 343 404 448 534 672 674 955
15  0 303 355 440 609 645 779 814 826 856 870 897 911 931 939
11  72 183 191 241 381 400 412 598 599 916 986
9  56 106 108 222 280 348 567 682 818
12  111 195 264 308 346 412 534 586 875 877 885 908
16  47 120 309 340 374 389 482 499 502 578 636 643 717 761 789 977
9  47 169 178 231 386 388 485 578 896
6  6 20 125 156 652 924
6  110 356 657 696 817 999
13  6 101 145 193 350 356 409 436 448 537 768 953 980
10  282 321 339 371 435 535 557 730 851 943
12  128 225 260 275 300 402 423 446 497 538 662 930
11  133 134 417 553 582 660 703 757 790 907 921
4  228 567 660 836
12  16 222 291 368 407 429 477 654 659 750 966 971
16  1 42 154 360 363 381 449 554 556 594 626 644 687 833 908 977
11  24 133 471 554 605 762 815 841 853 891 898
11  156 210 219 354 427 445 446 661 664 816 832
12  59 66 109 157 352 353 355 516 630 715 814 931
9  24 25 171 173 450 468 473 761 778
11  56 82 273 342 401 498 535 546 684 863 895
9  96 152 229 263 471 564 675 748 822
10  36 42 88 103 356 410 526 695 873 968
8  119 209 226 278 284 346 761 896
8  46 128 350 399 707 863 901 932
9  152 159 243 450 466 641 644 893 896
8  162 208 281 282 563 740 864 922
8  67 241 265 280 373 441 714 952
11  36 127 211 259 302 402 579 608 629 735 808
15  60 119 171 190 308 352 406 517 555 581 678 702 785 853 959
12  0 110 182 363 419 457 525 588 593 656 682 699
9  20 74 423 545 597 689 783 918 972
12  82 156 172 197 368 450 514 535 681 783 908 969
11  80 150 390 414 458 612 735 829 846 888 968
11  115 229 270 789 796 817 894 924 936 947 971
10  134 172 223 229 265 530 582 654 846 904
7  22 232 389 672 779 804 942
5  169 295 301 790 941
12  140 180 235 293 315 411 504 508 576 670 780 853
15  5 84 114 178 251 277 299 307 504 647 790 829 876 951 974
10  139 237 249 267 423 508 549 573 683 834
6  127 446 819 861 921 994
7  91 503 525 635 649 868 910
16  8 12 56 186 330 333 366 434 508 515 542 560 751 763 881 891
10  29 108 132 330 349 445 622 656 950 983
11  41 246 259 289 463 579 614 846 863 915 994
12  93 136 169 265 300 387 472 580 604 737 900 948
7  301 457 590 606 656 807 962
6  8 177 331 735 924 998
14  71 88 89 146 155 260 349 387 513 607 672 791 831 857
6  26 172 245 457 513 745
9  45 130 448 494 643 688 757 827 866
16  137 173 181 212 261 274 307 382 449 451 490 491 564 663 842 974
9  284 286 305 356 411 425 426 581 910
4  108 168 639 891
11  51 124 142 275 285 302 318 561 797 874 952
15  27 102 143 229 306 384 386 490 492 495 818 834 894 951 955
5  170 325 793 929 951
6  258 364 525 703 810 934
6  72 208 305 328 431 949
15  305 332 335 422 434 450 577 601 609 643 736 757 830 853 961
9  47 95 144 501 502 621 841 914 996
7  378 431 484 538 588 800 886
19  78 85 113 117 284 293 341 379 428 495 593 736 758 766 786 862 936 946 976
14  22 33 274 295 341 408 429 441 470 684 696 731 879 991
16  113 202 345 386 437 481 604 624 685 784 820 846 927 931 934 985
12  60 154 168 431 443 572 580 633 729 785 913 996
6  142 148 214 353 573 605
11  22 524 526 528 668 724 739 794 811 848 896
11  39 89 126 406 414 666 790 845 847 939 967
17  34 57 83 104 115 280 353 385 418 663 678 707 713 759 792 914 918
13  77 114 203 213 267 547 573 577 598 728 736 756 976
11  174 332 354 520 558 672 720 810 827 919 935
11  89 166 360 372 482 494 510 535 899 940 966
12  98 173 254 346 381 439 474 520 599 696 847 888
7  124 257 309 443 740 775 852
10  3 23 286 317 356 520 584 686 747 920
4  416 721 792 949
9  289 292 358 368 414 487 637 752 915
9  273 274 339 399 402 437 571 653 702
11  6 50 257 277 360 413 890 899 915 929 958
5  30 239 279 788 962
9  1 154 193 219 361 452 456 615 924
18  199 262 313 462 472 484 525 536 569 580 632 644 746 765 893 911 924 964
6  41 219 292 535 647 681
14  77 89 165 187 356 461 557 605 675 680 684 948 953 965
12  18 27 28 163 431 463 514 558 645 658 686 942
12  109 169 259 348 411 415 438 635 720 809 870 969
11  19 22 176 233 235 294 641 718 768 902 956
3  382 655 990
13  16 34 152 185 381 495 603 614 696 750 789 840 848
8  68 171 257 419 681 851 896 920
9  169 180 317 320 443 557 603 679 837
12  73 201 297 394 483 753 805 818 911 932 960 995
11  191 197 297 445 472 650 671 699 732 906 935
12  16 57 81 201 242 286 294 331 350 523 630 688
8  159 215 371 777 853 899 934 964
7  64 324 353 418 492 616 791
6  51 85 312 431 638 649
7  210 319 342 349 412 442 679
5  212 307 655 690 924
5  133 308 361 464 687
8  93 123 235 467 468 708 759 861
9  405 429 481 657 658 751 764 828 875
6  105 138 164 467 635 697
12  173 332 341 392 462 537 544 572 737 871 900 934
9  232 307 524 538 587 773 775 897 911
10  50 51 268 419 426 564 634 646 739 955
14  72 187 214 224 269 296 411 420 495 570 661 695 940 964
10  353 398 412 507 636 680 767 794 878 966
8  13 140 223 228 311 701 794 835
9  104 304 308 313 478 631 693 833 960
9  200 373 473 504 559 706 905 959 997
10  189 197 280 324 433 434 713 791 817 872
10  5 36 85 135 260 294 399 617 753 829
8  163 211 455 465 840 841 859 930
13  88 125 191 209 600 627 669 682 686 758 773 880 951
11  235 294 388 535 598 678 825 830 847 882 914
7  245 313 367 560 577 815 964
18  58 105 141 175 180 372 384 402 531 602 605 758 816 831 874 943 988 995
17  154 223 260 292 326 342 399 448 518 557 617 623 667 704 765 867 908
20  108 169 174 199 304 345 373 374 388 450 492 519 523 577 609 683 736 869 938 993
17  46 85 119 130 146 183 235 271 323 387 418 685 710 758 785 936 949
6  31 169 174 316 688 862
6  232 394 448 490 632 643
12  324 351 370 512 523 570 573 749 756 759 816 935
13  72 92 204 235 242 309 392 457 458 620 632 694 799
14  99 166 218 334 389 440 480 497 620 650 671 736 812 951
11  139 300 498 518 535 597 771 778 941 946 975
17  32 176 222 240 266 267 298 356 381 481 505 604 653 710 742 790 995
17  134 235 291 301 339 383 432 446 464 487 585 709 752 771 917 943 994
8  50 196 307 606 693 713 731 918
5  350 371 528 709 918
8  75 234 582 746 799 800 819 972
16  144 345 357 369 419 427 456 680 692 709 716 823 943 965 979 983
14  129 233 306 325 336 358 441 444 558 713 732 860 874 903
12  91 313 385 396 482 514 610 656 823 886 889 949
7  117 319 630 671 759 823 917
4  341 499 691 847
8  158 172 224 651 749 799 888 921
16  81 130 164 248 286 316 367 369 634 664 754 764 787 807 911 980
11  63 177 249 378 482 515 791 824 872 877 969
9  30 268 317 349 387 467 722 852 904
11  62 77 83 113 301 362 786 809 926 980 996
6  257 418 618 662 856 945
11  6 127 274 375 483 580 649 661 668 772 897
4  34 454 523 569
14  10 30 40 116 194 336 411 425 454 526 671 785 790 973
11  12 21 126 568 615 647 666 881 883 926 942
14  118 174 196 279 324 346 399 449 512 617 655 884 898 943
8  36 248 303 332 571 691 717 743
12  40 56 95 101 266 315 388 542 544 765 881 888
9  93 414 498 517 581 631 785 933 938
11  1 20 242 303 468 519 537 571 754 868 944
8  116 354 499 583 639 683 708 751
7  185 271 392 501 673 839 860
8  20 167 480 631 687 767 803 982
8  31 82 110 259 453 512 573 910
6  340 588 676 689 757 917
1  359
12  8 84 171 268 398 485 626 702 705 729 732 982
5  49 131 203 241 786
14  6 21 144 370 497 542 615 622 626 643 729 730 773 836
7  8 170 196 534 600 614 729
6  23 120 216 249 282 549
12  47 197 227 415 566 572 601 627 645 697 721 872
8  37 55 173 253 596 630 645 985
11  3 18 24 55 60 134 196 241 734 837 960
12  88 92 108 264 288 376 379 578 579 718 939 964
9  23 96 117 167 300 433 513 767 970
11  23 192 246 382 496 614 670 740 743 929 976
10  103 107 211 234 237 254 382 572 975 995
5  56 108 366 517 823
9  32 196 309 315 440 645 774 820 923
14  48 284 310 355 451 467 612 614 714 750 872 880 915 926
10  51 57 75 159 444 568 617 701 825 907
5  181 323 873 898 972
10  37 41 391 392 424 480 652 680 708 993
13  51 136 311 333 431 470 547 589 618 663 762 947 993
9  52 180 212 256 281 563 604 608 817
7  191 535 576 578 690 717 844
6  176 309 324 408 518 999
13  13 23 102 125 238 451 559 592 663 809 868 975 999
13  46 118 205 237 425 494 539 556 713 725 728 882 930
7  10 260 457 561 690 854 930
10  24 130 171 213 227 530 661 692 736 860
6  173 365 550 707 881 935
7  115 159 307 380 506 606 943
11  14 81 88 138 201 391 658 687 810 912 928
7  134 477 540 648 696 725 952
10  25 40 311 379 449 661 671 697 893 967
14  31 73 124 341 374 418 457 503 512 576 614 661 875 952
12  35 92 160 241 394 467 477 535 831 857 891 991
9  98 354 364 439 453 538 617 618 625
10  77 100 116 161 395 559 747 813 952 963
12  173 335 361 366 491 536 600 673 779 793 829 965
13  31 243 249 363 389 641 733 812 889 892 930 937 996
12  280 292 302 441 494 550 597 676 753 796 829 863
7  173 255 390 546 579 753 895
7  36 51 203 290 383 591 887
11  459 629 739 756 783 803 834 884 910 923 943
12  70 129 149 344 418 531 581 733 750 861 884 988
12  81 90 170 209 312 339 466 487 821 922 931 991
14  16 83 88 179 274 335 366 541 552 601 822 844 961 985
12  92 101 123 159 219 265 482 496 499 588 808 863
12  94 175 178 409 418 460 555 755 930 939 978 984
8  3 382 426 538 555 640 771 772
5  282 300 466 745 759
11  19 163 322 331 464 465 683 725 791 857 943
13  16 226 311 340 469 560 597 637 642 643 808 835 867
9  56 113 208 217 395 463 596 750 893
8  123 405 504 522 630 634 790 835
11  195 252 273 334 344 469 592 666 799 808 860
10  20 92 148 254 409 429 432 725 793 927
12  123 221 224 264 379 440 521 600 664 727 815 849
11  65 78 211 306 309 572 770 826 856 881 982
12  29 32 91 222 305 319 382 394 520 597 764 789
8  91 226 308 568 678 792 831 950
8  6 120 160 205 445 490 622 699
18  73 96 246 334 381 407 546 579 589 599 642 770 785 821 843 868 874 887
14  26 234 236 240 255 452 488 501 524 846 885 904 952 959
4  333 607 647 674
13  14 87 101 296 363 430 452 673 736 762 813 894 902
11  85 89 165 207 241 429 473 537 703 936 979
11  1 35 84 158 314 361 610 649 921 923 974
9  42 176 249 275 409 428 754 792 973
12  108 240 265 391 400 409 481 522 569 669 745 785
15  31 48 52 107 206 306 342 345 544 551 720 735 872 956 961
11  126 200 275 311 343 537 561 586 629 742 995
9  45 163 252 296 345 369 484 536 543
10  9 185 250 371 423 455 482 568 778 947
15  16 73 145 183 246 449 492 573 606 660 735 817 826 893 958
6  4 215 472 516 537 983
9  8 15 93 281 517 574 757 855 991
15  17 46 70 80 95 295 337 528 538 568 706 755 816 892 955
7  33 79 310 467 553 608 640
6  329 503 547 575 722 728
10  43 73 117 139 242 483 610 703 824 885
11  30 153 236 552 632 636 748 867 877 896 986
11  36 152 158 216 293 433 590 602 714 832 987
6  348 394 586 637 827 969
11  9 76 110 563 583 713 790 899 943 950 967
6  18 203 247 578 776 834
7  18 43 364 425 474 560 946
12  309 312 343 393 460 516 526 542 641 768 820 894
9  5 63 447 556 617 642 808 893 930
4  330 390 932 956
10  81 88 118 159 482 546 670 724 907 948
5  68 272 340 873 913
6  14 161 562 627 775 806
8  345 449 481 531 612 805 872 963
10  119 127 421 464 510 675 689 737 937 971
9  2 31 79 201 234 572 885 980 984
9  119 122 163 306 612 729 799 871 914
7  243 273 374 564 686 712 728
17  17 54 136 166 167 186 194 196 276 293 355 476 522 638 887 952 988
10  129 160 270 368 411 554 606 629 943 967
12  16 29 146 147 297 417 582 584 586 772 885 939
9  136 206 230 574 581 713 797 802 964
4  18 75 143 384
6  231 403 706 714 735 907
19  0 151 224 260 363 522 565 583 587 635 693 710 738 752 810 850 901 927 991
13  29 108 183 260 339 347 361 479 626 691 712 738 919
10  154 229 237 240 254 443 451 470 859 936
7  270 383 586 787 803 916 923
13  75 154 356 358 388 389 391 393 457 602 632 719 814
5  346 540 620 813 916
11  16 49 64 119 177 204 335 717 725 765 952
13  33 60 157 293 336 524 539 679 772 902 911 973 996
10  172 286 384 529 617 888 912 913 954 971
6  60 98 281 594 688 840
7  159 267 437 740 830 840 920
11  37 47 90 131 222 270 379 520 699 921 927
13  236 263 312 398 635 641 660 665 719 820 849 896 945
6  145 244 259 819 861 939
6  85 98 193 666 763 961
13  74 139 201 341 448 523 635 688 706 729 786 808 992
14  109 237 518 612 614 615 705 728 736 747 760 823 843 961
5  240 462 614 819 915
5  80 432 516 583 847
5  342 371 546 587 612
7  36 181 648 653 749 768 971
14  13 71 120 178 218 232 343 398 402 427 443 619 735 985
12  42 299 447 480 485 500 679 683 712 734 878 912
15  38 92 173 223 232 362 366 512 515 523 573 579 637 674 729
8  94 424 498 557 703 789 911 988
13  5 31 155 192 262 351 713 714 837 861 883 917 959
10  221 280 285 520 559 652 833 903 926 976
8  126 440 478 527 622 723 830 933
10  3 30 34 256 267 319 407 826 853 912
14  46 71 81 84 137 275 335 404 414 581 680 925 943 984
10  151 223 237 257 333 380 396 431 602 622
7  79 101 226 260 313 345 411
10  63 70 125 139 261 438 502 659 678 806
9  64 72 259 291 308 535 585 776 936
7  198 306 382 528 646 729 869
13  13 27 154 181 239 304 381 427 473 690 862 876 902
7  193 300 369 577 591 733 951
16  0 39 138 146 155 197 397 466 542 626 653 662 769 780 910 917
8  55 104 310 495 555 606 805 989
16  4 10 68 82 114 158 295 401 530 582 713 830 836 888 930 983
9  43 89 147 315 337 545 566 649 650
6  91 157 592 605 677 963
12  29 125 157 168 178 266 305 316 329 657 686 872
11  37 99 122 214 280 315 523 577 652 815 994
9  83 174 191 198 464 503 512 610 685
7  12 36 515 568 571 574 764
12  65 85 93 233 315 370 522 554 577 589 659 999
10  94 151 267 313 351 729 813 911 952 953
9  223 225 245 255 457 471 475 862 918
8  239 278 406 442 468 630 674 781
13  10 15 35 79 215 320 407 419 433 495 727 908 912
13  139 298 333 366 555 592 668 758 769 852 893 967 985
12  32 43 81 90 108 148 388 535 572 603 719 996
8  12 134 245 257 288 515 909 936
16  49 65 73 92 350 376 380 406 561 608 621 771 776 832 838 850
7  120 228 461 540 696 733 921
4  368 750 764 927
8  0 39 63 74 338 441 667 671
13  241 282 294 311 412 580 582 658 767 775 841 870 897
12  11 19 87 99 290 597 658 709 720 883 931 970
10  56 71 84 365 447 558 568 614 789 907
7  79 96 181 242 336 625 941
13  181 296 335 405 527 558 701 771 822 823 938 947 986
12  64 114 168 296 380 385 694 746 767 818 903 956
8  50 128 205 301 341 548 815 824
13  8 34 97 110 139 172 213 363 471 580 682 828 833
11  258 302 386 409 453 488 647 794 821 828 901
10  6 49 247 403 427 490 750 856 873 973
7  95 230 243 351 381 427 762
3  86 346 451
11  77 129 184 276 397 483 484 652 799 830 872
7  285 517 786 863 873 917 947
12  364 413 420 481 518 574 599 604 671 678 889 990
11  50 91 141 185 515 595 613 728 784 882 960
11  19 158 360 375 592 716 828 865 899 962 997
10  90 194 264 377 385 421 533 789 848 871
13  15 64 299 436 457 486 542 668 737 773 788 800 862
15  36 71 162 214 314 449 464 489 491 521 581 599 663 693 966
12  14 136 261 501 549 565 593 660 879 895 922 990
13  30 74 181 219 327 338 340 417 522 529 669 677 804
13  3 32 37 61 111 209 215 440 509 647 665 798 963
6  68 428 520 561 562 779
9  12 99 164 196 279 391 428 823 931
4  5 58 486 649
13  27 81 133 251 297 302 315 338 350 507 710 874 899
6  72 74 90 163 413 793
15  36 55 60 135 142 243 338 578 585 591 664 705 783 846 910
7  12 18 36 350 514 585 789
11  5 72 223 419 449 802 831 863 888 906 974
12  48 112 321 369 429 710 801 807 837 858 894 988
7  83 335 608 652 716 810 835
10  60 186 304 386 488 792 833 922 935 967
14  15 36 92 168 204 208 366 392 545 702 751 829 852 927
10  59 76 218 320 373 701 745 824 839 963
5  499 592 802 876 957
11  271 327 480 656 661 664 697 728 866 906 955
9  36 167 195 290 397 539 595 634 884
8  82 397 510 524 640 713 803 935
12  34 61 76 113 136 190 201 259 397 447 520 954
3  579 648 878
12  83 124 148 163 395 424 646 674 718 760 836 923
13  94 369 403 409 414 453 470 717 896 922 961 975 997
11  46 113 333 468 570 666 756 777 874 904 986
9  51 145 194 469 571 577 686 896 937
11  85 250 251 290 460 486 565 631 683 976 984
6  437 455 508 545 776 970
10  21 50 82 118 493 585 726 730 833 930
14  15 56 118 225 237 434 517 625 696 725 867 895 922 978
12  26 119 147 148 154 237 397 654 671 779 824 932
16  103 174 231 311 347 352 363 473 655 775 864 910 924 931 964 993
16  26 37 66 87 294 306 335 344 586 588 589 624 729 775 795 927
11  64 123 163 250 277 593 689 777 806 821 825
11  40 298 318 329 339 353 376 569 627 824 874
9  218 219 453 667 683 741 857 962 992
9  268 269 312 346 503 524 692 915 974
9  52 240 255 384 406 555 778 779 787
8  237 485 491 566 647 649 805 886
18  207 215 228 240 281 305 317 383 413 512 569 723 740 752 783 902 958 963
11  12 31 37 171 326 423 501 571 644 669 801
13  2 152 179 325 347 349 374 384 426 469 691 767 845
8  280 467 563 739 778 804 819 999
16  28 29 48 61 147 205 227 325 422 429 492 508 652 694 870 948
14  81 107 127 150 204 319 357 423 562 661 663 803 936 955
10  152 154 393 449 465 614 752 813 888 894
8  249 302 392 544 619 738 802 943
5  13 26 184 336 767
11  53 79 128 165 220 442 448 450 607 806 845
13  96 251 306 373 542 567 722 723 854 880 947 951 969
8  0 46 121 468 513 567 771 995
6  97 122 287 504 874 993
10  8 11 21 95 198 337 347 671 729 956
6  16 414 632 655 845 980
12  46 175 319 354 521 832 839 844 856 861 903 943
13  68 365 391 441 485 487 497 517 672 799 918 927 996
15  63 66 87 170 251 367 439 521 526 569 590 731 889 923 949
12  202 246 279 297 520 542 788 908 919 924 951 968
5  151 311 365 666 725
6  327 348 404 713 767 949
6  148 333 369 462 543 983
9  186 233 293 339 398 527 594 764 805
8  288 450 468 481 490 512 548 741
11  10 12 111 175 269 302 305 313 324 636 840
7  42 45 181 239 685 891 929
7  369 453 596 667 780 845 936
6  80 362 501 644 660 826
7  52 78 168 235 244 802 985
8  72 183 217 307 567 715 868 914
5  11 587 607 637 664
12  65 163 193 266 370 493 554 653 726 738 845 962
10  55 361 370 381 515 575 748 761 789 941
13  58 107 137 181 472 476 497 649 656 784 801 867 909
10  68 166 342 430 478 822 870 879 915 983
12  61 114 130 212 258 416 423 436 787 895 919 961
12  4 56 62 373 389 390 416 503 808 888 930 994
8  155 572 661 690 820 863 876 935
13  0 32 160 413 427 494 605 634 671 859 895 926 982
10  34 35 37 145 227 246 573 747 879 958
15  29 72 92 207 241 335 387 453 539 771 834 864 888 902 912
8  163 201 259 421 434 557 705 788
20  86 138 163 166 373 382 389 448 565 593 617 626 679 702 755 783 888 913 926 944
10  104 288 384 431 474 628 700 780 784 965
12  144 232 248 507 571 587 671 797 815 825 842 966
10  97 105 312 415 421 456 555 643 879 966
8  61 326 415 491 748 807 867 953
13  9 24 141 259 267 383 437 456 593 690 884 921 967
8  145 167 234 247 345 561 735 812
13  59 128 146 175 380 403 447 516 791 864 869 875 942
7  55 324 367 568 626 840 995
16  39 102 137 151 220 248 265 311 335 345 495 600 603 638 667 935
11  18 98 154 164 173 270 274 418 569 635 786
9  50 104 207 428 600 738 772 927 954
8  125 431 601 652 653 809 877 902
9  165 166 236 312 456 672 689 704 709
6  172 344 514 588 829 989
9  51 95 213 240 431 651 671 707 948
17  72 131 133 150 257 485 526 591 603 721 752 801 836 866 870 872 920
8  135 161 309 588 648 785 847 931
5  16 47 371 532 941
14  60 63 84 110 262 321 433 468 495 506 644 855 896 961
6  77 179 259 397 648 686
14  16 56 191 286 386 477 535 642 662 683 697 764 912 974
13  83 321 339 384 395 403 486 508 674 696 802 836 999
11  239 343 472 650 791 820 865 868 926 931 971
13  26 55 458 475 477 520 543 690 725 814 816 891 927
12  32 103 121 256 293 334 379 453 558 597 771 913
11  26 139 236 378 429 468 601 628 940 954 991
14  61 148 229 313 319 342 419 441 525 532 548 693 787 797
11  52 66 161 243 283 392 401 498 557 925 931
10  49 50 160 195 298 407 476 713 779 966
11  371 402 446 540 674 720 748 830 870 884 920
8  111 236 269 340 587 739 776 845
8  28 201 213 243 487 594 672 815
4  200 286 359 564
8  95 228 291 367 368 546 801 808
8  199 237 297 464 627 699 712 773
11  5 127 202 354 456 467 484 572 763 848 978
5  261 360 439 766 863
13  74 149 286 302 430 494 505 609 652 750 799 822 960
11  325 441 453 535 545 558 592 720 737 760 945
14  79 136 210 261 398 428 640 721 735 741 763 870 893 915
15  44 50 60 66 84 152 202 208 383 518 700 721 872 897 980
14  68 158 256 317 319 322 371 398 418 513 522 569 705 859
15  86 128 149 240 408 497 530 532 626 730 827 864 912 990 997
5  98 446 454 716 718
9  0 26 137 582 589 610 738 750 784
14  54 190 264 268 281 341 483 522 583 584 761 846 919 958
7  159 524 714 848 865 918 925
12  4 8 186 212 233 265 397 528 543 723 888 902
13  20 211 252 257 381 464 493 591 676 724 768 877 989
11  123 226 326 401 478 654 791 804 814 820 942
16  55 110 159 318 337 340 345 403 425 625 652 676 716 813 847 986
14  175 236 357 389 459 486 500 534 535 552 822 848 976 988
8  141 215 231 391 742 900 919 980
14  71 114 117 228 273 309 595 600 626 739 868 872 895 989
15  77 271 334 341 444 517 665 713 724 769 805 823 846 883 896
8  104 165 200 305 390 396 429 640
8  301 326 430 509 532 622 855 963
15  79 115 264 424 463 567 635 636 648 657 697 752 819 866 987
15  36 181 268 271 423 453 470 517 654 772 795 822 889 895 900
8  170 186 295 420 476 545 698 821
8  14 47 158 183 298 604 740 997
10  49 83 114 324 421 510 517 548 557 940
11  423 447 524 546 577 638 804 810 867 881 954
20  3 12 15 37 43 96 111 203 311 318 353 486 515 574 675 715 746 766 835 856
9  238 296 326 337 648 703 816 938 958
9  90 178 218 263 573 604 775 937 964
9  221 236 453 521 620 657 709 726 944
9  18 69 71 103 192 525 560 898 934
11  30 58 294 372 422 438 489 580 774 862 890
10  18 238 256 296 450 488 538 600 879 922
21  4 16 106 121 164 175 433 462 571 582 586 601 639 652 660 693 708 742 837 845 955
9  8 15 248 295 371 382 605 872 939
6  238 317 596 725 911 979
5  331 417 515 580 695
7  315 486 630 682 775 784 840
6  498 537 699 834 887 969
9  225 327 420 511 529 574 588 847 850
6  135 137 365 496 669 693
17  20 28 69 145 190 191 240 242 324 491 508 509 568 579 749 840 848
14  46 52 350 376 392 479 507 641 643 646 672 707 719 760
10  16 215 248 341 410 461 537 760 876 980
15  24 72 135 159 206 224 319 348 440 721 811 883 898 935 961
12  11 52 283 413 452 508 559 686 808 835 943 965
10  23 49 136 140 540 679 698 776 843 957
5  164 366 372 807 956
11  72 89 110 370 378 532 683 830 869 918 937
12  75 79 259 304 347 424 428 481 564 672 738 978
8  42 45 302 545 563 619 786 910
17  24 178 183 264 288 355 358 512 655 679 727 729 814 865 891 954 994
10  45 70 126 233 321 499 533 787 826 861
9  147 385 646 702 754 793 806 830 929
15  35 100 234 237 254 259 294 535 548 560 570 620 710 822 938
16  2 13 25 69 122 205 233 265 384 396 537 586 647 873 955 969
9  78 314 466 525 561 790 874 875 901
15  63 143 201 250 284 303 349 350 521 642 693 708 764 804 877
9  353 363 367 410 435 437 474 485 848
8  355 484 539 593 692 840 948 965
12  82 165 174 175 303 319 353 621 772 818 973 988
10  165 244 313 466 486 703 721 733 895 976
6  146 221 483 585 628 991
11  174 241 254 290 422 449 599 677 720 780 970
8  170 261 491 504 676 801 827 893
8  20 51 66 189 580 623 634 814
14  113 223 319 382 430 515 523 622 739 817 924 971 986 997
5  64 141 335 457 467
10  30 71 132 199 280 328 657 820 908 959
13  77 120 211 219 312 333 407 410 440 586 675 945 989
10  369 391 461 592 595 704 844 913 925 953
2  51 52
7  341 389 433 608 612 667 868
12  300 341 373 388 417 433 496 586 684 752 851 864
7  130 333 657 704 742 817 999
7  294 517 618 655 734 764 858
11  14 82 131 185 325 454 690 775 815 923 976
5  12 327 439 691 930
12  19 203 241 317 426 571 653 707 737 802 924 970
8  10 311 321 751 886 921 926 979
11  65 119 128 303 383 388 396 541 785 791 915
8  73 516 644 654 685 713 898 972
7  9 103 199 330 417 728 826
10  37 239 289 300 375 573 629 630 822 842
12  23 26 48 52 86 428 493 497 582 756 866 961
11  6 248 254 317 545 571 581 623 680 841 880
12  11 199 306 345 398 513 518 595 648 720 765 846
10  22 160 175 336 564 787 814 915 933 976
4  65 354 358 500
9  41 78 460 633 634 759 833 894 984
