
***ForestFire:  GeoFire  Nodes:1000  StartNodes:1  Take2AmbProb:0
                FwdBurnP:0.35  BckBurnP:0.354  ProbDecay:1  Orphan:0
(1000, 6619)  burned: [1,1,1]  [0.02s]
1000
129  1 2 3 5 6 13 15 18 30 33 34 36 40 48 52 57 63 66 67 85 90 96 106 111 117 126 136 138 140 142 143 145 151 170 171 174 179 185 213 217 218 222 232 247 250 259 265 266 272 284 291 298 309 311 313 323 335 338 341 366 373 375 377 383 395 398 406 408 410 420 428 430 454 457 474 479 482 485 493 515 527 535 541 542 551 554 583 584 592 598 643 655 664 668 672 680 687 704 707 715 719 722 728 729 742 766 772 778 786 787 795 798 802 807 808 810 834 837 842 856 857 882 888 890 898 901 946 973 989
49  0 6 27 33 34 57 66 106 117 120 126 162 170 174 207 218 232 265 266 297 341 375 416 454 500 541 551 584 592 598 625 668 672 680 704 715 742 778 787 795 798 808 834 857 882 885 890 898 935
70  0 4 6 18 24 27 30 46 48 57 63 70 111 117 126 136 142 151 170 174 179 185 207 208 213 218 222 232 250 266 272 320 329 332 338 341 374 377 398 406 416 515 579 583 584 592 631 643 668 674 680 704 707 715 742 787 802 807 808 832 834 837 857 885 890 898 901 954 973 989
23  0 52 106 119 132 218 222 291 294 309 314 338 554 562 584 690 715 742 763 807 814 834 973
84  2 7 8 9 22 24 27 32 37 46 47 48 57 70 95 105 106 113 115 124 125 136 142 151 174 177 179 185 193 207 213 218 222 231 266 271 309 332 338 371 377 391 398 406 500 515 539 583 584 592 621 625 631 636 642 643 674 680 683 707 715 721 772 787 802 807 808 832 834 842 845 857 858 869 884 885 888 890 901 910 940 954 973 989
72  0 6 11 13 30 33 35 36 53 57 58 65 68 77 92 97 103 117 136 143 166 170 171 174 179 182 207 213 218 222 226 232 250 266 320 323 341 375 377 383 403 416 420 484 485 515 551 560 583 584 592 664 680 691 704 707 715 742 759 787 798 808 834 856 857 890 898 910 926 946 954 973
100  0 1 2 5 10 12 13 20 27 30 33 34 35 45 48 51 54 57 65 66 70 106 117 122 126 130 136 138 143 151 162 170 171 174 207 208 213 215 218 221 222 231 232 266 271 311 320 323 338 341 371 377 383 398 403 416 420 428 431 454 457 493 500 515 539 551 552 554 560 584 592 610 621 643 655 668 680 687 702 704 707 715 742 763 772 787 795 802 808 834 857 888 890 898 910 935 940 941 971 973
36  4 8 32 57 105 106 136 151 165 177 200 239 250 266 270 271 309 338 377 391 454 491 545 584 592 603 621 674 715 807 826 834 842 857 910 973
35  4 7 17 28 32 47 57 105 106 125 151 271 309 337 377 391 398 403 493 545 551 592 621 674 715 753 786 807 808 834 857 882 885 888 954
5  4 39 88 139 174
53  6 14 30 33 38 55 70 84 91 99 117 156 169 170 174 179 207 213 218 226 231 232 398 403 441 493 500 515 521 539 560 573 592 621 633 640 668 680 704 707 715 742 763 786 787 813 828 834 842 857 891 940 971
26  5 13 30 53 68 92 103 117 136 170 171 174 213 222 323 395 515 551 662 707 715 787 834 898 926 973
39  6 16 20 30 45 54 92 117 125 126 136 151 171 174 213 221 222 232 377 383 398 420 430 457 584 610 668 704 715 742 763 772 802 834 857 872 898 910 973
73  0 5 6 11 21 27 30 35 36 41 45 51 53 57 63 65 68 92 103 117 118 131 136 138 143 151 160 170 174 179 207 212 213 222 232 241 247 250 259 266 315 323 377 395 406 431 457 497 515 539 592 609 643 680 691 707 715 737 742 766 787 798 808 817 834 842 852 857 898 910 926 954 973
25  10 19 91 117 213 214 312 348 393 521 523 551 592 605 633 640 656 668 742 758 798 834 842 857 973
17  0 66 85 170 259 260 313 404 430 587 592 715 772 861 898 986 989
28  12 20 117 136 168 171 174 187 221 222 341 377 383 406 420 551 668 680 698 707 742 772 857 872 898 910 940 954
14  8 28 105 184 271 398 584 592 612 715 882 885 954 989
22  0 2 30 48 57 63 232 329 341 377 387 408 584 625 680 704 715 810 831 842 857 888
24  14 86 94 117 146 257 306 312 351 358 393 436 473 551 568 592 633 640 742 786 809 832 834 842
50  6 12 16 25 30 31 54 62 65 79 103 114 117 130 168 170 171 191 207 232 294 331 341 362 371 377 383 398 500 551 584 598 668 698 704 707 715 742 763 772 786 808 834 857 872 885 898 910 940 973
32  13 35 41 53 89 92 103 117 118 160 170 179 207 215 222 337 515 590 606 672 680 715 737 817 834 852 857 868 890 898 905 910
65  4 23 27 29 30 32 44 46 47 48 70 72 75 106 116 119 136 137 142 151 174 185 207 213 230 231 266 271 289 309 327 337 374 377 391 478 515 539 549 584 592 625 631 643 668 680 704 707 715 786 787 808 834 842 857 882 885 888 890 901 934 954 973 974 989
29  22 27 44 48 52 70 102 106 116 119 151 289 338 493 500 515 592 668 672 687 715 787 808 834 857 888 934 954 989
21  2 4 26 27 48 70 170 222 232 256 261 330 377 443 585 715 781 787 807 973 989
7  20 103 117 168 189 808 834
7  24 170 443 715 781 784 973
39  1 2 4 6 13 22 23 24 30 34 44 47 48 52 57 70 106 170 207 266 294 314 338 377 398 539 549 551 584 668 704 715 786 787 808 834 934 973 989
6  8 17 271 398 592 882
35  22 30 43 54 72 75 117 125 133 136 137 151 158 174 213 337 338 377 398 551 592 631 704 715 755 808 834 858 885 888 891 954 973 974 989
65  0 2 5 6 10 11 12 13 18 20 22 27 29 33 44 45 53 54 57 79 92 103 106 117 136 151 171 174 207 213 218 221 222 230 232 266 273 294 320 338 377 383 398 457 515 521 528 551 584 592 668 680 704 707 715 772 787 791 808 834 842 857 940 971 973
20  20 54 130 191 216 331 341 362 398 403 674 704 715 763 787 808 857 858 898 973
34  4 7 8 22 48 57 100 105 106 125 136 151 207 211 258 271 309 332 338 391 398 406 493 539 584 592 625 707 715 753 786 808 857 954
58  0 1 5 6 10 30 34 44 47 54 57 70 79 82 89 106 136 179 202 207 213 218 222 232 265 320 338 340 341 344 367 398 457 482 500 521 551 584 592 610 621 639 643 655 680 698 704 715 772 795 808 834 857 888 940 956 973 989
32  0 1 6 27 33 44 47 52 57 69 70 106 222 232 265 314 482 539 551 552 554 584 643 680 704 707 715 761 808 834 898 989
52  5 6 13 21 41 45 50 53 54 58 65 89 92 103 105 117 129 131 136 148 170 174 207 213 222 234 250 266 377 395 406 410 465 498 500 539 592 606 664 672 683 715 787 794 798 808 834 888 891 905 910 954
38  0 5 13 42 53 58 103 117 122 131 162 170 171 174 179 222 229 359 397 406 410 483 485 515 584 680 707 715 722 766 798 808 834 868 882 898 954 973
8  4 47 136 592 643 683 715 857
11  10 156 226 403 560 581 592 643 715 834 857
2  9 220
14  0 64 96 217 259 335 430 643 657 707 715 834 882 973
43  13 21 35 45 50 54 68 89 103 117 131 136 174 207 213 222 237 241 266 284 300 337 377 398 457 500 515 539 545 569 584 672 680 683 691 707 715 742 808 812 834 888 910
26  36 53 58 103 117 122 168 170 174 183 222 229 300 359 410 483 584 694 707 715 722 808 834 868 910 954
17  29 54 75 117 137 254 280 337 377 391 500 715 808 888 926 954 989
45  22 23 27 30 33 34 47 48 49 52 53 56 57 70 106 117 151 157 207 222 230 232 273 341 405 406 493 500 521 539 551 592 661 715 763 766 786 787 808 842 857 858 898 973 989
62  6 12 13 30 35 41 50 51 53 54 68 74 89 92 103 108 117 122 129 131 136 170 207 212 213 218 222 232 287 337 359 377 406 434 457 471 482 515 545 584 592 615 691 715 742 766 772 787 792 795 798 808 834 857 858 885 891 898 910 954 973 983
16  2 4 22 48 154 174 185 235 374 439 478 592 631 715 787 806
52  4 8 22 27 33 34 37 44 48 49 52 53 57 58 70 106 117 124 136 207 222 224 231 296 314 341 371 377 398 406 482 545 549 551 584 592 621 625 643 715 742 753 772 783 787 808 834 857 890 934 940 973
69  0 2 4 6 18 22 23 24 27 32 44 46 47 52 57 59 60 65 70 76 95 102 105 106 122 124 151 165 171 174 207 213 222 231 232 271 309 321 337 338 371 377 393 398 439 478 493 500 515 539 560 584 592 647 674 680 687 702 715 786 787 808 834 857 885 898 967 974 989
17  44 47 73 222 224 282 370 521 584 621 659 674 715 808 842 973 989
24  35 41 45 53 54 89 107 131 136 207 222 234 241 398 410 672 683 715 787 794 834 858 890 954
20  6 13 45 106 150 151 174 181 207 232 406 431 497 515 609 632 787 910 973 983
35  0 3 23 27 34 44 47 48 56 57 70 106 119 151 161 222 294 314 338 482 500 515 554 584 592 650 704 715 753 780 808 834 857 898 973
48  5 11 13 21 30 35 36 42 44 45 47 50 54 58 61 89 103 106 117 122 126 151 168 174 207 213 222 300 341 398 476 482 497 539 551 625 715 742 786 787 808 834 842 858 898 910 926 973
60  6 12 20 29 30 31 33 35 41 43 45 50 53 58 61 62 65 71 89 103 106 117 122 125 126 136 151 170 171 174 213 222 232 337 338 341 371 383 398 411 419 539 551 584 674 715 742 786 787 808 834 841 857 858 888 898 905 940 954 973
3  10 141 513
11  44 52 70 232 554 650 672 715 787 808 909
86  0 1 2 4 5 6 7 8 13 18 27 30 32 33 34 44 47 48 52 59 70 76 80 83 100 106 112 117 125 138 142 144 151 161 165 168 170 171 179 185 186 207 213 222 231 250 284 302 309 314 323 337 338 377 493 500 515 539 545 551 554 584 592 618 642 647 660 687 704 715 740 742 753 763 766 786 787 802 808 810 834 842 857 858 898 988
38  5 35 36 42 47 53 54 61 65 103 117 122 129 136 148 151 162 166 168 170 171 174 222 232 250 266 300 398 485 579 680 715 742 787 808 834 857 890
39  48 57 60 70 76 78 106 151 165 171 207 231 244 304 309 330 371 384 402 493 515 584 616 647 660 674 683 687 715 742 762 766 808 838 857 885 953 967 995
33  48 59 70 78 105 124 151 165 174 231 244 250 271 294 309 371 384 515 551 576 584 592 647 649 674 715 742 787 808 818 857 890 995
19  53 54 58 89 103 122 162 171 174 426 530 539 545 564 592 787 802 857 952
27  20 54 65 103 162 168 170 171 213 232 371 398 443 515 551 584 687 715 742 763 786 808 885 898 910 940 973
18  0 2 13 18 87 170 172 207 246 315 375 395 539 606 794 852 857 915
9  40 96 217 259 657 707 715 782 898
44  5 6 13 20 35 48 54 58 62 71 103 105 106 117 122 129 136 150 162 168 170 171 174 222 309 338 355 379 551 560 584 643 698 715 786 787 808 856 857 888 898 940 941 973
25  0 1 6 15 85 90 120 126 130 136 170 174 259 313 371 500 551 554 592 598 715 787 834 882 898
27  0 85 90 98 123 170 176 190 252 259 290 298 301 313 377 474 527 554 643 664 715 724 834 898 933 949 954
22  5 11 13 41 45 97 103 170 171 174 179 213 284 377 515 584 592 598 691 798 834 932
3  34 552 715
53  2 4 6 10 22 23 24 27 33 34 44 47 48 52 56 57 59 60 95 105 106 128 151 174 205 207 222 231 232 320 330 377 407 409 443 500 571 584 592 621 672 680 715 787 808 834 842 857 882 888 934 954 973
8  54 65 103 106 715 808 834 857
9  22 29 117 251 326 377 494 584 808
10  49 93 222 621 659 674 808 834 842 857
26  45 101 117 122 129 131 136 170 174 222 232 287 403 406 410 434 492 515 539 707 715 787 798 823 857 926
20  22 29 43 81 117 137 151 163 164 201 280 337 391 631 704 715 864 888 901 939
19  48 57 59 106 109 122 174 330 376 393 493 495 515 588 652 672 715 787 870
1  5
9  59 60 151 165 584 660 715 834 838
24  20 30 33 117 213 227 230 328 344 356 357 398 435 551 608 671 698 704 772 787 808 834 858 973
7  57 350 389 418 565 748 988
5  75 163 634 715 939
9  33 127 202 218 344 583 584 627 787
12  57 125 198 302 398 584 618 675 742 753 808 890
9  10 99 207 233 250 500 515 521 857
33  0 15 66 67 90 136 140 143 170 174 217 250 259 313 335 366 377 410 430 482 542 584 592 598 643 664 707 715 761 766 834 842 898
11  19 94 312 393 473 640 742 809 832 834 842
7  63 170 213 301 315 500 808
3  9 334 785
30  21 33 35 41 45 50 53 54 61 103 106 117 126 136 168 212 215 222 297 300 462 539 545 551 715 742 834 857 890 954
17  0 66 67 85 134 170 174 217 259 313 406 554 715 834 857 868 898
11  10 14 135 149 279 521 592 668 715 857 912
27  5 11 12 13 21 30 35 45 103 104 117 170 171 207 337 383 398 515 662 742 762 787 794 808 834 858 973
10  73 209 305 621 639 659 808 834 842 857
10  19 86 121 312 473 809 832 834 842 860
20  4 48 70 105 106 125 151 168 174 185 377 515 583 584 592 603 742 858 910 989
10  0 40 64 217 259 707 715 782 834 882
13  5 68 170 171 174 375 377 493 583 584 834 857 891
8  67 110 178 190 199 243 298 503
6  10 84 207 515 910 996
20  32 57 125 144 168 186 211 285 338 398 463 539 566 584 707 742 786 808 810 954
13  74 129 131 136 222 273 397 532 539 715 787 857 926
14  23 48 147 206 289 493 624 687 715 808 834 898 967 989
53  5 11 13 20 21 25 30 35 36 41 42 45 53 54 58 61 62 65 68 71 89 92 117 122 131 162 168 170 171 174 207 213 226 232 250 266 397 398 403 406 551 592 680 687 715 742 787 808 834 856 857 898 926
4  92 171 762 834
41  4 7 8 17 32 35 48 60 65 70 95 106 117 125 136 151 174 195 222 250 271 309 384 454 487 539 551 583 584 592 603 664 674 715 742 787 807 845 885 938 973
78  0 1 3 4 6 7 8 22 23 27 30 32 33 34 44 47 48 51 52 53 54 57 59 65 70 71 76 89 95 105 117 119 122 125 138 144 150 151 170 174 207 213 218 222 231 266 281 294 296 309 314 338 341 398 450 459 554 584 591 592 625 626 628 643 704 715 787 795 807 808 834 857 858 888 890 898 973 983
13  50 131 136 167 175 222 234 406 410 551 672 715 858
4  45 122 471 885
5  76 174 393 742 910
7  98 178 343 414 503 556 899
12  0 2 117 145 155 207 373 396 479 699 739 798
8  57 165 309 715 765 834 857 898
12  4 136 150 174 192 222 551 598 631 869 884 987
6  20 232 383 468 816 940
7  4 207 266 391 398 592 721
16  22 23 142 151 152 179 185 207 377 477 515 592 668 715 796 890
100  0 1 2 5 6 10 11 12 13 14 16 19 20 21 25 29 30 35 36 41 42 43 44 45 47 53 54 57 58 65 72 74 75 79 89 92 103 105 106 111 122 125 126 129 131 136 137 143 144 145 150 151 153 158 168 170 171 174 187 207 218 222 232 284 287 294 312 323 337 359 371 391 398 406 454 500 515 541 545 551 583 584 592 707 715 742 753 772 786 787 808 834 842 857 858 885 890 891 898 973
10  13 21 160 188 207 213 406 715 737 852
15  3 22 23 52 106 294 401 423 440 450 451 500 713 715 834
11  1 66 126 136 297 551 598 787 834 898 910
4  94 312 842 860
48  6 36 42 45 48 53 54 58 61 65 74 76 103 106 108 117 129 136 137 144 168 170 171 174 213 222 232 241 259 273 309 352 459 471 610 643 655 707 715 766 787 795 798 808 834 835 857 926
7  67 176 190 510 527 949 961
26  4 47 48 60 151 159 174 177 222 371 377 383 398 515 549 592 643 786 844 857 885 890 910 954 973 974
39  4 8 12 29 32 54 57 83 95 100 105 106 117 133 136 144 151 168 198 284 296 302 338 384 398 403 539 566 583 584 592 643 657 753 808 857 858 890 898
38  0 1 2 6 12 53 54 66 89 117 120 138 170 207 213 215 218 265 297 341 371 398 454 493 541 551 554 592 786 787 805 825 834 842 857 890 898 910
3  82 442 787
5  70 151 197 230 842
29  35 45 58 65 74 101 117 122 131 136 145 170 173 207 222 232 266 273 347 406 434 500 592 672 707 715 766 787 857
12  6 20 31 66 136 341 403 551 584 598 857 973
34  13 35 36 41 45 50 74 101 103 107 117 129 136 145 179 207 222 225 397 398 406 410 452 500 521 672 680 707 715 742 787 808 834 926
3  3 180 262
7  29 125 136 284 338 515 954
4  90 715 881 898
5  91 279 512 668 857
88  0 2 4 5 6 7 11 12 13 16 22 29 30 32 33 35 37 41 45 47 50 54 58 65 66 74 85 89 101 105 107 113 117 120 122 125 129 130 131 133 138 145 150 151 168 170 171 174 203 207 211 222 250 266 273 284 287 337 338 377 390 395 398 403 410 430 515 539 542 549 551 554 570 584 592 598 655 683 715 787 808 834 857 888 890 898 954 973
15  22 29 43 75 117 122 213 391 584 592 715 808 834 901 973
35  0 6 13 57 106 126 136 151 170 203 207 213 218 222 250 284 329 371 398 454 515 551 583 584 704 715 729 787 802 808 834 842 857 882 898
1  9
19  0 85 143 170 174 248 250 335 366 377 424 430 541 707 715 786 898 940 958
2  55 513
21  0 2 4 22 57 116 174 179 185 277 302 354 377 584 592 668 704 707 715 725 868
27  0 5 6 13 85 117 140 170 213 335 344 377 430 431 541 584 611 614 627 696 715 772 787 834 857 882 973
20  57 100 106 117 122 125 168 170 231 284 403 584 628 710 715 766 808 834 857 910
18  0 111 117 129 131 136 170 207 222 228 232 406 542 592 613 795 798 857
6  19 257 306 312 351 568
7  102 206 289 533 715 898 989
5  35 58 250 472 679
5  91 279 668 857 912
24  51 65 106 113 117 136 151 162 168 174 207 222 232 284 307 338 406 592 598 698 715 742 890 926
88  0 2 4 6 7 8 12 13 22 23 29 30 32 44 48 51 52 53 54 57 58 59 60 70 75 78 95 105 106 116 117 124 125 128 136 138 150 165 168 174 197 207 230 231 232 250 266 271 280 286 294 300 309 324 337 338 377 391 398 432 437 454 497 515 538 551 579 583 584 592 598 643 650 674 704 715 772 787 808 834 857 890 898 938 951 967 973 989
6  116 207 405 715 787 834
4  117 269 303 648
4  46 185 293 374
7  111 207 412 433 479 798 924
11  10 38 207 226 231 560 592 643 834 857 898
7  44 232 365 405 766 786 888
10  29 117 232 267 337 534 715 755 885 891
2  124 177
6  13 21 118 213 754 842
12  52 57 223 250 377 454 584 592 787 808 857 926
22  1 6 36 58 61 62 65 103 150 168 170 171 174 207 232 241 392 579 584 715 742 766
6  75 81 391 583 715 901
3  75 391 715
16  7 48 57 59 60 78 112 151 304 309 584 715 765 766 834 910
7  5 58 170 222 539 834 898
3  107 406 858
50  16 20 25 42 53 57 58 62 65 89 95 100 103 117 122 125 136 144 150 151 162 170 171 174 207 222 232 284 299 383 392 398 403 406 463 515 551 584 592 603 715 772 834 857 898 906 910 926 940 989
7  10 196 455 573 668 813 954
98  0 1 2 5 6 10 11 13 15 20 21 24 26 27 35 36 42 45 54 57 58 62 63 65 66 67 68 74 85 87 90 92 97 103 106 117 122 126 129 136 138 140 143 144 145 162 166 168 171 174 207 208 213 217 218 222 232 241 250 259 301 313 320 335 344 371 377 398 403 406 410 430 443 493 500 515 521 539 551 584 592 696 698 707 715 740 742 781 787 798 808 834 857 868 891 898 954 973
56  0 5 6 11 12 16 20 30 36 48 54 57 58 59 61 62 65 68 92 97 103 104 117 122 136 162 168 170 174 207 208 213 218 222 232 320 369 375 377 379 398 416 493 515 558 583 584 592 680 715 772 834 856 857 898 926
7  63 395 606 662 794 888 915
4  129 207 292 406
106  0 1 2 4 5 6 9 10 11 12 13 16 22 29 30 35 36 41 42 46 48 51 53 54 58 60 61 65 66 68 70 74 76 85 90 95 97 103 105 106 109 113 117 122 124 136 140 142 150 151 162 168 170 171 179 207 213 218 222 232 235 241 266 271 284 301 309 312 338 354 377 393 398 406 410 493 500 515 550 551 579 584 592 672 691 707 710 715 742 766 786 787 802 808 822 823 832 834 842 857 868 888 891 898 910 974
5  107 410 637 672 893
5  67 123 190 651 949
6  4 7 124 159 371 680
10  98 110 199 249 343 445 503 556 899 968
33  0 2 4 5 10 13 21 33 36 57 68 116 131 142 174 182 207 213 222 232 406 410 551 680 715 763 787 808 817 834 898 926 973
1  132
6  51 219 232 236 431 529
7  5 179 213 820 834 898 926
5  42 263 808 868 976
6  17 271 398 584 623 937
19  0 2 4 22 46 57 95 116 142 154 186 207 377 478 583 584 592 715 787
10  57 100 185 385 522 539 584 707 787 948
4  16 117 194 204
7  118 238 274 394 448 800 852
2  25 378
5  67 98 123 176 199
15  20 31 207 331 362 377 500 689 763 787 808 857 938 954 989
4  113 222 505 907
8  4 222 336 372 382 636 707 802
2  187 204
7  105 400 487 539 551 664 808
6  169 325 517 573 813 954
7  128 151 207 230 553 834 973
9  83 125 240 296 302 398 584 753 808
5  98 178 190 249 349
3  7 250 398
3  75 480 715
6  33 82 207 218 787 984
17  136 138 207 210 222 242 250 266 337 398 515 583 584 683 715 742 788
2  187 194
5  70 330 407 934 954
6  102 147 289 715 898 989
111  1 2 4 5 6 10 13 20 21 22 27 30 32 33 35 41 44 45 47 48 50 51 53 57 59 63 70 84 92 99 103 106 111 115 116 117 118 126 129 131 136 138 145 150 151 152 155 156 162 168 170 171 173 174 179 185 191 197 202 203 208 213 218 222 226 231 232 237 250 266 329 331 341 362 377 383 398 403 405 406 410 412 416 500 515 539 554 579 584 592 606 621 643 655 680 683 698 707 715 763 766 786 787 808 834 857 890 910 934 973 995
19  2 6 170 171 207 213 218 222 237 241 253 320 377 398 416 453 584 592 680
4  93 621 639 834
7  203 398 583 674 715 787 788
8  32 100 136 285 338 539 549 888
6  13 45 89 259 359 787
88  0 2 4 5 6 10 11 12 13 14 22 29 30 33 35 41 45 48 53 54 57 62 68 79 87 103 106 118 122 126 137 138 143 160 170 171 174 179 182 207 208 218 222 226 227 232 241 250 253 276 301 315 328 337 344 357 369 377 398 406 416 435 459 482 493 515 541 551 583 584 592 614 627 671 680 687 698 763 786 787 798 808 834 842 857 910 940 973
7  14 312 348 393 656 860 891
8  6 21 89 126 222 428 857 973
7  31 341 362 674 689 763 954
18  0 40 64 85 90 96 170 259 335 398 430 655 707 715 772 834 857 898
53  0 1 2 3 4 5 6 10 30 33 45 82 106 117 126 138 170 171 174 202 207 208 213 222 232 250 329 366 377 379 383 398 457 482 500 554 583 584 592 643 672 698 704 715 742 763 772 787 834 856 857 898 910
1  181
2  39 920
7  6 12 16 30 399 834 973
109  0 2 3 4 5 6 11 12 13 16 21 24 30 33 34 35 36 41 42 44 45 47 48 49 50 52 53 54 57 58 65 70 73 74 89 101 105 106 107 113 117 122 124 129 131 136 138 145 150 166 168 170 171 174 179 192 193 203 207 208 213 215 218 224 232 250 255 284 287 309 314 320 329 338 367 370 371 398 403 406 410 428 482 497 500 505 521 539 554 584 592 643 655 674 698 707 715 742 763 787 808 834 857 884 898 926 940 973 987
7  161 250 377 406 454 787 808
12  47 49 222 232 255 371 584 674 698 715 808 940
2  131 452
15  5 10 38 103 156 207 213 278 403 560 581 592 643 834 857
9  79 213 232 328 357 435 671 772 834
5  145 232 687 742 798
10  36 42 359 483 485 707 722 766 808 954
9  22 30 44 79 128 151 197 232 973
27  4 6 10 22 47 48 57 59 60 70 106 144 151 156 207 377 403 515 539 551 592 683 715 808 834 888 926
85  0 1 2 5 6 10 12 13 18 20 24 30 33 34 44 45 48 51 54 56 58 62 70 74 103 114 117 122 129 145 150 151 157 158 162 168 170 171 174 179 181 207 213 218 222 224 227 228 230 273 320 365 366 371 377 405 406 443 482 493 515 521 584 592 655 674 687 698 707 715 728 742 766 786 807 808 818 832 834 842 857 888 898 954 973
2  84 268
10  35 50 107 395 501 662 794 836 858 888
4  46 174 631 715
4  181 319 431 709
14  41 207 208 241 245 253 259 284 377 545 584 680 715 857
2  188 274
4  7 270 377 745
1  198
20  13 41 50 122 162 170 174 208 213 237 245 259 398 500 680 715 798 882 884 954
5  203 509 580 742 774
1  98
5  59 60 250 337 454
8  237 241 259 295 313 680 798 882
1  63
2  0 13
6  140 250 424 541 786 898
6  178 199 310 413 567 692
53  0 2 5 7 13 35 57 58 60 84 85 103 105 136 138 140 148 151 161 170 200 203 207 213 218 222 223 244 248 337 338 377 391 398 406 430 454 498 545 584 598 643 707 715 742 786 787 808 834 857 898 926 973
1  72
3  67 360 364
6  208 213 237 545 584 714
10  43 337 377 391 398 545 583 672 681 718
8  222 224 371 481 515 715 808 940
2  24 715
4  19 146 312 436
5  32 398 625 786 834
27  0 13 15 40 64 66 67 85 90 96 122 170 212 217 237 241 245 295 313 592 643 657 715 766 798 834 882
2  15 986
6  24 264 377 461 715 787
1  132
4  183 283 720 868
2  261 377
10  0 1 33 34 126 342 551 592 722 890
36  0 1 2 4 5 6 7 13 22 27 30 35 41 58 103 106 115 129 136 151 174 203 207 271 284 309 377 398 497 592 621 668 715 834 857 888
7  158 275 449 534 685 755 885
4  233 708 977 991
2  153 673
9  7 239 308 377 626 668 669 715 834
34  4 6 7 8 17 22 28 32 48 60 105 151 174 184 266 284 309 337 345 377 398 497 515 551 584 592 612 674 680 742 787 808 882 973
3  0 2 837
16  30 44 101 122 129 136 232 406 430 539 592 707 766 772 857 940
4  188 238 394 464
3  267 685 755
8  213 315 381 458 595 701 915 955
3  142 354 704
7  226 560 592 643 715 834 857
5  91 135 149 593 857
7  43 75 151 337 391 715 891
8  106 398 628 715 786 808 857 973
7  49 370 584 606 674 873 973
4  263 380 868 960
34  0 41 57 68 117 125 133 136 138 144 150 168 174 222 237 266 271 309 337 338 377 398 403 453 515 525 539 584 680 715 834 857 874 882
7  100 211 338 539 549 584 707
4  151 592 715 834
14  45 74 117 136 222 288 359 403 406 515 722 857 890 983
8  287 316 359 403 415 515 722 890
8  22 23 102 147 206 715 898 989
1  67
9  0 3 338 559 690 786 807 814 973
3  173 406 898
1  154
23  3 20 27 30 52 60 106 117 119 151 377 440 450 515 591 592 626 668 704 715 834 890 973
6  245 259 313 318 592 834
10  47 106 125 198 403 454 459 526 753 954
9  1 89 120 126 598 677 778 787 910
4  0 67 98 596
6  168 403 406 515 753 874
7  41 42 53 58 89 151 834
13  67 87 170 174 213 315 398 406 459 500 592 808 846
9  57 83 125 142 198 398 584 803 890
2  153 648
8  59 165 330 333 402 584 715 787
7  93 317 621 639 659 808 842
9  19 146 312 351 393 519 568 577 866
7  150 561 703 742 743 776 890
12  270 368 377 420 626 641 669 680 715 719 834 850
44  0 3 4 7 8 22 32 48 57 59 60 65 105 106 112 122 151 165 174 222 266 271 284 311 322 330 338 377 398 406 500 515 687 765 766 795 798 808 834 842 857 882 898 973
5  249 388 422 567 692
11  0 6 309 406 489 535 729 795 834 848 935
22  14 19 86 94 117 121 146 174 214 257 306 351 393 473 640 656 742 809 832 834 842 891
22  0 15 66 67 85 90 170 245 259 295 377 406 592 643 715 787 834 857 861 882 973 986
18  3 27 34 47 52 57 106 222 338 346 403 482 539 742 763 808 973 974
12  13 63 87 213 276 301 361 606 711 834 910 915
6  288 359 403 722 890 898
4  305 486 639 659
2  295 353
4  236 425 431 709
21  2 5 6 30 33 70 170 171 208 222 232 377 406 493 584 592 698 715 834 909 940
1  48
3  309 406 834
13  0 5 6 11 13 57 117 338 500 515 551 592 973
6  151 391 518 834 857 989
5  196 339 517 531 813
3  72 494 779
3  22 563 704
9  79 213 227 357 435 695 772 834 973
18  2 18 138 207 218 222 366 377 398 410 584 698 707 715 753 834 858 898
18  24 59 70 76 205 304 309 333 338 377 515 583 584 650 715 787 934 953
13  20 31 191 207 341 377 500 515 551 621 763 808 973
8  2 4 32 377 496 539 625 715
6  304 330 402 515 715 787
1  88
16  0 40 85 140 143 170 217 344 424 430 610 715 772 787 834 973
2  193 802
40  8 21 22 29 41 43 45 48 54 57 75 92 117 136 151 158 203 213 244 250 254 271 280 284 338 377 391 398 406 545 551 592 715 762 787 834 882 888 891 910
63  0 2 3 4 6 7 23 27 29 30 32 33 48 52 54 57 65 100 106 125 133 136 150 151 174 211 222 250 284 285 291 309 314 323 330 337 367 398 406 500 515 539 549 583 584 592 650 687 715 742 763 772 786 787 808 834 853 888 898 921 954 973 989
5  325 531 645 813 993
5  33 717 871 943 956
43  0 1 2 5 6 16 18 20 31 33 44 47 53 54 106 126 130 207 216 331 362 377 383 398 403 500 515 551 597 621 628 674 680 763 808 834 857 858 888 910 940 954 973
5  265 363 592 722 882
3  110 178 503
20  33 79 82 143 170 213 335 424 482 521 572 610 627 671 698 715 787 798 808 973
5  271 398 592 857 888
5  314 475 482 859 940
1  129
8  14 214 386 393 493 605 656 973
1  199
4  80 418 565 988
7  19 146 306 312 511 658 875
1  122
1  318
6  142 174 277 438 601 704
3  65 504 715
3  79 490 834
11  79 213 227 328 435 629 695 772 834 886 973
1  19
19  36 42 45 117 212 229 287 288 316 403 515 707 722 787 798 808 890 954 973
1  252
3  315 697 982
25  20 31 191 207 216 341 377 383 403 494 500 506 584 674 680 689 707 715 763 808 857 872 890 926 954
3  342 592 882
4  252 705 730 929
8  157 232 371 405 674 766 834 888
22  0 85 140 218 232 329 371 377 398 410 424 430 482 500 584 663 698 707 715 834 842 898
7  33 222 338 515 888 890 989
8  308 377 420 460 466 669 715 768
5  171 213 377 435 772
10  49 222 282 410 584 606 674 873 973 989
48  4 6 20 47 48 54 59 60 62 66 117 124 126 138 170 177 222 224 232 255 365 366 377 405 406 481 482 500 515 551 584 616 643 663 674 680 698 715 766 786 793 808 818 834 857 877 898 940
3  193 667 802
5  0 111 479 699 798
7  2 22 46 154 592 911 973
12  0 1 5 63 97 171 377 398 493 515 742 798
1  76
132  0 2 4 5 6 7 8 12 13 16 18 20 22 24 27 29 30 35 41 43 45 47 48 57 67 68 70 72 85 95 97 116 124 136 140 142 143 151 161 170 171 174 185 191 207 208 213 218 223 231 232 237 239 250 254 261 264 266 270 271 284 294 308 309 313 320 329 330 331 332 337 341 362 366 368 369 371 375 383 391 398 403 406 410 420 430 435 453 454 493 494 496 498 500 515 525 539 545 551 583 584 592 598 614 625 626 628 668 680 687 689 698 707 715 757 763 772 786 787 808 834 842 857 858 882 888 890 898 910 953 973 974
1  189
11  65 171 218 583 678 693 804 856 857 898 974
5  283 446 470 824 868
3  276 595 701
1  193
37  0 5 6 12 16 20 30 54 92 114 124 168 207 218 341 362 377 391 398 403 406 584 628 674 698 707 715 772 787 798 802 808 834 857 940 959 973
9  59 60 105 125 647 787 808 857 898
5  186 522 584 707 834
5  348 393 555 742 973
5  18 524 749 855 994
3  310 422 692
6  80 565 607 752 756 988
3  136 570 635
37  4 7 8 22 32 43 75 115 117 137 151 163 164 250 254 280 324 337 377 383 398 406 545 583 592 668 698 715 753 787 834 842 857 901 954 973 989
6  162 168 417 584 715 876
18  14 19 48 76 86 109 174 214 306 312 348 386 473 493 605 742 842 860
3  188 274 502
18  0 11 13 35 63 136 172 234 551 584 606 662 787 794 852 857 888 926
1  111
11  36 101 103 131 398 410 500 787 808 898 927
117  0 2 4 6 8 10 12 17 20 27 28 29 30 31 32 33 41 47 48 50 53 54 58 62 79 83 92 100 103 106 115 117 124 125 126 131 136 138 151 168 170 171 174 184 198 200 203 207 208 210 213 217 218 222 241 250 254 258 266 271 281 284 301 302 309 329 337 338 341 345 366 375 377 383 391 397 403 406 410 430 443 444 463 493 500 515 521 539 545 583 584 592 594 625 643 655 671 672 674 680 683 687 698 707 715 772 786 787 795 808 834 857 858 888 890 934 973
3  221 543 917
3  195 487 664
4  119 423 451 604
4  59 304 333 715
57  5 6 8 10 31 38 74 103 125 130 136 144 168 170 207 222 226 231 284 287 288 296 299 314 316 341 359 362 377 383 398 406 430 454 515 539 551 560 584 597 628 643 691 704 707 710 715 753 759 763 808 834 857 890 898 926 954
2  15 447
15  44 152 157 207 232 365 371 406 482 528 584 786 834 883 940
88  0 2 4 13 16 32 35 36 44 45 47 51 74 90 103 107 117 118 129 131 145 150 167 168 170 173 174 179 207 213 222 223 232 250 273 287 292 299 301 309 311 313 320 322 337 338 371 377 383 391 398 403 405 410 416 430 443 454 489 493 515 528 539 551 560 584 592 656 664 698 715 742 753 765 772 786 787 798 808 833 834 837 857 888 898 935 954 989
6  70 205 808 882 934 954
5  0 18 704 831 842
3  70 421 980
32  0 35 36 42 50 74 85 107 131 136 170 174 175 179 207 222 329 366 370 377 397 398 406 427 500 584 672 715 787 808 842 989
3  54 537 858
2  155 207
3  249 567 992
3  110 503 556
1  288
14  1 2 5 6 171 207 208 213 406 500 579 592 753 778
5  392 467 715 734 876
4  80 350 508 988
3  54 619 892
17  0 5 6 12 16 308 368 377 584 669 680 715 719 834 850 946 998
1  409
3  310 388 692
4  119 401 429 604
13  140 248 335 344 366 499 500 521 557 610 715 808 973
2  319 654
4  61 530 732 903
7  410 516 584 672 715 787 890
6  0 6 215 222 674 680
2  423 604
38  0 12 15 40 85 136 140 143 170 217 250 273 335 366 377 398 403 406 463 539 551 584 610 643 655 657 664 707 715 742 772 807 834 857 898 940 974 989
8  6 13 51 143 181 236 319 727
2  151 973
7  155 456 479 687 716 798 924
4  45 74 129 592
15  79 213 227 328 357 369 377 551 687 695 742 772 887 973 975
2  19 257
2  151 488
3  354 601 704
4  46 48 478 787
6  119 294 515 592 715 731
2  10 923
1  127
18  24 26 62 70 170 232 398 406 493 515 687 715 742 781 787 798 857 973
5  398 545 594 821 857
6  178 507 706 849 899 968
1  380
1  404
2  188 800
5  267 534 685 755 885
8  106 119 294 591 592 626 719 850
2  119 401
5  131 225 688 790 827
13  208 284 377 469 525 539 551 715 728 766 786 898 973
26  0 1 6 7 105 117 126 138 151 161 223 244 250 296 377 403 406 498 551 583 584 753 787 808 834 898
3  169 573 813
3  433 479 716
12  0 6 12 13 30 33 41 45 218 583 742 973
1  276
6  106 122 213 296 301 834
1  368
2  261 715
3  89 857 954
8  100 168 398 430 515 539 551 584
2  274 617
3  35 548 672
4  368 589 669 715
1  417
1  114
1  453
1  380
4  45 108 122 808
3  148 599 679
11  19 86 94 312 393 640 742 828 834 842 860
3  0 67 535
3  346 811 859
1  53
3  116 602 630
7  22 46 48 185 439 592 787
10  0 111 155 373 433 456 687 699 742 798
1  201
8  255 371 515 536 676 715 857 940
31  0 33 34 45 47 52 53 85 213 218 222 232 314 344 346 366 371 405 500 521 528 539 545 584 592 786 815 834 857 898 940
8  36 42 229 485 707 722 898 954
1  5
14  0 5 36 58 229 483 622 700 707 773 782 808 898 973
5  317 574 639 889 979
7  105 195 400 578 584 664 969
1  437
4  311 406 834 935
1  356
3  7 715 857
1  74
49  0 6 8 10 23 32 44 48 57 59 76 97 102 126 170 171 174 213 232 320 348 375 377 393 398 406 443 515 539 551 584 592 655 656 661 680 687 707 715 740 742 766 786 802 834 842 888 910 967
7  72 326 362 377 584 680 779
5  76 588 652 870 879
5  332 377 498 545 787
12  13 51 53 151 222 266 271 680 726 834 882 973
8  35 250 377 454 496 545 787 858
7  424 500 544 546 557 808 973
74  1 4 6 10 20 23 33 35 41 43 44 48 52 57 66 70 84 87 117 119 129 131 170 174 191 207 218 222 241 301 309 323 331 338 341 362 366 371 377 397 398 410 416 424 482 499 506 515 521 528 551 579 584 592 598 610 655 672 680 689 698 715 742 763 766 787 808 857 890 898 910 926 973 989
6  234 514 662 794 836 858
2  394 999
7  98 110 178 343 414 556 899
1  355
3  192 222 741
6  362 500 515 551 689 808
4  445 706 769 849
2  418 843
1  242
2  123 961
2  351 658
2  135 771
3  55 141 520
2  501 794
103  0 2 4 5 6 10 11 13 21 22 23 30 36 41 45 48 51 52 57 59 60 62 68 74 76 84 92 95 99 116 117 124 133 136 138 151 168 170 171 174 203 207 213 231 232 255 271 284 287 288 294 299 309 323 330 331 333 338 341 359 367 371 375 377 398 403 406 440 443 463 481 493 500 506 525 538 539 551 579 584 592 598 621 668 680 707 715 742 762 763 772 787 798 808 834 857 874 885 888 890 898 910 926
2  427 715
5  196 325 839 954 966
4  324 857 974 989
2  306 736
1  513
33  10 14 30 33 44 49 84 91 131 170 222 232 344 398 424 482 500 528 551 584 592 640 668 698 707 715 787 808 834 842 857 913 956
5  186 385 584 707 770
1  14
4  387 749 855 994
10  284 377 453 515 538 539 551 715 857 874
1  296
4  0 67 123 724
15  30 405 406 482 500 521 551 579 592 707 742 787 834 842 989
1  181
5  61 426 564 865 903
3  325 339 813
1  101
5  147 582 600 746 989
6  158 267 449 540 685 755
4  0 311 474 729
2  481 644
1  411
7  151 515 525 539 549 551 715
71  4 6 10 13 22 27 32 34 35 41 44 48 53 54 57 61 63 74 89 100 101 105 125 136 166 170 186 195 207 211 222 231 273 284 285 314 332 338 377 398 403 406 430 453 463 482 493 515 525 538 545 549 551 584 592 643 698 707 715 740 762 786 787 807 808 834 857 888 890 898 926
3  534 586 685
11  0 1 117 126 140 143 213 248 671 857 890
5  0 85 136 145 592
1  399
1  499
32  7 8 41 45 47 57 61 89 117 237 250 253 254 337 377 391 398 444 482 496 498 539 551 584 592 707 715 786 787 857 882 954
3  499 547 557
2  546 665
2  465 764
14  22 27 47 124 136 211 285 338 538 539 592 707 742 936
4  174 638 710 766
96  0 1 5 6 8 11 14 16 19 20 27 29 30 33 34 44 47 53 54 57 60 62 65 66 79 89 103 105 107 113 117 120 126 130 136 138 151 168 170 174 179 195 213 231 265 271 323 331 337 341 371 377 395 403 406 430 435 453 454 463 493 500 506 515 521 525 528 538 539 545 560 584 592 610 640 656 657 680 687 710 715 722 742 753 763 766 786 787 808 834 857 888 898 938 954 973
5  6 34 69 643 687
2  197 990
29  0 3 6 34 52 56 57 66 67 90 106 126 136 207 218 222 575 584 592 643 655 680 715 766 782 787 808 857 898
2  386 973
4  110 178 414 503
4  424 499 546 808
3  171 646 715
2  291 814
33  5 6 10 38 48 65 156 226 278 403 406 551 584 592 597 610 643 647 655 657 666 687 698 712 715 759 787 808 834 857 898 926 954
5  307 742 743 776 890
2  3 715
2  327 704
2  61 530
4  80 350 389 988
3  100 125 808
3  249 310 413
3  19 146 306
3  41 680 888
4  136 390 834 890
1  70
6  344 610 627 698 787 808
5  10 169 196 455 813
1  486
6  554 655 715 728 766 782
5  60 747 818 857 995
1  306
2  487 969
14  2 58 151 162 174 207 416 500 515 528 592 715 742 834
1  242
5  38 226 643 834 857
4  533 600 746 947
42  0 2 4 5 82 95 97 105 117 125 138 151 163 171 185 203 210 213 218 254 330 338 377 379 391 398 454 457 584 592 674 693 715 742 772 787 857 858 898 909 910 973
153  0 1 2 3 4 5 6 7 12 17 18 20 22 27 30 32 33 34 36 41 42 45 47 48 49 52 54 57 59 60 62 65 68 70 72 78 82 83 85 95 97 100 105 106 117 125 130 136 137 138 142 143 144 151 161 162 165 168 170 171 174 184 185 186 198 203 207 208 213 218 222 224 232 237 250 253 271 282 284 285 302 304 320 329 330 338 362 366 370 371 377 383 385 392 395 398 403 405 406 410 420 427 430 454 463 482 487 493 494 500 515 521 522 539 545 551 554 560 583 592 606 610 621 628 643 657 664 669 672 674 675 680 691 698 707 715 742 753 765 766 772 786 787 808 834 857 858 874 882 890 940 954 973
1  24
3  540 684 750
3  15 592 898
3  76 495 670
3  466 669 922
2  21 854
6  106 294 450 626 668 808
144  0 1 2 4 5 6 7 8 10 13 14 15 17 19 22 23 28 29 30 32 33 35 37 38 44 45 46 47 48 52 57 60 61 66 68 70 85 91 95 103 105 106 115 116 117 124 125 126 129 136 137 142 145 150 151 156 161 168 170 171 174 185 207 208 213 218 222 226 231 232 259 265 266 271 273 278 286 294 295 301 313 320 323 337 338 342 345 363 374 377 391 398 406 416 434 440 450 478 482 493 500 515 521 528 539 542 545 549 551 554 560 579 583 584 587 603 610 621 643 657 668 674 680 683 707 715 722 742 753 766 786 787 798 808 834 857 882 885 888 890 898 926 936 954
1  279
3  398 444 733
3  276 381 701
1  298
7  341 403 560 698 763 857 880
22  0 1 20 66 68 85 113 120 130 136 150 151 250 297 377 500 515 677 691 834 910 926
2  472 679
3  533 582 746
2  354 438
2  477 630
9  7 95 105 168 592 657 686 787 888
3  401 423 429
3  14 348 393
19  21 35 63 172 207 282 315 370 395 584 643 680 707 786 787 873 885 926 940
3  389 756 801
1  79
2  13 51
26  6 12 33 122 335 344 424 430 500 551 560 572 584 592 621 655 668 715 759 763 808 834 857 888 898 954
2  143 614
3  17 271 882
2  145 620
6  143 213 377 611 698 897
2  45 983
3  59 371 953
2  464 767
5  57 83 742 753 890
1  419
1  613
39  4 6 7 8 10 33 47 49 70 73 93 207 209 266 305 331 341 515 584 592 610 639 643 655 664 668 674 680 715 763 766 786 808 834 842 857 910 973 989
2  485 914
1  184
3  102 653 967
15  1 4 18 22 32 47 53 106 258 332 377 398 786 834 857
10  106 270 294 308 377 450 591 669 719 850
8  82 143 213 344 572 787 808 840
16  106 144 281 341 377 383 403 584 674 680 710 715 787 857 973 989
2  357 973
2  477 602
12  2 4 22 29 46 75 113 235 715 787 869 987
2  51 760
6  10 14 19 640 680 963
1  81
5  390 777 862 900 978
2  4 193
1  175
2  550 766
13  33 93 209 305 317 486 621 659 715 808 834 842 989
16  10 14 19 86 312 473 521 551 633 698 707 753 828 834 842 910
1  308
2  4 57
62  0 2 4 6 13 22 33 34 37 38 40 47 65 67 85 106 122 124 125 151 156 207 218 222 226 250 259 278 313 371 398 403 430 539 552 554 560 581 584 592 606 621 655 657 674 680 691 698 707 715 753 763 786 798 808 834 857 884 885 898 926 940
2  536 682
3  339 813 954
2  558 829
9  48 57 59 60 384 560 742 857 967
2  153 303
2  60 878
8  52 56 151 330 338 715 787 934
2  176 894
4  76 495 867 879
2  624 967
1  425
36  0 6 33 122 136 207 217 222 232 398 430 493 500 554 560 575 610 621 643 668 680 691 707 715 728 742 766 786 808 834 857 888 926 954 973 974
11  14 214 312 348 406 493 551 742 786 842 972
21  40 64 125 259 430 551 560 584 592 603 643 664 674 680 687 698 782 786 798 888 985
2  351 511
9  49 73 93 305 317 639 808 834 842
5  57 59 78 851 967
2  44 493
8  11 92 172 234 395 501 794 888
3  366 371 834
20  0 5 35 67 85 105 195 400 406 430 487 584 621 657 680 715 766 787 808 857
1  547
4  560 759 808 898
1  372
43  0 1 2 6 10 12 14 16 20 22 23 27 30 91 116 135 142 149 169 266 270 294 377 391 515 521 591 592 610 621 655 680 687 704 715 787 808 813 834 857 888 890 954
10  270 308 368 420 466 584 589 626 715 766
1  588
11  79 213 227 344 398 541 786 834 890 895 973
32  0 1 21 23 35 41 50 56 70 76 107 129 131 174 175 218 254 398 410 427 465 500 584 715 742 787 808 834 857 890 954 974
1  269
47  2 4 7 8 31 48 49 54 59 60 73 105 151 210 216 222 224 232 271 282 341 362 365 370 371 383 398 428 583 584 592 621 628 643 657 680 698 715 744 751 763 787 808 834 857 858 954
2  83 584
1  481
3  297 598 910
4  379 856 857 898
3  148 472 599
79  0 1 2 4 5 6 10 13 16 18 21 22 30 33 34 36 41 48 58 70 103 131 171 177 179 207 208 213 237 241 245 271 284 308 341 362 371 377 398 420 428 493 494 497 500 515 551 554 569 584 592 606 621 628 633 643 655 657 664 668 674 689 698 707 715 742 751 763 766 786 787 798 834 857 882 888 890 940 954
3  254 718 789
2  644 723
15  4 35 37 41 50 59 136 203 207 231 398 592 715 808 888
2  586 750
6  267 275 449 534 540 755
2  603 888
31  0 6 23 48 57 59 62 102 103 213 228 232 309 338 377 398 433 435 443 479 493 551 552 560 657 668 715 742 787 834 974
2  452 925
17  191 216 362 377 500 506 680 707 715 763 787 808 845 926 938 954 989
6  3 291 715 814 904 973
20  5 13 41 45 68 174 403 584 598 643 655 698 715 742 786 798 808 857 926 954
4  249 310 388 422
4  379 583 857 898
2  42 707
6  328 357 435 772 775 973
4  143 170 830 891
1  361
50  16 20 33 65 79 150 170 207 213 218 222 224 232 320 329 344 366 371 377 383 391 398 406 500 521 539 560 572 584 597 614 640 643 657 674 680 691 715 742 763 772 786 787 808 828 834 857 909 910 926
4  111 373 479 798
1  485
3  276 381 595
3  6 48 974
2  307 742
40  0 1 2 5 6 10 12 18 20 22 27 29 30 31 33 34 52 57 75 79 106 138 142 151 218 277 294 327 354 403 408 438 563 668 715 786 802 834 842 973
1  364
2  445 507
88  0 2 4 5 6 10 11 13 16 20 22 30 32 34 36 40 41 42 64 74 85 96 100 117 122 129 131 140 142 170 174 186 193 207 217 222 229 232 250 273 285 329 359 362 366 377 383 385 398 403 430 483 485 493 515 521 522 528 539 545 549 584 592 606 640 643 655 680 689 694 715 728 738 742 762 766 782 787 798 808 834 857 873 888 898 926 940 973
3  268 977 991
2  236 319
11  144 174 403 550 551 628 715 766 787 834 857
2  315 847
1  560
1  119
1  253
246  0 1 2 3 4 5 6 7 8 10 11 12 13 15 17 18 20 21 22 23 24 26 27 29 30 31 32 33 34 35 36 37 38 40 41 42 43 44 45 46 47 48 49 50 52 53 54 56 57 58 59 60 62 64 65 66 67 69 70 71 74 75 76 78 81 85 89 90 91 96 101 102 103 105 106 107 112 116 117 118 119 122 129 131 134 136 137 138 140 142 143 144 147 150 151 152 158 162 163 164 165 168 170 171 174 179 185 201 203 206 207 210 217 218 222 224 231 232 235 237 241 250 255 256 259 261 266 270 278 280 281 284 286 289 294 304 308 313 320 329 330 332 333 335 337 338 344 355 362 366 368 371 377 383 391 392 398 402 403 406 410 417 420 424 427 430 440 443 453 461 466 481 491 493 500 515 516 521 525 538 539 545 551 554 558 560 562 575 579 583 584 592 610 621 628 631 639 643 650 655 664 668 669 672 674 680 683 687 689 690 691 698 704 707 710 728 742 753 759 761 765 766 772 786 787 798 808 834 842 857 858 882 885 888 890 891 898 909 910 926 934 940 954 973 987 989
2  433 456
1  340
2  254 681
6  0 308 420 450 626 834
2  263 868
2  4 115
17  0 36 42 229 265 287 288 316 342 359 483 551 592 735 868 882 890
2  682 981
3  67 527 933
2  142 957
4  497 834 882 973
1  431
16  0 232 453 575 655 707 715 742 766 786 787 882 898 940 954 973
7  0 138 311 535 834 848 919
2  364 929
1  440
2  426 962
1  594
1  417
2  722 882
1  519
3  13 21 118
4  707 742 787 808
2  111 819
6  57 170 493 539 808 842
1  505
105  0 1 2 3 5 6 10 12 13 14 16 19 20 41 45 47 53 54 57 58 59 60 62 83 86 89 92 95 100 103 105 109 117 131 150 162 170 174 203 218 222 228 232 242 250 271 307 312 314 338 375 386 393 406 430 435 443 457 473 479 493 500 515 528 549 551 561 579 583 584 592 618 647 655 656 672 680 687 691 698 703 707 715 728 738 765 766 776 786 787 798 808 834 842 857 874 882 885 890 898 940 954 973 974 989
5  307 561 776 890 930
3  674 763 799
1  239
3  533 582 600
4  576 818 857 995
1  80
3  387 524 855
2  586 684
4  674 680 766 857
2  389 988
28  8 32 47 52 57 83 117 125 198 296 299 329 391 403 406 416 454 551 584 592 618 640 643 715 808 842 954 973
2  160 842
8  29 158 267 275 449 534 685 808
3  389 607 801
3  377 902 974
1  14
11  5 403 560 610 666 715 808 834 857 898 954
1  632
4  34 85 715 834
13  59 92 104 337 515 539 707 766 787 808 858 926 954
47  3 6 10 12 20 31 44 57 62 179 191 207 213 216 218 222 314 331 338 341 362 377 403 500 515 551 597 610 621 643 674 680 689 698 744 766 772 786 787 808 834 857 872 898 910 954 989
1  548
12  112 165 309 406 584 715 742 787 798 808 834 882
61  0 13 36 44 45 57 59 85 122 129 144 157 162 165 174 207 229 232 259 273 309 365 371 453 493 500 550 551 554 575 584 592 621 638 655 664 669 680 707 710 715 728 742 751 762 763 782 786 787 808 834 857 874 882 888 910 926 931 954 974 989
1  617
1  368
1  507
2  522 797
1  512
47  0 4 6 12 15 16 20 30 33 45 47 79 117 143 151 168 171 217 218 227 273 328 335 338 357 369 377 383 398 406 430 435 515 583 584 695 698 715 763 786 787 808 834 857 885 898 973
3  485 808 898
1  242
2  695 970
6  307 561 742 743 834 890
2  635 900
5  0 1 297 416 910
2  326 494
1  52
6  24 26 170 443 798 973
10  64 96 485 554 575 657 707 766 787 834
1  47
2  26 973
1  88
78  0 8 10 19 20 22 27 32 44 48 53 54 57 62 65 100 117 124 126 140 157 174 207 213 232 248 250 258 281 291 338 371 377 398 405 406 453 482 493 539 545 551 584 592 606 621 625 643 655 656 657 671 680 691 698 704 715 728 742 763 766 772 787 802 808 828 834 842 857 858 874 882 885 898 901 940 954 973
153  0 1 2 4 5 6 10 11 13 22 23 24 27 30 31 35 44 45 46 47 48 50 51 53 54 56 57 58 60 61 65 66 70 74 76 79 82 92 101 103 105 106 117 120 122 126 127 129 131 136 138 143 151 152 161 170 174 179 185 186 191 202 207 210 212 213 218 222 223 250 261 271 297 304 313 330 333 335 337 338 344 359 377 383 384 391 395 397 398 406 410 427 439 443 454 478 496 498 500 515 521 528 539 545 551 554 560 572 583 584 592 603 606 627 628 631 650 664 668 672 674 680 687 689 698 707 710 715 728 738 742 762 763 765 766 772 782 786 802 808 834 845 857 888 890 910 926 938 973 974 983 987 989
2  203 210
2  681 896
1  452
1  30
1  45
2  371 877
12  35 50 63 92 172 234 395 501 514 662 858 954
14  0 1 6 33 45 106 122 145 309 311 398 898 935 973
1  116
1  770
50  0 1 5 13 14 35 36 45 68 74 111 122 145 155 170 213 228 241 245 259 309 344 359 373 375 383 406 433 443 479 515 592 643 657 680 691 699 707 715 742 765 781 834 842 857 882 884 888 890 926
1  744
2  188 448
2  607 756
21  0 2 4 6 12 57 61 138 174 193 336 372 383 493 704 786 787 808 834 845 973
1  302
2  379 857
2  126 825
1  46
15  0 2 3 4 7 8 24 105 106 232 291 430 539 834 973
169  0 1 2 4 5 6 8 13 20 22 23 25 27 29 30 31 32 33 34 35 36 41 42 43 44 45 47 48 49 52 53 54 56 57 58 59 60 62 65 70 71 72 73 79 83 87 92 93 100 102 103 106 117 122 125 131 136 137 138 144 151 161 170 174 179 183 191 195 198 207 213 222 223 224 229 231 232 250 255 271 281 301 305 309 314 331 338 341 344 359 362 371 377 383 384 397 398 403 406 407 410 424 454 471 485 499 500 506 515 521 539 551 554 557 560 566 572 584 591 592 610 621 627 639 643 655 659 664 666 668 672 674 683 689 691 698 707 715 738 740 742 753 755 759 762 763 765 766 772 773 786 787 802 828 834 842 845 857 858 882 888 890 898 910 926 954 967 973 989
5  19 86 94 312 842
4  0 18 57 100
2  475 859
1  41
11  10 169 196 325 339 455 531 573 645 668 954
4  3 291 559 690
1  482
2  114 940
4  13 21 179 834
7  60 232 371 576 747 834 857
1  739
2  182 834
1  444
1  174
3  74 174 857
1  380
3  126 805 863
2  7 916
1  452
9  10 473 640 698 786 808 834 857 910
1  646
2  696 891
3  18 408 842
12  2 4 19 86 94 174 232 312 834 837 842 857
1  406
215  0 1 2 3 4 5 6 7 8 10 11 12 13 14 19 20 21 22 23 25 27 29 30 33 34 35 36 38 40 41 42 45 47 48 50 52 53 54 57 58 66 67 68 70 71 73 78 79 85 86 89 90 92 93 94 96 97 102 103 104 106 112 117 119 120 122 126 131 136 137 138 143 144 151 152 156 165 166 168 170 171 174 179 182 197 207 209 213 217 218 221 222 226 227 231 232 250 258 259 266 270 278 284 286 294 295 300 308 309 311 312 313 315 320 322 324 328 329 335 337 338 341 356 357 365 366 371 377 383 385 391 398 403 405 406 420 430 454 459 473 482 489 493 497 515 521 528 539 551 560 570 579 581 584 592 598 610 621 625 639 640 643 655 659 663 668 671 672 674 680 687 698 704 707 710 715 719 726 729 742 759 761 763 765 766 772 776 782 786 787 798 802 807 808 817 818 820 828 832 842 845 857 858 874 882 885 888 890 905 910 926 954 967 973 989
1  122
2  234 501
5  0 2 272 406 832
3  59 78 995
2  517 966
1  627
1  54
72  0 4 7 10 13 14 18 19 22 30 44 49 53 57 70 73 85 86 93 94 117 121 126 128 138 160 174 213 232 305 309 312 366 377 391 393 408 410 473 493 521 528 621 639 640 656 659 704 715 740 742 753 754 786 798 808 809 831 832 834 845 857 858 882 888 890 898 910 954 967 972 989
1  508
1  124
14  4 105 689 787 802 808 834 842 857 882 938 954 973 989
1  301
1  711
2  311 729
2  445 507
4  308 420 450 626
1  660
7  13 21 63 118 188 395 926
1  338
2  590 908
3  387 524 749
10  0 5 65 103 171 218 379 678 857 898
180  0 1 2 4 5 6 7 8 10 12 13 14 16 18 20 21 22 23 30 31 32 33 37 38 44 45 47 48 52 54 57 58 59 60 61 63 65 70 71 73 74 84 89 90 91 93 97 101 103 106 112 117 122 124 125 126 129 130 135 136 138 143 144 145 149 151 156 161 168 170 171 174 191 207 213 215 217 218 222 226 232 237 250 266 273 278 279 281 284 287 309 313 324 341 345 362 371 377 379 383 384 391 395 398 403 406 430 443 444 462 481 482 491 500 515 518 521 525 539 541 545 551 554 560 576 581 583 584 592 597 610 621 625 628 643 647 655 664 668 672 674 678 680 691 693 698 707 710 715 742 747 751 759 763 766 772 786 787 798 804 808 818 823 828 832 834 842 845 856 858 882 888 890 898 915 926 954 973 974 989
44  4 29 31 44 45 50 53 54 57 79 92 95 106 107 117 125 167 234 329 341 377 398 411 498 501 583 584 674 715 762 786 794 808 834 842 857 882 890 898 910 926 954 973 989
3  346 475 811
6  94 121 214 393 473 997
2  15 313
2  635 900
1  825
1  75
1  530
1  306
1  652
13  21 36 42 90 142 170 174 183 263 283 380 720 722
4  4 113 631 987
4  76 495 928 964
2  340 943
6  12 16 20 362 763 926
6  282 370 606 707 885 973
13  284 299 515 525 584 742 766 786 834 882 940 942 973
1  351
2  392 417
2  371 793
1  649
2  495 652
1  597
2  134 918
56  0 1 8 17 22 28 36 40 66 70 96 138 143 241 245 259 271 284 309 313 337 342 363 377 407 497 545 584 592 612 680 715 722 726 728 735 742 765 766 786 798 808 834 842 845 857 858 874 885 888 890 938 940 954 973 989
1  405
8  4 113 222 241 643 798 890 940
38  1 2 4 8 17 20 22 29 45 48 59 62 105 108 117 124 158 267 449 515 592 606 643 715 742 772 786 834 873 882 888 890 910 940 954 973 974 989
2  357 973
1  435
69  0 4 6 8 18 22 23 29 33 35 41 43 54 65 70 75 106 136 157 172 174 211 231 232 234 266 337 338 341 345 365 367 377 395 398 406 493 515 539 551 569 592 603 610 655 657 662 668 680 683 686 707 715 766 787 798 808 834 842 857 882 885 890 910 926 940 954 973 989
1  486
74  0 1 2 4 5 6 21 22 47 50 58 60 83 89 106 116 117 124 125 126 136 150 151 207 265 287 288 294 302 307 316 359 362 367 377 398 403 427 500 515 539 541 561 570 584 592 618 668 671 672 680 715 722 742 743 776 787 798 808 834 842 857 858 882 884 885 888 898 910 926 938 954 973 989
17  10 29 35 45 97 117 158 170 174 214 280 312 337 696 715 830 898
1  419
1  175
1  651
1  671
1  789
1  614
113  0 1 2 5 6 11 12 13 15 16 20 21 31 34 36 44 45 48 52 53 54 57 62 64 65 66 67 85 90 102 103 106 112 117 120 125 126 134 136 138 140 147 151 156 166 168 170 171 174 179 182 206 217 218 222 232 248 250 289 292 309 316 329 338 366 371 377 379 384 397 403 406 430 453 454 482 483 485 500 515 539 551 554 560 583 587 592 610 643 666 678 693 707 715 728 742 759 763 772 773 786 795 808 842 856 857 858 890 891 910 954 973 989
4  110 178 445 503
3  635 777 862
9  0 2 4 22 75 137 163 391 786
2  757 974
2  426 530
1  690
5  21 35 54 834 965
1  168
1  192
1  854
6  56 320 583 698 715 910
63  4 5 6 7 12 13 16 20 21 35 41 42 45 51 53 62 95 99 109 120 124 126 144 165 168 174 207 213 218 297 315 337 341 377 493 500 515 583 598 621 640 677 698 715 763 766 778 787 808 828 834 842 858 885 888 890 898 909 926 940 954 973 989
2  374 973
3  91 149 944
1  521
1  622
5  63 172 276 315 857
1  826
1  399
1  881
1  729
1  220
1  338
1  589
1  441
2  155 433
1  688
52  5 11 13 43 53 74 101 103 122 131 150 161 168 171 179 182 222 231 250 362 395 403 500 515 539 560 592 598 606 643 655 689 691 698 707 715 762 766 787 798 808 834 852 857 858 872 888 890 910 954 973 989
1  397
2  870 964
3  364 730 950
1  743
1  766
1  68
2  67 724
13  22 23 27 47 70 205 207 330 398 407 650 715 954
6  1 6 311 406 489 795
2  549 592
2  184 945
12  105 151 191 551 689 787 845 882 890 954 973 989
2  75 81
46  4 6 10 16 20 30 33 47 54 62 65 114 140 168 213 222 224 255 273 320 341 346 371 383 405 430 481 482 584 606 643 680 707 715 728 742 786 816 874 882 884 885 888 910 973 989
2  6 65
1  874
2  340 871
1  912
1  937
3  0 5 420
1  582
1  186
3  67 123 176
1  929
1  151
1  61
4  59 330 377 616
88  2 4 5 8 13 16 17 22 23 29 32 35 36 42 43 45 50 54 67 70 89 100 124 133 136 169 170 191 196 205 216 229 232 241 296 338 341 359 362 391 403 406 407 462 483 517 545 551 560 584 592 610 645 655 668 672 674 680 689 691 715 728 742 753 759 762 763 766 786 794 808 813 834 842 845 857 858 882 885 888 890 898 910 926 934 938 973 989
1  276
3  33 340 521
1  725
1  140
1  383
1  283
2  123 510
1  732
1  633
2  870 928
1  905
2  517 839
12  48 59 102 151 493 624 647 653 660 808 834 842
2  178 445
2  487 578
1  775
3  6 10 30
2  656 842
136  0 2 3 4 5 6 7 11 12 13 14 20 22 24 26 27 29 30 31 33 36 40 44 45 47 49 51 52 53 54 62 65 70 79 92 105 106 117 124 130 136 137 143 151 170 179 197 207 213 215 221 222 230 232 250 271 281 282 291 294 309 313 314 323 328 331 335 338 341 344 348 357 359 370 374 377 383 386 391 398 424 432 435 443 453 457 485 497 499 500 551 555 583 584 621 628 629 655 671 690 695 704 707 715 726 728 742 753 772 781 784 786 787 795 802 807 808 834 845 857 858 873 874 882 885 886 888 890 898 910 911 926 938 940 954 989
22  22 29 48 124 174 314 377 379 430 518 655 672 687 702 742 757 766 787 857 885 902 989
1  435
1  183
3  268 708 991
1  635
1  486
1  409
1  723
1  361
6  45 51 106 287 615 787
1  202
1  657
3  15 260 313
6  113 222 631 715 787 869
7  57 80 350 389 418 565 752
63  0 2 4 15 17 22 23 24 27 29 33 34 43 44 48 49 95 102 147 151 168 191 206 289 324 338 367 370 391 406 410 430 500 518 528 533 621 628 639 689 715 742 763 766 787 808 834 842 845 857 858 882 885 888 890 898 910 926 938 940 954 973 974
1  553
3  268 708 977
1  413
1  339
2  387 524
6  59 60 207 576 747 838
1  99
1  860
1  420
1  502
