1000
7  259 266 281 384 538 686 787
7  34 168 368 388 577 687 985
10  59 95 207 322 346 382 407 410 865 908
11  44 53 151 235 251 259 442 564 839 947 956
10  337 349 358 427 536 619 777 909 929 991
7  111 123 291 662 751 804 829
11  49 65 236 238 330 499 701 826 913 937 981
8  264 299 329 422 519 802 887 943
5  386 746 916 947 979
10  121 184 209 223 466 485 497 582 833 956
5  87 187 385 581 813
13  199 274 447 463 487 554 647 807 816 831 906 914 932
8  156 169 337 383 397 520 567 647
10  70 155 183 189 247 259 454 795 879 895
7  65 109 194 293 506 613 901
15  25 171 238 286 307 386 399 406 570 601 642 645 783 786 955
8  265 280 301 314 514 829 857 993
9  151 199 297 345 447 683 696 789 999
6  149 196 434 579 763 887
13  25 32 66 188 194 213 397 402 515 846 856 860 877
6  239 410 594 735 875 877
10  23 143 272 495 689 754 767 829 882 909
10  111 216 652 660 710 717 738 740 818 824
12  21 151 167 242 437 578 585 591 621 734 769 939
14  82 145 155 209 240 359 396 449 462 677 788 905 907 929
14  15 19 119 133 219 254 347 472 522 527 534 565 667 752
3  449 630 710
13  67 144 238 284 537 602 690 744 761 880 898 942 986
11  34 335 355 387 613 640 671 759 848 889 981
11  68 119 358 411 425 427 586 695 780 898 944
10  152 402 577 613 620 671 681 786 823 839
10  226 257 261 449 534 571 619 631 640 878
11  19 49 63 182 196 222 267 384 468 507 609
12  292 310 317 359 505 584 666 788 849 940 948 951
10  1 28 227 285 456 561 568 747 788 871
10  156 265 318 446 463 559 643 680 743 856
12  63 120 330 371 415 417 442 454 471 610 696 978
8  119 187 296 431 742 889 947 955
10  48 246 311 450 462 508 724 780 959 987
7  104 215 237 263 301 567 708
9  49 111 122 138 182 212 683 730 905
7  119 366 399 426 502 594 937
15  139 146 178 189 254 273 288 424 454 575 718 850 961 972 996
11  48 126 159 280 371 481 559 648 891 956 979
13  3 100 197 253 344 353 405 441 514 693 717 981 994
6  47 211 340 565 615 641
5  284 573 645 689 845
11  45 95 237 240 407 594 738 868 893 898 987
10  38 43 315 716 735 768 807 863 962 987
11  6 32 40 399 401 415 459 541 640 738 786
10  110 320 404 458 469 676 762 793 855 885
9  176 178 454 461 562 686 775 965 971
8  132 148 212 405 434 447 593 826
12  3 92 102 134 141 375 700 748 785 877 913 973
7  118 223 269 302 360 635 891
10  148 158 343 396 400 410 433 455 475 786
11  280 305 328 411 451 547 571 580 584 715 879
10  200 224 247 480 507 567 630 639 773 943
12  64 95 117 368 428 513 551 625 707 827 861 934
13  2 62 225 394 406 453 624 668 701 715 889 959 988
10  98 338 349 412 527 674 711 747 851 948
12  230 275 318 503 563 593 621 675 734 781 782 855
12  59 71 217 232 249 299 417 558 617 655 846 998
11  32 36 278 283 514 525 558 675 740 785 912
11  58 133 150 196 271 290 352 353 592 778 960
7  6 14 76 351 504 532 806
8  19 97 473 506 643 720 790 859
10  27 78 198 201 223 607 623 668 882 913
5  29 102 703 738 809
8  131 280 317 634 639 718 906 959
6  13 73 327 329 708 790
7  62 142 424 468 690 728 957
7  303 314 405 543 612 794 799
13  70 123 275 293 307 356 368 384 514 545 646 670 735
14  120 343 372 501 542 554 563 618 718 753 815 831 922 987
10  200 279 491 514 596 611 732 785 838 853
19  65 259 264 297 306 318 323 413 426 557 599 647 656 692 726 728 751 817 988
8  196 253 495 545 716 783 931 945
8  67 259 326 524 607 727 841 975
10  127 136 299 385 387 427 469 530 652 896
12  206 356 518 638 677 709 737 775 795 914 922 957
10  177 238 286 404 526 619 672 898 950 972
10  24 106 141 258 387 512 622 714 762 845
9  217 354 406 420 529 560 795 862 931
11  166 246 516 520 718 724 735 747 790 812 888
9  97 303 325 498 681 768 830 849 859
13  126 241 313 377 412 537 634 655 719 732 867 969 975
5  10 165 575 664 744
5  96 572 582 772 893
10  114 232 302 390 471 547 653 740 766 997
11  149 543 561 565 663 741 800 917 947 964 995
7  526 568 796 799 875 919 935
15  53 197 230 287 315 523 569 583 588 651 738 837 856 889 980
8  98 204 353 584 679 789 981 991
7  314 358 665 718 900 925 927
15  2 47 58 157 160 218 222 464 486 584 592 766 792 829 846
12  88 218 241 267 327 400 606 818 844 925 967 995
11  66 85 123 141 148 159 214 364 367 587 730
8  60 93 113 504 534 666 799 872
7  125 184 330 669 678 689 943
10  44 114 273 305 374 521 551 627 689 879
9  180 195 396 507 635 733 739 818 963
14  53 68 198 289 417 583 594 641 661 742 777 789 873 881
10  120 124 211 256 270 309 384 510 636 662
7  39 367 412 555 892 908 917
13  126 153 188 248 339 408 430 431 481 560 586 977 998
21  82 134 145 299 332 362 427 439 461 516 541 714 724 769 774 799 803 810 900 912 960
9  291 348 367 435 572 598 625 654 813
8  343 469 539 618 675 728 767 944
6  14 140 162 305 553 964
7  50 328 354 358 743 838 859
10  5 22 40 229 256 675 822 856 904 950
7  132 271 284 364 460 476 933
12  98 198 250 338 365 385 704 785 810 845 918 987
10  89 100 132 165 174 374 655 664 703 934
12  252 375 407 506 574 625 680 776 832 853 924 971
7  175 379 457 585 599 682 994
8  58 122 177 395 526 760 849 927
11  54 169 264 280 337 605 784 799 879 918 959
11  25 29 37 41 261 378 454 558 593 682 776
9  36 74 103 145 153 502 797 829 892
16  9 141 220 257 347 350 468 525 592 665 731 779 902 941 942 977
10  40 117 417 524 667 830 861 925 935 941
12  5 73 97 321 354 566 658 730 756 846 891 923
9  103 156 159 375 446 491 835 952 961
8  99 475 554 591 672 758 945 990
11  43 86 105 214 358 544 658 668 737 776 847
8  79 129 201 300 387 610 957 988
10  217 282 288 316 384 435 535 583 677 917
8  127 277 327 622 705 768 858 951
4  252 290 310 646
10  69 187 306 315 337 393 424 673 831 903
14  52 112 114 174 175 313 412 565 608 648 835 856 889 975
11  25 64 295 345 454 536 546 704 719 865 993
11  53 106 223 225 326 553 649 725 753 793 858
4  534 722 884 966
6  79 191 261 335 487 876
8  181 227 318 324 585 593 758 844
6  40 233 389 528 537 593
11  42 186 257 259 267 375 507 559 695 756 877
10  109 223 290 304 446 704 804 888 909 999
9  53 82 97 121 420 716 723 747 941
12  71 201 307 446 477 493 542 627 699 705 738 923
14  21 171 177 268 410 484 562 595 624 775 801 887 960 980
11  27 286 298 431 521 596 610 614 628 847 915
11  24 106 120 197 279 377 467 695 710 816 964
9  42 286 440 442 468 554 625 714 765
9  282 442 452 506 519 789 874 900 983
19  52 55 97 248 328 364 401 436 495 637 669 693 719 751 846 871 892 953 965
10  18 90 176 412 447 594 678 698 932 993
10  64 154 189 488 598 738 741 771 798 892
12  3 17 23 396 427 566 568 571 598 733 774 993
12  30 251 285 352 473 503 699 719 801 812 876 922
6  105 120 167 330 388 980
10  150 278 320 666 681 710 719 749 787 824
11  13 24 215 240 304 393 431 596 697 808 967
10  12 35 124 179 199 278 292 491 603 642
9  95 193 311 434 472 473 736 850 904
7  55 189 397 433 520 675 871
9  43 97 124 447 474 647 859 866 990
12  95 195 256 304 319 358 509 584 646 713 768 851
5  169 322 433 818 837
9  109 181 193 195 461 563 628 792 803
7  202 296 644 675 759 909 918
13  224 268 349 454 498 633 681 696 757 800 874 923 993
9  87 114 175 372 596 737 774 860 908
10  84 322 347 404 428 565 589 838 897 914
9  23 153 168 246 462 526 606 757 758
9  1 167 247 353 445 694 755 809 818
7  12 118 161 634 792 864 992
9  384 387 391 612 713 813 885 942 943
13  15 143 293 416 477 500 607 650 736 786 795 801 814
8  235 333 409 483 623 802 866 984
8  350 429 523 533 622 646 788 969
6  114 132 272 471 917 938
9  116 132 165 416 453 687 883 928 968
13  51 149 228 295 321 340 417 550 685 707 813 847 919
7  81 117 143 523 603 786 813
13  42 51 229 317 407 442 565 635 696 705 749 776 895
7  156 187 219 391 796 854 941
10  101 243 264 322 910 938 949 967 972 994
8  137 162 202 228 621 672 682 896
3  32 40 335
11  13 261 531 566 591 596 680 746 834 889 989
9  9 99 455 487 522 581 867 924 977
9  262 348 384 395 705 754 840 868 900
11  139 218 320 585 588 632 712 733 766 899 977
11  10 37 131 179 235 299 321 609 621 878 919
8  19 105 383 407 680 698 731 974
12  13 42 150 158 349 451 534 620 701 739 803 870
11  195 379 394 554 606 608 765 803 880 937 965
5  136 299 381 508 515
15  205 315 321 356 433 474 583 594 696 722 843 917 946 947 952
10  157 162 232 245 325 370 402 654 658 955
17  14 19 283 312 322 406 448 510 528 573 683 745 750 777 849 878 932
13  101 160 162 190 349 350 392 422 508 531 544 587 591
15  18 32 64 77 326 393 409 595 678 753 778 779 912 919 967
14  44 92 145 206 207 295 307 571 639 662 689 760 778 809
11  67 102 113 233 503 562 594 608 798 857 907
15  11 17 156 402 485 522 571 597 623 642 652 659 676 727 882
15  57 75 270 290 422 707 720 816 825 898 948 954 957 960 981
15  67 127 142 229 235 240 311 327 509 620 776 851 899 916 921
8  163 181 315 386 424 555 740 933
4  797 803 849 998
6  93 208 376 390 977 994
5  192 346 668 785 794
11  80 197 257 460 479 585 695 715 790 870 875
9  2 197 249 484 498 566 719 804 849
8  204 230 471 478 488 559 651 675
3  9 24 594
10  219 253 384 417 424 483 484 818 963 975
9  45 103 221 224 273 423 516 590 731
13  40 52 313 372 565 575 577 605 632 778 799 835 999
9  19 295 326 378 530 707 739 832 861
10  97 126 249 337 387 461 733 825 856 941
13  39 155 251 253 330 451 590 606 680 751 832 838 983
8  22 300 430 465 518 671 712 808
18  62 83 128 232 326 328 427 468 491 492 537 568 593 707 782 797 909 972
9  95 96 186 219 297 460 719 878 918
12  25 179 210 218 435 511 748 817 877 893 911 922
12  121 243 324 327 368 400 403 590 611 846 961 972
4  211 411 458 803
9  32 95 308 324 578 784 818 868 961
14  9 54 67 134 140 242 304 402 499 566 601 632 974 994
7  57 164 211 263 439 655 762
11  59 134 228 313 341 375 457 657 751 873 923
10  31 405 506 532 561 643 657 659 676 813
7  34 137 261 569 694 762 914
9  176 181 225 336 373 638 704 817 966
10  111 178 201 300 338 368 384 411 832 956
14  61 92 208 339 348 374 479 613 663 698 719 765 784 928
10  270 327 358 561 580 719 744 747 761 782
12  62 89 193 217 252 329 516 802 804 818 902 907
16  138 198 326 344 493 567 713 791 815 823 844 859 874 877 962 998
10  281 491 622 629 657 669 678 703 946 991
16  3 172 187 201 285 421 526 579 630 631 694 733 776 821 924 959
14  6 328 329 371 428 460 494 519 538 551 598 677 919 966
10  39 47 239 350 709 716 895 972 979 980
10  6 15 27 81 309 407 506 804 845 862
9  20 237 336 461 470 801 819 861 935
6  24 47 155 201 478 950
6  86 96 247 687 741 790
7  23 223 347 543 905 937 989
11  180 220 407 420 501 657 660 703 719 740 905
10  245 322 380 408 543 550 684 745 766 883
9  193 244 341 406 435 716 760 818 969
15  38 84 167 285 353 480 522 526 527 529 557 629 768 779 780
15  13 57 168 241 460 484 565 580 694 696 725 773 789 853 859
9  105 148 411 432 465 715 732 879 914
14  62 207 214 262 372 388 437 473 596 600 839 874 960 969
5  113 425 444 500 966
10  3 152 215 446 520 522 664 702 912 950
10  115 130 232 403 483 532 625 660 687 720
14  44 77 210 215 307 342 509 584 754 779 807 884 908 990
4  25 42 350 835
6  282 339 411 582 586 811
15  103 111 160 262 264 580 582 609 622 663 716 734 752 776 938
12  31 121 139 206 270 304 512 584 599 646 658 764
3  82 634 760
12  0 3 13 76 78 139 455 562 804 837 848 924
8  472 485 556 567 602 624 843 847
10  31 119 136 183 227 457 608 663 896 956
12  185 249 256 488 503 528 576 620 639 765 771 917
14  39 224 309 395 414 437 480 526 529 547 590 686 723 954
10  7 76 118 180 256 283 284 466 853 929
11  16 35 293 346 371 487 565 766 866 882 910
9  0 288 472 494 520 620 634 676 829
7  32 96 139 376 377 452 898
5  143 164 637 840 874
7  54 361 424 475 536 803 935
9  103 200 231 257 517 569 596 677 800
9  64 112 343 374 481 606 654 715 752
8  21 174 604 698 706 818 825 836
9  42 100 211 285 376 494 498 699 750
8  11 309 635 638 798 810 821 915
9  61 73 288 292 402 471 677 890 969
4  651 719 779 823
6  129 356 688 748 878 979
10  63 154 156 698 724 812 860 912 971 976
8  75 145 298 559 705 842 901 978
16  16 43 56 69 118 321 450 485 504 526 541 676 737 842 921 994
9  0 234 326 347 456 493 641 972 999
9  128 147 255 317 466 594 614 724 944
14  63 194 264 298 346 395 427 482 506 577 654 728 839 921
7  27 46 112 264 366 438 705
8  34 152 235 246 273 679 765 887
11  15 81 144 146 847 865 882 905 928 947 954
5  92 332 372 500 622
9  42 128 266 275 363 456 562 721 869
12  102 388 394 492 501 583 668 677 778 806 825 889
13  64 130 140 200 377 437 463 495 573 696 722 805 942
6  5 107 339 622 693 826
14  33 156 275 295 304 368 392 441 472 505 676 770 942 976
14  14 73 171 265 338 354 415 538 661 672 887 888 909 963
9  435 705 710 760 764 766 921 928 969
7  133 176 197 213 292 442 923
10  37 163 428 486 551 647 783 810 866 907
9  17 76 218 567 665 728 793 847 917
9  144 279 283 408 428 453 724 831 885
19  7 62 79 106 187 191 318 334 507 641 662 675 702 805 910 920 944 950 962
11  127 216 229 326 437 466 523 528 782 877 953
12  16 39 371 379 551 578 708 711 741 769 855 887
10  54 89 484 645 677 686 761 796 927 965
14  72 85 355 425 607 654 655 664 678 700 731 755 950 986
16  140 155 160 223 257 292 344 367 443 509 521 653 700 776 810 889
8  56 100 109 418 561 752 880 881
7  76 131 394 474 516 938 956
11  15 73 142 197 253 311 318 364 370 512 578
11  222 334 360 403 435 608 610 619 745 849 931
12  103 238 263 274 371 384 462 464 600 750 817 917
6  33 130 442 634 694 924
10  38 157 201 307 363 386 499 507 671 945
6  194 391 413 446 469 525
10  86 132 212 225 339 791 888 924 929 968
8  16 72 94 598 668 712 758 970
8  48 92 131 192 202 393 515 646
6  128 452 460 586 667 964
11  33 69 178 282 328 366 383 451 525 773 826
12  35 61 76 137 299 307 325 398 446 454 455 679
13  160 361 374 410 501 598 606 654 754 811 899 906 953
8  50 154 186 458 536 669 857 859
10  123 176 187 192 280 331 567 655 683 939
15  2 161 166 180 194 244 455 482 487 504 714 732 798 819 879
10  76 364 455 479 531 563 679 685 763 895
10  137 220 222 328 423 628 647 876 878 971
4  85 193 318 696
17  78 134 196 213 217 233 281 300 394 439 454 553 621 727 734 823 850
8  70 96 129 201 220 231 464 917
22  56 110 148 217 236 317 324 403 422 430 456 473 580 602 611 666 736 755 861 912 940 972
9  7 70 232 236 750 756 803 951 971
12  6 36 99 153 215 393 415 689 700 845 858 977
6  321 358 503 692 905 977
6  106 287 346 510 644 811
5  172 390 522 534 688
8  299 308 376 409 548 601 774 934
6  28 136 182 470 610 814
9  228 239 346 462 646 851 853 903 931
16  4 12 118 131 214 350 401 414 417 487 507 574 578 722 807 938
14  60 113 229 293 359 405 422 475 534 574 749 792 901 993
11  105 230 255 291 313 379 398 666 698 847 904
8  45 176 389 450 462 579 761 879
11  225 245 364 490 522 612 740 790 829 862 867
8  253 465 629 829 872 877 897 904
10  55 74 108 271 412 436 558 620 649 843
8  44 233 304 427 444 649 865 936
7  17 133 588 647 757 880 998
11  2 205 265 283 332 336 507 651 789 939 977
12  25 121 166 242 281 393 473 534 633 656 733 766
9  107 185 230 349 506 512 634 709 747
12  4 60 164 189 195 348 443 634 658 679 900 933
6  121 173 195 237 254 337
8  65 372 483 613 660 767 901 937
6  64 152 421 473 496 517
8  44 64 93 168 246 908 982 993
8  83 110 123 293 412 730 887 924
12  28 303 361 390 404 569 630 735 807 813 897 954
8  73 80 192 277 499 561 842 854
5  373 617 648 796 980
14  4 29 94 110 126 160 231 331 567 617 733 841 853 917
8  24 33 338 388 420 590 603 901
8  54 308 362 684 753 812 943 984
9  269 319 355 522 633 658 673 823 986
7  106 360 545 763 885 886 932
14  288 311 364 505 518 526 562 644 688 735 761 793 933 984
13  97 112 148 307 323 341 363 536 542 581 721 729 931
2  113 673
10  41 284 317 378 450 507 523 563 594 879
13  97 104 107 304 465 495 500 644 666 668 670 707 965
14  1 58 73 220 229 292 371 465 661 718 825 856 865 921
8  438 466 537 540 781 899 904 917
6  193 307 398 587 605 900
10  36 43 236 265 301 309 368 404 416 748
12  74 165 212 249 287 351 431 561 677 750 791 863
9  228 357 429 539 649 715 725 803 965
10  100 114 230 271 319 458 547 589 674 930
11  53 115 124 139 225 389 515 691 767 932 947
13  204 267 273 334 515 525 560 601 627 633 776 823 835
11  86 145 267 290 475 595 603 664 827 847 996
7  119 213 366 567 687 763 919
13  116 190 301 339 387 460 493 515 645 794 817 821 950
7  244 593 863 886 917 933 963
3  191 448 550
8  2 488 532 618 647 794 837 955
7  12 188 317 426 439 561 901
17  0 32 73 103 128 170 185 210 229 309 545 551 686 726 790 878 910
10  10 79 113 395 452 519 735 740 789 913
13  8 15 202 311 417 481 525 631 653 675 862 908 990
9  28 79 82 127 170 214 379 942 956
13  1 153 249 289 359 419 617 684 714 827 933 971 981
6  138 340 375 398 405 556
11  89 204 333 355 595 608 692 710 795 811 841
6  170 179 312 399 935 969
14  195 292 529 534 556 617 696 795 847 864 869 908 919 994
14  131 155 196 315 330 347 573 649 653 701 741 825 829 976
13  59 190 289 306 326 558 617 696 705 712 888 894 983
10  117 185 263 283 385 565 663 769 831 950
15  24 55 101 151 462 520 549 553 619 745 817 913 916 972 992
9  12 19 158 475 486 557 579 735 927
6  318 339 370 389 506 533
5  15 41 49 391 891
10  55 96 220 412 413 582 584 661 747 962
9  49 148 337 609 742 803 807 836 999
10  19 30 193 199 223 275 405 724 823 983
10  220 252 308 328 457 526 650 821 932 994
10  50 81 166 355 371 631 703 716 718 877
14  44 52 72 226 338 389 402 486 579 588 869 883 900 986
9  15 59 83 194 245 523 726 858 997
12  2 47 115 178 188 238 243 417 609 666 699 842
10  105 244 298 526 581 600 637 643 695 966
9  172 196 334 466 502 504 733 871 899
10  2 20 55 143 319 525 745 835 980 991
10  29 56 221 229 248 255 446 534 630 847
13  60 86 104 132 149 343 354 400 437 545 645 741 783
7  76 312 400 557 610 796 806
11  263 337 416 444 480 597 694 727 812 851 924
11  36 49 293 330 521 558 632 679 785 882 925
10  171 175 371 414 427 569 646 679 728 749
16  36 62 102 122 176 210 337 386 407 445 545 597 601 676 797 938
5  305 566 579 682 860
4  388 882 906 974
12  83 141 243 359 616 636 775 800 822 846 902 951
5  235 352 461 525 560
11  7 195 200 328 338 494 540 609 680 839 992
5  211 324 494 638 749
12  42 71 131 202 210 269 448 451 493 754 917 949
9  29 250 303 472 578 631 679 708 902
9  41 76 383 430 871 919 923 945 983
17  4 29 79 106 151 217 283 344 416 433 462 526 528 676 776 799 992
12  58 166 236 296 298 496 575 586 635 686 720 825
5  173 373 463 533 808
12  105 216 328 426 491 538 607 656 833 873 893 929
12  37 105 144 155 372 432 573 585 692 791 893 967
11  248 431 442 450 520 595 669 828 855 951 957
13  55 158 161 192 427 473 577 619 635 736 847 875 913
11  18 52 157 511 732 743 815 881 910 946 949
13  107 128 219 245 294 308 475 497 650 690 777 782 958
6  148 343 650 879 979 985
14  23 249 263 290 300 412 438 493 553 731 789 851 871 984
9  284 369 437 549 737 747 793 877 954
12  106 224 326 383 502 513 638 654 698 727 773 929
6  146 544 720 722 865 936
5  44 292 491 586 762
13  3 36 146 147 178 295 310 432 628 696 701 747 964
7  304 349 466 505 680 692 963
13  250 344 414 523 579 691 706 773 837 880 881 940 984
8  168 417 618 709 838 851 918 985
16  35 124 140 142 251 312 318 411 513 581 600 651 788 842 885 895
8  11 17 52 149 159 723 769 800
8  194 381 424 489 537 649 777 983
8  24 26 31 510 715 727 948 981
8  38 280 340 366 432 495 750 818
13  56 189 215 317 424 456 482 659 697 723 770 802 972
6  147 267 316 385 699 874
8  59 175 298 495 560 871 953 979
13  13 36 42 51 119 133 164 318 326 651 833 919 959
9  55 184 259 318 322 323 537 549 742
8  34 281 288 328 451 493 575 876
8  116 225 261 403 620 777 860 949
10  50 221 320 374 577 614 674 878 906 992
4  49 566 931 951
10  112 206 218 236 247 316 379 466 706 914
11  51 106 162 214 239 421 494 523 765 771 981
17  24 38 167 309 336 340 396 427 506 513 706 730 762 788 841 874 950
11  11 35 290 429 504 509 541 765 811 829 967
8  95 309 327 635 747 951 966 971
13  216 248 342 367 368 542 662 687 756 876 943 950 952
14  9 264 282 300 369 409 443 460 513 556 666 795 869 907
6  145 594 826 940 977 993
12  32 71 121 146 217 557 703 740 771 797 806 905
11  50 79 108 312 510 695 711 750 800 910 931
3  239 335 575
12  36 89 174 208 275 612 655 780 856 859 895 929
12  25 157 260 266 292 425 478 517 791 906 914 920
15  66 152 157 249 328 347 352 433 601 626 662 744 757 784 870
14  159 192 306 486 577 592 637 829 845 890 920 921 965 972
17  55 125 269 338 377 397 435 575 604 637 728 755 782 814 861 933 945
6  112 546 547 798 803 978
7  142 171 612 710 857 941 966
9  208 240 472 484 489 589 615 728 736
7  206 230 323 609 676 865 985
8  57 246 263 414 546 666 838 900
10  43 105 271 386 776 808 821 840 868 980
8  283 322 451 520 587 613 898 971
9  172 210 252 351 526 649 721 759 959
10  143 207 210 247 302 478 715 896 938 997
7  9 199 260 280 509 618 662
8  95 296 397 405 474 520 786 934
10  11 136 184 265 322 337 688 789 816 861
11  150 208 262 382 537 590 601 613 765 935 940
5  448 478 690 813 945
6  341 708 813 843 848 920
14  75 124 156 217 234 430 441 512 515 561 677 774 824 887
10  217 289 525 532 533 540 637 695 878 931
16  142 233 281 379 424 437 456 532 544 564 606 611 678 787 794 997
8  236 266 273 422 423 461 522 708
11  21 77 148 290 367 450 453 535 648 819 973
6  352 428 627 690 834 860
8  9 435 506 648 682 805 941 995
11  85 164 207 273 520 546 561 591 685 746 824
8  6 223 311 356 511 553 823 878
8  171 250 287 367 595 753 901 975
6  74 243 289 319 558 592
6  41 120 409 439 536 798
7  61 152 198 262 331 770 808
16  65 98 280 322 409 463 594 610 700 722 728 779 828 843 859 946
12  33 292 363 443 633 637 639 655 912 918 933 935
15  14 66 115 147 226 238 283 348 398 462 497 653 750 845 960
14  32 57 101 139 299 311 337 346 366 547 707 724 809 909
8  38 191 195 570 713 738 797 943
8  160 201 253 304 463 485 594 709
5  103 194 332 449 469
6  219 434 499 624 706 865
8  82 257 307 348 491 946 993 996
10  58 439 446 462 466 629 638 677 760 875
10  16 44 63 73 75 621 732 812 891 978
9  19 191 315 375 376 379 491 815 864
14  84 106 211 232 306 523 573 575 622 691 844 861 936 956
6  270 352 472 526 739 777
5  80 216 363 553 910
10  7 147 236 385 525 548 646 803 806 932
13  12 84 158 251 266 396 432 482 486 498 701 751 757
10  100 144 304 415 535 549 632 657 782 830
14  25 184 199 246 251 333 341 361 494 559 592 625 680 713
13  92 173 177 300 366 406 444 461 516 639 741 854 924
4  78 122 689 788
16  63 121 312 317 376 386 410 421 492 519 535 553 569 636 815 866
19  81 91 117 167 235 246 263 280 363 403 408 427 483 517 560 667 723 777 834
8  25 60 246 611 632 645 880 919
10  138 194 262 300 427 567 615 739 776 880
9  83 246 263 392 654 708 775 815 970
10  79 213 594 665 710 744 761 834 936 963
7  183 195 323 623 749 789 866
11  65 226 252 382 492 493 549 623 645 849 922
7  173 398 429 492 656 785 895
14  25 31 98 135 189 333 338 347 392 411 616 849 872 912
13  128 495 521 525 542 601 745 786 809 875 897 918 929
14  4 133 269 320 364 502 567 574 632 683 821 846 936 990
11  27 86 138 217 369 448 455 488 772 921 997
8  0 236 293 430 674 824 899 930
7  108 373 647 680 698 710 834
8  369 422 492 782 823 848 922 997
10  49 106 280 463 552 621 752 800 804 897
10  74 142 364 465 535 649 675 731 793 857
7  72 90 242 244 718 767 907
5  126 195 440 493 767
10  73 77 362 384 412 417 599 820 877 893
7  133 476 480 498 563 636 993
12  56 89 263 374 476 507 607 637 670 892 979 994
3  334 519 904
12  396 438 455 521 532 552 617 709 758 787 825 986
8  176 244 381 576 728 749 916 947
7  58 100 236 296 301 384 725
8  541 549 569 621 729 895 929 975
13  109 134 326 396 437 499 518 525 560 573 595 839 934
12  11 74 125 146 190 601 640 683 807 871 873 939
5  104 202 579 621 889
9  260 389 392 466 578 623 868 888 909
10  76 246 397 413 468 568 582 583 714 993
13  62 63 119 343 394 415 501 659 693 749 765 821 932
8  35 43 139 208 279 522 794 995
12  83 105 376 421 453 526 553 782 803 942 956 988
13  34 90 226 231 305 356 372 383 491 498 711 755 918
17  51 143 198 259 288 363 601 604 717 784 786 800 817 845 852 888 929
9  61 74 162 323 366 546 601 920 964
5  3 493 675 800 841
11  25 45 90 132 166 178 212 247 265 395 613
10  123 151 183 207 223 418 459 641 809 816
15  12 39 57 233 260 297 321 358 378 528 536 849 897 900 948
11  34 91 151 217 557 572 605 679 881 963 995
12  92 227 270 355 416 525 552 594 635 812 814 941
10  15 508 653 745 772 810 827 853 939 958
8  31 56 151 197 199 588 636 737
7  88 107 568 629 724 812 861
14  46 194 290 393 431 516 553 645 738 739 812 852 863 968
7  115 337 338 536 642 663 997
12  42 87 212 428 456 470 475 516 741 769 814 989
10  262 550 615 626 753 787 821 830 861 933
11  1 30 212 283 433 458 474 615 836 839 878
10  23 222 301 307 337 425 556 626 851 959
16  18 235 340 397 405 418 444 555 608 609 616 632 880 909 949 990
9  56 231 247 256 328 585 715 864 998
10  10 184 364 408 446 673 763 764 769 771
11  9 88 255 256 400 557 628 629 743 906 977
12  92 102 128 192 289 557 651 667 716 745 828 978
12  33 56 93 95 160 253 257 400 637 763 788 856
11  23 116 137 186 206 431 580 707 742 858 885
14  29 105 255 316 428 441 611 629 706 815 848 885 920 938
10  97 195 370 482 679 803 897 900 937 992
10  92 186 345 405 571 608 622 771 884 980
5  166 374 478 712 735
11  211 215 220 263 359 488 595 603 782 844 884
9  23 125 183 195 498 789 829 947 979
11  64 95 121 474 501 522 594 602 653 657 695
10  52 61 119 137 138 217 380 671 789 950
22  20 41 47 102 149 192 198 209 282 366 467 504 509 530 569 592 644 698 710 850 858 886
15  143 196 377 390 432 500 553 590 696 735 756 843 912 944 973
10  75 144 155 165 183 249 270 723 771 827
4  199 414 417 837
6  107 150 151 236 314 319
7  76 116 257 545 634 648 933
10  249 309 408 446 617 669 702 788 842 908
14  15 223 334 376 417 473 488 535 554 562 563 884 978 986
8  27 260 328 592 685 751 787 970
6  156 177 359 377 590 967
8  272 475 562 628 651 815 881 979
12  118 212 370 568 643 646 692 756 819 830 831 880
9  96 167 190 215 271 319 493 852 902
8  67 78 171 303 430 547 991 996
11  132 190 198 261 308 390 579 588 621 644 819
13  32 187 256 401 407 422 479 579 615 742 827 933 935
13  36 127 144 308 335 413 504 630 646 826 862 876 889
8  75 220 328 493 527 586 768 980
6  72 170 341 471 477 945
9  14 28 30 230 351 482 488 565 776
7  144 282 458 738 955 972 980
9  45 478 528 576 577 609 734 757 760
9  420 534 579 648 691 732 789 916 922
11  62 357 358 388 392 394 549 600 659 698 824
11  74 108 382 445 485 642 702 846 911 939 984
9  4 31 81 308 396 433 746 824 859
11  30 189 201 262 266 343 457 665 759 848 907
12  23 61 181 187 326 514 541 552 555 608 671 673
12  82 129 173 234 256 287 291 516 588 761 933 983
8  67 172 199 531 532 556 703 890
7  59 143 260 511 730 937 978
8  58 107 115 146 252 522 683 793
4  473 576 578 838
7  100 142 376 496 821 846 963
9  144 162 324 442 582 604 687 751 785
11  234 246 342 513 572 582 586 891 896 955 999
10  26 57 235 355 411 610 631 690 702 953
10  31 235 386 404 425 630 658 685 797 946
14  186 212 223 415 521 527 536 579 649 698 745 780 815 958
9  164 347 361 376 505 678 696 916 972
10  69 86 169 258 266 310 348 349 599 860
10  54 101 178 274 428 433 464 569 661 718
9  103 420 525 546 571 780 818 927 964
12  148 268 408 474 475 492 505 547 584 786 812 890
8  80 228 274 423 439 513 741 863
7  57 69 197 262 505 523 830
9  28 31 49 554 762 811 844 850 972
8  45 102 281 299 566 707 756 812
7  15 156 199 574 618 744 929
9  35 66 226 408 605 729 753 764 772
11  163 332 363 367 594 608 694 706 807 827 999
9  15 46 302 379 412 527 532 573 954
12  73 130 160 173 257 315 336 416 519 605 610 897
14  11 12 76 159 296 324 345 382 539 710 740 779 805 948
12  43 132 357 495 497 599 616 695 715 719 785 993
12  134 343 344 373 393 448 483 542 632 708 710 945
10  171 403 435 436 659 673 750 793 920 948
12  92 208 276 346 446 454 583 604 689 718 832 852
6  22 79 199 783 927 930
11  89 304 386 393 506 570 592 704 861 883 916
12  107 193 271 283 303 319 439 529 717 839 858 894
11  62 86 114 224 303 321 471 505 707 788 905
5  76 347 430 533 680
10  225 226 234 243 521 592 663 738 883 962
9  123 126 193 257 349 361 631 712 729
8  199 226 451 558 617 650 882 942
12  22 243 252 351 667 775 788 813 828 900 912 931
7  102 293 368 400 635 861 984
13  5 103 197 299 465 473 485 677 686 732 789 842 907
10  90 230 256 261 395 574 657 899 906 919
11  87 114 251 303 377 695 770 899 909 924 961
9  94 121 297 530 620 728 801 842 952
11  33 98 154 328 339 367 407 466 480 746 979
10  25 122 316 526 583 660 694 817 820 961
7  59 67 126 205 289 314 367
10  99 148 234 320 432 600 823 851 912 984
5  73 367 547 732 975
7  28 30 216 311 593 621 697
5  81 125 181 293 836
12  131 361 365 581 621 650 789 818 858 915 968 990
6  60 374 458 538 822 844
14  61 63 108 111 158 163 208 299 386 542 564 891 965 967
13  50 199 226 266 280 292 417 427 479 752 827 829 894
15  24 80 128 236 270 275 289 302 372 491 513 662 712 726 877
12  99 149 196 234 303 493 633 681 878 981 987 990
14  93 285 318 323 349 415 416 425 568 587 838 852 956 978
17  35 115 183 188 215 422 443 522 539 656 823 849 870 885 935 949 984
10  30 85 154 164 678 694 707 717 736 841
7  116 119 181 418 497 924 932
9  17 40 194 321 536 554 625 728 798
6  244 360 388 858 923 987
7  176 323 498 602 631 832 885
9  0 51 263 302 384 428 662 710 800
11  1 175 241 252 378 465 628 777 887 966 993
4  277 333 363 487
10  21 46 99 100 197 330 524 651 712 914
10  27 71 435 489 496 630 774 797 886 940
8  375 444 516 616 762 861 946 957
10  76 331 390 431 443 605 766 864 959 966
6  44 148 291 558 765 980
10  168 227 235 247 310 414 644 667 681 953
12  29 139 145 206 408 469 492 592 648 664 821 855
16  17 36 164 178 192 247 290 325 392 394 442 595 633 705 839 961
7  155 451 671 757 764 892 967
11  149 188 230 272 278 339 439 539 594 617 632
10  142 152 273 407 452 755 791 894 919 998
7  53 303 304 330 504 721 916
11  6 59 189 393 442 520 720 819 840 927 954
7  251 299 600 618 630 710 870
8  68 114 234 243 404 468 623 871
7  113 133 140 228 653 875 906
10  129 142 178 185 279 284 294 394 696 898
10  272 444 460 462 511 586 644 785 821 926
13  58 176 200 213 217 367 507 585 641 655 681 741 768
10  39 70 301 425 490 494 529 649 960 987
8  80 237 348 445 509 549 755 843
17  22 26 145 154 294 390 477 530 539 594 647 649 686 702 909 954 955
5  60 301 469 561 899
11  186 216 314 394 589 658 677 689 816 924 989
6  160 170 233 508 522 839
8  82 106 146 322 388 557 845 972
14  56 59 206 248 271 373 449 484 580 648 873 893 897 990
9  48 77 141 237 245 256 404 583 764
9  22 44 562 654 681 730 877 914 928
12  42 69 74 84 94 368 404 543 635 651 868 921
15  86 133 148 152 154 207 218 230 231 243 276 648 785 786 974
10  66 200 252 428 440 701 741 878 884 928
8  288 364 483 700 828 844 881 889
7  135 192 290 337 440 504 885
6  141 263 447 451 526 596
13  38 84 106 278 282 298 402 507 572 731 759 906 990
7  134 247 373 551 755 913 977
6  76 384 406 677 768 769
8  78 199 326 414 439 449 798 838
16  71 76 108 283 297 416 475 478 504 550 665 683 753 855 856 920
6  364 552 643 658 785 939
9  40 97 123 354 462 624 717 743 870
11  121 188 211 303 437 542 724 749 932 959 973
11  75 86 248 322 434 514 616 662 670 739 889
12  101 151 186 214 235 347 358 409 787 876 912 999
13  23 61 256 326 615 746 796 866 886 939 954 968 989
13  20 48 73 84 355 363 385 397 589 595 737 812 980
9  157 171 328 433 478 681 765 781 997
10  80 126 165 280 438 571 735 746 942 947
12  22 47 49 68 92 142 150 508 573 614 657 874
12  101 189 213 517 528 573 732 751 787 912 931 941
12  22 63 89 202 243 341 385 468 647 769 857 887
13  90 150 241 301 393 412 523 575 638 707 720 905 986
9  37 102 401 455 585 609 801 902 998
7  35 110 434 582 730 775 995
7  27 87 231 473 530 642 977
13  194 244 308 396 410 535 570 583 632 922 925 975 994
9  8 183 498 619 666 734 737 839 870
13  34 60 84 141 231 348 400 438 442 464 832 928 984
5  53 219 277 371 992
11  154 178 338 416 423 531 550 558 731 780 884
13  194 273 309 329 372 450 469 506 650 815 913 926 974
9  5 76 148 215 225 520 602 628 739
9  25 256 271 305 541 676 785 857 946
11  74 134 196 360 500 576 643 728 947 964 977
6  21 185 253 319 424 951
12  168 303 328 475 561 699 709 725 794 838 901 979
9  123 139 329 465 595 605 641 768 906
10  164 167 345 473 520 615 697 776 869 987
8  125 137 167 314 549 799 915 949
7  28 163 483 620 724 884 911
15  117 197 245 258 294 513 615 766 794 804 837 847 905 920 959
12  27 231 302 340 363 530 622 775 788 902 963 996
9  50 82 224 227 441 462 640 691 767
13  18 323 362 378 581 584 782 793 814 865 877 911 997
9  257 294 581 643 697 716 778 786 850
16  146 190 230 262 285 461 463 488 558 693 736 798 853 916 941 989
13  89 95 186 244 265 294 347 692 760 898 907 976 989
10  21 108 351 375 543 544 762 773 804 921
13  48 85 129 160 246 611 707 726 756 775 825 886 952
10  23 106 301 395 447 575 581 726 740 775
6  292 451 503 664 838 977
10  150 262 461 468 581 588 596 829 902 927
12  88 537 570 643 774 811 833 836 877 928 969 986
10  57 247 317 439 444 767 825 864 935 948
8  106 151 165 334 491 690 772 980
13  51 80 143 420 529 660 743 761 768 769 787 796 830
15  115 119 126 178 201 235 256 304 376 427 481 528 613 757 901
11  4 102 194 435 448 457 517 526 687 802 966
8  64 196 197 212 289 764 837 978
9  121 196 246 253 276 504 647 785 827
11  29 38 246 471 632 636 749 791 792 888 962
4  61 369 736 782
15  61 217 231 300 435 475 521 540 560 590 763 781 877 937 985
6  15 77 296 412 652 898
9  118 222 230 473 562 835 928 940 974
15  53 63 75 113 205 415 533 628 648 706 719 729 752 779 995
18  15 30 49 55 171 177 486 535 562 637 719 764 794 799 823 840 843 960
13  0 154 493 549 576 602 733 739 775 890 910 968 982
14  24 33 34 173 446 462 524 584 600 655 660 761 876 939
18  17 93 102 147 247 346 385 437 487 531 591 593 616 662 673 878 939 989
9  66 70 84 206 241 341 384 908 952
10  233 313 372 431 472 699 780 813 946 995
9  95 162 169 338 780 889 960 962 966
10  50 134 297 363 438 542 625 650 763 949
10  72 205 379 382 493 559 755 760 786 976
8  13 80 83 171 390 392 466 820
8  91 179 302 357 413 734 775 865
9  120 203 217 417 468 508 631 690 811
11  150 198 274 322 476 502 683 727 765 870 987
16  72 91 98 106 118 212 427 758 786 814 819 859 864 916 955 983
13  90 164 270 420 447 469 541 562 564 686 921 927 989
8  143 152 171 239 665 742 803 987
7  7 172 232 451 777 863 928
18  106 162 189 190 203 221 269 329 373 401 476 519 560 587 801 823 878 883
13  5 140 207 232 238 259 541 760 767 911 932 937 993
6  290 299 497 647 890 976
10  65 289 413 468 519 875 881 890 919 969
9  11 48 253 337 355 401 554 644 936
7  155 216 429 481 503 925 942
6  68 168 197 507 535 566
7  106 113 274 296 304 570 860
10  255 319 332 390 463 640 772 797 908 924
13  84 152 278 360 414 514 569 572 573 637 641 735 908
12  10 107 170 176 177 226 355 489 490 660 791 893
10  171 335 475 569 575 763 799 845 928 974
15  74 233 434 515 525 529 586 604 632 750 821 845 856 868 993
8  11 145 200 487 566 712 926 992
10  76 219 228 309 379 396 562 667 847 912
16  22 96 101 161 168 210 222 232 245 272 450 636 673 872 892 932
8  239 322 495 605 608 701 799 976
3  545 667 795
17  235 274 379 403 481 536 558 576 627 695 706 815 881 882 892 909 990
7  111 420 674 863 948 967 985
16  30 233 276 326 361 376 402 499 540 669 680 786 803 948 949 982
8  22 154 491 498 538 617 619 839
11  200 214 272 289 368 393 428 549 768 773 868
7  6 52 291 317 467 610 845
11  58 377 388 570 596 609 644 676 779 837 962
7  432 504 583 660 721 910 938
14  5 16 21 95 120 266 341 342 393 463 474 591 676 771
7  85 122 521 576 605 639 775
10  11 74 131 298 395 605 942 952 979 983
9  115 213 215 229 651 685 747 841 877
7  9 430 454 772 840 966 970
5  183 496 526 530 539
8  124 132 212 254 376 410 784 978
5  272 401 577 672 772
10  92 161 259 382 444 597 760 778 827 847
14  75 110 166 215 445 480 626 679 727 755 770 884 960 997
14  3 30 249 283 422 553 577 654 696 713 746 824 923 979
7  185 268 481 701 786 833 852
8  78 358 390 462 564 681 832 969
8  279 280 356 407 446 600 662 665
9  192 260 343 490 504 595 709 786 884
9  96 137 233 516 590 640 674 721 934
15  46 82 113 238 330 474 506 562 714 814 815 826 853 922 932
11  19 62 95 123 148 220 420 536 618 627 931
15  126 144 176 260 286 297 339 377 392 411 433 760 817 837 982
7  28 259 490 540 586 620 911
12  33 85 117 194 203 207 308 532 534 567 680 868
8  42 157 326 594 640 764 867 959
10  60 160 201 336 414 437 445 578 669 894
7  562 573 606 651 679 840 977
11  75 115 247 264 336 358 570 765 845 880 981
6  179 356 523 865 904 951
8  50 61 301 432 695 728 877 955
13  19 35 92 111 132 214 368 471 584 728 815 913 960
8  16 198 320 477 542 740 752 977
9  129 134 330 406 585 594 654 673 684
12  66 85 110 159 233 247 320 471 504 619 799 870
11  19 165 278 418 457 496 634 810 918 937 988
13  58 122 213 239 328 475 487 516 572 576 653 661 691
6  83 238 341 386 610 949
8  48 372 380 573 638 802 822 867
7  169 392 515 580 692 773 799
12  2 133 286 344 368 440 479 511 763 796 854 921
9  159 172 265 296 525 531 734 912 964
7  86 184 341 850 863 870 981
10  47 185 222 481 556 718 815 825 849 881
7  288 392 405 466 757 939 944
10  189 206 473 680 702 730 746 798 859 867
9  34 148 158 409 426 437 453 554 703
5  98 342 534 818 873
8  102 225 430 554 715 872 877 920
8  147 164 233 249 268 452 462 738
8  20 91 206 433 513 535 704 806
10  136 152 324 456 465 610 733 788 883 900
20  19 20 53 139 219 233 300 342 404 438 545 677 717 763 772 782 832 855 873 924
17  31 187 194 218 277 324 384 458 492 499 577 678 720 789 803 942 976
10  13 56 100 118 248 322 340 366 436 929
12  27 190 305 345 444 527 528 579 605 853 972 991
12  102 305 434 444 568 604 721 806 821 868 895 983
12  21 67 199 265 286 415 419 659 821 896 905 926
8  175 244 405 653 657 803 876 993
11  135 253 588 590 601 720 749 759 838 843 918
13  50 170 298 362 446 585 586 680 685 722 902 944 973
6  362 380 594 690 734 768
10  7 18 143 285 293 301 354 491 687 740
10  84 140 293 313 394 556 562 780 966 991
15  28 37 59 92 132 183 289 304 555 610 721 732 792 912 938
9  275 474 623 637 787 805 806 947 982
8  43 54 123 399 514 629 675 994
12  104 120 148 150 547 697 818 821 902 935 977 993
9  47 88 219 430 431 545 715 813 963
7  394 654 676 699 851 922 994
10  13 178 237 323 446 471 533 552 881 921
6  79 181 261 484 629 882
9  166 342 355 535 541 567 587 646 715
12  27 29 47 81 200 267 482 705 766 783 984 994
9  186 201 319 369 409 538 663 664 711
14  94 106 147 185 349 370 405 480 567 587 660 876 959 989
9  14 279 338 351 359 383 500 755 776
10  121 232 420 425 606 742 761 771 885 892
2  131 336
7  111 157 339 342 369 548 854
12  24 40 242 243 286 331 468 655 741 760 882 957
11  11 69 319 419 458 472 582 663 704 724 756
9  24 198 232 296 466 543 620 662 766
13  2 104 165 253 353 386 392 600 790 811 812 911 942
12  4 21 140 163 217 293 507 556 579 664 710 821
10  180 265 299 384 434 469 518 787 828 915
7  219 618 759 763 804 848 908
16  63 106 196 251 278 328 505 534 595 660 669 733 739 817 866 889
9  6 53 67 385 396 433 725 750 856
11  11 80 166 227 248 460 472 689 717 984 989
5  144 274 673 758 910
11  8 201 396 550 616 633 653 700 765 799 934
14  90 104 128 174 192 262 297 309 327 358 369 380 424 950
11  113 118 163 218 445 505 535 561 860 884 942
13  91 176 187 196 236 378 392 426 454 527 663 699 806
11  299 472 474 490 563 586 650 728 760 873 995
13  201 280 283 294 368 474 537 718 767 800 865 895 981
11  74 80 152 219 532 540 616 745 845 894 932
10  123 142 164 225 295 426 684 839 936 983
14  115 184 235 259 310 313 354 414 523 664 682 712 811 877
6  94 96 122 415 745 808
5  706 750 816 882 939
9  94 117 302 397 636 652 701 771 800
11  175 230 286 294 717 720 747 772 784 802 814
12  4 24 264 313 430 439 471 535 552 562 642 879
5  374 538 652 946 967
12  77 83 308 336 364 459 469 492 660 739 846 939
16  11 149 194 362 375 403 519 558 682 731 804 818 845 922 967 994
13  112 202 349 363 380 388 475 505 576 599 609 622 965
7  58 114 334 486 553 844 916
13  91 122 239 269 391 488 505 609 680 773 892 968 983
9  344 440 516 530 536 807 923 972 997
11  6 41 190 242 351 587 624 782 804 860 977
10  174 180 256 306 337 417 484 586 828 889
14  23 321 346 554 570 618 729 734 788 789 869 926 931 988
7  33 328 444 467 488 690 784
10  121 122 141 179 214 477 497 569 739 765
14  27 121 170 290 292 387 560 659 737 808 831 878 908 918
8  7 57 99 170 360 465 508 958
7  29 108 282 299 595 869 885
8  77 125 311 426 475 489 612 649
11  192 234 434 504 512 631 691 752 791 930 961
12  3 8 37 90 192 286 375 550 591 737 753 890
10  33 60 200 449 567 647 650 773 822 823
11  180 424 434 457 579 680 758 793 823 862 959
12  81 111 240 251 299 303 379 395 462 465 593 917
10  33 129 329 420 432 459 464 754 854 994
7  124 192 465 665 768 790 831
6  148 300 319 453 630 694
9  200 263 286 355 438 645 701 710 734
9  15 37 193 382 614 629 710 799 855
11  3 9 43 229 261 306 387 516 560 679 998
7  71 80 127 200 432 691 905
6  435 570 632 943 965 985
15  38 59 69 118 235 454 483 578 692 731 760 850 900 949 989
11  64 106 143 200 249 506 708 786 792 838 856
8  42 124 220 222 664 667 696 946
8  48 233 299 400 657 780 792 827
10  101 210 293 380 443 530 568 627 761 893
11  90 109 145 316 442 563 636 753 866 983 993
10  51 148 190 302 367 373 474 675 933 958
13  135 228 236 250 408 464 477 687 692 777 792 833 888
12  96 155 180 196 431 463 603 675 697 822 930 932
7  175 313 573 673 734 787 935
10  86 173 245 249 275 294 391 772 806 841
4  314 529 602 833
8  51 115 278 324 329 388 464 482
17  42 81 180 217 220 237 281 328 396 451 474 614 633 640 714 880 936
5  53 495 595 731 885
8  188 223 419 719 750 784 814 986
8  78 86 132 210 500 552 670 745
8  278 292 393 766 794 805 819 878
18  105 121 184 186 204 330 331 346 467 582 725 744 753 770 852 857 892 937
10  36 279 476 514 583 601 624 679 778 835
13  8 43 237 277 436 453 547 591 604 666 755 831 839
13  92 143 153 237 357 410 481 588 611 614 693 735 774
12  6 28 44 93 200 388 449 461 678 853 867 921
6  353 787 823 847 890 985
13  147 215 394 402 426 448 622 799 831 881 923 935 964
12  172 360 363 437 444 618 661 669 680 747 898 914
8  1 436 445 479 782 822 958 982
9  27 303 361 405 549 601 741 772 974
11  38 47 48 74 113 678 684 708 757 798 801
6  59 76 127 560 860 939
12  183 242 575 712 734 765 766 789 800 900 914 959
11  125 159 253 386 536 579 673 678 715 724 821
7  4 93 234 410 607 880 888
8  169 396 422 427 458 587 748 816
18  16 133 149 151 164 338 353 467 512 546 557 648 687 804 815 883 892 964
15  44 116 180 204 223 280 392 403 547 745 891 894 898 932 951
9  90 96 497 559 568 743 785 791 920
5  42 377 512 607 761
11  89 406 484 493 537 540 574 736 763 838 936
9  62 105 203 233 345 580 699 742 956
8  17 140 212 281 401 629 644 733
