1000
6  544 592 692 801 879 949
8  278 380 532 575 600 639 683 961
11  51 215 302 614 653 710 712 769 823 881 948
12  58 176 222 383 406 504 549 605 638 875 930 994
9  36 60 260 316 558 643 762 832 842
9  233 234 285 310 366 469 576 709 810
9  12 269 503 562 564 716 753 797 845
13  78 249 280 307 478 551 613 618 619 633 727 811 880
11  90 253 367 540 584 618 812 841 865 918 974
10  175 300 308 388 545 610 756 827 896 907
10  123 189 335 350 363 381 468 596 848 862
10  220 354 427 527 559 746 778 839 915 986
8  6 44 403 467 488 664 698 745
10  50 100 102 206 342 486 573 615 711 738
10  154 401 432 496 570 642 656 722 866 907
11  38 143 152 211 330 355 391 394 447 612 777
9  66 75 95 141 155 274 526 732 778
6  96 263 349 658 708 763
9  75 84 91 279 395 449 561 599 605
10  78 90 163 409 422 457 589 599 759 812
7  389 711 759 761 833 853 988
19  33 63 70 85 118 139 312 389 414 450 476 537 604 649 677 784 937 962 995
8  320 393 432 539 667 707 797 873
12  41 119 420 421 566 595 596 730 734 738 750 946
11  147 176 186 327 376 511 576 582 708 786 959
11  161 243 337 393 489 517 658 675 881 901 927
10  188 352 440 701 707 723 726 891 906 987
7  161 210 332 757 758 910 923
4  53 122 360 543
11  58 115 153 303 359 598 639 655 923 942 949
10  34 164 196 238 264 527 565 644 814 918
10  39 53 236 252 293 401 586 743 832 975
7  247 491 526 589 743 797 805
9  21 136 410 431 466 520 608 810 977
9  30 52 280 306 396 595 791 847 851
10  125 265 350 451 547 661 702 707 819 830
10  4 196 488 491 564 782 813 855 857 875
10  46 370 526 715 722 739 747 850 859 866
14  15 93 98 152 238 242 255 356 420 707 892 903 935 988
10  31 144 276 402 431 835 904 922 936 997
7  295 475 707 746 803 900 990
12  23 64 89 103 112 377 549 645 646 649 763 879
8  84 319 412 689 756 802 842 862
9  234 373 559 580 603 667 724 871 921
10  12 53 94 159 164 341 486 648 679 871
8  59 168 238 521 649 655 687 901
10  37 145 149 284 357 389 459 842 939 967
13  103 247 289 390 485 554 686 748 784 797 857 910 923
8  351 436 463 512 720 902 909 994
6  174 223 363 387 419 480
8  13 64 312 532 563 615 661 812
14  2 77 104 227 229 334 346 461 472 528 606 614 709 946
11  34 116 120 168 310 351 548 610 665 733 889
13  28 31 44 154 314 359 369 439 545 639 826 846 960
12  81 135 284 430 558 689 850 883 890 917 934 937
6  130 237 271 885 923 983
16  126 139 148 217 263 300 304 310 315 372 499 539 563 585 700 801
6  444 659 661 712 828 862
10  3 29 204 420 490 570 672 700 707 766
4  45 63 318 704
6  4 138 241 756 896 976
12  187 210 257 323 371 380 394 421 511 582 661 675
7  84 113 511 537 719 789 848
12  21 59 100 160 551 552 668 729 873 892 958 999
10  41 50 438 473 530 596 766 914 927 992
12  77 160 172 285 407 451 455 574 619 793 807 863
14  16 248 281 317 382 415 471 516 693 714 716 745 858 987
13  73 103 104 291 320 365 484 517 624 842 876 879 984
7  207 328 444 470 513 637 881
10  137 479 482 570 726 757 789 821 930 989
10  21 92 157 266 282 405 558 651 723 889
4  273 702 784 952
6  222 400 585 626 899 916
9  67 117 230 284 321 350 724 818 836
6  85 183 419 532 594 699
9  16 18 445 554 644 732 853 976 981
14  91 152 218 253 266 313 319 350 401 429 663 730 754 866
12  51 65 147 268 278 285 584 746 759 792 834 963
15  7 19 130 147 154 251 342 358 475 509 536 777 843 942 995
5  181 237 497 672 969
10  265 297 348 359 379 410 489 518 701 855
10  54 114 155 431 559 575 616 688 710 737
11  185 496 543 564 638 755 794 795 838 981 996
8  172 210 233 246 273 579 765 850
17  18 42 62 96 109 145 202 348 387 398 427 521 618 658 668 813 955
9  21 74 342 344 368 379 624 738 918
8  210 246 279 290 317 624 671 854
13  96 120 132 190 246 247 294 304 336 438 498 679 989
7  123 256 346 637 732 919 938
9  41 225 285 291 498 559 692 699 706
5  8 19 119 887 896
13  18 76 409 420 594 600 633 796 826 827 899 929 934
10  70 217 294 342 438 545 661 687 915 955
15  38 315 359 516 598 622 684 735 744 773 868 873 947 976 993
12  44 175 185 243 286 358 359 472 591 698 748 922
9  16 280 471 537 668 674 789 911 940
17  17 84 87 210 220 271 297 326 443 587 657 728 791 802 955 991 995
9  157 207 349 594 668 675 759 783 903
12  38 182 284 323 538 544 600 828 834 863 874 992
7  198 221 304 311 598 611 845
7  13 63 314 352 642 723 825
10  131 195 303 321 383 444 500 577 772 928
16  13 129 176 233 286 369 418 423 447 689 707 844 894 901 933 979
17  41 47 67 306 362 372 409 432 501 520 632 646 704 711 720 945 946
8  51 67 161 202 350 550 595 922
17  158 165 203 230 359 424 455 530 545 549 558 560 581 665 848 908 951
15  173 188 221 298 327 330 364 391 530 582 609 631 682 708 983
6  121 188 193 532 625 976
11  123 178 256 443 674 695 714 765 865 874 882
16  84 110 221 256 270 328 334 381 456 495 509 538 572 641 844 851
6  109 178 272 368 610 762
13  127 262 298 300 577 630 724 725 844 940 942 951 953
9  41 189 395 477 488 626 652 885 897
7  62 334 547 591 634 827 886
9  81 169 184 314 444 575 743 822 877
12  29 127 348 352 370 589 665 741 754 867 885 995
8  52 223 294 549 641 655 721 923
14  73 174 185 308 309 326 332 383 501 574 679 778 780 978
8  21 292 479 765 807 895 935 939
10  23 90 202 373 513 796 803 896 951 996
9  52 87 170 209 423 463 639 800 840
14  107 127 146 247 366 430 431 433 575 697 728 896 913 978
11  28 167 201 455 547 608 684 743 788 948 977
10  10 88 108 151 235 277 369 510 842 948
3  629 730 980
11  35 135 399 458 482 612 659 793 852 909 938
10  56 134 236 625 658 676 774 872 889 955
10  111 115 121 139 177 513 527 558 635 820
12  166 311 328 391 451 483 668 711 810 877 914 961
17  102 132 140 147 167 275 324 429 516 536 554 680 721 742 751 812 862
11  55 78 144 298 408 447 538 543 621 751 771
4  101 156 939 992
11  87 129 174 279 298 408 413 669 716 879 900
6  178 449 479 699 760 802
7  126 452 457 534 824 936 973
9  54 125 317 491 714 716 840 887 969
9  33 155 334 382 499 514 683 729 859
9  69 337 372 529 540 584 717 965 979
8  60 191 399 442 471 613 821 867
11  21 56 127 206 415 482 543 548 643 670 858
13  129 185 200 275 302 386 455 477 527 534 865 876 996
10  16 272 294 400 527 644 742 786 788 914
8  311 326 437 552 585 593 688 916
11  15 571 660 670 714 761 787 788 846 923 948
13  39 130 218 326 346 517 611 668 727 749 781 794 799
14  46 84 155 179 196 206 460 476 592 691 748 755 774 892
9  121 179 214 286 450 481 852 865 892
11  24 77 78 129 284 439 447 788 850 882 925
13  56 189 320 389 401 433 504 600 685 758 783 818 820
7  46 206 227 286 434 575 784
3  165 409 517
10  123 380 400 508 523 531 623 667 670 748
13  15 38 76 328 377 479 543 561 579 595 814 910 942
10  29 315 333 382 427 471 580 731 849 998
6  14 53 78 310 326 895
15  16 81 136 145 208 224 390 444 507 555 634 808 827 882 969
9  131 191 221 493 566 580 812 923 938
14  70 97 206 262 297 436 576 643 675 737 862 930 963 970
6  105 172 693 767 872 921
9  44 169 537 753 758 828 898 997 999
10  63 65 253 305 586 601 607 820 864 962
10  25 27 104 173 183 190 469 741 795 961
7  365 620 786 841 851 870 899
13  19 196 274 336 492 513 524 564 573 668 827 864 945
14  30 44 187 211 273 337 423 611 718 833 897 919 945 969
12  105 150 247 356 596 626 641 749 753 774 809 996
11  128 173 205 256 277 522 606 671 891 901 975
11  122 129 188 237 286 482 493 520 787 884 895
10  45 52 406 414 488 511 548 786 877 973
9  114 159 171 183 434 456 557 623 878
15  120 176 301 372 399 453 463 485 642 722 762 778 839 867 946
9  169 297 438 487 512 575 852 853 949
10  65 83 158 444 519 527 703 710 717 928
14  106 161 166 261 330 333 346 481 691 751 875 932 962 995
10  49 117 132 207 276 383 536 739 884 900
8  9 94 247 263 469 632 820 936
10  3 24 102 170 192 307 325 342 802 919
9  127 282 321 400 675 759 833 845 965
11  108 110 133 291 308 490 548 593 595 658 873
15  145 146 199 223 310 429 479 542 551 652 666 684 693 780 942
11  396 413 448 603 627 651 756 757 791 833 932
12  79 201 212 305 316 338 353 562 629 712 735 891
9  98 254 371 464 557 594 666 793 848
8  74 161 169 325 507 671 801 979
12  114 392 394 465 495 546 551 617 629 673 910 954
12  82 94 117 140 368 439 460 492 620 646 836 979
11  24 278 618 671 691 732 739 758 904 950 984
8  61 164 416 508 611 629 986 999
11  26 106 107 167 236 480 562 628 650 722 836
11  10 112 148 194 208 414 459 499 833 864 880
11  87 161 196 260 395 449 455 573 597 662 825
8  138 156 398 478 559 853 952 971
13  176 280 363 369 397 426 610 695 730 794 795 814 993
5  107 326 355 596 738
9  189 261 388 529 548 595 617 855 909
11  101 302 522 524 532 547 613 700 794 879 888
13  30 36 145 163 190 347 420 538 651 673 834 956 981
5  431 488 520 627 680
8  99 222 321 553 659 710 745 989
9  179 258 469 504 540 650 694 716 800
5  140 230 307 648 956
10  122 181 363 388 390 501 690 697 701 936
10  84 104 119 231 283 388 445 590 652 983
13  105 221 240 271 299 377 441 678 798 886 909 973 981
9  58 311 413 417 547 656 686 745 821
13  166 305 453 603 652 685 690 704 751 875 958 965 974
8  13 139 145 149 157 351 954 980
9  68 97 174 311 413 538 571 626 919
9  155 189 308 394 419 521 619 659 803
11  120 275 309 370 377 606 656 758 764 852 870
16  27 61 83 86 96 246 256 266 334 509 525 700 797 805 925 947
12  15 164 252 313 409 460 617 625 634 697 754 755
6  181 297 415 435 551 715
3  219 404 410
10  146 353 354 496 713 831 870 892 925 979
4  2 586 737 979
6  611 757 805 809 874 923
15  56 92 258 265 269 434 460 480 493 501 560 568 650 673 846
9  76 144 377 389 499 562 600 709 857
9  213 270 292 344 347 455 713 803 842
6  11 96 361 735 854 956
15  99 106 109 156 203 285 548 579 781 807 808 820 849 967 977
14  3 72 198 242 327 328 348 389 390 407 479 532 749 915
10  49 116 179 294 343 376 384 440 480 686
9  155 246 443 464 602 609 668 801 868
13  89 267 363 415 498 532 582 614 615 618 690 845 987
9  261 313 464 483 494 531 569 694 878
6  51 149 463 480 513 827
10  374 381 583 606 686 764 810 830 894 941
11  51 260 310 365 373 377 414 535 666 834 895
4  73 105 200 399
10  202 394 402 455 575 697 759 853 954 966
12  234 293 334 510 547 566 667 704 815 833 841 991
12  5 83 102 302 338 361 452 482 631 678 840 903
8  5 43 232 595 691 712 899 918
4  123 356 364 878
17  31 126 188 240 299 408 436 446 452 521 625 629 650 727 760 775 836
13  55 79 167 239 264 277 403 514 616 676 684 793 796
5  30 38 45 328 641
8  237 242 250 331 428 628 775 797
5  203 236 629 899 949
9  60 409 519 648 751 896 920 947 974
11  38 222 239 313 455 546 753 773 924 985 992
9  25 94 413 487 525 615 647 661 867
9  300 349 460 533 685 757 865 930 967
1  783
13  83 86 87 210 224 251 299 303 381 502 834 942 951
14  32 47 87 121 165 175 383 385 525 555 647 700 761 925
11  66 280 281 323 666 693 889 891 923 932 981
11  7 325 400 420 553 589 690 761 762 815 837
12  239 251 268 321 506 517 622 665 780 796 912 983
11  78 246 250 275 319 351 367 490 619 706 931
6  31 211 336 520 744 834
12  8 76 160 332 422 491 519 520 615 677 685 966
11  182 323 336 355 417 435 453 545 562 622 759
3  38 543 881
12  88 108 109 166 210 420 547 584 631 638 868 935
5  61 403 524 535 598
7  199 217 310 365 483 646 899
13  319 332 347 448 449 459 460 606 620 759 812 818 976
12  4 190 229 555 575 625 647 680 708 720 725 875
11  173 194 226 346 410 423 461 499 581 732 927
9  111 157 306 319 512 513 595 805 835
9  17 56 175 286 371 453 487 740 776
7  30 237 425 540 592 655 748
13  35 80 217 413 427 447 456 640 707 774 831 887 966
12  70 76 210 496 505 602 604 704 766 822 874 930
4  225 566 633 707
5  77 250 546 766 809
9  6 217 292 707 757 775 818 866 887
11  109 219 334 471 517 571 647 700 713 751 916
8  55 96 203 275 362 485 819 854
9  110 141 354 361 398 402 744 816 960
8  71 83 164 279 518 590 742 816
7  16 163 287 441 540 576 756
17  129 140 209 251 271 343 374 446 469 474 558 601 610 677 734 769 971
13  39 174 305 389 432 509 530 561 653 742 749 839 952
7  123 166 237 363 567 757 954
9  1 77 186 326 514 539 676 856 880
6  18 86 132 273 442 568
14  7 34 95 192 248 377 399 613 622 624 696 705 712 746
10  66 248 497 515 518 558 581 732 742 753
8  70 177 338 370 462 739 769 946
14  202 345 637 649 690 759 763 791 798 808 819 896 916 997
13  46 54 73 98 147 321 329 395 576 655 737 874 923
11  5 65 77 89 221 316 447 454 480 841 966
9  94 102 146 149 167 263 402 782 886
8  274 325 369 543 548 557 601 976
4  340 418 634 828
5  47 321 415 663 676
5  86 465 666 738 974
7  67 89 178 760 808 957 960
12  118 219 269 333 346 470 566 631 680 732 905 998
7  31 232 341 465 503 623 695
18  87 92 116 141 223 303 321 323 325 329 350 372 566 610 611 747 849 870
6  40 306 425 515 531 792
4  386 657 747 911
14  80 96 157 171 212 366 423 437 557 559 591 711 896 951
14  106 111 130 132 409 455 564 594 656 657 690 752 831 832
8  203 236 246 368 461 855 902 943
7  9 56 111 244 541 642 871
13  170 337 363 426 558 628 653 658 683 738 746 899 952
10  2 140 195 233 425 644 670 753 806 992
7  29 101 246 294 426 506 944
4  56 87 99 507
15  160 181 205 276 349 352 471 547 563 804 817 825 877 900 995
12  34 103 262 295 447 496 537 580 631 652 713 777
11  7 176 200 397 467 490 704 807 865 915 999
9  9 117 178 208 362 550 698 960 999
12  117 209 320 420 472 479 564 655 659 665 968 974
16  5 52 56 154 179 229 258 385 523 631 664 703 743 806 879 905
8  99 128 142 204 207 552 650 791
9  21 50 372 463 497 611 615 850 887
7  76 211 226 242 546 812 876
12  53 100 114 384 539 580 631 640 787 818 827 911
9  56 93 153 412 564 785 807 897 939
7  4 181 285 528 911 928 933
9  66 86 135 337 489 509 675 722 768
7  59 428 457 740 841 894 908
8  42 76 251 259 262 568 669 828
13  22 67 148 309 371 460 565 570 676 899 948 980 986
18  73 101 177 198 250 284 289 294 442 552 774 776 817 856 860 941 964 965
10  397 542 543 549 585 599 746 761 876 963
7  61 98 248 254 294 368 674
13  129 411 446 495 534 599 689 754 759 814 855 921 964
15  176 183 249 287 294 333 338 357 506 703 811 879 966 969 997
14  96 117 142 144 154 193 278 369 614 654 733 858 961 992
7  24 106 222 455 566 595 921
10  68 109 128 152 222 238 492 638 731 851
11  284 294 349 425 555 626 655 683 754 820 855
12  15 106 173 381 447 483 584 700 747 808 825 900
7  239 364 577 661 710 744 865
9  27 117 253 259 526 668 672 707 982
6  153 173 292 325 628 915
14  51 109 113 136 210 232 270 399 499 614 754 769 854 910
11  10 356 357 365 485 545 563 690 780 824 833
8  87 163 252 254 687 690 873 943
13  25 137 164 301 317 345 414 542 658 789 842 901 943
11  181 233 282 325 374 467 483 559 689 746 835
7  421 461 471 492 534 591 654
4  288 424 559 867
5  44 293 404 419 453
11  13 78 85 92 176 560 720 839 841 844 979
14  223 275 434 507 513 529 539 609 631 654 678 703 730 866
11  85 219 439 485 556 573 689 702 866 899 964
9  283 337 409 537 626 703 706 841 994
21  51 88 144 173 261 292 391 443 454 461 527 555 564 623 643 717 739 741 864 942 967
11  196 219 259 354 558 683 705 734 792 801 805
13  80 84 115 222 382 394 482 553 582 619 637 662 910
10  17 97 244 305 329 362 377 469 710 874
10  10 35 73 76 104 294 605 749 837 858
13  48 52 206 251 393 482 578 607 673 674 688 770 889
12  26 100 115 305 356 408 427 595 810 893 932 992
9  181 214 636 786 798 807 926 935 973
8  11 214 272 347 517 568 764 891
11  15 193 254 379 428 485 513 711 759 856 955
10  38 165 235 335 352 446 510 740 850 974
10  46 325 335 363 525 714 860 906 928 966
9  78 94 481 594 656 679 682 876 890
10  29 53 80 93 94 105 446 589 698 753
5  28 376 403 548 572
15  220 233 272 413 444 467 488 613 662 732 833 842 857 887 971
9  103 271 308 349 496 529 747 936 941
17  10 49 192 201 225 277 301 357 398 445 508 594 779 829 845 876 956
11  106 235 331 499 657 658 715 766 782 802 903
12  67 162 229 258 335 411 416 603 703 867 903 924
10  5 121 297 533 620 664 705 733 743 958
8  8 251 417 490 708 828 872 952
14  85 110 185 299 323 425 434 470 483 545 552 763 889 890
9  53 102 123 192 287 326 584 684 933
14  37 115 209 282 644 649 708 722 733 779 790 842 919 932
9  61 182 263 320 572 614 730 906 995
12  56 103 137 170 294 312 443 738 749 824 842 979
9  43 119 229 403 523 550 708 785 899
9  228 275 338 467 523 545 656 876 896
6  476 634 757 781 942 958
7  24 223 360 533 638 803 907
12  41 152 203 209 218 229 280 349 383 650 696 948
13  399 464 553 696 722 804 843 874 877 917 918 956 989
14  80 85 355 457 462 547 558 628 630 697 700 824 895 898
10  1 61 151 384 386 395 484 489 675 917
11  10 109 228 246 330 430 437 466 559 852 955
6  66 136 153 348 490 757
12  3 101 117 174 247 377 387 427 539 543 587 808
8  223 314 380 629 672 710 825 993
9  247 310 491 493 506 576 744 955 991
8  140 296 380 398 436 617 762 951
9  49 84 383 443 593 602 744 781 965
10  9 194 201 202 447 528 700 829 926 969
12  20 21 46 148 218 222 276 458 498 571 618 816
10  47 155 201 222 498 574 579 777 845 853
10  15 106 128 346 416 472 832 917 930 997
8  184 507 509 526 713 721 848 985
12  22 25 351 496 499 556 631 701 801 857 955 995
15  15 61 184 208 231 348 600 602 716 738 795 846 855 978 983
12  18 112 190 284 380 444 564 665 685 710 769 806
13  34 180 504 514 536 539 595 628 681 682 864 914 956
9  192 307 322 509 529 758 772 943 949
9  84 191 272 363 386 401 530 708 803
13  125 138 170 230 280 334 378 644 656 668 690 792 909
10  72 141 151 177 249 425 757 828 911 937
8  14 31 76 148 398 646 805 936
17  39 231 272 286 480 482 564 574 703 771 778 780 805 868 908 909 951
10  12 237 257 360 373 472 614 723 896 979
4  213 341 485 994
13  70 434 476 502 509 560 631 808 837 849 893 903 975
6  3 168 472 728 833 852
8  65 222 476 741 752 778 810 941
10  130 132 236 352 442 483 607 707 824 862
16  19 91 103 150 211 241 298 345 455 537 635 696 702 770 775 913
14  33 80 213 261 466 487 587 602 703 755 771 877 881 987
5  324 365 440 701 836
9  42 315 465 479 540 668 903 924 981
11  132 180 204 207 243 265 361 515 716 817 826
14  21 168 189 229 337 435 535 610 731 737 765 823 868 968
9  66 139 212 225 289 533 727 780 814
12  187 365 391 452 461 521 555 640 809 906 945 998
5  204 254 367 420 650
5  102 288 602 693 718
11  49 74 208 341 466 570 599 625 684 754 780
15  23 38 58 91 196 249 256 309 417 424 786 788 873 900 908
7  23 61 339 548 592 603 932
8  19 253 493 498 524 592 840 951
9  102 120 164 261 297 512 549 699 819
10  105 340 420 481 735 805 817 828 904 924
10  264 295 302 329 368 400 493 532 910 917
10  192 301 303 567 723 765 888 920 946 957
10  11 84 153 265 352 383 475 629 691 913
10  239 318 355 476 642 802 873 924 951 967
9  76 129 179 572 814 828 870 980 984
9  54 121 381 503 541 543 617 657 939
8  33 39 81 121 197 522 820 836
9  14 22 103 276 506 595 689 904 945
12  121 148 443 477 484 588 607 660 713 759 923 957
12  149 169 217 343 368 405 460 712 763 867 917 978
11  212 254 414 450 553 574 596 631 667 805 817
16  48 157 236 386 480 526 649 673 678 697 760 773 835 872 921 943
11  142 297 381 497 599 658 764 771 853 904 958
8  64 87 92 171 633 688 697 851
8  53 147 185 344 544 743 962 967
14  26 223 411 491 542 633 696 722 743 828 876 904 984 991
4  203 274 496 699
9  138 279 321 408 446 449 472 544 736
10  96 108 224 346 372 387 433 497 699 963
13  57 68 101 114 155 172 361 395 547 575 932 942 972
6  75 202 363 635 720 757
10  236 275 324 356 359 442 554 636 846 950
13  15 102 130 147 265 285 306 330 388 543 562 734 845
12  180 259 458 580 792 860 874 880 908 932 940 963
8  18 133 190 259 442 544 745 898
11  21 146 435 468 491 515 567 713 722 948 968
6  35 65 128 604 655 981
6  134 233 236 416 688 775
11  170 205 254 263 341 458 507 563 757 871 976
8  285 346 484 534 637 728 948 956
17  65 105 122 140 190 219 231 242 298 327 409 506 766 814 848 975 984
10  109 169 265 533 641 743 753 754 960 968
9  19 134 318 379 563 691 726 950 988
4  125 389 448 453
8  46 189 259 521 572 821 853 928
11  145 185 211 217 244 259 320 434 507 699 820
10  51 261 299 339 346 416 492 517 524 785
5  282 379 593 616 797
13  48 120 170 227 312 497 586 624 752 782 785 811 899
8  182 224 226 378 557 731 789 997
9  184 290 293 412 532 574 585 857 999
14  33 381 410 419 585 666 724 778 815 821 827 844 882 985
14  12 307 338 361 374 500 579 661 683 710 784 908 936 967
10  10 450 496 532 543 746 839 855 874 913
10  5 161 175 199 275 349 499 541 572 790
8  68 292 368 506 559 725 938 962
10  66 95 138 153 270 305 339 506 744 977
10  51 94 309 391 403 406 442 473 623 699
10  64 472 700 739 740 755 797 883 912 948
5  275 574 599 753 776
14  40 78 427 550 578 692 718 767 837 839 860 871 970 979
13  21 145 375 405 407 428 540 569 584 666 797 849 987
8  112 140 433 489 565 763 826 925
8  7 191 578 630 815 856 861 999
13  69 118 133 152 179 222 309 412 552 577 611 621 716
12  49 188 217 223 227 285 402 436 498 579 875 923
12  146 173 358 424 570 671 701 838 855 864 877 941
15  69 125 139 167 233 348 351 402 520 593 666 687 766 968 982
16  128 226 258 330 338 368 408 484 508 645 738 792 798 804 828 924
11  67 380 433 454 483 624 628 630 727 884 968
15  47 170 271 335 344 355 404 542 551 598 815 825 938 959 985
11  13 44 499 522 549 568 586 688 920 941 955
9  171 243 263 410 557 689 812 843 893
10  12 36 112 168 197 361 544 556 739 886
16  25 80 317 380 477 544 591 610 621 678 760 766 799 806 835 958
11  58 178 251 307 367 382 664 878 889 920 928
8  32 36 135 253 385 440 450 879
8  163 185 328 339 461 578 682 818
12  156 167 217 385 422 425 505 669 763 773 839 873
5  226 504 673 700 964
5  109 184 324 758 943
11  14 82 214 266 306 362 393 441 468 497 546
9  79 281 312 437 443 463 496 788 998
15  87 89 225 389 390 422 480 505 639 656 732 820 835 904 963
15  56 136 189 218 261 334 364 393 469 486 667 766 819 954 969
12  101 467 517 538 574 689 785 845 876 880 897 936
9  103 117 201 217 624 643 767 824 929
5  246 405 626 741 987
5  6 293 430 529 868
10  3 148 199 396 494 562 730 822 863 998
7  266 493 498 638 639 798 953
14  250 303 325 385 432 455 470 471 639 864 882 913 920 991
13  155 183 304 343 392 453 460 645 716 805 841 906 989
9  151 187 363 483 576 641 919 923 937
9  78 109 210 276 317 392 397 405 757
6  123 232 356 596 645 861
5  24 61 62 168 993
9  48 171 262 423 672 850 869 881 910
11  68 119 127 163 227 262 343 355 520 558 909
8  136 237 278 396 852 883 944 975
9  281 295 413 450 847 869 876 913 997
8  66 93 129 522 677 751 754 757
13  25 67 144 150 250 270 354 461 500 572 684 794 873
9  80 273 281 557 588 608 646 671 672
7  172 241 253 759 795 851 926
10  33 103 167 197 252 253 482 513 625 888
12  45 84 208 236 416 459 568 602 687 757 829 837
9  166 195 431 486 516 720 869 948 970
10  151 310 373 374 584 604 620 623 632 653
10  163 195 257 422 461 559 710 719 880 989
10  210 243 247 357 544 733 799 843 872 989
11  16 32 37 332 392 436 597 665 676 710 714
14  11 30 127 140 141 172 346 558 573 589 709 727 803 879
10  51 316 388 543 640 704 796 856 922 935
12  137 194 343 362 397 503 544 650 657 795 797 935
7  64 105 106 276 398 676 936
10  151 226 295 582 731 756 797 800 835 859
17  1 50 74 107 195 222 225 425 465 468 538 620 673 695 836 850 917
6  244 366 376 415 456 607
7  134 140 324 339 454 619 965
12  229 257 414 540 563 703 786 871 890 962 987 998
12  78 129 174 396 561 579 636 637 641 714 926 990
12  21 62 95 159 306 345 409 648 803 848 978 993
17  98 109 130 196 207 500 532 548 556 652 665 705 764 869 876 915 921
9  22 56 278 314 343 383 396 574 859
12  8 137 199 264 274 412 476 535 632 807 983 988
6  300 430 469 758 819 904
9  179 322 337 440 485 645 686 953 981
17  28 82 130 139 152 255 287 322 383 430 447 468 528 596 723 875 964
13  0 98 439 442 449 488 489 525 529 553 625 683 864
10  9 53 92 105 254 335 368 374 625 941
8  184 242 268 313 496 642 735 775
14  35 113 122 195 204 232 256 305 379 444 773 815 839 949
13  52 139 168 178 194 221 287 360 421 538 565 747 798
11  3 41 105 116 322 423 486 677 804 922 927
8  104 308 373 475 597 634 758 947
9  7 63 179 184 212 485 606 765 843
12  63 142 311 321 368 479 615 713 715 802 849 955
9  198 249 348 378 435 544 625 678 713
9  47 75 129 446 592 668 697 771 986
10  155 247 260 329 346 416 690 747 899 942
10  344 393 488 538 584 881 913 984 993 998
11  169 182 287 297 464 487 518 578 591 928 935
19  4 54 70 105 127 275 281 301 347 379 513 527 574 714 725 756 886 945 977
15  11 43 81 89 191 297 338 340 381 470 524 617 647 674 675
10  105 217 342 405 573 669 699 705 714 778
8  18 152 276 536 682 763 818 978
10  6 181 188 218 254 447 504 617 821 942
12  50 56 305 335 453 457 535 588 759 886 987 997
14  6 36 82 163 298 309 315 346 395 402 590 751 953 961
9  30 320 477 548 670 679 792 837 915
10  23 156 232 267 292 294 327 672 714 771
6  277 426 450 568 587 808
11  217 279 319 354 486 521 567 844 858 912 994
8  226 476 744 779 796 819 894 921
10  14 58 69 320 419 481 572 595 748 824
9  143 207 270 389 716 743 755 894 995
14  109 360 371 429 459 469 517 570 601 751 766 828 847 970
8  13 163 190 344 527 560 891 922
20  65 117 390 402 435 465 474 500 539 558 618 668 695 708 723 750 837 905 940 946
13  1 81 114 121 149 171 231 260 444 792 837 900 935
9  5 24 157 274 284 385 508 668 999
6  101 111 331 479 804 899
10  351 475 478 492 557 655 758 825 856 941
14  83 152 221 390 467 480 536 581 751 777 827 884 910 958
7  43 153 156 306 314 448 887
7  105 261 281 579 700 932 959
11  24 61 106 225 348 531 593 628 719 860 883
6  228 615 637 737 894 957
9  8 77 137 256 330 369 476 523 556
12  56 72 142 322 465 466 638 733 785 797 862 893
7  31 160 215 463 486 833 873
9  96 383 410 567 676 746 825 878 886
5  433 518 563 589 621
10  19 32 115 249 359 527 588 826 891 936
5  202 273 564 845 962
10  94 113 297 339 489 557 638 691 721 964
9  0 145 264 421 422 554 689 808 850
9  142 178 387 462 482 582 794 929 960
10  74 91 97 182 298 358 363 783 873 920
17  23 34 104 152 178 194 234 262 327 352 396 432 570 807 814 891 950
12  10 23 64 165 193 435 510 543 736 788 827 918
7  190 526 550 678 858 944 953
9  29 93 99 257 485 629 804 897 952
12  18 19 322 324 419 437 474 614 626 764 850 921
9  1 91 98 148 218 394 822 939 975
10  160 275 287 572 648 654 709 735 847 909
8  224 266 387 394 410 418 521 883
8  43 180 205 365 421 625 730 898
7  21 266 451 523 649 674 934
4  3 18 350 703
9  51 166 209 228 259 551 645 801 992
10  160 351 408 433 533 632 633 814 854 996
6  33 122 518 809 850 900
4  106 224 343 765
15  9 52 110 192 275 294 414 489 774 798 825 869 875 883 996
11  99 144 164 187 216 294 312 479 789 791 833
10  15 125 649 779 815 831 908 914 935 984
9  7 138 195 280 361 798 867 911 979
9  2 51 225 326 334 371 403 599 929
11  13 50 225 243 253 312 552 583 687 901 917
3  81 237 462
13  184 194 211 386 430 559 562 764 781 826 843 942 978
11  7 8 84 186 225 389 574 791 814 818 862
11  7 65 208 251 348 534 709 756 782 853 882
8  162 185 259 366 523 532 840 868
11  130 479 489 588 658 692 709 711 832 911 998
7  93 250 254 280 688 778 810
14  151 169 293 346 472 523 672 697 718 733 736 744 802 899
13  67 85 86 280 463 484 501 633 664 807 821 936 995
16  107 126 211 236 260 419 520 544 545 553 603 705 707 776 805 924
15  72 112 165 207 329 345 502 599 667 736 879 885 912 962 997
9  180 197 636 719 750 846 872 885 892
16  188 239 301 333 379 396 484 582 642 661 666 736 760 818 851 853
16  124 181 184 187 236 240 384 427 598 643 749 766 829 883 902 996
5  111 379 478 484 829
13  106 233 256 292 306 310 314 343 393 405 435 635 834
11  103 175 523 540 607 788 825 850 872 882 976
11  7 91 267 438 440 607 624 805 903 962 964
13  113 155 211 288 375 550 648 662 691 760 799 813 895
10  127 409 445 631 670 685 838 848 890 930
9  353 446 536 627 722 777 787 846 866
14  68 88 283 348 454 536 583 645 707 724 859 892 955 957
11  3 82 256 328 376 505 585 591 694 898 988
9  1 29 53 120 498 505 506 657 862
6  265 314 416 528 813 885
10  109 116 165 238 456 508 536 712 849 949
13  14 100 170 300 428 546 628 747 778 864 882 949 977
11  4 139 157 346 501 629 676 723 835 839 890
11  30 75 141 302 370 399 675 741 804 871 935
12  41 483 507 510 542 606 637 669 712 852 915 972
9  41 103 185 258 401 518 757 865 980
7  243 247 260 270 559 841 960
11  44 200 241 537 601 634 709 888 915 930 966
12  21 41 45 283 370 436 604 612 806 890 892 948
9  188 199 217 236 311 377 417 529 723
8  70 180 196 673 806 825 828 909
7  112 179 202 205 306 538 716
7  2 276 301 523 852 873 883
7  326 339 343 601 839 875 954
12  29 45 116 264 284 309 329 451 578 876 936 969
13  14 204 209 298 358 374 399 498 659 678 743 831 963
9  96 296 298 364 430 529 639 661 913
14  17 25 84 126 178 301 337 364 437 621 763 797 833 835
9  57 125 198 208 309 656 729 876 999
4  143 433 728 759
13  35 50 57 61 92 243 331 467 628 657 719 795 916
6  190 348 361 634 689 802
6  76 289 784 823 850 894
11  12 310 366 490 624 678 726 834 838 851 881
10  52 105 115 250 309 395 526 538 896 941
14  179 182 229 248 290 466 476 482 628 695 700 833 847 860
10  22 43 151 232 435 499 626 816 891 995
14  63 84 95 97 128 144 163 224 332 399 412 554 574 576
7  132 319 493 560 645 768 780
10  139 143 151 302 565 635 679 916 924 987
7  86 166 183 186 481 518 682
10  58 79 332 384 512 518 566 623 705 945
10  184 196 217 351 436 494 532 651 847 914
14  95 108 323 351 559 604 687 705 728 743 785 877 894 984
11  25 61 97 157 177 317 380 559 644 914 929
11  126 237 278 289 320 526 530 587 643 688 691
9  21 253 275 516 549 716 724 868 909
14  203 233 343 436 489 553 597 656 664 761 788 977 983 988
7  44 87 117 358 565 670 749
9  129 197 260 292 690 753 815 855 927
7  396 691 716 805 871 898 950
9  106 358 396 492 561 671 763 833 922
10  1 136 301 329 347 467 544 939 968 977
7  93 122 179 237 369 419 517
8  148 205 244 253 395 635 756 976
8  47 204 223 228 542 801 834 912
11  45 92 336 482 521 615 674 761 841 874 947
12  81 142 351 438 452 486 622 676 706 739 942 987
18  42 54 102 324 338 344 432 487 500 592 662 709 737 739 751 845 922 944
11  201 205 225 249 283 298 335 336 399 555 680
14  145 173 186 234 427 457 591 634 676 681 759 806 922 925
5  0 89 475 621 753
8  66 158 179 248 418 856 862 916
4  199 226 638 971
8  108 192 293 532 574 666 713 914
5  280 377 378 409 440
13  121 201 211 231 379 436 438 554 623 766 802 827 963
9  12 94 308 359 783 861 876 894 980
12  74 89 133 423 441 443 460 472 560 759 765 770
14  56 58 195 210 247 270 330 379 388 473 494 581 666 784
7  26 80 201 393 411 481 859
9  35 71 344 409 750 757 867 940 989
14  172 310 325 343 345 365 402 410 535 605 805 880 911 987
7  59 103 205 232 266 307 528
9  280 347 366 538 560 625 672 674 713
12  89 251 345 688 736 816 823 828 842 880 944 993
17  22 26 35 38 40 58 102 265 267 269 332 408 625 637 810 897 960
12  17 24 106 260 367 370 373 398 574 768 792 991
13  5 51 218 527 601 619 621 648 689 840 841 855 952
12  2 81 172 198 331 349 384 395 467 524 526 926
8  13 20 103 128 297 355 621 985
12  2 57 181 234 280 434 641 645 754 756 766 901
13  214 219 270 306 392 433 450 552 553 695 705 743 919
14  66 108 135 143 357 526 536 558 560 566 733 823 828 863
5  37 212 364 552 942
15  6 66 132 135 199 394 413 479 507 571 652 677 681 790 803
9  137 172 346 784 868 875 879 922 972
6  164 418 475 623 938 963
6  62 524 582 627 661 887
9  48 103 260 342 445 522 851 957 982
7  116 129 392 591 726 851 879
13  14 37 170 188 317 370 378 440 450 636 888 899 917
13  26 70 100 403 426 543 574 643 650 730 801 908 932
9  43 73 111 466 637 677 823 828 914
8  111 260 470 558 733 779 869 904
9  26 69 457 664 721 824 851 908 958
12  7 144 236 415 484 527 740 792 798 814 824 853
10  96 121 406 454 660 674 905 913 919 996
6  63 136 659 796 923 992
11  23 76 124 192 343 371 504 603 723 739 811
12  153 328 414 464 531 751 789 900 927 947 949 962
12  16 75 88 186 261 281 292 361 498 757 764 802
14  52 326 366 370 525 585 623 714 725 827 858 868 874 901
6  23 275 347 447 766 982
10  93 181 220 424 546 601 743 780 946 963
12  442 596 623 626 628 706 739 782 899 927 935 992
10  81 157 215 284 414 583 689 813 837 945
13  13 23 85 193 290 301 372 394 483 753 875 973 982
13  37 174 186 282 346 473 488 688 689 730 736 874 988
9  263 318 356 473 727 823 891 910 960
8  115 161 346 407 502 644 746 830
9  129 141 273 276 281 905 926 935 982
19  31 32 114 122 310 366 439 440 456 571 656 674 713 735 785 836 879 924 985
11  93 252 272 331 385 387 471 569 623 916 921
7  12 66 198 204 449 864 925
15  11 40 77 280 301 322 338 468 587 741 847 908 931 948 953
9  37 294 296 330 362 548 555 642 833
7  47 94 145 151 264 570 915
9  144 165 222 276 350 372 629 679 795
6  23 574 627 702 917 936
14  129 130 173 205 241 270 516 564 572 579 689 731 841 891
4  298 407 463 907
13  6 159 165 242 281 302 359 456 474 680 692 738 856
13  76 115 211 324 329 334 419 456 516 712 758 838 937
8  82 145 211 410 473 571 879 985
15  9 42 60 180 274 531 558 619 685 712 804 868 887 988 997
18  27 69 180 216 244 269 277 375 382 400 445 453 509 516 521 646 702 732
11  27 148 159 186 209 397 495 541 550 578 754
19  19 20 77 97 177 231 254 259 283 324 355 433 519 563 660 691 699 863 911
12  133 236 291 436 489 628 634 837 842 905 924 948
9  20 143 247 249 322 678 687 900 935
7  4 110 170 249 386 859 991
14  17 41 283 368 434 477 493 561 658 682 794 818 861 941
9  209 228 354 437 538 599 617 732 879
9  83 108 118 414 426 551 609 699 917
16  58 64 266 268 364 455 482 489 499 572 629 697 712 734 825 951
8  158 475 501 790 796 878 956 984
5  317 669 708 799 927
9  2 275 282 334 395 864 866 931 999
6  351 409 699 776 792 897
8  130 402 410 437 554 566 890 941
4  101 397 778 988
7  93 242 436 493 547 791 817
8  126 145 165 265 321 610 870 880
7  236 239 269 409 452 546 944
9  263 321 474 625 770 777 779 983 993
11  15 78 306 390 579 636 776 781 792 805 921
13  11 16 117 170 402 407 466 560 622 642 772 879 953
10  363 370 569 612 725 776 803 861 880 899
11  117 179 250 335 402 415 419 669 735 870 922
8  144 221 375 387 617 777 822 833
10  36 286 364 463 619 736 863 878 972 984
6  97 148 245 594 698 970
12  21 47 71 149 467 663 700 717 843 868 926 966
9  315 373 461 463 500 585 674 743 950
9  24 141 162 168 353 420 535 803 905
5  143 167 314 636 829
10  122 141 143 147 420 497 596 632 678 889
12  62 69 95 337 464 611 731 801 823 885 889 915
6  370 469 716 767 835 925
12  34 96 180 283 311 611 618 773 810 907 915 987
13  77 295 347 399 448 483 565 575 708 727 770 777 806
7  65 125 182 237 878 910 999
9  82 144 192 195 517 593 763 809 937
14  82 161 192 394 519 529 661 749 829 929 930 965 982 987
11  91 119 237 250 528 569 729 767 800 868 908
16  6 22 32 47 210 239 462 473 476 529 531 585 658 840 923 930
12  203 283 353 483 505 548 610 613 727 852 923 990
6  144 489 525 634 768 950
8  120 199 531 796 875 891 950 986
12  0 56 183 224 347 393 606 686 723 789 915 968
15  42 96 133 176 364 428 552 623 662 697 732 936 944 945 952
12  40 119 208 219 376 398 527 537 716 779 786 989
12  305 378 483 549 577 598 644 756 809 829 896 953
17  32 210 216 262 347 401 402 424 435 507 625 633 681 703 777 942 989
13  302 310 395 489 649 651 691 792 857 870 889 893 918
11  65 118 221 307 315 353 540 595 624 843 850
11  155 221 283 291 330 383 405 567 592 911 984
9  165 216 268 416 608 794 804 866 883
12  5 33 128 228 352 407 622 707 791 813 879 920
6  7 325 463 730 815 877
11  8 19 50 129 156 259 313 487 822 884 888
8  36 84 634 640 737 810 874 982
11  30 152 192 324 415 429 455 595 607 618 727
13  232 249 466 478 485 547 612 680 811 821 879 928 970
6  272 273 389 667 706 831
7  305 321 413 424 435 773 828
13  73 148 259 269 314 492 561 618 628 763 848 941 968
10  35 271 283 423 499 541 569 820 835 889
12  127 148 160 175 221 329 431 460 498 819 860 862
10  69 138 204 459 466 562 624 815 868 886
7  114 266 504 600 781 812 864
10  2 414 663 706 714 724 740 789 952 988
10  134 335 372 379 408 501 570 726 727 933
13  100 190 305 330 384 485 578 587 610 632 651 766 905
6  53 91 413 477 589 617
12  9 91 113 155 163 227 314 466 579 596 697 733
18  57 98 159 288 319 367 400 424 429 440 483 572 651 706 714 724 817 865
9  363 388 521 629 630 787 795 804 864
5  35 228 741 864 908
7  214 265 298 612 656 816 861
6  4 31 298 391 621 862
16  20 164 177 180 189 232 335 361 406 586 611 658 666 682 747 781
12  77 98 196 229 246 252 631 664 686 848 944 981
11  39 262 338 436 489 498 531 643 658 790 819
11  73 185 188 236 411 431 532 743 875 904 995
11  249 350 405 475 521 565 574 575 737 760 872
6  82 481 635 664 754 841
10  11 170 276 342 468 475 493 547 643 654
9  120 135 233 422 620 709 797 958 968
15  8 162 232 285 318 342 345 507 647 687 709 751 838 864 886
14  4 42 46 67 123 219 337 361 370 372 706 760 919 980
10  78 378 487 525 551 617 784 807 851 993
8  102 109 111 342 466 568 883 987
11  6 99 177 225 363 390 447 500 590 689 926
8  53 143 217 394 446 627 636 993
8  34 515 572 601 666 673 746 907
10  10 62 105 182 392 455 537 635 818 834
7  153 221 294 405 476 552 641
16  37 54 83 147 312 356 512 532 592 599 608 632 663 807 863 997
15  34 109 162 328 438 519 628 664 720 721 726 843 866 969 992
14  125 146 171 209 381 406 514 645 653 798 880 936 945 990
12  20 75 171 191 231 390 437 459 619 628 727 983
8  86 220 271 334 607 855 881 964
12  36 80 194 299 324 329 394 468 481 680 709 854
10  278 321 355 478 528 578 693 753 857 976
9  36 47 218 361 393 465 806 856 881
7  66 139 326 350 568 597 733
7  37 136 531 539 637 701 762
8  321 357 448 475 582 666 820 914
8  478 510 698 763 779 831 912 993
14  10 42 57 129 157 408 585 618 639 693 820 832 928 988
9  65 98 504 714 759 782 850 870 904
17  160 163 189 346 396 481 506 544 642 745 769 822 829 830 841 867 921
10  8 108 140 146 244 307 331 646 828 922
11  14 37 76 269 343 344 636 769 809 851 901
11  115 138 170 243 340 365 434 613 702 864 937
16  93 224 256 402 414 503 620 677 717 733 756 784 796 821 970 990
8  512 515 522 538 610 725 875 998
9  162 209 214 294 429 774 780 806 863
10  43 44 300 453 475 535 644 681 971 990
9  126 158 367 436 525 627 632 837 959
13  22 63 93 178 336 420 428 493 517 586 594 653 923
18  98 108 216 266 284 349 378 448 468 687 733 739 813 929 952 965 978 983
14  3 36 173 205 260 480 543 610 654 717 738 800 836 869
15  67 140 313 322 358 363 374 440 500 515 538 655 659 698 878
11  114 128 168 305 378 410 481 674 811 895 939
13  169 226 235 490 587 767 782 793 876 884 918 935 986
19  0 41 67 132 195 310 325 491 527 626 717 721 743 755 764 778 810 815 948
13  7 189 278 448 500 524 703 706 774 779 852 888 960
11  2 25 68 255 410 512 556 664 854 857 978
10  108 147 155 466 506 619 632 642 958 978
12  54 473 514 582 602 610 629 653 809 844 943 959
7  167 174 484 579 812 878 956
9  55 112 115 626 627 640 789 931 985
10  113 203 286 488 558 563 587 821 841 950
11  90 135 265 269 312 361 580 719 756 894 943
7  195 426 520 648 722 812 880
11  52 70 126 248 351 368 490 788 789 806 819
9  54 358 368 535 635 643 649 771 989
12  26 166 181 248 354 573 589 595 667 740 751 800
9  38 63 145 146 214 627 637 649 975
6  352 405 487 585 806 982
11  102 228 318 569 571 583 663 674 698 887 953
8  118 154 167 229 379 634 877 958
13  9 60 90 119 121 241 283 297 374 403 665 804 964
9  112 164 315 500 598 707 770 915 921
8  159 379 449 603 638 681 991 999
18  72 91 162 234 240 258 301 320 344 373 463 555 577 623 722 736 779 964
11  40 132 174 305 330 420 575 608 731 761 991
9  25 45 102 166 337 615 712 733 866
4  48 299 629 971
10  38 97 233 364 365 405 412 633 923 990
13  39 186 424 432 437 440 498 541 725 836 863 925 943
8  292 310 574 728 742 760 786 825
5  26 357 371 416 507
6  9 14 376 752 791 847
14  105 318 402 420 448 467 612 723 726 746 796 830 928 952
11  48 125 194 203 399 402 513 601 651 677 954
12  27 47 152 184 334 348 425 512 579 740 793 997
10  95 296 314 316 400 613 621 703 759 808
6  250 473 568 626 686 861
11  121 409 427 468 506 515 556 657 728 925 937
11  64 128 141 396 612 673 675 695 724 860 989
15  11 92 222 307 333 538 565 645 648 748 789 791 801 897 932
10  72 142 270 283 661 670 693 744 960 978
14  54 378 380 391 425 434 532 615 722 750 765 964 990 999
13  8 30 85 234 378 596 806 878 932 965 973 974 993
11  88 164 176 207 370 508 713 728 842 930 990
9  241 426 486 490 506 594 810 987 990
13  43 158 324 327 436 538 569 599 744 777 864 897 961
13  39 94 104 528 549 573 682 689 691 717 780 865 970
19  27 29 47 55 116 143 156 216 248 284 433 480 508 729 797 798 873 903 944
11  242 365 412 424 428 483 625 670 743 760 941
11  147 210 214 247 477 691 745 790 904 913 997
9  353 388 519 536 710 742 784 845 946
9  25 64 261 549 680 731 736 768 961
10  101 172 316 357 459 490 557 815 862 908
7  91 501 593 614 675 795 874
11  3 69 157 244 266 391 635 648 795 797 919
5  251 746 769 885 993
13  173 180 248 352 370 421 444 448 581 723 915 918 989
4  102 316 369 824
3  54 91 604
14  38 118 256 353 528 529 557 575 612 644 736 742 761 878
18  39 134 175 201 362 401 467 500 530 589 624 655 750 802 852 940 967 971
10  21 54 400 508 754 794 867 913 949 979
6  88 125 156 470 485 718
11  46 118 131 315 430 600 683 877 959 960 971
8  95 111 448 574 702 936 960 996
13  228 321 362 407 481 486 545 578 665 763 771 818 924
15  29 78 111 152 179 246 346 375 444 555 562 617 688 715 805
10  299 336 337 397 436 495 883 887 904 990
11  303 514 597 689 706 775 802 834 923 954 973
11  103 163 164 416 432 558 672 737 802 852 956
10  23 51 103 170 282 426 574 735 926 983
7  93 210 241 550 687 731 998
14  2 122 123 143 320 377 450 454 473 522 649 746 760 879
11  0 29 171 240 397 547 641 642 731 937 958
10  186 446 457 595 681 785 799 800 886 984
11  105 111 119 246 297 386 402 422 428 766 973
11  71 191 276 301 367 598 709 802 823 874 908
10  111 505 542 564 597 746 778 804 894 960
9  184 206 231 277 499 654 909 944 996
11  84 92 96 126 355 381 385 393 486 552 637
10  196 200 220 363 378 396 454 767 884 945
8  291 426 433 583 637 720 973 994
13  63 205 366 375 437 489 579 726 840 882 895 949 973
6  24 485 581 872 883 939
14  53 272 291 308 456 593 647 707 740 880 916 939 940 953
9  1 128 161 326 564 921 927 981 983
12  21 160 173 439 470 535 590 626 633 731 965 989
10  77 157 322 443 448 498 656 697 718 735
11  321 324 344 494 543 591 633 854 896 899 917
12  137 177 205 321 387 534 795 874 918 962 981 990
8  231 253 265 285 325 357 648 784
9  46 221 244 346 428 439 467 936 971
11  309 414 450 456 482 484 683 801 818 840 994
9  79 135 155 164 325 388 499 655 851
8  157 475 522 572 783 815 868 922
10  191 275 361 694 871 902 936 939 967 997
4  444 645 717 782
10  134 168 203 353 738 918 944 951 957 958
8  8 205 241 290 309 356 918 977
7  31 166 405 455 514 600 892
11  60 75 93 107 259 287 453 632 685 856 988
10  33 122 221 471 558 642 678 683 974 994
12  117 121 394 434 537 561 617 874 881 882 916 992
12  102 137 183 185 214 215 342 372 403 475 613 937
7  124 206 320 429 646 698 842
11  75 82 196 203 248 412 451 542 834 961 965
9  332 482 720 734 738 742 795 813 893
12  55 106 202 250 394 540 678 776 853 874 946 961
12  67 186 429 440 455 556 612 674 767 782 808 950
8  242 392 466 485 711 743 755 885
6  11 187 320 554 800 878
15  26 66 225 410 476 502 535 563 670 688 703 791 795 844 920
12  20 38 457 540 638 678 739 756 772 823 862 976
14  69 87 198 378 507 524 525 702 803 805 890 914 932 962
12  40 536 798 852 868 871 903 917 919 920 943 965
9  96 232 385 440 506 708 762 898 900
12  64 98 131 242 302 326 352 606 729 736 851 978
14  93 192 384 511 537 556 706 776 843 846 861 918 931 996
8  3 48 345 404 568 957 968 977
12  21 78 96 115 173 305 371 393 571 624 667 836
11  82 119 140 165 607 610 629 728 940 954 993
14  39 159 283 325 391 464 515 563 626 756 850 910 925 971
10  153 292 416 497 504 535 556 621 869 947
13  63 159 187 307 308 465 478 576 659 769 793 898 917
