1000
158  1 2 4 6 9 10 11 14 15 19 20 21 22 27 32 37 39 43 44 48 50 62 64 68 81 84 87 89 95 104 110 115 119 121 123 125 126 129 135 143 145 150 155 158 162 168 184 187 188 195 202 205 208 209 210 214 218 239 240 249 250 253 254 260 261 272 274 278 288 293 296 299 301 318 322 338 350 354 358 371 374 392 409 411 413 422 429 430 432 435 449 452 455 461 466 468 477 496 498 504 506 517 529 536 541 545 546 552 580 582 583 594 602 621 632 647 651 656 690 692 693 695 700 701 716 722 724 728 736 737 750 751 756 758 771 772 777 786 790 792 798 810 817 821 826 831 840 859 864 868 871 880 884 887 935 961 974 979
85  0 6 9 10 15 19 22 27 28 34 38 39 43 44 60 62 71 81 95 96 105 119 123 126 141 155 187 195 214 217 218 253 254 293 296 301 318 338 362 409 421 422 429 432 449 455 466 475 484 491 506 517 536 541 546 580 594 602 656 657 690 692 700 701 716 722 736 737 751 758 771 798 810 817 831 840 864 866 880 887 909 935 961 972 979
113  0 3 4 6 11 13 15 16 18 19 22 27 32 39 41 44 56 60 64 81 84 87 89 92 109 110 119 121 123 126 129 135 155 180 184 187 195 202 214 218 232 238 241 253 278 288 293 299 301 318 352 354 358 360 365 371 385 398 409 411 413 449 450 452 455 456 461 468 506 509 514 517 541 546 552 580 582 583 602 621 632 647 690 692 695 700 701 722 728 736 737 739 750 751 777 798 812 817 821 831 859 864 868 884 887 892 935 938 958 961 972 979 999
33  2 13 15 18 39 41 55 63 89 119 155 184 301 352 358 398 449 506 517 536 541 546 580 583 671 736 739 798 821 831 864 935 972
104  0 2 5 6 9 10 13 15 19 20 21 22 24 27 31 32 37 39 43 44 45 52 62 63 64 81 87 89 110 119 121 123 126 141 155 162 172 187 195 202 205 214 218 232 243 250 261 293 296 301 318 338 358 392 409 413 422 432 435 452 455 461 466 468 477 506 509 517 540 541 546 552 574 580 594 621 632 647 651 690 692 701 725 736 737 750 751 758 771 777 786 798 817 821 831 840 842 859 864 871 887 935 961 979
27  4 7 52 106 162 214 358 385 392 517 552 580 618 632 647 651 692 734 736 750 751 817 831 840 876 953 999
91  0 1 2 4 8 10 15 21 22 23 27 32 39 41 44 50 60 69 81 89 96 119 123 126 129 135 141 155 187 195 210 214 218 241 253 254 299 301 318 326 336 338 354 379 421 422 429 452 475 491 506 516 517 536 541 546 580 594 601 602 632 647 690 692 700 701 716 728 736 737 751 758 771 791 795 802 814 817 821 831 859 864 884 887 896 900 935 961 972 979 999
21  5 12 52 83 106 162 214 358 373 392 506 517 552 734 750 751 775 821 831 868 900
61  6 10 21 22 23 27 39 42 57 60 82 99 119 126 130 135 138 195 208 214 218 233 249 253 278 293 318 457 506 517 531 541 546 580 595 601 657 690 700 701 722 723 728 736 737 751 758 786 795 802 817 821 828 831 864 884 896 935 961 979 999
79  0 1 4 10 14 15 19 20 21 22 24 27 39 43 62 81 89 119 123 126 135 141 155 162 187 193 195 214 218 229 254 261 274 293 296 301 318 338 392 413 422 432 449 452 455 466 506 517 540 546 552 568 580 594 600 602 647 690 693 700 701 722 736 737 751 771 772 786 798 817 821 831 840 859 866 884 935 961 979
71  0 1 4 6 8 9 15 21 22 27 31 32 39 43 44 45 50 60 63 81 89 119 123 126 135 138 155 187 196 208 210 214 253 301 318 338 353 358 409 421 422 429 452 462 466 491 506 517 546 552 569 580 589 602 613 690 700 736 737 751 786 798 817 821 831 864 935 953 961 974 979
60  0 2 13 14 15 18 22 27 32 39 48 50 59 68 73 81 89 119 132 144 155 187 195 210 214 254 273 278 288 301 318 358 385 409 426 449 452 455 517 546 580 599 632 690 701 736 737 746 751 798 812 821 831 840 864 868 935 958 961 979
22  7 52 53 93 106 162 214 276 279 358 373 506 517 693 750 751 775 821 831 839 864 868
70  2 3 4 11 14 16 18 22 27 32 39 41 45 63 80 89 103 119 184 187 188 214 232 241 250 269 288 299 301 318 358 385 398 409 422 426 430 432 449 452 517 541 546 547 580 599 602 604 632 647 692 697 724 725 736 737 739 746 771 786 798 821 831 840 864 868 887 935 972 979
46  0 9 11 13 15 22 27 43 45 62 119 126 162 173 184 187 195 214 218 250 385 392 409 413 449 452 455 506 517 541 562 628 736 737 739 751 786 821 831 840 859 864 887 935 950 979
78  0 1 2 3 4 6 9 10 11 14 17 18 19 21 22 27 30 39 44 45 50 60 64 70 81 89 119 123 126 135 155 187 195 210 214 218 229 254 288 293 296 301 318 335 389 392 413 449 452 455 468 500 506 514 517 541 546 580 602 690 698 728 736 737 751 786 798 821 831 840 859 864 887 903 935 950 961 979
30  2 13 27 39 74 103 184 187 195 214 299 385 398 409 452 455 517 540 580 647 693 697 736 739 798 801 864 871 935 979
10  15 22 64 135 288 293 385 517 737 821
47  2 3 11 13 15 22 26 33 36 44 45 89 121 155 187 194 195 218 250 278 289 293 301 320 353 385 398 409 506 517 546 547 568 580 592 736 737 785 798 821 855 876 887 935 961 979 987
48  0 1 2 4 9 15 21 22 39 49 81 89 99 119 123 124 135 141 155 187 195 214 251 296 301 318 344 348 449 455 506 546 563 570 580 602 621 690 693 700 737 739 819 831 840 864 935 979
33  0 4 9 21 32 62 110 115 119 123 126 135 145 209 214 218 268 296 409 452 580 692 693 701 736 737 751 777 831 840 871 887 999
66  0 4 6 8 9 10 15 19 20 22 23 27 31 32 39 41 51 60 75 78 81 110 117 119 123 126 135 138 141 150 155 187 195 212 240 253 278 296 301 318 323 357 358 429 452 504 506 517 546 580 602 641 690 692 700 701 722 736 737 831 871 880 896 900 953 979
97  0 1 2 4 6 8 9 10 11 13 14 15 17 18 19 21 23 27 31 36 39 44 45 56 60 64 80 81 89 92 99 119 121 130 135 138 150 155 187 214 217 218 241 243 250 253 254 274 281 288 293 296 301 318 320 322 338 353 354 358 392 429 430 432 452 455 466 506 517 541 546 580 597 647 692 693 700 701 704 722 724 728 736 737 751 786 795 798 810 821 831 864 887 935 943 979 999
55  6 8 21 22 25 27 35 39 47 54 57 60 107 119 164 187 208 218 219 250 253 293 318 358 395 407 429 449 452 458 475 477 506 516 517 536 546 589 647 701 722 723 736 737 784 802 821 831 844 859 864 896 954 961 979
32  4 9 27 29 74 81 126 135 225 250 398 432 517 540 546 554 594 600 606 612 693 725 735 736 737 771 786 798 821 831 859 984
29  23 27 46 60 119 156 164 251 306 379 392 429 453 517 541 546 593 693 701 736 784 798 809 821 831 887 896 909 950
11  18 33 210 216 250 278 452 547 737 840 987
86  0 1 2 4 6 8 9 10 11 13 14 15 16 21 22 23 24 25 29 32 34 39 44 45 60 64 74 78 81 107 109 119 121 135 141 150 155 187 195 214 216 218 243 253 282 288 301 306 350 359 409 432 449 452 466 504 517 536 540 546 552 580 594 606 647 693 701 722 725 736 737 756 781 786 798 810 821 831 844 859 887 935 961 972 979 984
14  1 76 95 101 125 223 396 418 491 656 686 722 751 831
28  24 27 32 34 39 74 81 119 135 155 214 222 250 288 294 398 432 452 554 594 725 736 737 795 831 859 871 984
10  15 64 252 389 422 449 541 730 737 864
13  4 10 21 22 32 39 115 119 594 621 728 737 831
53  0 2 4 6 10 11 13 20 21 27 29 31 34 39 41 58 98 115 119 121 123 135 141 145 155 243 253 293 301 358 392 398 406 409 452 506 536 594 621 725 728 736 737 751 772 781 798 831 844 871 884 961 979
16  18 26 121 210 216 278 385 411 499 547 568 737 785 821 840 987
41  1 27 29 32 43 45 68 79 119 126 155 168 243 250 288 293 294 301 338 350 409 429 452 466 506 536 546 635 725 736 737 751 786 796 821 831 840 844 871 935 961
30  23 39 47 54 85 126 219 227 250 293 318 334 338 406 407 409 458 477 536 541 693 722 723 737 751 802 821 831 855 961
24  18 22 40 45 89 119 121 135 216 253 301 358 506 517 539 541 546 624 701 787 831 840 864 979
12  0 4 172 205 214 232 253 338 632 656 692 708
10  1 177 254 318 338 422 541 705 780 864
86  0 1 2 3 4 6 8 9 10 11 13 15 16 19 21 22 23 27 29 31 32 35 45 54 57 59 62 64 68 74 97 99 110 119 121 123 126 141 155 187 188 214 217 218 243 246 250 253 271 293 296 301 303 318 323 392 403 409 423 430 449 455 466 517 541 580 589 632 666 690 722 724 725 735 736 737 739 751 771 821 831 839 859 864 954 979
10  36 67 89 121 128 135 253 517 786 787
41  2 3 6 13 21 32 58 103 115 140 184 187 195 211 218 228 241 293 301 326 358 409 536 541 546 616 671 692 728 736 757 772 784 798 814 821 859 887 935 947 999
17  8 65 82 94 102 159 163 200 595 645 657 776 864 869 961 991 999
33  0 1 4 9 10 14 34 45 63 119 126 162 189 195 198 250 288 301 318 338 350 466 506 602 643 700 701 736 821 831 935 961 979
62  0 1 2 4 6 10 15 18 22 27 45 64 66 80 110 119 126 135 141 146 155 187 216 217 218 253 254 255 301 338 353 362 406 409 422 449 466 477 494 506 514 530 541 546 569 574 580 654 690 722 728 736 737 750 751 821 831 844 864 935 972 979
66  4 10 13 14 15 18 22 27 34 36 39 43 44 60 63 64 68 80 89 119 121 126 135 187 195 198 214 216 218 238 250 253 254 278 288 299 301 320 338 350 358 409 411 422 449 452 466 517 539 541 546 647 692 700 728 736 737 787 821 831 840 864 935 950 972 979
12  25 119 306 517 593 693 736 751 798 823 831 909
20  23 35 178 219 227 278 293 318 391 407 458 516 536 647 693 701 723 737 887 961
6  0 11 239 318 358 826
8  19 123 155 278 301 409 449 737
36  0 6 10 11 15 81 89 119 126 133 155 214 226 253 260 517 529 541 553 602 631 648 690 693 724 736 737 751 790 795 864 896 917 935 958 961
2  21 318
21  4 5 7 12 53 93 106 162 214 358 392 506 517 552 618 647 692 738 750 821 953
23  12 52 61 72 93 106 162 214 279 358 373 419 480 517 692 693 734 750 831 864 868 876 961
25  23 35 39 97 126 187 195 218 227 280 293 318 385 409 423 477 522 563 589 736 737 831 855 954 955
12  3 63 89 119 121 135 190 328 469 517 624 935
16  2 22 64 92 119 121 250 412 517 546 737 751 810 821 831 935
16  8 23 39 99 208 253 293 318 531 552 722 784 802 821 828 864
19  32 41 90 115 187 218 301 354 358 409 536 541 692 728 736 751 772 840 855
12  11 39 68 79 99 144 273 409 580 701 737 840
61  1 2 6 8 10 15 21 22 23 25 27 45 62 64 81 110 111 117 119 121 123 126 135 141 156 187 195 214 218 250 253 278 320 347 353 354 358 379 392 398 429 449 452 455 466 468 517 541 546 580 692 701 736 737 784 786 798 809 831 864 868
4  53 93 480 517
42  0 1 4 9 14 20 39 60 81 88 89 110 111 119 123 126 138 214 216 218 253 296 301 385 452 455 506 517 531 546 580 690 701 725 736 737 751 777 831 840 864 961
18  3 4 10 13 43 45 55 119 126 135 155 301 318 452 541 736 821 961
49  0 2 4 15 17 22 27 30 39 44 45 56 60 80 81 110 119 121 135 155 187 214 216 218 240 250 253 293 301 318 338 376 409 422 432 437 449 506 541 546 666 737 756 771 821 831 864 871 961
20  42 82 94 102 113 159 163 233 258 295 311 595 657 707 776 869 961 980 991 999
11  44 80 119 135 145 409 541 688 736 772 798
2  40 157
27  0 11 34 39 45 59 79 119 121 123 132 168 238 299 318 409 449 452 466 546 692 736 737 751 831 961 979
21  6 77 129 160 161 187 216 253 277 299 336 365 409 422 455 473 506 517 716 810 814
11  15 100 214 229 243 293 392 452 751 859 868
6  1 218 432 657 798 887
11  53 86 162 419 452 517 693 734 831 876 961
2  11 812
34  16 24 27 29 39 81 89 109 119 149 155 169 184 187 210 225 293 398 409 449 517 540 546 606 647 722 733 735 736 737 758 786 977 979
11  21 108 117 212 357 517 546 880 945 952 968
6  28 95 125 656 831 835
6  69 112 333 387 572 814
12  21 27 81 117 135 150 187 323 350 504 517 737
15  34 59 68 119 121 288 299 318 340 409 452 693 701 736 859
34  13 22 44 45 64 66 110 119 127 135 187 209 214 216 217 218 250 253 254 329 338 358 392 422 541 688 692 701 722 736 737 821 864 999
66  0 1 2 4 6 9 10 11 15 19 21 22 24 27 29 50 60 62 64 74 78 88 89 117 119 126 131 135 138 141 155 184 187 208 210 216 218 253 288 301 318 323 354 398 409 432 455 477 541 546 564 580 701 728 736 737 751 798 821 831 840 864 884 935 950 961
14  8 42 65 102 147 191 230 233 295 595 722 864 961 999
6  7 162 358 373 517 750
18  0 2 134 250 318 354 455 486 536 546 580 582 695 701 792 839 880 892
5  35 370 401 458 536
6  72 179 517 693 734 831
25  0 2 4 89 118 119 180 216 238 301 438 461 468 517 690 736 737 750 777 798 821 831 840 864 961
17  62 81 89 138 208 216 218 409 541 688 701 751 777 798 840 864 961
74  0 2 3 4 6 9 10 11 13 15 18 19 22 36 40 45 50 55 62 74 81 87 88 92 104 109 119 121 126 128 135 180 190 195 210 214 216 218 238 250 253 278 301 318 354 363 398 422 452 471 517 563 564 580 638 680 692 700 701 736 737 777 790 795 798 821 831 855 864 868 909 935 938 979
4  58 91 772 855
2  90 431
28  2 22 56 89 109 119 121 126 174 210 214 253 293 301 406 409 412 452 517 546 564 647 701 737 821 831 876 979
11  12 52 53 61 116 214 480 517 552 692 700
14  42 65 102 159 200 393 511 645 657 693 869 961 991 999
21  0 1 28 76 105 125 141 168 267 284 452 506 561 587 621 656 710 722 831 972 979
21  1 6 137 141 213 253 327 338 421 455 491 506 536 621 692 700 737 771 786 831 935
22  39 54 99 148 187 195 216 247 293 318 409 412 423 477 517 563 589 614 811 821 954 955
5  32 115 141 349 772
14  8 19 22 39 57 59 97 119 135 253 293 318 701 864
8  70 243 301 392 452 751 756 840
4  28 125 491 686
14  42 65 82 94 147 159 182 233 393 511 595 645 869 999
20  13 16 41 115 141 184 187 195 203 301 358 385 409 449 616 621 692 739 831 935
22  0 89 109 114 169 195 253 441 517 552 563 580 646 692 701 756 758 777 790 868 899 938
10  1 95 125 141 253 452 656 692 831 835
16  5 7 12 52 53 162 214 358 446 463 506 517 630 700 703 734
4  23 27 282 452
12  75 117 142 153 167 212 357 495 512 952 961 968
22  2 27 74 89 92 104 119 169 210 214 238 253 361 500 517 552 647 693 701 758 831 979
37  0 2 4 20 21 39 44 60 62 64 80 119 123 127 150 195 214 216 218 250 253 261 385 406 409 452 455 536 688 701 725 751 756 810 821 864 876
7  60 62 123 126 500 580 840
4  77 387 572 814
6  65 166 233 544 776 869
2  104 552
21  0 20 31 32 41 58 98 103 119 120 126 141 406 452 580 616 692 736 781 821 831
11  93 139 214 315 452 480 517 693 700 737 800
19  21 60 75 78 81 108 138 150 151 187 216 218 318 323 358 831 840 855 972
11  87 119 136 180 216 238 449 517 736 737 864
109  0 1 2 3 4 6 8 9 10 11 13 14 15 19 20 21 22 23 25 27 29 31 32 34 36 39 43 44 45 46 50 55 56 60 62 63 64 66 68 74 79 80 81 87 89 92 99 109 110 115 118 121 123 126 127 132 135 138 141 155 195 210 214 216 218 238 250 251 253 265 288 301 305 318 338 406 409 413 449 452 477 503 506 517 546 552 580 624 671 692 722 725 736 737 751 756 786 787 821 831 840 864 871 896 900 909 935 950 979
8  115 122 141 406 422 452 692 967
58  0 2 4 18 22 27 32 33 36 39 40 45 55 56 60 64 68 79 89 92 119 123 126 127 135 155 187 195 210 214 216 218 250 253 278 281 318 338 412 437 449 452 517 546 552 564 680 692 701 725 751 787 821 831 840 864 942 979
7  120 406 452 476 838 967 999
56  0 1 2 4 6 9 10 15 19 20 21 32 39 49 60 62 68 110 111 119 121 126 127 135 145 155 214 218 250 253 256 278 301 307 318 354 409 449 452 484 500 503 506 516 541 546 580 594 701 736 751 756 821 831 840 864
4  19 467 534 570
14  0 28 76 95 101 105 141 300 491 537 656 690 722 953
86  0 1 2 4 6 8 9 10 14 15 20 21 24 34 35 39 43 44 45 50 54 60 62 63 81 89 92 111 115 119 121 123 127 128 135 141 155 184 187 195 210 214 216 218 219 250 253 254 272 278 288 293 301 318 350 406 409 422 424 452 500 516 517 540 541 545 546 552 580 621 692 701 736 737 751 772 786 795 798 821 831 840 864 884 935 950
30  80 110 119 121 123 126 128 135 150 210 214 216 218 250 253 330 338 354 449 452 516 564 625 736 737 739 821 831 859 864
13  40 89 126 127 135 210 214 218 253 330 519 536 798
17  0 2 6 69 187 216 253 411 455 477 506 737 751 859 864 876 972
12  8 22 293 322 452 506 517 722 786 821 930 935
11  81 138 152 216 242 345 737 751 798 876 961
9  11 68 119 265 449 737 751 831 909
12  50 165 171 262 390 619 661 794 891 917 958 995
8  84 250 369 455 694 804 839 892
84  0 2 6 8 9 10 15 17 19 20 21 22 24 27 29 32 36 40 44 45 55 60 63 64 66 78 80 81 89 99 119 121 123 126 127 128 145 155 184 193 195 197 206 209 214 218 243 253 288 293 296 301 318 338 358 392 409 449 456 504 517 541 564 598 605 701 709 728 736 737 739 751 770 786 821 831 840 859 864 871 884 887 900 935
8  118 180 216 238 449 737 831 864
23  96 141 154 213 327 348 349 356 392 452 455 506 536 620 621 641 736 777 786 813 831 979 999
29  8 10 21 22 62 81 88 117 119 131 208 216 218 308 345 392 531 621 688 728 736 737 751 821 831 840 864 887 909
7  116 214 278 315 452 480 517
5  41 187 263 590 831
47  1 4 6 9 19 21 27 32 39 44 60 81 95 96 98 103 105 115 119 120 125 126 137 155 195 204 213 214 253 254 301 348 349 398 452 455 491 506 546 621 641 700 722 771 786 831 884
5  108 153 495 952 961
5  0 410 498 504 517
11  11 59 234 273 366 409 426 472 489 701 840
30  0 20 32 66 123 135 176 206 209 214 243 250 293 296 354 358 392 409 452 580 701 722 737 751 772 798 810 821 877 887
4  44 422 705 737
4  82 102 233 961
6  97 718 811 954 955 961
4  74 617 735 786
16  0 21 22 27 78 110 117 127 151 214 218 409 449 700 737 972
4  117 150 170 214
2  131 186
10  108 142 201 236 357 386 495 510 952 961
18  137 213 257 348 356 398 455 523 536 621 641 736 737 786 831 876 951 979
82  0 1 2 3 4 6 9 10 11 15 18 19 21 22 27 29 32 34 39 44 49 50 63 64 74 81 119 121 123 126 135 141 184 187 194 195 199 214 218 250 253 278 301 305 312 318 319 338 353 358 385 409 422 432 437 449 452 516 517 541 546 561 564 576 580 700 701 725 737 740 751 758 772 795 796 821 831 840 864 871 887 953
5  25 60 298 784 896
5  67 183 302 465 526
3  0 240 496
11  42 65 94 102 233 314 538 805 869 961 999
9  69 161 216 253 365 409 506 701 878
9  69 160 216 253 339 365 506 878 963
30  0 4 5 7 9 12 14 43 52 53 72 83 106 214 218 358 392 452 463 506 517 701 734 737 777 821 831 868 961 972
7  42 65 248 416 595 657 941
9  23 25 250 293 395 524 603 701 736
1  133
13  113 224 233 270 381 538 649 678 776 805 869 961 999
3  108 495 961
9  0 34 68 95 175 692 736 806 831
18  74 104 109 181 210 350 517 552 606 700 736 737 758 844 849 876 899 944
6  151 192 214 275 285 527
11  133 262 304 436 619 668 891 917 958 962 995
8  4 37 205 232 253 632 682 842
7  14 185 187 443 628 764 900
5  92 210 214 546 909
6  168 207 565 610 679 782
14  145 206 231 243 293 358 392 507 533 722 746 751 821 877
7  38 254 286 288 318 349 864
18  47 219 227 250 278 293 458 516 536 541 701 737 802 821 831 840 876 887
3  86 693 831
14  2 87 89 118 136 216 238 299 461 509 737 831 843 864
7  169 221 350 700 737 876 899
4  102 511 645 657
4  157 317 526 719
34  0 2 3 13 14 16 41 74 81 103 126 135 155 187 195 203 214 218 228 293 301 358 409 432 449 477 517 737 739 810 821 831 871 935
6  173 187 331 443 628 900
1  152
81  0 1 2 4 6 9 10 11 13 14 15 16 18 19 21 22 23 27 39 41 44 45 54 58 60 64 69 74 78 80 81 97 103 117 121 126 129 140 155 173 184 185 195 210 214 216 217 218 250 253 293 299 305 318 354 358 406 409 422 443 449 452 455 477 506 517 621 692 700 736 737 786 798 810 821 831 864 871 887 900 979
10  0 13 39 245 246 278 430 529 602 724
4  43 297 670 902
4  55 89 253 363
4  82 233 639 881
3  170 292 527
9  9 135 206 338 358 392 564 746 840
10  18 155 195 218 289 318 385 452 561 591
68  0 1 2 4 6 8 9 11 14 15 16 18 19 21 27 41 43 45 54 60 89 97 103 104 110 119 121 126 135 141 155 184 187 194 214 218 228 249 250 253 278 293 299 318 321 349 358 385 409 420 428 432 452 477 543 552 563 580 602 700 736 810 821 831 935 950 953 979
3  10 546 768
7  135 324 358 392 517 709 821
12  43 45 259 288 291 310 349 452 466 692 873 879
5  155 409 414 576 821
6  42 94 657 712 961 991
11  153 236 325 357 367 386 448 510 659 961 981
6  0 2 4 250 318 596
13  103 184 228 241 301 358 445 449 460 517 737 831 950
8  141 237 337 349 452 455 771 821
10  0 4 37 172 214 232 429 632 700 703
15  135 145 176 193 214 231 358 392 507 533 580 728 746 821 831
4  175 355 388 565
24  0 8 10 23 57 81 88 138 215 218 293 301 392 506 517 531 614 693 737 784 821 831 864 887
13  0 20 80 135 145 214 218 243 250 253 392 507 953
40  0 6 10 11 15 26 33 74 81 89 92 109 119 121 126 127 128 169 174 187 214 253 272 278 305 318 350 358 377 392 411 452 479 680 736 737 864 876 932 979
5  41 218 228 358 821
8  21 75 108 358 546 831 952 968
25  96 137 141 154 244 253 283 309 348 349 356 375 392 398 409 452 455 536 621 671 701 736 771 813 831
120  0 1 2 4 5 6 7 8 9 10 11 12 13 14 15 16 19 20 22 27 29 37 39 45 50 52 53 60 62 64 70 80 89 92 93 106 109 110 116 119 121 123 126 127 128 135 139 141 145 150 151 155 162 170 174 184 187 195 205 206 209 210 216 218 228 238 243 249 250 253 278 293 299 301 318 353 358 373 385 392 409 411 413 429 440 449 452 466 492 500 506 517 519 541 552 595 621 632 647 692 693 700 701 716 725 737 750 751 810 821 831 839 840 859 871 887 909 935 953 961
9  208 218 313 392 477 515 517 614 655
71  26 27 33 36 44 45 62 64 69 80 81 87 88 89 97 110 117 118 119 121 126 127 129 131 136 138 160 161 180 187 214 218 228 238 250 253 278 293 299 338 354 358 392 411 422 449 452 455 473 477 506 517 541 653 701 736 737 750 751 790 795 798 804 821 831 844 864 876 909 961 994
11  1 22 39 44 80 187 253 358 466 574 580
100  0 1 2 4 6 8 9 14 15 18 20 22 23 27 39 41 44 45 54 58 60 62 64 71 80 81 88 89 110 117 119 121 123 126 127 128 135 138 150 155 162 184 187 194 195 208 209 211 214 215 216 228 238 249 250 253 272 278 293 301 318 338 358 359 362 385 392 409 422 432 452 477 500 506 517 530 536 541 552 562 568 588 657 688 692 693 736 737 739 751 798 810 821 831 840 858 864 874 887 979
17  23 35 47 126 178 220 250 253 278 293 318 516 737 802 831 871 876
8  219 250 293 380 831 840 871 906
4  181 350 700 899
3  29 554 749
5  28 491 766 821 888
5  166 381 520 678 869
2  24 74
5  50 235 648 795 935
8  35 47 54 178 278 318 555 887
24  41 184 195 203 211 214 216 218 238 241 253 293 299 358 432 506 517 611 693 810 821 831 871 950
6  9 15 70 293 452 626
5  82 444 673 732 864
7  176 206 358 392 746 821 898
9  2 4 13 37 172 205 509 546 632
15  8 65 82 102 113 147 159 166 191 502 538 805 869 961 999
4  144 366 489 701
4  226 648 795 935
8  153 201 357 386 659 742 952 981
7  204 337 349 455 621 821 904
31  2 45 68 87 89 109 118 119 136 180 214 216 218 228 253 293 299 338 351 409 449 452 455 506 517 536 541 546 701 737 831
7  0 48 318 358 657 817 871
9  0 21 64 158 253 266 496 666 979
14  2 6 13 22 41 203 228 253 299 358 429 517 736 737
6  131 751 796 855 876 961
38  4 22 27 32 34 39 70 100 135 145 176 209 214 246 249 250 261 264 293 301 318 358 392 409 452 507 536 580 598 692 722 736 751 828 840 943 953 961
17  213 253 283 348 349 398 409 455 536 671 690 736 756 765 771 831 855
3  188 246 250
10  39 188 243 245 250 278 293 409 724 751
3  97 293 318
4  163 372 416 493
24  0 8 195 214 218 243 250 299 318 392 409 432 435 452 536 551 580 623 737 810 858 864 871 887
85  0 4 13 14 18 22 23 24 26 29 34 35 39 43 45 56 60 64 80 84 89 110 119 121 123 126 127 134 145 155 164 178 187 195 202 209 214 216 218 219 220 243 245 246 249 253 278 289 293 299 307 318 338 350 354 358 409 422 449 452 455 477 486 500 536 541 552 580 594 603 736 737 751 786 804 810 821 831 840 864 876 884 887 909 935
12  19 25 119 253 290 338 346 449 541 701 831 896
4  30 389 541 864
114  0 1 2 6 8 10 21 22 23 27 32 36 37 39 40 44 45 50 57 60 62 64 69 80 81 89 92 96 99 104 105 109 110 119 121 123 126 127 128 129 135 141 155 160 161 172 187 190 195 209 210 213 214 216 217 218 219 228 238 240 241 244 250 251 254 278 283 290 293 299 307 318 338 348 354 358 365 398 404 406 421 449 452 455 466 477 500 506 516 517 536 541 546 603 621 632 656 692 693 701 716 722 730 736 737 771 821 831 835 859 864 887 935 979
33  0 1 6 9 11 15 22 38 44 45 80 126 141 177 253 283 288 293 301 318 338 348 392 422 517 536 546 692 698 722 821 831 884
10  44 362 422 494 514 546 722 914 935 979
2  123 933
7  154 398 536 621 737 831 953
1  65
7  198 288 310 402 559 652 879
9  0 50 529 602 631 724 751 953 961
7  0 4 9 110 243 409 452
8  133 171 304 383 891 917 958 995
4  140 316 831 956
7  243 409 536 598 692 840 961
7  119 132 364 449 674 737 909
3  240 287 496
2  95 885
2  20 296
2  13 332
3  166 381 869
5  39 303 430 699 724
17  0 126 210 218 278 305 318 338 342 350 422 449 452 500 536 545 737
6  11 59 144 409 701 840
6  0 9 22 296 320 840
2  170 343
4  12 373 517 722
5  69 336 365 473 506
56  0 2 8 11 18 21 26 33 45 47 49 60 89 121 123 126 139 155 178 188 195 210 214 216 218 219 227 246 250 253 272 288 293 299 301 318 358 385 404 409 432 449 452 517 541 546 580 697 716 722 736 737 772 817 821 831
8  12 53 358 419 450 517 759 864
2  54 470
5  22 121 353 385 452
3  27 107 452
15  213 244 253 254 288 318 348 349 398 536 621 671 736 821 831
1  95
5  170 341 567 584 846
1  177
1  266
41  0 2 11 13 15 17 22 27 29 34 43 45 79 81 119 126 135 177 198 254 259 278 283 293 296 301 318 349 350 452 517 536 546 671 692 722 736 737 821 831 859
7  18 194 250 318 385 786 821
6  251 253 506 541 683 701
3  198 528 767
3  192 548 577
94  0 1 2 4 8 9 15 17 18 22 23 32 34 35 39 41 47 54 57 64 70 74 92 97 99 126 130 135 145 164 176 178 184 187 195 208 214 216 218 219 220 228 229 238 243 246 247 250 253 254 278 288 296 299 301 318 338 353 358 385 392 406 409 412 449 452 506 517 541 546 647 671 693 701 713 722 723 736 737 751 784 810 821 828 831 840 855 859 864 877 887 909 961 999
5  29 34 398 536 831
6  65 82 581 609 869 980
30  0 1 4 9 15 19 20 21 22 39 62 135 145 268 274 288 293 301 358 406 517 580 693 751 771 817 821 840 887 909
2  189 670
4  156 784 890 896
51  0 2 6 13 16 45 68 69 79 180 187 195 214 216 228 238 241 249 250 253 278 293 318 338 353 354 358 385 392 406 409 419 429 452 506 517 541 603 611 647 693 728 736 737 739 771 791 821 864 887 979
4  125 491 558 690
85  0 1 2 3 4 6 9 10 11 13 15 18 19 21 22 27 32 34 36 39 41 43 44 45 49 58 62 63 64 81 87 89 92 100 103 119 123 126 135 141 155 184 203 208 214 218 243 254 278 288 293 296 305 318 338 354 358 359 392 404 406 409 413 429 449 452 500 506 517 536 541 552 564 580 690 692 700 736 746 821 831 840 844 859 961
4  157 465 830 852
3  39 271 430
6  171 262 436 619 958 995
17  119 155 187 210 272 301 358 392 406 409 449 452 479 536 580 737 850
9  25 27 46 517 693 736 751 798 901
11  123 250 253 354 360 506 536 541 580 736 840
3  138 621 728
7  213 349 398 536 540 621 831
6  198 259 402 466 692 831
6  65 415 595 707 869 980
4  155 319 353 637
5  215 477 515 614 655
3  159 805 961
6  116 139 384 517 760 889
2  263 642
2  183 779
101  0 1 2 4 6 8 9 10 11 13 15 19 21 22 23 35 38 39 43 47 48 51 54 57 63 64 68 79 81 84 89 97 99 117 119 121 123 126 135 155 177 187 194 195 202 210 214 218 219 227 239 243 247 249 250 253 254 272 278 283 288 289 293 299 301 338 349 353 354 358 359 376 385 406 409 413 452 471 500 501 506 516 517 536 541 552 583 588 602 653 657 736 737 821 831 840 859 864 876 887 953
5  155 312 338 564 964
13  18 22 45 60 274 353 455 477 547 700 737 785 979
2  195 543
7  0 22 130 392 506 722 786
8  21 39 78 81 117 409 798 841
2  197 517
1  201
4  6 41 516 887
16  96 137 338 348 349 354 356 536 635 700 736 737 786 791 831 935
4  55 469 624 675
2  80 688
4  127 128 797 821
5  185 443 542 628 900
7  269 397 399 459 483 677 847
2  77 387
1  35
2  15 413
5  6 69 277 354 506
4  204 237 455 821
69  0 1 4 6 9 10 22 34 35 37 38 43 44 45 64 80 96 119 121 127 135 155 193 216 218 238 250 251 253 254 272 293 299 301 318 319 327 342 349 354 358 382 392 406 409 412 422 449 452 455 500 506 536 541 546 594 632 635 690 692 701 705 737 751 821 831 935 959 999
4  161 508 803 820
3  79 409 540
4  285 567 584 745
10  272 338 400 405 422 449 452 474 692 737
1  275
4  19 752 789 819
7  131 138 392 535 564 737 798
3  251 417 449
6  60 379 425 429 454 475
21  19 137 141 154 213 244 253 254 283 327 349 356 392 398 536 621 671 736 831 855 972
39  98 137 141 177 195 198 204 213 237 244 283 288 309 318 327 338 348 356 359 392 398 409 452 455 517 536 540 546 621 676 690 736 737 750 771 777 821 831 876
25  0 27 34 43 45 78 126 169 181 210 221 250 272 288 354 411 452 517 536 580 737 758 787 810 899
4  238 452 517 737
6  2 3 490 541 583 831
20  10 18 22 44 60 155 214 281 293 299 312 318 320 354 358 385 406 452 737 831
55  0 2 6 22 58 60 81 84 89 123 127 145 187 216 250 253 299 301 307 318 327 336 338 350 353 358 360 392 406 411 422 452 455 477 506 517 536 580 653 690 692 728 736 737 751 791 798 810 821 831 833 859 864 887 943
3  207 565 915
16  137 154 213 327 348 349 392 398 409 488 506 536 564 736 821 831
15  21 75 108 153 201 236 386 439 634 659 778 953 961 979 999
102  0 2 3 4 5 7 10 11 12 13 21 22 23 32 36 41 45 48 52 53 58 60 80 83 103 106 117 135 145 155 162 176 184 187 193 195 197 203 206 210 211 212 214 216 217 218 228 231 239 241 243 250 253 278 279 293 296 299 301 305 318 338 353 354 385 392 398 406 409 419 450 452 466 506 517 536 541 546 574 580 583 603 632 692 693 728 736 737 739 746 810 821 828 831 839 855 859 864 877 935 952 953
20  27 218 301 318 349 376 385 392 409 452 500 517 580 588 693 701 737 786 831 859
10  2 307 354 406 422 452 506 621 737 750
3  109 913 979
11  1 44 218 255 409 422 452 506 546 549 914
2  89 190
4  265 368 909 999
11  2 69 160 161 253 277 506 737 828 864 963
3  144 234 489
5  201 627 659 744 999
1  364
6  134 455 755 804 839 868
1  85
7  0 2 621 692 701 777 972
3  248 416 518
15  7 12 53 83 214 276 419 450 517 586 722 750 821 839 868
4  0 529 602 724
4  213 621 632 831
8  64 318 359 378 409 525 831 876
1  210
3  376 482 525
5  6 25 60 347 429
2  220 871
8  166 224 270 520 678 869 960 988
3  338 406 452
5  262 891 917 958 995
2  315 760
49  2 5 11 13 14 16 17 18 33 54 62 103 110 155 194 195 214 218 278 281 289 293 299 318 353 358 359 406 409 413 452 455 477 517 522 541 561 563 568 716 736 737 786 821 831 840 855 871 935
11  153 201 236 357 439 634 778 861 952 961 999
5  77 112 333 394 521
1  207
5  15 30 252 514 910
3  133 619 995
6  47 407 487 647 723 999
79  0 4 5 7 9 14 15 22 25 32 39 52 60 70 80 100 135 137 138 145 162 176 193 197 206 208 209 210 213 214 215 216 218 231 243 249 254 293 299 301 305 322 338 345 348 349 354 356 358 359 406 409 429 449 452 455 477 488 506 517 536 564 580 621 647 692 693 700 722 725 728 737 771 821 827 831 909 972 999
8  94 102 511 645 657 869 961 999
2  387 521
3  23 164 736
1  28
6  332 399 408 483 677 761
37  2 3 13 16 18 24 29 32 60 74 81 89 141 154 213 244 253 257 283 294 309 348 349 356 358 409 513 517 536 540 546 621 700 771 821 831 876
7  332 397 483 497 665 677 761
7  342 405 452 633 721 831 953
4  85 458 536 541
2  259 310
2  39 517
8  253 278 301 452 517 687 697 859
11  342 400 452 485 633 701 762 831 907 953 999
56  32 35 44 92 110 115 119 120 122 126 187 253 293 296 299 301 305 318 338 353 354 358 360 382 385 392 409 422 429 449 452 455 476 477 506 517 536 580 692 693 723 730 737 748 751 756 810 821 831 859 864 876 909 950 979 999
6  23 35 47 391 477 647
2  397 677
119  0 1 2 4 10 11 13 14 16 18 20 27 32 34 35 39 41 44 45 49 54 58 59 64 66 68 69 74 79 81 88 92 97 103 110 119 123 126 135 144 145 150 155 160 184 187 195 199 213 214 218 238 243 244 246 249 250 261 264 273 278 293 299 301 305 318 323 338 340 349 356 358 359 362 376 385 392 398 406 422 427 429 432 449 452 455 466 477 506 517 536 540 541 563 576 580 594 653 690 692 693 700 701 716 723 736 737 739 786 810 821 831 840 859 884 887 935 961 977
3  143 498 517
23  0 2 33 45 129 210 214 216 350 354 452 455 477 506 536 545 737 758 791 810 831 840 979
14  56 92 97 121 293 338 452 517 546 632 722 737 821 935
22  0 2 4 9 14 15 119 214 301 318 335 385 522 737 751 756 821 831 840 855 864 866
2  199 867
3  311 869 894
4  163 248 372 657
2  346 449
1  28
14  53 72 279 299 358 373 434 450 517 586 693 750 831 864
4  195 433 720 831
12  1 6 10 96 253 451 491 506 692 859 862 864
54  0 1 4 6 9 10 13 30 38 44 45 64 69 80 89 120 126 146 155 187 216 218 250 254 255 272 338 342 354 360 362 406 409 427 449 452 455 506 541 546 580 653 700 705 716 728 730 736 737 821 864 884 887 935
3  39 54 97
3  126 517 831
6  347 429 454 475 608 957
5  11 13 144 599 701
11  409 422 432 455 541 653 700 716 771 798 935
5  195 452 556 816 856
37  0 1 6 10 21 22 23 25 34 60 205 214 241 299 301 347 379 392 406 409 425 449 452 454 475 506 517 536 632 700 750 831 865 876 887 900 972
11  0 13 22 39 188 271 303 447 517 724 751
1  91
29  0 1 4 9 13 22 24 27 29 64 71 81 155 184 195 218 228 249 278 409 427 452 477 517 657 693 737 859 935
2  420 831
3  419 450 517
6  0 4 249 580 737 771
5  171 304 619 668 958
5  64 121 155 452 886
9  87 517 532 566 701 737 821 864 950
6  357 386 634 778 979 999
3  214 442 953
2  104 607
1  440
8  173 185 187 331 452 628 859 900
3  230 673 732
2  203 517
2  106 630
3  430 464 729
2  201 848
85  0 1 2 3 9 11 13 14 15 19 23 27 30 39 44 45 49 60 64 68 74 103 118 119 121 123 127 132 135 136 150 155 184 187 203 214 216 238 250 251 253 265 272 278 293 301 305 338 342 346 392 406 409 417 422 429 452 455 477 506 517 541 546 580 647 692 693 700 701 705 724 736 737 748 751 784 798 810 831 840 864 866 909 935 999
12  2 279 358 373 419 434 517 603 621 750 759 900
6  421 491 664 859 862 864
144  0 2 4 6 9 10 11 13 14 15 16 20 21 22 23 26 27 29 32 34 45 60 62 63 68 70 72 79 89 92 95 100 105 107 110 115 116 119 120 121 122 123 126 127 130 137 139 141 145 155 162 187 194 195 198 204 210 213 214 216 218 229 238 243 249 250 253 261 272 278 281 282 288 293 299 301 305 318 338 342 349 350 351 353 354 358 359 360 362 382 385 392 400 404 405 406 409 411 412 422 428 429 432 437 443 449 455 458 475 477 506 517 536 541 546 561 580 621 633 653 692 693 697 701 722 734 736 737 751 771 786 821 831 837 838 840 859 871 887 953 961 972 979 999
1  25
5  347 425 429 475 506
83  0 1 2 4 9 11 14 15 16 19 22 39 60 62 69 81 84 96 110 129 134 137 141 154 187 204 213 216 237 238 244 250 253 320 337 338 349 354 369 385 392 406 409 411 422 427 449 452 458 477 478 506 531 536 541 546 561 568 580 621 653 690 692 693 722 736 737 750 751 755 756 769 798 804 810 821 831 855 859 876 884 909 961
4  2 135 481 900
1  8
12  23 35 47 85 178 401 452 455 477 536 541 773
2  332 863
1  203
14  0 2 4 87 180 468 517 574 575 580 737 751 864 961
3  10 505 660
8  106 162 506 517 701 821 919 935
1  447
3  157 302 830
33  0 1 4 9 10 22 27 34 39 43 44 45 60 68 198 214 217 253 310 358 409 517 536 574 580 622 692 716 736 771 821 831 931
3  124 534 570
10  0 2 4 15 60 87 461 517 751 864
3  55 328 624
3  280 741 990
4  89 318 876 948
5  144 550 701 736 737
4  69 216 277 875
1  342
14  1 6 23 347 425 429 452 454 506 663 692 758 786 876
8  122 406 506 517 536 693 833 999
55  0 4 23 35 44 54 81 97 119 129 184 187 195 215 216 218 250 253 313 320 354 385 392 406 407 409 411 432 449 452 455 458 478 506 517 531 536 545 546 560 563 614 692 693 737 748 751 756 798 810 821 831 864 935 972
8  455 477 517 536 546 692 722 756
2  210 305
7  53 61 93 116 139 517 700
2  456 872
3  378 557 793
7  332 397 399 571 677 761 912
5  1 123 541 546 887
4  405 633 871 972
4  84 250 810 824
4  391 647 972 999
6  356 392 506 564 746 821
6  144 234 366 701 972 999
4  352 541 583 798
16  1 6 10 28 96 101 125 141 223 300 421 451 722 766 821 831
3  214 685 700
2  248 650
5  44 255 546 658 935
5  108 142 153 167 961
6  0 158 240 266 695 701
4  399 672 677 761
7  0 143 410 504 517 783 929
1  33
22  15 109 111 123 126 214 218 250 253 272 301 318 338 359 517 580 588 693 700 737 831 979
1  318
5  233 538 805 946 961
3  119 123 966
9  0 21 27 78 135 143 498 517 693
2  462 660
109  0 1 2 3 4 6 7 8 9 10 12 14 15 18 19 21 22 23 32 34 36 43 44 52 62 64 69 95 96 106 119 123 129 130 137 141 160 161 162 187 208 214 216 218 228 238 253 277 290 293 299 301 307 318 322 336 338 354 356 358 360 362 365 392 406 409 411 421 422 429 449 452 454 455 463 475 476 477 488 517 536 546 573 580 611 632 653 657 690 692 696 700 701 736 737 750 787 790 810 821 828 831 833 864 874 876 884 935 999
6  176 206 209 243 533 821
2  339 803
5  2 4 180 232 864
3  153 201 952
8  94 102 182 393 645 657 869 961
1  108
2  398 540
9  2 15 44 255 389 546 569 722 840
5  215 313 614 763 815
20  6 23 47 123 126 127 155 178 219 253 318 326 536 723 737 786 821 831 859 887
173  0 1 2 3 4 5 6 7 8 9 10 11 12 13 14 15 16 17 18 21 22 23 24 25 27 36 39 40 45 46 50 52 53 55 56 60 61 62 69 72 74 75 78 83 86 87 89 92 93 97 104 106 109 116 118 119 121 126 130 135 139 143 155 162 169 184 187 197 203 208 214 215 216 218 228 238 241 253 254 276 278 279 288 293 296 299 301 306 315 318 324 349 350 351 354 358 359 373 385 392 398 403 404 406 409 410 412 419 424 429 430 432 434 438 445 449 450 452 461 463 466 468 476 477 478 480 498 500 504 506 531 532 536 540 541 546 552 561 566 580 586 621 632 647 692 693 696 700 701 722 725 734 736 737 750 751 758 759 771 786 821 831 844 853 864 866 876 884 887 909 935 950 979
2  372 640
2  128 214
3  224 381 869
2  387 394
8  54 385 413 585 737 831 836 855
5  154 644 831 920 926
5  164 603 701 736 771
4  376 378 578 615
2  157 183
2  170 192
2  291 767
9  0 50 188 260 374 602 631 724 961
2  44 218
18  8 57 62 138 208 455 477 517 541 580 621 701 722 737 784 821 831 864
5  438 517 541 736 737
4  176 206 507 831
3  124 467 570
2  345 737
92  0 1 3 6 23 27 32 34 35 41 47 58 84 85 96 110 128 137 154 178 213 218 238 243 244 249 250 253 254 257 264 272 283 288 294 301 305 307 309 318 327 338 348 349 350 354 356 358 392 398 401 406 409 411 429 452 455 458 466 476 477 478 506 516 517 540 541 546 573 580 594 603 621 632 653 671 676 692 697 728 736 737 771 791 802 804 821 831 859 864 979 999
1  125
7  159 166 233 502 805 897 961
3  36 45 546
27  4 9 16 24 27 74 126 309 340 349 398 409 513 517 536 541 546 566 621 701 736 737 754 821 864 871 950
93  0 1 2 3 4 6 8 13 14 15 22 25 30 35 36 38 39 41 44 45 50 58 60 63 64 66 80 81 88 123 126 135 155 178 214 216 218 238 250 251 252 253 278 290 293 299 301 307 318 338 352 358 385 401 409 422 427 449 452 455 458 484 490 517 531 532 536 540 546 580 621 632 657 692 700 701 716 722 723 736 737 772 784 798 802 810 821 831 844 855 864 876 909
6  331 628 747 900 903 940
2  195 321
1  113
7  0 126 272 411 477 737 831
99  0 1 2 3 4 6 8 9 10 11 13 15 18 19 21 22 23 24 25 27 34 36 41 44 45 56 60 62 64 68 74 75 81 84 92 119 121 123 126 141 155 174 196 212 232 238 253 254 255 278 288 293 338 349 358 362 398 412 422 449 452 455 477 478 484 494 506 514 517 536 539 540 541 563 580 586 632 633 653 676 692 693 700 716 722 723 725 736 737 750 771 786 821 831 840 864 909 935 950
7  13 18 26 33 320 737 821
2  292 577
1  362
2  472 736
1  249
41  0 2 4 5 7 9 10 27 52 57 93 104 109 114 119 121 126 169 195 214 218 250 301 318 517 563 580 606 647 692 700 701 736 771 784 790 810 831 840 844 884
1  50
8  24 29 222 669 725 749 798 831
2  227 822
3  428 816 845
1  482
1  300
1  259
1  477
12  95 155 194 385 452 455 517 647 653 693 722 935
3  14 218 831
15  19 54 89 97 104 195 385 409 477 546 552 580 633 701 831
17  81 89 92 121 127 135 155 193 301 319 345 356 392 488 737 746 821
4  175 207 355 915
8  438 517 540 701 736 737 864 950
3  285 341 745
7  9 18 33 218 385 455 798
4  10 44 514 840
5  19 124 467 534 690
3  483 629 677
3  77 112 814
5  506 536 579 632 884
11  4 44 217 358 461 466 580 654 777 840 864
2  461 818
3  155 199 409
2  292 548
1  525
3  573 632 982
99  0 1 2 3 4 5 6 8 9 10 11 13 15 16 18 19 20 21 22 27 39 44 59 60 62 81 84 89 104 111 115 119 123 126 145 155 195 206 217 243 249 250 278 296 301 305 307 350 354 358 359 392 406 409 422 435 449 452 455 461 466 500 506 517 531 536 541 546 552 563 574 621 632 633 692 693 700 701 736 737 739 746 756 758 771 772 781 784 791 810 821 831 840 864 884 935 938 950 965
4  295 609 869 893
9  0 2 84 692 695 728 792 892 949
12  0 2 3 318 352 358 490 736 798 821 831 859
2  285 341
3  522 737 836
9  373 419 517 546 632 633 725 750 831
1  95
8  218 318 359 500 692 693 831 859
5  10 23 39 54 97
1  140
1  194
1  18
5  25 46 736 831 924
24  0 1 4 6 9 24 27 29 31 32 123 250 338 409 536 681 728 735 751 786 810 831 859 935
13  8 42 65 82 102 163 214 311 657 712 869 961 991
1  202
1  22
6  135 243 264 770 821 840
4  11 13 426 746
2  9 24
3  6 8 795
25  0 1 2 6 9 10 13 15 19 21 43 50 188 195 260 318 374 529 631 724 751 855 887 900 903
11  164 250 253 299 358 450 524 536 621 701 736
1  13
1  135
8  24 27 74 169 552 647 701 887
1  441
2  425 957
3  295 581 869
1  175
7  228 299 506 632 700 736 821
1  24
1  10
8  97 208 215 313 477 515 655 821
1  525
4  41 103 115 692
3  149 735 935
3  5 52 647
10  133 171 304 390 436 794 882 921 958 995
2  137 813
60  0 2 4 19 31 32 95 96 103 126 137 138 141 154 187 213 214 237 253 257 283 308 309 348 349 360 371 375 392 398 450 452 455 517 531 536 540 541 580 603 632 671 692 700 701 716 722 736 737 771 772 777 798 821 831 864 884 935 972 979
1  466
2  249 662
6  36 55 119 328 469 702
1  127
1  229
2  367 744
8  14 173 185 331 443 542 900 903
1  571
2  106 446
8  50 260 529 602 636 724 751 887
38  0 2 4 5 6 11 13 37 39 172 205 214 232 253 338 358 375 412 429 506 517 536 541 546 573 579 580 586 611 621 653 690 692 700 736 737 831 864
16  400 405 452 485 546 563 580 586 692 693 701 736 791 831 871 972
5  357 386 439 979 999
4  34 327 338 791
7  631 751 777 796 798 887 972
1  312
1  89
1  191
3  518 870 918
6  21 137 141 154 831 834
3  316 667 691
1  43
3  523 799 831
9  42 94 102 182 393 511 657 887 961
1  104
43  0 2 4 5 6 9 13 16 22 23 27 45 47 52 74 92 109 214 293 299 391 392 407 449 487 517 552 561 606 618 653 701 715 723 736 737 758 821 840 844 859 972 999
4  50 226 235 795
3  166 776 989
1  493
5  0 4 5 751 817
2  259 879
23  216 318 354 409 422 427 452 455 506 536 546 561 632 647 700 701 736 802 821 831 833 864 935
2  44 574
3  215 313 614
13  0 1 28 37 76 95 105 125 253 692 835 887 991
27  1 8 42 65 71 94 163 182 200 218 239 318 393 416 432 506 511 541 595 645 693 712 817 869 887 961 991
1  494
7  201 236 357 367 744 961 999
2  462 505
1  133
4  623 684 714 743
3  475 876 983
2  451 864
3  399 677 761
5  39 64 240 690 692
2  642 689
3  171 436 962
3  554 749 831
2  189 297
18  3 41 119 213 244 283 288 293 348 536 621 690 736 771 804 821 831 909
2  497 761
3  230 444 732
4  265 717 774 909
1  328
7  349 536 546 771 777 791 864
9  332 397 399 408 483 497 571 665 761
7  166 224 381 808 869 960 999
1  175
3  89 121 210
2  594 859
1  172
1  290
3  662 714 743
1  492
2  28 101
4  404 697 821 829
16  66 80 88 110 138 218 329 726 736 737 798 810 840 858 864 922
1  667
39  0 1 2 4 6 8 9 10 11 15 19 21 39 44 50 62 87 125 244 300 301 338 349 354 409 455 506 570 632 666 671 692 696 736 751 755 790 864 935
1  642
98  0 1 2 4 5 6 13 20 21 22 37 41 45 52 53 58 60 68 80 89 93 96 103 104 105 115 119 120 121 126 168 187 198 214 218 243 253 254 264 288 301 310 338 342 354 358 371 392 406 409 421 449 452 455 466 475 477 478 506 517 536 541 546 552 580 582 588 616 621 632 633 656 666 690 700 701 705 711 728 736 737 739 748 777 786 790 792 798 821 831 840 859 864 887 892 949 991 994
73  0 9 12 16 19 20 22 24 25 27 35 46 47 50 53 72 79 86 94 109 116 179 208 214 218 228 253 293 296 299 306 358 359 392 406 409 419 432 449 452 455 476 477 500 504 517 546 561 580 588 633 657 700 701 706 725 728 734 736 737 750 821 831 864 876 884 887 909 935 950 961 972 991
2  134 839
8  0 2 84 496 582 701 736 792
10  506 517 690 727 736 755 759 790 795 864
9  13 16 278 404 452 536 687 821 859
3  15 254 832
1  271
67  0 1 2 6 8 9 10 19 21 22 43 45 89 93 96 106 116 141 150 155 169 181 187 195 205 214 221 301 320 327 392 398 409 422 427 429 449 480 492 500 506 517 541 546 552 580 611 621 632 653 692 693 701 703 716 722 736 737 751 784 791 802 821 831 935 953 972
111  0 1 2 4 6 8 9 11 20 21 22 23 25 27 36 43 47 59 60 62 79 80 81 84 88 89 92 99 104 109 110 121 123 126 135 144 145 155 160 162 164 178 213 214 216 234 238 251 253 273 290 293 338 359 371 405 409 426 438 449 452 463 472 489 496 506 517 524 531 540 541 552 563 566 580 603 606 621 633 647 653 692 693 695 700 705 716 722 725 728 736 737 751 756 771 786 790 798 821 831 840 844 855 864 896 935 950 953 961 972 979
1  624
6  106 205 700 722 736 831
1  22
13  38 146 338 422 449 692 701 722 736 737 864 866 994
1  693
2  65 311
1  37
2  135 197
2  95 939
3  692 753 949
6  200 595 657 887 961 991
2  293 975
3  662 684 743
5  647 736 859 961 999
26  0 1 6 69 214 253 278 385 409 422 427 466 541 546 621 700 701 722 723 736 771 784 821 831 864 887
2  674 774
4  148 911 954 955
1  183
2  420 831
1  400
71  0 1 2 8 9 21 22 23 27 28 35 39 44 57 74 80 82 95 119 125 130 141 145 176 243 253 254 255 276 278 288 293 322 373 392 412 452 455 478 491 514 517 531 541 546 561 621 700 701 703 705 716 723 736 737 755 771 821 831 839 840 859 864 866 876 935 938 953 961 979 999
22  8 23 35 47 293 391 406 409 516 541 546 647 716 722 736 737 758 786 821 859 864 999
17  0 13 22 39 50 188 246 260 271 374 430 449 529 602 631 751 821
29  4 13 24 27 29 32 34 39 62 110 119 121 155 214 392 517 546 554 586 693 701 734 736 756 790 864 884 909 972
3  688 737 840
3  696 759 795
38  0 2 6 8 15 22 31 32 41 44 45 58 81 135 138 206 299 308 354 358 392 422 536 582 594 692 693 701 735 736 737 786 790 795 831 840 859 935
2  447 731
4  30 253 406 422
1  729
3  230 444 673
1  74
16  5 7 53 72 86 106 162 452 517 693 725 736 821 831 864 876
11  24 39 74 149 594 617 728 737 786 859 935
159  0 1 2 3 4 5 6 8 9 10 11 13 14 15 16 18 20 21 22 23 24 25 27 29 32 34 39 41 43 44 45 46 50 54 58 60 62 63 66 68 74 79 80 81 87 89 115 118 119 123 126 127 135 137 138 154 164 168 169 187 195 210 213 216 218 241 243 244 250 253 278 283 288 293 299 301 306 307 318 327 348 349 354 356 358 385 395 409 422 449 452 455 466 472 506 517 524 532 536 540 541 546 550 552 566 580 583 593 603 611 621 632 633 647 653 671 688 690 692 693 695 696 700 701 703 705 715 716 722 723 725 728 734 737 751 771 772 784 786 798 802 810 821 831 840 855 859 864 871 884 887 909 935 953 961 972 979 994 999
175  0 1 2 4 6 8 9 10 11 13 14 15 17 18 19 20 21 22 23 24 26 27 29 30 31 32 33 34 35 39 44 45 47 49 50 54 56 59 60 62 64 68 74 78 80 81 87 89 92 96 116 118 119 126 127 129 131 132 135 136 138 145 146 150 154 155 162 169 178 180 181 184 187 203 208 210 214 216 218 219 238 241 249 250 253 257 265 272 278 288 293 299 305 318 320 327 338 342 345 349 350 351 353 354 358 359 360 365 385 392 406 409 411 412 413 422 432 435 438 449 452 455 461 472 477 500 506 516 517 522 531 532 535 536 540 541 545 546 547 564 566 580 585 621 632 647 688 692 693 700 701 705 722 723 726 728 735 736 751 771 786 798 807 821 831 840 855 859 864 871 909 935 950 961 999
1  52
19  2 3 13 14 16 19 39 103 127 135 184 218 299 358 409 580 692 821 935
2  155 831
2  470 990
1  236
3  662 684 714
6  367 627 659 857 908 999
2  341 567
15  11 13 176 193 206 231 301 358 488 564 580 599 821 831 969
2  542 900
4  406 449 477 692
4  222 554 669 854
30  0 2 4 5 7 12 44 52 53 83 87 214 216 349 360 373 419 429 450 455 506 517 546 586 693 751 821 831 859 900
103  0 1 2 4 5 6 7 8 9 10 11 12 14 15 20 22 28 32 34 35 39 44 46 50 56 58 62 68 70 81 88 100 110 119 121 123 126 129 131 132 135 138 145 155 176 214 216 218 242 243 246 250 260 293 296 306 338 354 406 413 430 449 452 455 461 468 477 517 594 602 631 636 651 690 700 701 724 736 737 750 756 771 777 786 796 798 810 821 831 840 855 859 864 871 884 887 896 909 935 950 953 961 972
1  344
3  711 825 936
2  540 860
9  369 455 690 696 722 839 840 859 961
27  0 27 64 100 104 110 119 123 244 406 413 455 477 478 580 701 725 751 765 771 777 810 831 855 859 884 972
2  41 971
22  0 1 4 6 8 74 104 109 155 169 350 411 475 517 580 647 723 786 787 821 831 864
5  279 450 517 696 727
3  315 384 889
7  397 399 483 497 665 672 677
3  405 831 851
2  515 815
3  173 900 997
4  244 756 771 831
5  223 491 821 829 831
2  291 528
1  196
3  455 876 961
3  135 598 821
52  0 1 4 6 9 13 24 39 64 96 141 204 213 244 253 296 299 349 392 398 427 435 452 466 517 524 536 546 552 580 621 671 676 701 716 722 736 737 751 756 765 777 786 791 796 798 821 831 864 935 972 999
23  0 9 32 41 58 66 90 98 126 145 155 278 541 580 621 736 777 786 798 831 855 859 884
1  458
3  674 717 909
3  7 12 821
7  42 65 113 166 649 869 883
36  0 2 4 20 62 87 88 89 104 137 162 349 371 574 621 636 676 692 751 756 771 772 786 791 796 798 810 821 831 855 859 864 887 961 972 994
5  357 386 439 979 999
1  317
1  38
7  27 32 115 580 810 884 979
1  175
2  498 929
22  23 25 41 57 60 156 208 293 298 449 531 541 552 580 700 716 736 786 798 821 840 961
4  18 33 320 979
66  0 4 8 9 10 13 14 15 22 24 27 34 40 60 74 96 119 126 130 135 137 141 149 154 187 250 289 322 327 359 385 409 452 475 516 517 546 594 692 701 723 728 735 736 737 751 758 771 772 777 784 791 796 798 821 831 840 855 859 864 868 876 887 935 972 994
12  36 40 45 119 121 350 506 758 788 821 864 909
2  787 821
2  344 819
18  0 50 89 104 216 506 552 690 692 696 701 725 728 795 810 821 864 935
19  6 299 327 354 411 536 580 633 635 676 700 771 777 786 796 798 831 876 979
7  0 84 582 692 695 949 994
1  482
6  133 619 882 921 958 995
21  6 8 22 29 50 89 126 155 216 226 235 601 648 696 727 728 790 810 884 917 935
14  34 155 242 636 751 771 777 786 791 798 855 876 887 935
2  330 821
74  0 1 2 3 4 9 10 11 13 15 16 18 22 24 25 27 32 41 46 60 66 71 81 87 88 89 126 128 131 145 187 216 218 306 323 345 354 427 449 455 477 490 541 554 568 583 621 636 688 692 701 736 737 751 771 772 777 784 786 791 796 810 821 831 840 855 859 868 876 887 935 947 961 972
1  644
1  116
1  16
16  6 8 23 35 57 178 219 536 541 653 700 736 821 831 840 935
2  339 508
9  134 216 250 369 455 536 671 810 876
7  159 166 233 314 502 538 961
1  168
2  737 855
4  678 869 960 999
2  25 60
55  0 1 22 27 56 69 110 145 184 187 195 214 218 228 249 250 293 350 354 358 406 409 411 449 455 477 486 506 541 552 580 594 688 736 751 756 777 781 790 795 798 804 821 831 840 855 859 864 871 884 887 917 935 994 999
4  97 148 954 955
3  2 11 73
4  137 213 620 831
6  6 41 69 77 112 572
2  515 763
2  428 556
15  0 1 2 4 5 6 8 9 10 239 278 296 651 657 887
1  575
3  19 344 789
1  339
172  0 2 3 4 6 7 8 9 10 11 12 13 14 15 17 18 22 23 24 25 27 33 34 35 39 41 43 44 45 52 56 57 63 64 80 81 87 89 92 97 110 115 119 121 123 126 127 130 135 138 145 155 162 176 178 184 187 195 197 199 204 206 208 211 214 216 218 223 228 231 237 250 253 254 278 283 288 289 293 296 299 301 318 330 337 338 349 354 356 358 373 385 392 398 406 409 412 413 422 438 452 455 463 466 477 488 491 506 507 516 517 531 536 540 541 546 547 564 580 583 598 611 614 621 647 653 671 687 692 693 697 700 701 716 722 723 724 734 736 737 739 746 750 751 758 766 770 771 775 777 784 786 787 788 790 797 798 802 810 829 831 840 855 859 864 876 884 887 934 935 950 972
1  555
1  46
1  486
2  753 936
2  0 48
1  392
8  8 57 243 293 358 365 506 864
5  687 766 821 831 859
2  302 465
217  0 1 2 3 4 5 6 7 8 9 10 11 12 13 14 15 19 20 21 22 23 24 25 27 28 29 31 32 34 35 36 39 43 44 45 46 53 54 56 60 62 64 68 72 76 81 86 87 89 92 95 96 103 105 109 115 117 119 121 123 126 127 132 135 136 137 138 140 141 154 155 162 168 178 179 180 184 187 195 203 206 208 212 213 214 216 218 219 220 228 238 244 250 251 253 254 257 263 278 283 288 293 294 301 309 310 318 327 338 348 349 352 353 354 356 358 359 375 376 385 392 398 400 405 406 409 411 413 419 420 424 429 433 449 452 455 466 477 491 500 506 516 517 522 523 531 533 536 541 545 546 552 554 562 563 580 583 586 588 593 594 621 632 633 641 644 653 669 671 692 693 700 701 703 716 720 722 728 734 736 737 740 746 750 751 756 758 762 765 766 771 772 777 786 791 798 802 810 813 821 829 840 855 859 864 868 871 876 887 909 935 950 953 954 961 972 999
1  698
4  354 476 506 653
1  641
4  76 105 253 656
3  522 585 985
1  452
4  122 452 967 999
14  12 39 84 134 214 358 369 373 694 722 755 855 868 961
91  0 1 4 5 9 11 13 14 15 19 20 26 33 34 36 45 58 59 62 81 87 88 100 111 117 119 121 123 126 135 138 144 155 178 193 214 218 220 243 250 264 273 274 293 296 301 307 318 385 409 411 413 449 452 514 546 552 569 574 580 598 647 688 692 701 722 726 728 736 737 751 755 784 786 798 802 810 821 831 855 859 864 868 876 887 909 935 950 953 961 999
1  323
2  4 172
1  180
17  23 27 32 34 44 169 216 301 517 541 552 647 701 864 876 961 972
2  556 970
1  285
1  332
2  448 895
1  169
1  305
1  762
1  302
2  517 986
1  749
43  18 35 54 58 89 90 117 242 244 293 348 358 385 413 455 522 541 602 701 736 737 751 756 772 777 786 796 798 807 810 821 831 839 840 859 868 876 887 903 935 961 972 999
1  428
3  744 908 925
3  218 249 688
77  0 2 4 6 9 14 15 23 24 27 29 39 41 70 79 127 129 135 214 253 288 293 301 318 354 358 359 404 406 409 421 432 443 451 452 455 516 536 583 588 594 647 681 692 697 715 722 723 728 735 736 737 750 751 755 756 772 777 786 798 810 821 829 831 840 855 864 868 876 884 887 900 909 950 961 972 999
1  754
2  386 999
3  421 451 864
2  459 996
133  0 1 2 3 4 6 8 10 11 12 13 14 15 16 19 22 23 30 36 38 39 42 44 45 50 53 57 60 62 64 80 81 82 87 88 89 99 110 118 119 121 123 126 127 129 135 136 138 155 177 180 187 208 210 216 218 230 249 250 252 253 279 293 299 318 354 358 365 406 413 419 421 422 438 449 451 461 468 477 506 509 517 531 536 540 541 546 566 574 580 621 632 653 664 676 688 690 692 693 696 701 705 716 722 723 725 734 736 737 751 758 771 777 786 787 790 810 821 828 831 840 844 859 862 868 876 887 935 950 953 961 994 999
1  429
8  1 9 413 449 517 705 722 935
1  414
29  0 2 7 11 12 13 53 60 70 89 104 162 369 373 786 798 831 839 840 855 859 864 884 905 909 935 950 972 999
28  42 65 94 102 113 159 166 224 233 270 295 311 381 393 415 511 520 581 595 609 657 678 776 808 887 960 961 999
1  640
37  0 4 16 20 21 29 32 34 64 119 135 155 184 187 214 219 220 228 239 249 380 385 452 485 540 633 736 737 751 810 831 876 887 935 961 972 978
1  481
2  198 993
4  218 506 927 976
1  473
55  5 18 53 72 92 110 129 131 154 169 178 181 210 216 219 242 250 318 349 376 398 406 429 455 471 475 506 517 541 663 693 722 734 769 786 791 796 798 804 821 831 840 844 855 859 864 871 887 909 935 948 950 961 983 999
5  145 176 293 358 998
2  160 161
3  198 259 652
5  0 1 21 75 84
1  191
6  619 794 921 958 995 999
1  776
36  0 2 6 8 9 32 81 126 135 141 250 254 409 422 455 506 517 552 573 580 621 693 725 736 751 756 772 781 795 810 821 859 868 917 935 999
1  267
1  437
76  0 1 2 4 6 13 14 15 18 20 22 25 27 41 47 71 135 138 145 155 178 187 208 214 218 227 249 250 253 293 296 299 318 326 354 409 422 429 452 484 516 517 602 606 631 636 645 656 657 692 693 712 716 736 751 777 786 796 798 810 817 821 831 840 855 859 864 869 871 876 900 935 950 961 991 999
1  223
2  315 760
2  298 896
7  133 171 262 383 917 958 995
5  2 84 134 582 692
1  581
2  415 923
1  848
13  6 8 21 23 25 50 119 156 251 298 701 751 890
1  538
1  231
6  104 169 181 221 350 916
25  6 7 21 119 135 173 185 187 331 429 443 450 456 542 602 628 747 750 764 859 887 903 935 950 997
1  306
1  189
6  15 542 602 628 855 900
1  237
1  868
1  220
1  405
2  744 857
38  1 25 46 89 119 132 138 174 214 216 250 265 293 296 364 392 406 449 455 517 541 546 671 674 693 725 736 737 751 774 787 831 840 859 868 876 935 999
1  389
2  718 955
1  483
2  361 979
2  255 362
2  355 565
2  899 937
13  50 133 171 262 383 795 810 884 891 935 958 995 999
1  640
2  463 935
1  523
4  619 794 882 995
1  688
1  894
1  593
1  857
2  523 928
1  874
1  926
2  498 783
1  130
1  466
1  210
1  256
1  821
101  0 1 2 3 4 6 8 9 10 11 13 14 15 16 18 19 22 27 34 41 43 44 45 50 55 56 81 89 96 103 119 126 130 135 184 195 214 226 235 250 253 255 327 338 358 385 409 412 422 427 432 449 463 477 494 506 517 546 561 580 594 617 621 653 690 693 700 701 722 728 735 736 737 739 751 771 786 790 795 796 798 802 810 821 831 840 855 864 866 868 871 876 884 887 900 909 917 919 961 972 999
2  753 825
1  916
5  2 89 104 580 722
1  710
1  542
2  163 973
1  121
3  22 243 354
1  169
1  75
2  502 961
2  41 798
2  471 876
4  582 692 711 792
32  14 15 25 45 81 119 126 195 203 228 406 438 517 540 546 566 580 693 701 737 751 821 831 840 859 864 868 876 887 900 961 999
1  154
11  75 108 142 153 212 236 358 386 510 961 968
31  5 10 21 52 125 155 195 209 214 243 257 260 318 357 358 400 405 440 452 700 701 722 736 751 831 840 864 961 972 994 999
10  23 39 54 97 148 718 811 831 955 961
7  54 97 148 718 811 911 954
1  263
2  425 608
16  2 11 50 133 171 262 304 383 436 619 794 882 891 917 995 999
1  338
5  381 678 808 869 999
106  0 1 2 4 6 8 9 10 11 15 18 23 27 32 34 35 42 43 47 50 53 62 63 64 65 68 72 81 82 87 88 94 108 131 142 147 148 153 159 162 166 167 200 201 214 216 233 242 243 260 264 293 301 314 357 386 393 409 452 455 461 495 502 511 529 538 595 645 657 659 693 701 712 715 722 736 737 751 755 769 777 784 798 805 831 839 840 844 855 859 864 869 871 876 887 935 946 950 952 953 954 972 979 991 994 999
2  171 668
2  161 365
1  319
2  580 992
1  503
3  120 122 838
4  75 108 212 952
1  746
1  845
1  757
51  1 2 3 6 13 27 44 45 95 117 129 150 162 348 371 392 429 452 477 485 487 489 621 633 636 647 693 700 701 725 736 751 756 771 777 786 798 821 831 844 855 859 868 871 935 953 961 979 991 994 999
1  941
2  0 10
1  713
1  874
2  74 409
1  871
67  0 1 2 4 6 8 9 10 11 13 14 15 16 18 19 21 22 23 27 32 36 39 43 44 45 68 74 89 92 95 109 119 121 137 154 187 195 210 218 240 253 255 299 320 357 361 406 411 439 452 500 517 536 621 634 701 722 736 778 781 785 791 913 961 972 994 999
3  65 295 311
2  201 236
1  579
2  663 876
3  24 27 29
1  836
1  853
3  18 26 33
1  381
1  649
2  470 741
15  42 65 94 200 595 656 657 692 693 712 887 961 972 994 999
1  965
1  873
15  216 692 705 736 777 786 792 810 864 953 961 972 979 991 999
14  133 171 262 304 383 390 619 794 882 891 917 921 958 999
1  863
2  764 900
1  877
77  2 5 6 8 20 22 41 42 65 80 82 94 102 122 137 159 166 233 293 338 357 364 367 386 391 392 393 405 406 439 449 452 476 487 489 506 536 634 647 659 678 715 722 723 736 737 744 771 778 808 810 831 838 840 855 859 861 864 868 869 876 882 884 887 909 917 935 950 953 958 960 961 972 979 991 994 995
