
***ForestFire:  GeoFire  Nodes:1000  StartNodes:1  Take2AmbProb:0
                FwdBurnP:0.35  BckBurnP:0.354  ProbDecay:1  Orphan:0
(1000, 8080)  burned: [1,9,2]  [0.03s]
1000
120  1 3 6 7 23 24 26 28 32 33 38 43 49 55 57 65 69 75 79 92 108 113 115 124 129 130 131 135 153 155 164 165 167 168 180 182 187 191 201 204 214 227 228 240 241 249 269 285 290 292 295 302 303 304 314 321 334 340 341 349 352 361 379 384 386 390 392 397 402 422 429 438 446 453 466 481 482 485 488 490 500 506 524 570 578 581 592 603 615 619 645 650 690 702 707 734 742 743 751 785 793 800 827 861 864 877 882 891 893 912 919 924 925 942 948 975 976 982 985 995
123  0 2 7 19 20 22 23 27 28 32 33 35 38 41 43 49 51 52 55 57 65 74 79 84 100 108 113 126 130 131 135 137 139 145 146 153 155 163 167 187 191 201 221 226 228 240 244 249 269 274 277 282 285 290 292 295 303 314 321 340 341 345 347 349 361 379 384 386 396 397 425 438 446 463 481 482 485 488 490 496 506 512 524 537 570 578 592 603 605 615 619 634 645 646 690 699 707 712 726 730 734 742 743 785 793 796 800 801 827 864 877 882 891 893 912 919 924 942 948 975 976 982 985
89  1 4 5 12 13 19 22 27 32 38 41 55 74 84 107 125 130 131 135 137 145 153 163 180 187 198 201 221 262 269 282 285 290 292 321 340 341 347 349 352 363 379 386 397 438 446 466 485 488 489 500 524 535 537 570 571 578 592 603 605 619 634 645 684 690 730 734 742 743 751 785 793 796 800 827 864 867 882 891 893 912 919 942 948 953 962 975 976 985
22  0 32 33 43 56 79 131 135 279 290 422 482 734 743 746 751 754 785 798 864 975 985
61  2 11 13 16 22 38 41 47 55 73 74 87 121 125 130 135 139 146 153 180 187 196 201 209 262 269 290 320 321 349 363 379 386 421 438 446 489 507 537 570 571 592 619 634 645 696 697 733 743 785 793 796 864 882 905 912 919 942 948 975 985
36  2 8 40 45 60 74 78 96 116 137 146 153 180 226 229 291 304 379 430 512 549 578 602 619 634 637 657 690 785 800 801 877 912 975 976 982
24  0 9 33 102 153 154 167 182 187 226 290 379 402 446 482 490 502 645 743 800 802 864 963 975
75  0 1 10 14 25 28 30 35 43 49 51 57 65 75 79 108 109 131 139 141 146 153 155 167 191 226 228 241 249 263 288 290 295 302 303 315 340 345 349 361 379 386 397 398 425 438 446 482 524 542 570 577 578 592 603 619 645 690 699 743 785 800 827 864 877 882 891 912 919 924 925 948 975 976 985
14  5 45 78 116 153 201 304 578 634 690 785 827 891 976
10  6 102 187 285 299 427 439 552 645 942
66  7 14 25 28 30 35 36 43 54 57 68 79 88 109 131 153 155 167 180 187 191 234 263 271 288 290 295 302 303 315 341 349 361 379 386 390 410 482 506 570 603 619 645 690 699 734 743 785 814 827 854 864 877 882 891 912 918 919 924 942 945 948 975 976 984 985
14  4 16 87 153 269 295 386 446 500 645 793 912 919 990
40  2 13 22 74 145 153 180 201 263 277 295 341 349 352 379 386 397 446 481 482 489 524 548 570 619 672 677 734 751 785 800 827 862 864 912 942 948 962 975 976
76  2 4 12 15 16 18 22 27 31 38 41 47 73 74 84 137 139 150 151 153 156 159 174 180 187 195 196 201 249 259 263 269 276 285 290 292 295 304 320 327 379 382 386 418 446 462 489 506 507 537 562 570 578 603 619 645 696 711 745 751 785 793 800 827 877 891 893 905 912 919 924 942 948 975 976 985
47  7 10 25 28 30 35 43 54 57 62 79 126 147 180 187 191 228 288 290 295 349 378 379 386 390 397 472 482 570 578 619 645 690 699 707 785 800 827 854 864 882 891 919 948 975 976 985
39  13 16 38 73 74 114 139 153 174 180 201 212 237 240 269 290 292 295 320 327 379 386 512 562 570 571 578 587 603 614 634 696 697 785 800 942 948 976 985
32  4 11 13 15 17 18 21 42 74 87 139 153 159 269 276 295 379 386 438 446 489 500 506 562 570 578 603 697 785 891 912 985
26  16 18 21 74 139 159 195 211 240 256 276 295 379 386 438 442 500 506 522 570 572 856 907 948 975 985
33  13 16 17 21 38 74 139 159 195 240 263 269 276 295 379 400 438 441 466 484 500 524 570 592 619 785 800 827 891 912 948 975 985
58  1 2 20 27 32 41 55 65 74 76 84 135 137 153 187 191 274 282 290 295 340 341 349 379 384 396 399 438 485 523 537 563 578 592 605 619 634 690 707 734 743 785 793 800 827 862 864 867 877 891 912 919 942 948 962 976 982 985
52  1 19 27 29 32 43 44 49 53 55 79 84 113 140 146 153 191 206 271 277 285 290 295 341 379 384 386 414 438 481 482 496 578 592 605 634 690 734 743 785 793 803 827 882 891 912 919 942 975 976 985 995
30  16 17 18 34 64 74 93 123 139 159 195 220 240 269 272 295 379 386 500 534 578 619 645 728 793 827 877 890 912 976
43  1 2 4 12 13 38 74 153 187 201 255 263 277 290 292 295 347 379 382 386 389 397 418 438 446 481 524 570 578 605 619 646 690 713 751 794 867 912 919 948 975 976 985
54  0 1 28 32 33 35 43 49 52 57 79 113 126 131 135 147 153 155 167 187 191 201 226 228 290 314 340 349 352 379 386 413 420 438 482 512 603 615 619 645 728 743 785 793 827 864 887 891 912 919 924 975 976 985
40  0 26 33 57 65 69 129 130 153 155 167 214 248 285 295 304 340 341 349 354 361 379 425 438 482 519 570 578 581 619 652 743 800 864 877 919 942 948 975 985
30  7 10 14 28 30 35 68 79 104 167 191 263 288 290 295 349 379 386 397 482 570 592 603 645 785 827 891 919 975 985
39  0 24 33 48 57 67 79 80 85 153 155 234 253 260 277 290 295 304 314 340 341 379 384 386 506 519 562 603 690 707 743 827 877 891 912 919 942 976 985
60  1 2 13 19 20 32 39 43 51 53 55 79 84 113 131 135 137 153 163 187 290 292 295 304 306 321 340 341 347 379 386 401 438 445 466 469 481 506 523 537 578 603 614 619 682 696 712 716 743 785 827 864 877 912 919 924 948 975 976 985
66  0 1 7 10 14 23 25 30 32 35 43 49 54 57 79 108 113 131 133 139 147 153 155 167 180 187 191 203 226 228 274 290 295 314 340 341 349 379 397 466 482 506 552 561 570 592 603 619 645 674 699 712 734 785 793 800 814 827 877 891 912 919 942 975 976 985
30  20 43 49 79 112 113 140 142 146 153 228 277 295 341 379 429 438 482 742 743 785 800 827 864 877 891 912 942 976 982
52  7 10 14 25 28 32 35 37 57 65 72 79 84 103 105 108 155 161 180 187 214 226 290 345 354 379 386 397 438 446 463 465 466 500 546 578 603 619 645 699 785 793 800 827 877 891 912 918 919 942 975 985
7  13 46 139 318 369 663 975
52  0 1 2 3 19 20 23 27 28 30 43 55 66 75 79 84 113 131 135 139 140 153 179 187 191 264 290 304 352 379 386 397 401 429 438 482 562 603 619 645 690 743 793 800 827 877 891 903 975 976 985 998
57  0 1 3 6 23 24 26 43 57 63 79 113 126 146 153 179 187 201 214 226 227 233 260 285 290 295 304 340 341 347 352 379 384 386 427 446 466 482 562 570 578 583 592 619 691 707 712 734 743 754 827 864 877 891 912 975 976
7  21 74 159 269 379 386 877
55  1 7 10 14 23 25 28 30 43 49 51 54 55 57 79 84 105 108 113 135 147 153 158 161 187 191 285 290 295 341 379 386 390 402 429 438 482 503 570 578 592 603 619 645 653 699 707 785 793 827 891 919 924 975 976
8  10 79 86 187 315 603 743 864
16  30 71 105 108 161 187 295 379 397 438 446 570 793 818 942 975
36  0 1 2 4 13 15 18 22 41 55 74 84 201 263 285 290 295 320 379 386 438 466 530 570 571 592 645 690 743 785 796 912 942 948 975 985
34  27 43 51 79 100 131 135 139 163 240 290 295 304 341 379 438 445 506 578 614 619 646 712 743 891 893 912 919 924 942 948 975 976 985
25  5 45 78 96 132 137 180 229 304 341 356 379 452 512 549 578 619 690 710 785 801 841 877 975 991
35  1 2 4 13 19 38 55 74 95 115 135 139 146 153 187 221 295 340 386 429 437 500 506 562 605 743 793 827 862 864 891 912 942 948 985
9  16 58 70 74 364 379 500 904 912
82  0 1 3 7 10 14 20 23 27 28 29 32 33 35 39 49 51 53 54 55 57 75 79 84 108 113 115 131 135 138 142 150 153 155 187 191 226 263 271 290 292 295 314 340 341 349 379 386 397 427 438 439 466 469 482 537 570 575 578 603 605 614 619 690 697 699 743 785 800 827 854 877 882 891 912 919 924 948 975 976 982 985
7  20 277 344 384 482 740 743
16  5 8 40 78 116 132 229 304 526 578 690 709 785 891 912 975
4  31 318 369 975
22  4 13 50 121 125 135 150 153 180 187 205 240 295 386 507 524 537 619 645 696 827 985
6  26 80 234 287 290 603
62  0 1 7 20 23 28 29 35 43 51 53 55 57 84 100 129 135 138 139 140 146 153 161 191 228 280 285 290 295 314 340 341 349 352 379 386 397 413 438 481 482 603 614 619 646 696 734 785 800 827 864 877 880 891 912 919 924 945 975 976 982 985
7  47 125 131 153 187 524 985
41  1 7 27 35 39 43 49 53 55 57 79 100 108 113 131 135 139 153 163 187 191 285 290 295 340 341 386 481 506 570 578 603 619 646 827 862 912 919 924 948 976
19  1 23 61 113 146 147 185 187 228 244 295 342 438 482 517 570 578 619 827
43  20 27 43 49 51 55 57 59 79 84 100 129 135 139 140 142 161 187 191 240 290 295 341 349 379 386 397 438 482 543 605 619 645 696 880 891 912 924 942 948 976 982 985
34  10 14 28 35 43 55 57 74 84 88 131 155 187 290 340 379 438 482 498 508 575 578 619 633 707 785 827 854 891 919 942 945 976 999
80  0 1 2 4 19 20 27 32 35 38 41 43 49 51 53 54 57 67 74 75 79 84 113 115 121 126 131 135 139 146 153 163 179 187 191 194 206 263 269 285 290 295 329 340 349 352 361 379 386 397 438 481 482 506 543 562 570 578 605 619 653 690 702 707 742 743 793 800 803 827 862 877 882 891 912 919 942 976 985 995
3  3 422 695
80  0 1 7 10 14 23 24 26 28 30 33 35 43 49 51 53 54 55 59 67 79 88 105 108 113 126 129 131 138 139 153 155 171 180 187 191 214 228 234 290 295 314 340 341 349 354 379 386 438 465 482 492 524 552 562 570 578 603 619 690 697 707 734 785 793 800 801 827 854 864 882 891 912 924 945 948 972 975 976 985
7  42 70 77 364 379 837 904
19  53 57 88 126 142 153 187 340 341 379 482 552 605 619 891 912 924 948 976
4  5 96 172 430
13  52 113 147 187 295 341 481 800 827 867 912 924 976
3  14 191 295
27  33 79 147 179 187 226 231 250 260 302 304 388 427 466 482 506 512 581 583 592 619 712 743 877 891 919 975
5  21 74 122 238 295
28  0 1 7 19 24 30 74 105 115 153 161 295 340 379 392 425 438 466 570 578 619 645 854 877 882 919 962 985
15  32 75 153 187 252 274 321 397 482 603 645 836 864 891 985
33  26 55 57 79 82 108 113 153 155 187 214 268 295 304 314 340 379 386 481 482 492 506 603 614 619 690 707 743 757 827 891 919 985
14  10 25 153 191 288 303 314 379 386 420 482 601 912 919
31  0 24 79 81 83 101 108 113 121 129 153 204 258 285 295 314 340 341 361 379 567 578 619 645 696 743 827 877 919 975 982
8  42 58 152 210 364 379 470 904
16  37 105 108 149 187 255 263 308 379 386 397 438 446 570 793 975
8  30 103 312 438 448 593 787 976
19  4 13 15 74 137 139 153 180 263 295 379 386 446 605 619 793 890 948 976
75  1 2 4 5 12 13 15 16 17 18 19 21 22 34 38 41 42 54 55 64 65 73 84 105 115 135 137 139 153 159 180 187 191 195 201 221 226 240 242 263 295 304 320 340 341 352 359 379 386 397 438 446 473 489 531 562 570 605 615 619 626 645 697 711 785 827 864 890 907 912 942 948 975 976 985
24  0 7 32 43 55 66 79 135 187 191 194 263 361 460 482 578 603 743 793 827 864 877 891 948
8  19 341 396 399 563 592 619 743
11  58 89 188 305 379 538 633 636 660 837 904
16  5 8 40 45 116 153 180 229 304 379 578 602 619 690 785 877
99  0 1 3 7 10 14 20 23 25 26 27 28 29 30 32 33 35 36 39 43 51 53 55 57 63 67 69 75 81 82 100 101 108 113 121 126 131 135 140 142 146 147 155 161 179 187 191 225 226 228 231 258 263 266 274 277 285 290 295 302 304 314 340 341 345 353 361 368 379 386 397 438 439 481 482 506 524 578 603 619 634 646 696 743 785 792 800 827 864 877 891 912 919 924 942 948 975 976 985
6  26 48 234 290 559 603
33  69 79 83 101 108 121 142 153 187 191 240 258 285 295 314 357 361 438 439 619 634 645 673 699 793 800 827 877 891 912 919 975 982
43  67 79 99 101 108 121 128 153 187 202 204 214 225 231 266 295 309 314 321 340 379 386 390 438 466 479 482 506 603 619 645 650 690 743 785 800 827 862 907 912 919 975 985
26  69 81 101 108 110 121 129 134 153 181 187 228 240 285 295 314 340 361 438 578 634 793 877 891 919 976
57  1 2 13 19 20 27 30 32 35 38 43 49 53 54 55 74 88 131 135 139 140 153 187 221 226 240 285 290 304 340 341 379 386 396 438 482 512 523 592 619 684 690 730 743 793 800 827 877 891 912 924 942 948 975 976 982 985
12  26 98 153 187 295 431 519 581 618 942 962 976
16  36 178 187 263 295 315 386 603 734 743 759 912 942 962 976 985
13  4 11 16 262 276 343 379 386 446 500 645 751 912
39  10 54 57 59 84 90 126 131 140 153 155 187 254 271 295 302 340 379 463 482 524 552 605 619 683 684 743 783 793 827 864 869 877 891 912 924 942 975 976
18  77 91 94 120 173 176 186 257 403 494 554 611 633 639 649 655 837 961
14  88 111 144 192 216 254 307 340 512 684 783 827 912 976
7  89 97 246 339 403 611 961
12  0 124 130 153 379 438 446 482 506 558 975 985
10  21 123 195 269 333 367 379 645 827 948
10  89 120 176 186 199 494 639 655 837 933
7  41 115 135 429 480 565 696
11  5 40 60 127 236 379 381 430 452 801 946
6  91 148 246 273 278 611
10  85 153 161 219 295 411 519 618 942 956
12  82 101 121 153 204 314 615 634 650 800 864 948
31  1 39 49 51 53 79 108 121 131 135 139 140 187 191 240 304 340 341 379 478 619 646 707 712 743 824 827 912 948 975 976
41  69 79 81 82 83 99 110 113 121 128 136 139 153 161 187 191 204 240 249 258 290 295 309 321 349 383 386 438 463 466 482 614 619 634 645 793 827 912 919 948 976
13  6 9 118 167 187 285 439 490 638 645 743 795 845
6  30 72 290 438 500 570
5  25 167 386 877 963
26  30 35 37 57 65 71 74 106 108 153 180 191 304 379 438 463 466 570 619 645 827 867 965 975 976 985
18  105 108 141 153 161 180 225 349 379 386 543 619 751 827 912 942 948 985
2  2 162
70  0 1 7 28 30 35 37 43 51 57 67 69 71 79 81 82 83 100 105 106 110 121 129 131 135 139 141 153 157 161 180 187 225 226 274 290 295 314 324 340 341 349 368 379 386 396 397 402 438 502 506 567 570 619 634 645 743 793 800 827 864 877 880 882 912 942 948 975 976 985
14  7 10 131 150 153 167 180 191 288 295 361 386 578 734
21  83 101 108 113 128 139 153 157 228 285 295 321 386 466 570 634 645 742 793 912 975
8  90 144 216 254 307 684 827 912
8  29 142 191 379 621 827 877 982
75  0 1 20 23 27 28 29 32 33 35 43 51 52 55 57 61 67 69 79 101 110 115 121 126 131 135 136 142 146 153 155 161 187 191 204 226 227 228 242 244 285 290 295 314 340 341 379 386 413 420 429 438 481 482 506 603 605 615 619 645 646 697 699 707 734 742 800 827 867 882 912 975 976 982 995
26  15 117 201 212 226 269 290 292 304 320 321 379 397 413 516 578 603 614 626 696 785 827 833 849 912 948
40  0 41 43 55 65 74 95 113 119 135 146 153 159 165 168 230 240 276 290 295 301 330 334 386 392 429 466 480 537 605 645 653 696 699 827 877 882 924 936 995
20  5 8 45 78 153 180 201 229 304 379 417 444 578 602 657 688 690 785 793 877
16  114 201 212 290 304 320 379 386 578 608 614 696 743 833 919 948
5  102 170 439 446 813
11  115 168 301 394 495 537 780 827 936 942 995
8  89 94 176 186 199 494 639 837
48  4 47 55 69 79 81 82 83 99 100 101 108 113 125 131 135 139 140 142 146 153 161 167 180 187 191 204 292 314 340 379 386 413 429 438 481 524 578 634 645 690 696 699 793 827 864 912 975
2  64 238
8  21 93 195 313 645 728 827 877
17  0 92 130 275 331 336 379 386 438 482 500 506 558 696 707 928 975
29  2 4 47 50 121 130 131 135 142 153 187 191 321 379 386 438 481 524 553 603 645 699 751 864 867 912 919 976 985
30  1 14 23 33 55 57 59 79 88 113 131 138 153 179 187 191 226 314 340 341 347 349 379 386 524 537 605 728 912 985
4  96 365 381 452
11  82 101 110 153 249 321 466 645 912 975 980
37  0 24 49 53 57 69 83 108 139 153 222 227 240 270 295 341 349 354 361 379 386 397 512 543 560 578 600 614 619 685 734 743 751 800 877 891 924
33  0 1 2 4 24 92 124 125 131 153 167 187 285 295 335 379 386 425 438 481 578 606 619 690 696 712 758 827 842 877 975 976 985
84  0 1 2 3 7 10 23 27 28 32 39 43 50 51 54 55 57 79 84 88 100 108 109 113 121 125 126 130 135 139 140 142 146 147 150 153 161 163 187 191 214 226 285 290 295 314 340 379 386 402 413 438 445 481 506 524 578 592 603 614 619 635 646 653 696 712 743 751 793 800 827 854 864 877 891 900 912 919 942 948 975 976 985 995
9  40 45 229 341 688 690 785 834 924
5  28 203 274 712 922
3  83 153 698
90  0 1 2 3 4 19 23 27 32 35 39 41 43 47 49 51 53 55 74 75 79 84 95 100 108 113 115 121 125 131 137 139 142 146 147 150 153 168 179 180 187 191 237 240 263 274 276 285 290 292 314 340 341 349 379 386 413 429 438 464 473 481 482 500 521 524 537 543 570 578 592 603 614 619 646 696 728 743 785 827 877 891 912 919 942 948 975 976 982 985
8  101 113 146 153 249 334 619 877
38  1 2 5 13 19 27 40 73 74 135 139 146 153 180 191 240 292 295 314 341 349 379 395 397 438 512 570 619 634 785 793 827 877 907 919 948 975 982
25  43 49 57 126 155 248 304 314 340 341 349 379 397 438 439 503 512 524 578 603 673 854 919 924 975
88  1 4 7 13 15 16 17 18 21 28 31 32 39 41 49 51 53 55 57 73 74 84 100 101 108 110 121 129 131 135 137 140 141 142 146 147 153 155 180 187 191 201 221 222 227 237 240 269 276 285 290 292 349 379 386 397 398 413 446 481 523 524 536 570 578 580 588 619 646 696 734 743 751 789 793 800 827 862 864 912 924 942 948 975 976 981 982 995
42  20 29 32 49 53 79 84 88 100 121 131 139 141 142 153 191 224 226 285 292 379 386 446 461 481 482 506 543 570 619 743 751 827 844 880 891 912 942 948 975 976 985
33  7 106 108 139 140 142 146 147 153 226 281 285 341 349 379 386 418 481 502 506 524 543 570 592 751 827 867 880 912 948 975 976 981
55  29 43 53 59 79 81 112 113 121 125 131 135 139 140 141 143 146 147 153 187 190 191 240 242 255 285 292 314 323 341 347 379 386 420 438 481 482 524 552 570 603 619 645 774 785 800 827 867 891 912 919 924 942 962 982
26  142 146 147 160 190 240 255 292 347 350 420 438 459 482 570 578 645 774 781 785 827 867 882 919 948 982
10  90 111 216 239 254 340 683 684 827 976
23  1 2 12 163 187 201 263 290 295 321 341 349 506 619 653 734 742 743 785 827 877 942 975
75  1 4 5 7 20 29 33 41 49 52 55 79 113 115 121 131 135 136 137 139 141 142 143 147 153 155 160 167 180 187 226 240 242 249 269 290 304 314 334 341 349 379 397 398 420 429 438 446 459 464 468 481 482 512 543 578 605 619 645 657 675 696 699 728 774 785 793 827 854 877 882 919 924 948 982
53  14 23 28 35 52 61 63 79 131 135 139 141 142 143 146 153 155 161 179 187 191 225 226 240 242 245 274 285 290 295 304 349 386 402 438 466 481 482 570 578 592 614 645 696 785 800 827 853 912 919 942 948 976
6  97 184 243 246 278 768
9  71 187 255 263 308 348 349 379 854
24  13 43 47 109 131 135 153 187 226 240 288 295 314 386 466 469 578 645 700 800 827 912 948 975
16  13 201 208 259 285 341 382 386 418 562 570 653 800 912 975 985
4  70 296 316 470
148  0 1 2 4 5 6 7 8 10 11 12 13 15 16 19 20 22 23 24 26 27 28 29 32 33 35 41 43 47 49 50 51 55 57 59 65 66 67 68 69 73 74 78 81 82 83 84 85 88 92 98 99 101 105 106 108 109 110 113 115 116 121 125 126 128 129 130 131 134 135 136 137 139 140 141 142 146 147 150 155 159 161 166 167 169 180 187 191 195 201 204 226 228 240 242 249 258 269 274 285 290 292 295 314 321 340 341 346 352 366 379 386 397 413 429 431 438 464 466 481 482 507 512 524 578 603 619 645 734 743 757 767 785 793 800 827 854 864 877 891 893 912 919 948 962 975 976 985
6  6 182 187 402 743 802
51  0 1 7 10 23 24 26 28 30 43 54 57 67 79 88 113 138 139 146 147 153 161 167 180 187 242 248 295 304 314 341 349 379 386 397 413 463 482 512 524 570 578 603 619 645 707 734 877 948 975 982
3  13 177 755
8  108 110 285 311 368 386 570 645
7  35 290 568 619 743 882 975
35  13 16 17 18 21 34 74 115 153 201 226 240 263 276 290 295 314 379 386 441 446 489 500 564 619 632 654 742 751 868 882 912 930 948 975
15  143 146 187 292 446 481 578 645 774 781 882 919 948 976 982
46  30 35 37 49 53 65 79 98 101 106 108 113 121 131 147 153 155 167 225 228 285 292 295 341 349 379 386 390 402 413 438 446 466 482 524 570 599 614 619 645 646 696 827 877 942 948
4  107 217 432 694
30  1 2 27 39 51 55 131 145 187 193 197 198 226 263 290 295 341 349 379 418 442 481 506 578 619 653 743 753 891 975
8  0 180 349 453 619 742 751 800
7  0 115 168 330 537 702 936
6  153 200 346 366 714 912
50  0 1 6 7 10 23 24 25 28 102 104 109 121 130 146 153 155 161 180 187 226 274 285 295 340 341 349 379 386 410 413 466 481 490 502 614 619 645 652 680 699 707 743 877 884 919 924 948 963 975
8  0 115 119 135 165 179 537 702
5  153 228 295 387 891
6  118 175 439 446 483 813
2  57 891
2  60 693
5  89 223 251 551 610
14  13 15 212 269 290 304 379 386 578 743 785 816 948 985
4  170 439 467 669
10  89 94 120 186 199 235 351 494 639 655
4  156 569 755 939
8  86 187 263 734 759 877 912 985
29  32 33 55 63 79 126 135 147 168 187 226 233 250 290 304 314 329 340 341 349 379 481 524 537 619 718 827 877 912
69  0 2 4 5 10 12 13 14 15 28 30 40 47 57 73 74 78 105 106 108 109 116 121 135 137 139 146 153 155 164 167 183 187 191 201 221 226 242 263 269 274 288 290 295 304 340 341 349 379 386 397 413 419 438 466 482 507 535 578 619 625 634 743 800 827 877 948 975 976
9  83 189 295 355 681 877 974 976 985
5  0 6 154 187 402
3  180 263 975
4  148 246 428 961
4  52 187 244 750
13  89 94 120 176 199 235 257 371 554 639 770 837 973
140  0 1 2 4 6 9 10 13 14 19 22 23 27 28 30 32 33 35 36 37 41 43 47 50 51 52 53 54 55 57 59 61 63 66 67 71 74 75 79 81 82 83 84 85 86 88 100 101 102 108 113 121 125 126 130 131 135 139 142 145 146 147 149 150 153 154 155 160 163 167 178 179 180 182 185 191 195 198 214 226 240 244 255 263 274 285 290 292 295 304 314 321 323 340 341 379 386 390 397 399 418 429 431 438 439 446 463 466 481 482 490 506 524 537 552 562 570 578 581 603 605 619 645 707 743 744 751 802 827 854 877 891 912 924 942 948 962 975 976 985
3  77 207 305
3  181 355 681
14  142 143 240 263 292 323 347 386 481 680 785 942 948 953
90  0 1 7 10 14 19 20 23 25 28 32 35 43 49 51 53 55 57 62 68 74 75 79 81 100 101 105 109 112 113 121 125 126 131 135 137 139 140 142 147 153 180 187 203 204 226 240 242 249 263 274 285 290 292 295 314 321 340 341 347 349 379 386 427 438 446 482 510 603 614 619 634 645 653 699 707 785 793 827 864 867 877 882 891 912 919 948 975 976 985
2  90 216
18  163 198 263 283 347 349 379 418 450 482 500 506 524 578 603 743 975 985
14  55 75 261 263 314 337 436 481 482 578 793 827 877 953
28  13 17 18 21 74 93 123 153 187 215 240 242 249 295 321 341 379 398 578 619 645 728 785 827 912 919 948 976
9  4 13 232 300 507 704 828 895 905
2  163 265
14  2 163 187 193 283 363 418 482 619 751 793 876 975 985
8  94 120 176 186 371 494 554 639
4  166 346 366 912
51  0 1 2 4 8 12 13 15 22 23 33 38 74 114 116 117 139 145 151 153 159 180 212 226 242 259 263 269 274 288 290 304 314 341 347 374 379 386 570 578 619 690 691 711 743 762 785 793 827 924 975
2  82 482
20  28 133 191 228 249 274 290 314 328 349 386 397 413 438 506 603 619 645 712 975
24  0 69 82 99 101 113 121 153 191 249 258 314 349 390 427 567 578 645 800 801 827 919 948 975
3  47 240 524
11  20 55 295 360 482 578 690 803 827 864 926
6  188 213 305 529 585 848
3  151 259 975
7  4 269 274 421 733 743 793
5  70 364 451 470 904
14  17 240 256 370 500 506 522 572 764 856 907 975 979 985
26  15 114 117 174 201 226 269 290 292 304 379 386 397 446 602 645 743 781 785 793 827 877 912 917 948 985
4  207 305 529 585
20  0 24 30 33 57 67 82 131 187 226 295 314 481 524 619 690 785 827 919 975
14  195 218 295 376 379 398 418 506 619 743 785 912 919 948
11  90 111 144 192 254 683 684 690 827 919 942
2  162 432
6  215 295 398 418 743 822
4  98 411 942 956
5  21 534 890 912 976
16  1 2 41 74 84 139 180 226 340 379 413 570 800 827 891 942
4  129 139 570 734
6  173 251 405 551 610 937
8  140 433 435 461 493 647 880 948
20  79 82 106 108 147 161 285 324 349 368 379 413 438 479 482 570 751 800 827 985
78  1 5 6 7 23 28 30 33 43 63 74 79 84 108 113 114 126 131 140 141 146 147 150 153 159 163 167 179 180 187 191 201 212 214 221 240 249 263 269 274 286 290 295 304 314 334 341 379 386 392 418 438 446 481 490 502 506 570 575 578 603 614 615 619 645 650 743 751 827 862 877 912 919 948 975 976 985 995
14  0 33 113 129 139 304 349 386 402 449 481 578 734 800
43  0 1 7 14 23 28 29 49 52 57 79 83 110 113 153 161 169 203 285 290 295 314 341 375 379 380 386 413 438 466 524 619 645 739 800 862 877 891 912 942 948 975 976
18  5 40 45 78 116 132 304 379 526 549 578 688 690 785 877 891 924 975
5  115 276 574 743 976
7  63 79 82 416 506 815 919
5  196 507 704 881 905
6  33 179 267 304 341 352
12  10 26 48 57 80 290 397 504 603 807 976 985
2  176 186
7  96 379 381 386 503 743 891
7  15 135 139 240 285 800 827
2  64 122
8  144 247 284 683 684 858 962 976
75  0 1 15 17 18 21 39 47 53 74 81 83 84 100 101 115 129 135 137 139 142 143 146 147 150 153 159 187 190 191 195 205 211 226 237 242 249 255 263 274 288 290 292 295 304 321 323 349 379 386 398 438 481 482 491 506 524 578 604 619 645 726 743 785 793 800 827 877 882 919 924 948 975 976 982
5  0 7 422 424 609
29  74 113 142 146 147 153 155 180 191 195 201 240 249 292 295 304 314 341 379 398 427 438 785 819 827 924 948 975 976
3  148 278 338
14  1 52 113 185 187 255 263 285 340 386 615 653 867 877
3  147 438 623
7  91 97 148 184 686 768 961
4  239 289 773 962
14  24 138 155 340 341 349 352 379 397 398 578 948 954 975
37  0 1 7 13 101 128 136 146 153 191 195 203 204 226 240 242 263 292 295 334 379 393 397 398 446 466 481 578 581 645 742 743 827 877 912 948 975
5  63 179 304 426 619
6  173 223 518 551 610 937
3  66 322 486
4  26 457 506 732
15  88 90 111 144 216 379 434 683 684 690 720 869 919 924 982
20  22 71 142 143 149 187 240 244 263 347 348 379 386 390 438 481 482 847 912 924
10  17 211 293 408 515 572 659 764 856 907
5  89 186 371 554 639
10  69 79 81 101 153 204 314 482 645 919
10  13 151 201 208 454 570 578 598 827 975
5  26 33 63 290 362
5  194 263 436 482 953
13  2 4 87 379 386 446 485 528 550 619 696 751 826
86  7 10 12 13 18 22 25 38 43 55 71 73 74 75 79 86 135 145 149 159 163 178 180 183 187 190 191 193 194 201 226 240 244 249 255 261 269 274 288 290 292 295 304 314 321 323 341 347 349 352 379 386 397 436 466 481 482 489 490 524 570 603 615 645 650 734 742 743 751 759 785 827 854 864 877 891 912 917 924 942 948 953 975 976 985 995
2  32 903
1  197
8  79 82 340 379 386 619 645 785
4  233 352 940 976
5  67 295 525 743 902
53  0 1 2 4 11 13 15 16 18 21 34 55 93 114 139 146 153 174 180 201 209 212 226 263 274 285 290 292 295 304 314 347 379 386 438 458 482 603 612 614 624 646 743 793 796 803 816 827 877 891 912 924 948
4  129 560 642 667
9  10 20 43 88 603 743 864 877 985
1  21
3  97 556 611
47  1 19 28 66 79 108 133 135 147 153 167 180 187 191 201 203 209 226 240 263 269 290 292 295 314 321 340 349 379 397 413 481 506 561 603 619 624 645 743 793 800 877 893 924 948 976 985
3  124 331 975
33  13 16 17 18 87 115 135 139 159 230 379 386 446 506 536 570 580 588 603 619 645 646 696 715 726 743 751 785 912 916 948 976 982
15  1 12 20 22 26 29 44 79 379 489 615 785 864 912 976
4  97 148 243 724
2  3 734
3  49 619 976
12  141 297 379 527 555 689 743 800 867 912 976 981
9  1 2 19 294 325 619 690 800 962
9  193 198 298 482 603 615 703 975 985
4  239 406 706 858
71  0 1 2 9 13 20 24 33 35 38 49 51 55 69 79 81 83 84 102 110 113 130 131 135 139 140 141 142 147 151 153 157 161 167 187 191 225 228 237 244 269 295 314 340 349 379 386 397 413 427 439 481 490 524 567 570 614 619 645 646 743 751 785 800 801 827 862 864 912 948 985
4  226 456 502 603
2  48 790
23  7 10 14 25 68 109 150 180 201 240 263 290 295 314 386 397 570 578 645 734 785 877 912
4  247 773 962 986
120  0 1 2 3 4 6 7 10 13 14 15 19 20 22 23 25 26 27 28 30 32 33 35 38 39 43 48 49 51 53 54 55 57 79 80 84 101 103 108 113 114 115 117 131 135 139 145 146 147 153 158 159 163 174 179 180 187 191 201 203 212 226 228 234 240 260 263 269 274 288 292 295 304 314 320 321 328 341 347 349 379 386 397 413 438 458 466 481 482 490 503 506 524 578 603 614 615 619 645 653 666 712 726 743 751 793 827 854 864 877 882 891 905 912 924 942 948 975 976 985
2  5 850
63  0 1 2 13 15 22 27 43 114 121 135 137 139 140 142 143 153 160 161 187 190 191 212 240 242 249 263 269 274 290 295 303 304 314 323 349 379 386 397 413 420 438 446 481 500 578 602 619 645 743 781 785 800 827 877 890 912 924 942 948 953 976 985
10  256 310 317 373 412 572 701 764 856 985
3  282 690 962
142  0 1 7 10 11 12 13 14 15 16 17 18 19 20 21 22 24 25 26 27 28 29 33 35 37 38 39 41 43 47 49 51 52 53 55 57 61 62 64 65 67 69 73 74 79 81 82 83 85 86 88 98 101 108 109 110 113 115 129 130 131 137 145 147 150 153 155 159 161 163 167 169 180 181 187 191 195 206 214 215 218 226 228 240 242 249 263 268 269 274 285 288 290 292 304 314 321 340 341 347 349 355 379 386 397 413 418 423 442 466 481 500 506 525 570 578 592 603 614 619 632 645 646 673 681 742 743 751 793 800 827 864 877 902 912 924 948 975 976 982 985 998
2  152 316
7  281 379 475 527 689 800 854
3  283 603 938
4  9 439 552 630
5  196 358 507 704 895
2  115 119
11  0 7 10 63 79 88 379 570 577 924 975
16  0 1 7 10 68 292 323 386 404 420 699 742 785 912 948 975
88  0 5 8 13 24 26 27 32 33 39 40 45 63 67 74 78 79 84 100 105 114 116 117 138 146 147 155 174 179 180 187 201 212 226 227 229 233 240 242 250 263 269 290 292 295 306 314 321 329 341 347 349 352 379 386 397 398 413 420 427 481 512 524 549 578 592 602 603 619 645 646 690 726 743 793 800 801 824 827 861 877 917 919 924 942 975 976 985
7  77 188 207 213 377 529 585
16  27 304 329 347 379 386 438 481 506 619 641 861 919 924 985 998
2  90 111
3  71 149 379
4  82 101 349 619
7  293 317 373 412 501 701 856
2  157 645
1  72
3  123 627 827
92  0 1 23 26 28 43 49 57 67 68 69 79 81 82 83 99 108 113 121 126 131 135 137 138 142 146 150 153 155 159 179 187 191 194 201 203 204 214 226 228 242 258 263 269 274 285 288 290 292 295 304 321 332 340 341 347 352 379 386 390 397 427 438 466 482 512 552 578 600 615 619 632 634 645 690 742 743 751 767 785 793 800 827 877 880 891 912 919 924 948 976 985
6  7 10 36 86 645 743
2  152 296
8  293 310 319 326 373 412 532 856
4  31 46 369 975
3  317 326 532
27  4 13 15 38 74 114 117 290 321 349 379 397 466 489 531 562 603 614 626 634 696 800 864 912 948 976 985
57  0 1 2 4 27 66 82 101 110 114 125 128 145 153 187 191 195 240 263 274 290 295 304 314 320 329 340 341 349 352 379 386 390 397 438 466 481 482 489 524 570 578 603 614 615 619 645 653 743 751 793 827 877 912 948 976 985
2  252 486
17  142 187 190 240 263 292 303 386 397 413 466 614 785 924 942 948 976
6  108 225 368 570 650 985
4  282 619 690 962
4  317 319 532 856
2  13 15
9  203 290 386 503 506 570 645 712 975
21  55 179 304 306 321 340 341 347 349 352 386 391 407 481 603 619 684 827 950 985 998
7  115 165 537 573 702 870 936
4  124 275 482 975
11  314 340 352 379 386 482 552 555 696 912 976
4  93 367 827 910
16  0 115 136 146 226 249 379 392 397 466 578 645 800 877 919 948
2  130 975
2  124 722
5  194 482 578 617 877
1  243
2  91 961
90  0 1 2 7 19 23 24 26 27 28 33 41 43 49 51 54 55 57 59 65 67 69 74 79 82 83 84 88 90 100 108 113 121 126 131 135 138 144 153 167 179 180 187 191 221 244 248 266 274 285 295 314 321 329 332 341 349 352 379 384 386 407 413 431 438 481 512 524 555 570 578 619 628 645 646 684 707 743 792 827 854 877 891 912 924 948 962 976 985 995
117  0 1 2 10 12 19 20 24 26 27 28 29 33 35 39 40 43 49 51 53 57 59 61 69 74 76 79 84 100 108 113 126 129 132 135 137 138 141 142 145 146 151 153 155 161 163 167 179 180 187 191 195 201 226 228 233 242 248 263 290 295 304 314 321 329 340 347 349 352 354 372 379 386 396 397 398 413 418 427 446 481 510 512 524 543 562 570 578 592 619 645 646 697 712 728 734 743 751 793 800 827 862 864 867 874 877 880 891 893 912 919 924 942 948 975 982 985
3  52 517 799
1  87
3  44 482 740
4  1 7 30 79
6  153 166 200 366 714 912
42  1 2 22 27 33 126 142 143 190 191 193 201 255 263 269 290 295 304 306 314 329 341 352 359 386 418 427 489 506 512 524 603 619 691 743 793 827 877 912 924 948 976
3  149 255 782
97  0 1 2 4 7 10 12 14 19 23 24 25 28 43 49 53 55 57 101 106 108 126 129 135 137 138 139 141 145 146 147 149 155 161 163 164 167 179 180 191 193 203 204 225 227 240 248 263 274 285 290 292 295 304 309 320 321 329 340 341 352 379 386 413 418 438 446 450 481 482 502 503 506 524 570 578 581 603 614 619 645 690 736 743 751 800 864 877 891 912 919 942 948 975 976 982 985
1  143
4  176 494 639 655
49  0 2 12 23 32 33 49 55 74 153 233 248 263 267 304 314 321 329 332 340 341 347 349 359 379 386 390 481 482 489 506 524 555 614 619 645 736 811 827 861 864 877 912 919 924 948 975 976 982
4  79 692 792 864
13  24 30 57 129 341 379 524 578 734 800 891 912 983
7  181 189 295 423 681 915 976
7  40 409 549 824 841 975 991
4  81 800 919 975
4  300 507 838 895
17  74 347 352 379 386 473 489 562 570 645 696 800 811 827 866 912 975
2  206 578
24  0 1 7 10 24 55 69 75 79 81 83 109 129 379 386 524 578 603 619 827 877 891 975 976
2  260 839
5  2 4 198 619 751
8  42 58 70 210 379 470 837 957
3  127 769 943
7  153 166 200 346 385 714 912
4  93 333 645 910
10  79 108 157 225 324 415 570 645 650 975
3  31 46 318
1  211
7  186 199 257 554 584 639 973
12  341 386 481 614 645 785 793 827 862 912 942 976
8  293 310 317 412 471 501 856 921
4  201 440 487 827
2  228 645
5  215 743 877 924 948
2  305 529
4  14 447 613 699
200  0 1 2 4 5 6 7 10 12 13 14 15 16 17 18 19 20 21 22 23 24 25 26 27 28 29 30 32 33 34 35 37 38 39 40 42 43 49 53 54 55 57 58 59 65 67 68 69 70 71 73 74 77 78 79 82 84 87 88 92 93 96 100 105 106 108 112 113 114 116 117 121 124 125 126 129 130 131 135 137 138 139 140 141 142 146 149 153 155 159 161 163 167 174 179 180 187 191 193 195 201 212 215 221 225 226 228 229 236 240 242 248 249 254 255 262 263 266 269 274 276 277 281 285 290 292 295 297 302 304 306 308 314 320 321 332 334 340 341 349 352 354 359 361 364 381 386 397 413 418 427 429 438 446 473 481 482 503 506 512 524 527 555 570 578 592 603 614 619 633 645 689 690 730 743 785 793 796 800 826 827 837 854 864 867 877 882 891 912 918 919 924 942 946 948 962 975 976 982 985
1  228
14  96 127 236 379 386 503 524 600 619 743 891 912 946 975
11  13 22 151 386 418 578 619 711 743 985 998
2  101 827
22  0 1 19 20 26 33 44 340 386 431 482 512 562 582 605 619 690 734 743 793 942 985
2  366 714
177  0 1 2 4 7 10 11 12 13 14 15 16 17 20 21 22 23 25 26 27 30 32 33 34 35 38 41 43 47 49 51 53 55 57 67 68 71 73 74 79 82 84 86 87 101 104 106 108 109 110 113 115 117 121 124 125 126 129 130 131 135 139 140 141 142 147 150 151 153 155 157 159 161 167 174 180 187 190 191 201 203 212 226 227 228 236 240 244 255 262 263 266 269 276 285 288 290 292 295 303 304 306 314 321 323 328 329 332 340 341 347 349 352 359 361 372 379 381 382 384 390 402 413 427 438 446 458 466 473 481 482 500 503 506 512 519 524 537 552 555 570 578 592 600 603 605 614 619 634 645 646 653 680 696 728 734 743 785 793 800 827 861 862 867 877 880 891 912 919 924 942 948 975 976 982 985 995
4  169 499 545 871
2  63 786
2  22 605
25  0 10 14 35 82 161 187 204 255 314 321 352 386 413 438 503 506 524 645 800 814 877 907 948 975
2  329 950
9  0 65 115 226 334 425 466 645 883
4  249 481 581 877
2  119 936
2  137 919
19  1 19 76 84 108 341 397 511 512 524 557 607 697 743 752 852 896 942 955
84  0 1 2 7 12 14 22 25 28 30 32 37 43 49 53 55 66 71 74 79 108 114 129 137 138 139 146 153 155 180 187 203 212 234 248 249 263 274 285 288 290 292 295 304 314 320 321 323 334 341 379 396 413 427 438 442 446 466 477 482 504 524 578 592 597 603 614 615 619 634 645 690 734 743 800 827 864 877 912 923 948 975 976 985
21  7 139 146 195 215 218 240 242 248 249 304 341 418 604 619 645 728 743 919 948 975
4  19 76 187 619
4  18 438 484 909
10  27 32 445 506 743 785 919 942 976 985
19  0 6 35 108 131 147 154 161 182 227 386 413 446 482 570 592 645 656 827
2  89 91
2  303 533
3  223 610 766
5  284 476 668 706 858
4  329 340 950 975
3  256 676 897
5  356 541 841 975 991
9  10 167 614 645 806 862 948 967 975
3  98 219 956
6  293 310 317 373 501 856
61  23 49 113 114 121 131 135 139 153 155 161 167 180 203 221 225 228 274 285 290 292 295 304 323 340 341 349 379 386 390 397 402 427 438 446 474 481 482 524 537 570 592 605 614 619 645 673 677 708 719 743 800 827 864 865 877 891 919 948 976 982
1  20
3  368 570 650
2  231 978
5  116 602 657 690 785
42  13 22 141 151 163 187 193 198 215 218 226 295 341 347 349 379 382 398 446 473 481 482 489 500 503 506 524 562 570 578 603 604 605 614 619 743 751 800 912 948 975 985
1  180
22  23 68 113 142 143 146 292 303 304 438 482 543 578 619 736 867 912 919 924 975 976 985
4  4 209 793 952
8  0 3 56 241 505 539 864 984
6  295 355 614 681 743 976
1  241
12  1 7 24 65 130 392 482 578 619 645 690 883
1  250
31  9 33 43 63 191 204 242 285 304 314 341 347 379 386 397 413 439 446 481 482 578 587 619 645 736 751 800 877 919 948 949
3  184 651 961
28  0 29 32 35 41 95 113 115 121 135 146 153 187 379 438 464 480 578 615 619 650 696 743 854 877 912 975 985
5  5 60 96 497 637
10  85 153 187 340 384 512 524 619 767 985
4  162 217 514 846
5  224 435 461 493 880
2  254 776
4  224 433 647 880
4  194 261 263 482
2  41 665
117  0 1 2 4 7 16 17 18 19 20 22 23 24 27 29 30 32 35 37 38 39 43 49 52 53 54 55 57 65 71 72 74 79 81 82 83 84 92 101 103 105 108 113 121 124 125 130 131 135 137 138 142 143 146 147 153 161 180 187 191 203 225 226 228 240 242 245 255 269 290 292 306 314 321 340 349 379 386 390 397 400 413 420 429 446 481 482 500 506 524 535 543 570 603 614 615 619 645 677 712 743 785 793 800 803 827 862 867 877 882 907 912 919 942 975 976 982
25  9 43 79 81 102 118 138 170 175 187 285 299 427 443 446 481 482 552 619 673 793 800 877 919 942
3  374 487 761
5  18 159 564 619 827
7  17 163 295 397 504 645 877
6  439 481 482 570 793 877
2  116 705
12  27 39 131 401 469 743 785 854 864 919 942 985
79  0 1 2 4 6 7 11 12 13 16 22 30 33 37 71 73 74 87 92 118 139 140 146 159 160 161 170 187 191 212 226 249 262 276 292 341 349 379 386 397 402 413 418 427 438 439 459 473 481 482 500 503 506 524 570 578 581 592 605 614 619 635 645 696 725 737 743 751 793 800 864 877 882 890 912 942 948 975 985
6  378 513 613 687 699 872
3  72 547 741
1  227
5  193 349 524 578 603
3  210 455 622
3  40 96 127
3  0 164 800
3  259 598 827
2  451 622
2  286 502
2  253 809
8  269 290 386 592 785 924 975 995
10  143 146 446 481 482 581 605 635 678 696
3  75 877 891
5  140 224 433 743 975
1  13
10  1 30 88 101 105 155 187 586 867 891
12  135 146 153 429 473 570 578 696 743 810 912 985
6  30 57 524 677 785 975
59  0 2 18 27 28 30 33 38 43 63 65 82 101 105 110 115 128 147 150 153 161 167 180 187 228 249 263 290 295 314 320 321 323 334 386 392 397 481 504 506 524 535 543 570 592 603 614 619 634 645 646 726 743 785 800 877 948 975 976
2  175 669
9  146 481 619 645 657 731 771 919 924
8  27 43 150 445 743 785 919 948
5  70 152 210 364 957
5  373 501 662 721 856
4  14 843 891 925
19  74 135 359 379 386 418 446 464 482 500 506 524 570 581 696 743 820 912 985
3  413 605 719
1  297
3  406 668 706
4  397 645 747 923
6  100 509 619 743 975 976
4  82 225 570 645
12  95 115 429 520 565 615 650 696 699 723 743 976
96  0 1 12 20 22 27 49 51 55 61 67 79 113 121 125 130 131 135 139 140 141 142 146 147 153 160 163 167 179 187 190 194 214 226 227 240 249 255 263 274 285 290 292 295 304 306 321 329 340 341 349 352 372 379 386 393 413 418 427 438 439 443 446 459 466 468 482 496 524 570 578 581 587 603 604 605 614 619 645 646 690 743 785 793 800 827 867 877 912 924 927 948 975 976 982 985
128  0 1 3 6 7 10 12 14 20 23 24 25 28 29 32 33 35 43 44 49 52 53 54 55 57 59 63 66 67 68 75 79 82 84 88 92 101 113 124 135 140 142 143 146 147 153 155 161 180 187 191 193 194 198 202 206 225 240 255 258 261 263 269 283 290 314 321 331 332 337 344 349 352 379 384 386 397 402 413 418 420 425 427 436 438 439 443 446 459 473 481 490 506 524 543 552 555 570 578 581 582 603 605 619 624 635 640 643 645 677 690 696 707 736 751 785 793 800 864 877 886 912 919 924 942 948 975 976
4  170 671 812 888
3  18 400 566
6  0 1 2 19 262 619
2  252 322
3  374 440 761
4  0 1 2 619
25  2 4 12 13 16 74 159 263 277 320 321 347 352 359 418 562 570 645 743 827 864 877 912 948 976
20  0 1 6 102 167 187 226 263 285 290 482 502 581 645 864 877 948 960 975 985
3  240 540 932
5  57 67 757 891 924
5  224 433 647 880 948
8  89 94 120 176 199 351 554 639
3  119 537 827
5  1 20 481 524 570
2  430 670
1  54
1  387
37  0 2 11 16 17 18 21 30 41 42 87 103 124 135 159 193 211 292 295 386 418 438 446 473 506 524 603 645 743 751 785 800 877 912 948 975 976
6  310 373 412 471 840 856
16  6 108 141 167 226 286 349 456 490 524 589 707 772 877 963 975
27  35 138 236 290 328 349 379 381 386 390 418 446 506 524 570 581 592 619 645 837 880 882 891 907 975 982 985
7  234 397 442 466 603 807 877
3  422 539 544
86  0 1 10 13 16 17 26 27 28 39 41 51 55 63 67 79 82 92 108 113 124 131 140 141 145 163 187 193 203 211 215 226 231 240 253 274 276 290 295 306 328 347 349 352 379 386 390 401 418 438 446 466 473 482 500 503 524 543 562 570 578 592 603 615 619 635 645 690 696 707 712 727 743 751 785 800 811 827 907 912 919 942 948 975 976 985
14  4 13 47 153 180 196 232 300 358 704 838 895 905 919
2  54 935
2  478 875
7  191 341 524 751 785 912 948
4  396 749 852 896
35  1 5 15 23 40 63 84 90 129 137 138 146 153 155 304 314 340 341 347 379 384 386 396 431 524 578 581 600 619 629 645 743 891 912 982
5  447 687 699 872 891
1  432
3  256 907 919
1  114
3  52 342 799
2  251 937
10  24 26 85 98 386 808 861 942 956 982
6  480 565 615 650 723 912
2  135 537
4  17 211 778 856
8  19 27 84 139 537 619 696 924
100  0 1 2 7 12 18 22 47 50 57 79 88 121 125 126 131 135 138 139 141 142 153 155 161 179 187 193 205 214 228 240 263 285 290 304 321 340 341 347 349 352 354 361 379 381 386 390 396 397 413 418 431 438 446 450 465 466 473 481 482 496 500 502 503 506 510 512 543 570 576 578 581 587 589 592 603 614 619 645 677 684 690 734 743 751 752 785 800 811 827 877 891 912 919 924 948 975 976 982 985
4  268 295 902 987
4  45 229 690 885
6  281 297 379 555 800 912
2  262 550
4  207 213 305 377
3  38 690 953
7  74 320 785 800 942 948 976
4  317 319 326 856
2  404 591
3  21 220 912
7  2 180 438 466 543 877 976
15  139 276 580 588 619 696 707 789 827 912 924 977 982 985 995
34  1 2 4 13 19 27 43 47 115 119 126 135 165 168 179 187 330 386 413 495 521 523 605 619 702 743 800 827 877 880 912 924 942 983
2  77 660
3  422 505 544
1  491
2  409 975
1  7
34  53 55 106 129 135 140 141 146 341 420 438 466 482 506 524 535 555 570 578 592 619 645 646 743 751 785 877 912 919 942 975 976 985 998
3  505 539 590
3  387 648 658
1  30
2  448 741
2  12 976
12  5 40 229 304 356 619 690 801 824 841 912 975
3  262 528 859
5  173 223 251 610 878
29  9 28 57 59 88 142 187 299 314 332 386 439 482 555 603 628 630 635 643 645 696 707 793 827 877 891 912 942 976
1  125
8  89 186 199 257 371 494 639 770
28  281 332 340 352 379 386 482 527 543 552 582 603 619 628 643 645 653 696 717 726 743 800 827 877 889 912 976 985
2  273 620
4  396 579 607 752
3  92 124 975
1  80
3  129 270 734
5  28 274 735 969 976
33  13 15 16 26 32 33 41 55 57 74 151 187 320 341 359 384 418 489 506 570 578 603 653 734 751 785 800 827 912 942 948 975 985
3  19 76 619
6  159 441 632 690 742 827
6  95 480 520 615 650 829
1  484
5  69 108 204 285 743
5  158 619 743 882 934
2  177 939
118  0 1 2 4 7 10 12 13 14 15 16 17 18 22 24 25 28 33 35 37 38 43 51 52 55 57 65 71 74 103 105 108 110 135 137 139 140 141 142 143 147 151 155 157 161 187 201 221 222 225 226 259 263 276 285 288 295 302 321 324 328 340 341 349 359 368 379 386 402 413 415 418 438 443 446 464 466 473 479 481 482 489 496 503 506 524 543 562 577 578 581 592 595 603 605 615 619 635 645 646 650 690 743 751 785 800 827 854 867 877 882 891 912 948 975 976 982 985
8  2 4 15 38 743 785 796 985
7  17 211 256 293 856 907 985
2  330 702
3  230 644 976
5  43 54 226 633 777
2  524 592
10  7 302 570 595 605 650 690 743 877 994
137  0 1 2 5 7 8 13 14 15 16 19 20 21 22 24 27 30 33 35 39 40 43 45 51 52 54 55 57 65 69 75 78 79 83 109 114 116 117 121 129 130 131 135 138 139 143 146 147 150 153 155 160 163 174 180 187 193 194 195 201 204 206 226 227 229 240 248 249 259 288 290 292 295 304 314 321 334 337 340 341 349 354 360 361 379 382 386 397 418 420 425 427 429 446 450 464 481 482 506 512 524 543 562 570 581 587 592 603 614 615 617 619 635 645 688 690 696 707 734 736 743 774 785 827 834 854 877 891 912 919 924 942 948 975 976 985 995
3  557 607 752
8  139 276 536 588 619 696 827 862
37  0 24 63 85 187 249 349 393 446 459 473 481 482 490 503 512 524 570 578 587 603 619 635 645 650 690 696 752 800 827 877 882 912 942 948 962 982
11  384 482 555 619 628 635 643 827 889 912 985
2  33 63
3  371 616 973
6  207 213 305 596 848 898
2  463 775
12  15 427 481 524 578 581 592 603 690 877 891 948
9  139 276 536 580 594 619 645 696 833
6  502 524 743 772 877 975
2  544 899
1  533
58  0 1 2 4 7 18 19 20 25 28 33 35 38 63 76 84 131 135 141 147 295 304 341 379 386 397 402 413 446 458 466 503 506 524 543 570 576 578 587 603 614 619 645 646 677 727 743 785 827 861 877 879 880 912 919 948 975 976
1  72
2  588 619
9  570 577 635 643 645 743 827 877 912
4  585 756 848 898
3  397 645 734
3  259 454 827
3  161 631 791
10  129 314 381 386 512 619 743 800 877 891
2  68 912
14  5 78 116 212 292 304 417 619 657 743 785 801 877 919
105  0 1 2 7 10 13 15 16 23 25 26 27 28 30 32 35 36 43 48 49 51 57 66 67 75 79 80 82 86 113 114 125 131 135 138 142 153 155 187 191 193 203 226 234 263 269 271 274 276 283 286 290 295 298 304 320 321 329 347 349 361 379 386 397 418 438 450 466 481 482 500 504 506 524 552 555 562 570 578 581 587 592 615 619 645 646 653 690 696 726 734 743 793 827 854 864 877 891 893 912 924 942 948 975 976
8  240 398 418 481 619 645 745 800
40  1 2 19 20 22 41 43 53 55 59 73 74 88 113 115 126 146 187 384 386 389 413 418 446 459 474 481 482 537 570 577 615 619 690 751 864 891 924 942 976
4  130 758 842 958
5  396 557 579 752 914
3  117 831 833
1  241
9  173 223 251 405 551 857 878 944 993
4  89 91 97 273
1  269
6  378 447 687 804 825 872
59  15 27 39 43 49 67 101 114 117 129 131 135 147 161 167 191 226 269 285 290 295 320 321 323 349 352 372 379 386 397 410 413 418 423 438 446 466 481 524 578 592 619 645 681 690 743 785 793 800 827 862 877 912 919 924 942 948 975 976
43  0 1 23 74 99 113 226 244 263 277 283 290 314 321 397 429 438 480 506 520 565 570 578 603 605 619 635 645 646 650 696 699 703 707 723 734 743 785 862 864 877 948 976
1  584
3  337 578 877
4  85 98 788 942
200  0 1 2 4 5 7 10 12 13 14 18 19 21 22 23 24 27 28 30 32 33 35 39 40 43 47 49 51 52 53 54 55 57 59 63 65 67 69 73 74 76 78 79 81 82 84 88 100 101 105 106 108 113 129 130 131 135 136 137 139 140 142 145 146 153 155 158 159 161 163 164 167 179 180 187 191 195 198 201 203 214 215 226 228 240 250 262 266 274 276 280 282 285 290 292 295 304 306 309 314 321 325 329 340 341 347 349 352 361 363 379 381 382 384 386 397 398 399 413 418 420 425 427 429 431 438 439 441 446 466 468 478 481 482 485 488 503 506 512 523 524 536 537 543 549 555 563 568 570 578 580 581 582 588 592 594 600 602 603 604 605 614 615 625 634 645 646 657 673 690 696 707 712 726 734 736 743 751 785 793 800 817 827 854 861 864 867 877 880 882 891 912 919 924 942 948 975 976 982 985
1  556
2  112 827
2  451 455
1  245
8  269 274 482 784 793 919 948 975
4  180 619 634 948
5  74 114 320 827 995
2  313 827
8  340 552 555 582 643 645 707 827
2  512 645
3  299 552 988
1  599
8  159 295 314 564 690 742 942 948
8  54 77 89 379 575 660 777 999
37  1 2 4 5 8 15 19 20 79 81 83 99 101 108 110 121 137 180 191 314 320 386 397 466 619 625 645 690 712 743 785 827 877 919 925 948 975
25  131 446 459 482 506 552 570 578 581 582 595 615 643 645 690 696 707 743 827 864 891 912 919 942 985
1  77
3  5 430 801
2  102 779
12  89 94 120 176 186 199 257 351 371 494 554 797
1  482
1  306
2  270 664
17  482 552 555 582 595 628 635 645 690 696 743 793 827 886 889 912 985
1  574
162  0 1 2 4 6 7 9 10 11 13 14 21 23 25 28 30 32 35 38 47 53 65 66 69 74 81 82 87 93 101 102 105 108 110 113 115 121 123 125 128 142 143 146 147 150 153 155 157 160 161 167 187 191 195 203 204 212 226 228 240 249 258 263 266 274 276 285 288 290 292 295 304 311 314 315 321 328 334 340 341 349 352 359 367 368 372 375 379 386 390 392 397 398 402 410 413 425 427 438 442 446 466 468 477 479 481 482 489 490 500 503 506 512 524 543 552 555 570 578 581 588 592 595 597 603 604 614 615 619 628 629 634 635 643 646 690 696 707 726 736 743 745 751 785 793 800 801 827 854 862 877 882 891 912 919 942 948 960 975 976 982 985
46  1 22 39 49 51 79 100 113 131 135 139 161 269 276 285 295 304 340 341 386 466 481 543 570 592 603 615 619 645 690 696 707 726 743 785 793 827 862 877 912 919 924 942 948 976 985
4  224 435 493 880
3  545 729 941
2  89 760
23  0 82 99 226 263 324 368 415 429 480 520 565 570 577 581 615 696 854 877 912 948 976 994
1  428
3  24 167 948
23  35 55 115 131 145 151 163 191 244 290 321 386 555 562 603 734 751 827 854 882 891 912 995
1  159
5  89 94 176 351 863
1  402
11  5 116 146 417 468 602 619 712 785 793 827
2  545 996
3  256 661 764
3  77 538 633
1  659
2  471 856
1  31
3  642 763 931
1  437
1  290
1  270
3  406 476 706
2  175 467
2  497 830
2  483 929
3  12 679 827
10  81 138 295 413 439 619 707 793 877 919
2  28 748
1  146
1  408
13  12 413 438 465 482 524 592 751 785 800 865 942 975
3  459 696 877
2  672 827
3  167 190 386
12  181 189 295 355 423 614 743 800 912 915 976 985
3  27 716 738
8  88 144 216 239 254 684 690 962
21  2 84 88 90 111 144 216 239 254 329 340 524 683 690 783 811 827 912 924 962 976
2  129 734
2  246 768
7  447 513 613 804 872 891 894
11  116 132 229 578 690 785 827 834 877 975 995
5  281 297 379 743 864
98  0 1 2 5 7 8 10 14 19 20 22 26 32 38 40 43 45 55 57 67 78 82 84 116 121 130 132 201 206 214 216 229 254 282 294 304 314 325 349 379 384 397 417 425 481 482 506 524 526 530 549 564 570 577 578 581 587 603 605 614 619 632 634 635 643 645 646 683 684 688 696 699 707 734 742 743 751 783 785 793 796 800 801 827 832 864 877 891 912 919 924 942 948 953 962 975 976 985
6  33 201 347 827 891 924
3  353 792 864
1  172
1  162
1  56
69  4 13 15 27 47 49 53 69 79 95 114 115 117 121 124 130 131 135 139 146 147 161 262 276 320 332 359 386 429 446 459 464 473 480 482 506 523 536 552 555 578 580 581 588 603 615 619 635 643 645 646 650 678 690 707 712 743 823 827 833 842 877 912 924 942 948 976 985 994
10  4 15 16 43 57 74 113 341 396 919
1  134
28  1 7 10 14 28 30 35 43 81 113 115 121 125 146 167 191 303 378 447 480 513 615 690 734 872 877 948 985
3  150 948 975
3  293 310 856
8  0 55 165 168 330 537 573 870
5  283 615 707 743 920
5  196 232 300 507 895
1  444
4  284 406 476 668
49  0 1 14 19 26 33 35 54 55 57 67 100 113 124 155 167 187 191 340 482 502 506 536 552 578 615 619 628 635 645 646 673 690 696 703 712 743 772 827 877 882 891 912 919 924 975 976 985 989
1  413
2  45 835
2  40 970
6  13 74 201 382 964 985
35  1 27 28 33 39 63 100 130 131 133 203 290 328 341 438 506 619 634 657 696 707 743 772 785 793 800 827 877 891 912 919 922 924 975 982
1  22
4  166 346 366 385
1  276
3  27 682 877
1  555
1  179
4  413 474 948 966
2  254 869
2  471 856
2  336 913
3  480 520 615
1  278
2  446 975
18  1 240 276 290 304 466 555 603 619 645 646 793 827 854 877 882 892 976
3  506 592 985
14  21 23 123 126 135 146 195 341 386 398 827 891 925 975
2  648 941
7  1 2 84 379 765 800 924
1  468
2  253 959
3  4 209 743
56  0 1 2 3 10 12 19 20 28 33 49 57 86 109 113 129 139 145 153 155 178 222 227 263 279 288 341 354 384 386 397 524 560 562 578 597 603 615 619 653 685 690 699 743 751 793 827 872 877 891 912 942 948 982 985 995
2  561 969
13  349 352 420 427 482 578 619 645 827 912 971 976 985
1  446
1  682
3  228 800 912
2  44 344
2  448 547
24  0 1 2 29 55 110 113 145 159 164 249 263 295 303 314 564 632 690 800 864 877 924 948 982
163  0 1 2 3 4 6 7 10 19 20 23 24 26 27 29 32 33 36 38 39 41 43 44 55 63 67 69 75 76 79 82 84 86 88 100 102 108 117 129 131 135 139 140 145 153 154 158 163 167 174 180 187 193 201 209 212 215 218 226 230 236 240 249 263 268 269 271 274 276 281 285 290 292 295 304 314 315 321 340 341 347 349 376 379 381 382 384 386 396 397 398 401 413 418 423 429 438 445 446 461 464 466 469 473 478 480 481 489 500 506 512 524 537 543 555 567 568 570 571 577 578 589 592 595 600 602 603 614 615 619 634 635 643 645 646 681 689 690 696 703 707 712 733 734 772 785 793 800 827 854 864 877 882 891 912 919 924 942 948 975 976 982 985
2  187 942
5  13 604 645 860 948
1  3
1  477
1  674
3  511 852 896
1  185
59  0 2 3 12 13 22 87 106 125 129 131 139 140 141 159 164 187 198 225 226 262 263 276 285 290 295 314 321 341 349 363 418 427 446 482 500 506 510 524 543 562 570 605 619 645 653 677 690 734 785 800 827 864 877 912 942 948 976 985
7  396 524 557 579 581 607 896
1  163
2  3 33
2  156 177
3  596 848 898
4  67 153 492 891
4  130 606 975 998
7  86 178 263 821 854 877 912
1  649
2  440 487
1  201
1  664
5  211 256 293 659 856
2  730 924
1  405
3  153 314 431
3  148 246 686
1  365
3  186 554 968
2  468 924
11  502 589 707 712 743 793 800 827 877 919 975
3  247 289 962
12  142 143 146 160 578 827 867 882 919 948 975 976
1  586
1  434
2  575 633
1  522
2  638 805
2  119 947
6  143 160 212 292 976 992
1  348
7  88 90 684 690 811 912 924
3  624 793 975
122  0 1 2 3 4 5 7 8 10 12 13 14 15 16 18 19 20 23 25 27 28 29 30 35 38 40 43 45 49 54 57 74 78 79 82 114 116 132 135 137 142 143 145 146 147 153 174 190 191 195 201 212 214 215 229 240 242 263 266 276 277 285 288 292 303 314 323 372 379 386 401 417 438 445 458 465 466 469 481 482 500 506 510 524 531 543 562 570 571 578 592 602 614 615 619 634 645 646 657 677 688 690 712 743 751 793 800 827 864 877 891 907 912 919 942 948 953 972 975 976 982 985
1  388
1  72
1  618
4  139 536 924 976
1  287
1  599
6  79 340 353 692 827 864
99  0 1 2 4 11 13 19 20 21 23 28 30 32 35 37 41 55 57 71 73 75 81 83 84 88 101 108 110 116 121 131 137 139 146 153 191 194 198 201 209 212 240 269 274 290 295 304 314 321 341 347 372 379 384 386 421 438 439 443 446 481 482 552 603 614 619 624 643 645 646 657 673 690 712 726 734 743 772 784 785 800 801 803 827 854 862 864 877 882 891 907 912 919 942 948 975 976 982 985
2  22 985
1  102
10  1 2 4 38 269 379 571 690 877 985
1  639
2  3 975
2  342 517
120  0 1 2 5 6 7 12 13 14 15 18 19 24 28 29 30 32 43 49 55 57 61 79 81 82 84 99 108 113 129 131 139 142 147 150 151 153 164 180 204 221 225 227 228 237 240 274 281 282 285 292 295 297 304 314 320 334 341 349 354 357 359 379 386 390 397 413 418 427 438 439 446 453 466 481 482 500 506 524 527 531 537 555 562 570 581 600 604 614 619 645 677 681 690 712 730 739 742 743 751 772 785 793 801 811 827 861 862 877 891 912 919 924 942 948 962 975 976 983 985
22  1 5 40 57 96 204 285 304 549 602 637 645 690 793 800 811 912 919 924 942 948 976
3  6 154 187
7  20 55 206 269 438 793 854
3  613 687 872
1  779
2  410 862
2  234 504
1  519
2  457 851
2  464 912
15  352 359 506 524 684 783 800 801 861 912 919 924 942 975 976
2  483 888
2  118 170
6  10 28 390 877 924 975
1  231
2  174 269
1  619
1  37
2  242 975
1  473
2  759 912
1  218
1  696
6  100 304 356 549 841 975
2  613 872
2  262 379
195  0 1 2 7 8 10 12 13 14 18 19 20 21 23 25 26 27 28 29 30 32 33 35 41 43 47 49 51 52 54 55 57 61 67 69 74 75 79 81 82 84 88 90 93 100 101 105 106 108 111 112 113 114 115 119 121 123 130 131 135 137 139 140 141 142 143 144 145 146 147 150 153 161 179 180 187 191 194 195 201 204 206 212 214 216 221 225 226 237 240 242 249 259 263 269 285 290 292 295 304 313 314 321 329 333 340 341 347 352 359 361 372 374 379 383 386 397 402 413 438 441 454 481 489 495 506 524 536 537 552 555 562 564 570 578 580 581 582 592 595 598 603 614 619 621 626 627 628 634 635 643 645 646 653 657 672 679 684 688 690 691 696 707 712 726 728 734 736 743 751 772 774 785 792 793 800 854 862 864 867 877 880 891 893 912 919 924 942 948 950 975 976 982 985 995
1  196
1  565
1  670
2  608 833
4  690 891 953 985
6  114 117 588 608 696 831
4  132 578 688 995
1  709
1  66
10  58 77 89 94 120 186 364 379 503 891
3  358 507 895
1  362
1  501
6  40 356 409 549 824 975
3  130 606 696
2  472 925
2  140 948
1  102
2  432 855
1  255
4  207 585 596 756
2  114 912
1  291
1  809
5  396 511 749 896 942
1  147
38  10 14 43 54 57 65 131 138 146 149 153 187 263 290 297 340 379 429 445 570 578 603 619 645 650 653 726 743 759 793 803 827 864 877 912 918 975 985
1  846
22  17 211 256 293 310 317 326 373 412 471 501 522 532 572 662 701 721 764 907 948 975 985
3  610 878 993
3  239 284 406
2  550 908
3  745 901 948
16  0 304 306 352 386 519 592 619 800 811 912 919 924 976 982 985
31  12 19 41 51 55 82 139 226 228 285 341 372 386 410 438 580 614 615 645 646 793 800 806 827 912 924 942 948 975 976 983
2  655 873
83  0 1 2 3 4 6 7 10 12 14 19 23 24 27 29 33 36 41 49 57 66 74 75 79 88 99 108 121 125 131 139 153 191 206 263 271 277 285 290 295 320 341 349 352 353 379 397 413 422 445 446 482 489 490 603 605 615 619 635 689 690 692 742 743 751 785 792 793 827 854 867 877 891 907 919 924 942 948 975 976 982 984 985
2  413 677
2  359 951
33  2 19 22 61 105 113 125 141 142 143 191 244 281 341 379 386 420 438 463 481 570 619 774 827 864 877 880 912 919 975 976 981 982
1  159
3  88 254 720
2  330 702
1  387
10  447 513 613 687 699 734 804 825 891 948
1  863
1  341
1  509
2  198 975
170  0 1 5 7 10 13 19 21 24 26 27 28 29 30 32 33 34 40 43 49 55 63 65 69 75 78 79 81 83 84 88 104 108 112 115 116 123 129 130 131 135 136 137 145 146 153 155 161 167 178 179 180 181 187 191 194 212 226 228 229 240 244 249 263 269 271 274 288 290 292 295 304 314 321 334 337 340 341 347 349 352 361 376 379 386 390 393 397 413 427 429 438 439 442 443 446 460 466 481 482 489 490 500 502 504 524 535 537 543 552 555 570 577 578 581 587 589 592 595 600 602 603 614 615 617 619 634 645 646 650 673 678 688 690 696 699 707 712 716 726 734 742 743 751 759 772 785 793 796 800 814 827 854 864 867 891 907 912 919 924 925 942 948 950 963 974 975 976 982 985
3  551 610 857
2  592 919
26  49 53 108 140 141 224 314 341 386 433 435 493 503 537 592 619 647 827 867 882 891 906 948 975 976 985
2  232 905
43  0 1 2 4 7 10 14 20 43 55 57 65 108 113 115 143 146 158 159 160 191 240 290 379 438 446 503 568 570 581 619 645 653 707 726 743 774 793 880 948 975 976 982
2  392 425
1  167
1  526
2  482 643
1  23
2  483 812
4  555 582 643 985
7  21 73 74 220 292 446 912
118  0 1 2 7 8 10 13 14 16 18 19 20 23 25 26 28 29 30 32 33 35 39 41 43 45 49 53 54 55 57 59 63 66 67 75 79 81 83 84 88 129 131 135 140 142 153 163 169 171 187 191 221 228 229 236 263 269 290 314 340 341 349 354 361 379 381 386 413 460 463 472 492 503 512 513 524 552 570 578 587 600 603 605 619 635 645 653 687 690 691 707 712 728 734 743 757 785 793 800 827 832 837 864 872 877 880 907 912 924 925 942 948 953 975 976 982 985 995
1  726
13  0 1 2 13 39 153 274 341 603 827 948 975 995
1  687
6  196 300 358 507 704 838
5  396 511 749 752 852
1  408
3  585 596 756
1  590
1  131
1  860
3  268 295 525
3  32 264 985
5  42 58 70 77 210
7  4 13 196 232 290 507 881
2  880 911
25  17 74 82 137 211 256 390 438 503 506 515 572 785 793 856 864 877 891 912 919 925 942 948 975 985
1  859
1  400
2  333 367
1  906
196  0 1 2 4 5 7 10 11 12 13 16 18 19 20 21 22 23 26 27 28 29 30 33 38 39 41 42 43 45 49 51 53 55 57 59 61 68 74 79 81 82 84 86 87 88 90 100 101 106 108 110 111 113 114 121 125 126 128 131 135 139 140 141 142 147 150 151 153 159 166 178 179 187 191 195 200 212 215 220 226 228 249 255 263 269 276 277 281 285 288 290 292 295 303 314 320 321 332 340 341 346 347 349 352 354 359 366 372 379 381 386 397 418 420 429 438 446 464 473 481 482 489 500 506 510 512 520 524 527 534 536 537 543 549 552 555 562 570 578 581 582 592 595 601 603 614 619 635 643 645 646 650 653 681 684 690 696 707 712 734 736 739 743 751 759 783 785 793 800 801 810 811 821 827 849 854 861 862 867 877 890 891 907 919 924 925 942 948 950 962 975 976 977 982 985 995
1  722
1  607
3  355 681 976
1  276
3  212 263 304
5  10 30 379 854 975
126  0 1 2 4 7 10 11 13 14 19 20 22 23 24 25 26 27 28 30 35 39 43 49 51 54 55 63 65 67 68 69 79 81 82 83 101 117 125 131 135 137 138 142 143 146 147 153 160 167 191 195 204 214 215 216 226 231 240 254 258 304 306 314 334 341 349 352 357 379 386 395 398 401 413 420 427 438 439 445 468 469 482 506 507 515 524 543 578 592 602 614 619 624 634 635 645 646 673 690 697 707 712 743 772 774 785 793 800 801 811 827 861 864 867 877 879 907 912 924 942 948 975 976 981 982 985
1  703
1  373
3  133 712 975
2  397 477
99  0 1 7 10 13 23 27 35 39 43 49 51 53 57 59 61 79 84 88 115 129 132 138 139 142 146 167 187 201 229 240 242 254 255 263 269 274 290 292 295 302 304 306 314 323 340 341 347 352 376 379 386 420 458 468 481 482 492 523 524 536 537 578 603 605 614 619 646 684 690 691 696 707 712 730 742 743 765 771 783 789 800 801 811 814 827 861 862 864 877 891 912 919 942 948 975 976 982 985
14  0 7 472 634 728 843 877 891 907 912 950 953 975 985
1  206
1  481
1  124
1  671
1  159
1  664
1  491
1  94
1  568
1  508
6  115 119 165 330 394 942
3  223 251 518
1  298
2  177 569
1  267
2  648 729
113  0 1 2 4 9 10 12 13 15 19 20 24 26 28 29 30 37 38 39 41 53 54 55 74 79 84 85 86 88 98 106 108 119 131 135 139 140 142 145 147 161 187 190 216 219 221 228 263 290 292 304 323 341 349 372 379 384 386 396 401 438 439 445 446 482 506 519 531 537 543 552 562 578 581 603 605 614 618 619 632 635 645 646 677 690 696 734 743 744 751 785 793 800 801 811 827 852 862 864 877 891 907 912 919 924 936 948 953 975 976 982 985 995
1  365
2  610 993
5  10 49 54 57 976
3  96 379 381
1  780
167  0 1 2 4 7 10 12 13 14 15 17 18 19 22 24 27 38 39 41 43 51 53 57 59 73 74 75 79 84 93 99 100 101 106 108 114 117 131 135 137 139 140 141 143 146 147 150 153 155 159 160 161 167 174 180 187 190 191 195 204 212 215 224 226 228 240 242 248 249 263 269 274 276 285 290 292 295 303 314 320 321 323 334 340 341 347 349 352 376 379 386 390 397 398 410 413 418 427 446 466 469 481 482 489 490 493 500 506 510 524 531 562 570 578 581 587 592 603 614 615 619 624 625 632 634 645 646 650 652 690 696 699 700 719 734 742 743 745 751 774 785 793 800 801 827 844 856 860 862 864 872 877 880 882 891 893 907 912 919 924 942 975 976 977 982 985 995
1  427
9  329 391 407 827 877 912 925 975 985
1  866
1  421
16  2 190 194 261 263 292 530 690 785 832 891 925 942 975 982 985
1  248
1  396
4  98 219 411 519
2  364 470
1  606
1  732
3  490 645 975
6  89 91 184 246 339 428
26  2 12 19 65 85 86 142 153 187 239 247 282 289 294 325 340 379 581 683 684 690 773 800 912 975 976
6  6 104 167 502 877 985
1  711
2  105 975
1  719
1  410
1  770
3  561 735 976
1  710
1  736
2  57 785
3  186 371 584
5  181 877 976 982 985
205  0 1 2 3 4 5 6 7 10 12 13 14 17 18 20 22 23 24 25 27 28 30 31 32 33 35 37 38 39 40 43 45 46 49 57 63 69 71 74 79 81 82 84 88 92 100 105 108 110 113 121 124 128 130 131 135 137 138 139 140 141 145 150 151 153 155 158 159 163 167 180 183 187 191 193 198 201 203 204 208 211 214 226 228 229 240 242 248 249 259 263 275 283 290 295 302 303 304 318 328 331 335 341 349 352 356 357 359 361 368 379 381 386 390 397 398 407 409 410 418 420 429 438 446 458 461 465 466 478 481 482 490 500 502 503 506 524 541 543 549 558 562 570 578 589 592 603 614 619 624 634 645 677 688 690 700 707 712 725 728 743 758 772 774 784 785 793 798 800 811 814 819 824 827 841 854 856 862 864 867 876 877 880 882 891 893 907 912 918 919 922 924 925 942 948 950 953 960 962 965 976 982 985 991 998
170  0 1 2 5 7 8 10 12 13 14 15 19 20 21 22 23 26 27 28 29 32 33 35 39 43 49 51 53 54 55 57 59 61 72 73 74 79 83 84 85 86 88 90 100 101 105 108 113 125 130 131 135 139 140 141 144 147 153 160 180 181 187 191 195 220 226 228 230 234 239 240 242 263 267 274 276 277 280 281 290 292 295 304 314 320 321 323 332 340 347 349 352 355 361 372 379 386 397 401 413 420 423 438 466 478 480 481 482 489 500 506 524 531 535 543 548 552 555 561 570 574 578 592 603 605 614 615 619 645 646 650 681 684 690 696 707 726 736 743 751 774 781 785 789 793 800 801 811 827 861 862 864 867 877 880 882 891 912 915 919 924 942 945 948 962 969 974 975 982 985
5  536 912 948 982 995
1  416
1  211
1  128
6  139 141 281 867 919 995
66  0 1 5 19 29 43 49 53 69 81 84 112 113 135 137 139 142 143 146 155 160 240 254 276 295 341 349 352 379 386 413 438 481 503 512 519 524 536 570 581 619 645 712 734 742 743 785 793 827 861 864 867 877 882 891 912 919 924 942 948 953 974 975 976 977 985
4  354 537 800 862
3  10 422 864
160  0 1 2 3 4 7 10 13 14 15 16 17 18 19 20 22 23 24 25 26 27 28 30 32 38 39 41 43 47 49 50 53 55 57 65 66 67 74 79 82 84 86 92 105 106 108 125 126 130 131 135 140 151 153 174 178 181 187 191 193 198 211 212 225 226 234 263 271 274 283 285 290 292 293 295 304 306 314 320 321 324 329 340 341 349 379 382 384 386 397 401 418 420 429 431 445 446 464 473 481 490 503 506 524 536 543 555 562 570 571 572 578 582 619 635 643 645 646 681 690 696 699 707 711 727 734 736 743 751 785 793 794 796 800 827 832 854 856 861 864 877 880 889 891 903 907 912 919 924 925 942 948 950 953 963 974 975 976 982 998
1  289
1  525
1  630
1  707
1  11
4  40 356 409 975
1  781
4  610 857 944 997
3  577 650 696
28  0 20 55 113 115 119 131 139 226 263 340 386 458 536 578 626 653 688 734 827 834 891 893 912 942 948 977 981
1  658
1  993
9  32 295 306 329 382 543 758 975 985
2  54 633
