1000
10  20 188 242 409 485 545 573 636 795 982
10  60 127 188 265 597 792 897 911 935 996
12  39 117 175 274 327 374 383 423 492 553 649 854
11  4 19 40 55 388 488 505 687 882 905 973
12  3 73 166 215 353 376 422 644 647 653 682 953
11  42 87 225 423 567 708 861 914 933 959 999
6  73 215 459 475 676 927
12  36 122 164 426 459 507 529 664 805 877 916 917
15  48 218 246 285 358 367 407 457 541 659 714 777 830 896 947
10  42 52 99 366 428 456 723 824 848 888
11  39 90 227 284 336 450 528 681 719 774 984
10  34 123 135 229 258 276 461 504 822 837
11  149 203 263 377 461 514 582 609 625 810 843
4  193 528 630 817
12  125 200 260 312 352 411 639 655 685 847 858 907
15  82 196 255 371 395 413 423 541 807 846 848 883 900 913 980
8  32 68 73 436 665 721 926 933
19  82 111 132 137 158 218 249 272 327 399 432 469 475 495 830 886 899 935 940
13  29 172 214 225 230 306 497 567 618 767 772 789 918
11  3 104 105 130 330 432 561 583 676 760 977
14  0 77 144 180 188 361 447 528 586 667 774 785 876 995
10  48 62 299 342 400 456 518 776 920 924
12  172 220 245 291 305 323 430 505 520 616 690 846
13  35 288 437 451 505 509 549 615 733 774 890 894 978
10  151 176 204 295 427 544 647 679 970 983
9  205 224 227 352 354 658 767 844 899
12  97 200 409 612 660 761 770 867 877 884 920 957
11  79 144 254 267 511 655 841 891 919 927 987
7  82 199 216 626 702 712 899
12  18 162 251 453 469 614 716 821 934 965 966 969
10  61 308 336 455 556 877 914 950 953 995
10  286 331 349 423 479 700 715 740 851 979
15  16 87 90 120 144 252 304 341 499 514 583 670 719 818 964
20  177 209 243 316 382 418 471 537 541 592 607 610 672 702 716 726 843 873 885 895
7  11 165 183 284 305 331 991
8  23 165 369 384 527 580 727 821
12  7 64 119 175 200 225 316 452 461 470 546 774
10  260 387 407 470 813 868 910 932 967 998
10  70 434 531 561 625 706 745 779 954 962
13  2 10 182 185 223 241 427 534 637 756 886 900 903
6  3 540 760 797 911 960
6  104 771 818 826 950 978
11  5 9 146 272 525 744 763 770 837 965 968
6  121 277 284 585 687 984
13  78 172 274 356 455 580 596 800 834 837 890 931 997
15  49 62 76 109 137 220 459 460 469 576 783 792 970 975 987
8  162 376 508 680 711 755 949 981
7  70 133 184 415 636 698 721
9  8 21 262 375 470 488 656 743 925
13  45 207 279 289 310 444 543 548 569 678 934 959 985
6  573 719 738 745 901 977
7  236 390 599 623 714 749 935
14  9 126 325 374 424 560 611 624 845 860 894 944 968 994
8  415 417 455 653 658 717 793 850
5  386 469 558 599 604
13  3 112 124 247 277 340 353 366 432 492 639 674 985
7  243 335 456 645 721 895 994
12  84 153 215 232 564 744 796 841 868 880 885 923
13  345 379 431 446 483 572 586 760 905 956 958 978 992
2  518 886
10  1 79 288 359 486 560 794 833 895 977
9  30 264 301 375 385 445 561 823 979
11  21 45 215 262 420 468 619 800 850 862 908
11  133 203 270 365 381 654 717 769 983 987 993
15  36 138 147 181 204 235 327 386 513 662 763 775 812 940 983
12  76 320 463 547 670 690 741 806 810 840 939 984
7  91 142 439 652 735 867 917
7  226 242 243 281 539 685 918
12  16 81 313 438 719 759 798 816 871 895 918 957
14  93 120 181 205 224 231 281 397 568 667 762 773 859 916
12  38 47 135 174 250 346 411 480 488 680 892 904
11  80 104 246 342 468 476 532 868 922 941 945
11  152 198 403 404 605 751 842 897 926 971 980
12  4 6 16 111 388 428 675 786 872 913 971 983
3  170 913 991
8  358 573 583 630 645 671 887 965
11  45 65 175 227 231 243 252 609 837 857 966
11  20 97 144 188 200 340 522 594 619 678 882
11  44 81 151 172 216 232 410 477 576 646 912
12  27 60 134 269 318 324 370 483 639 651 977 979
9  71 152 194 196 249 545 748 874 974
4  68 78 109 485
13  15 17 28 152 236 297 329 395 555 791 806 867 987
10  201 292 471 558 604 617 738 838 894 922
16  57 97 218 239 287 391 434 464 641 718 776 815 846 884 891 909
9  261 458 533 563 589 612 616 682 788
13  182 246 335 347 348 519 537 587 836 888 890 894 931
11  5 32 245 343 444 459 614 650 678 717 781
7  149 235 247 456 599 683 894
10  102 223 484 546 600 618 730 735 813 965
7  10 32 121 320 749 849 962
8  66 288 331 403 428 580 725 907
8  161 183 484 527 642 675 786 983
8  69 395 504 522 558 588 736 968
7  163 181 342 358 512 851 993
12  135 157 217 338 449 505 757 832 864 875 881 948
9  145 161 664 684 754 804 848 941 973
10  26 77 84 309 375 432 469 480 647 657
14  158 208 282 353 357 399 575 593 643 685 744 825 886 966
12  9 118 123 131 189 319 357 435 573 859 879 929
6  132 283 630 918 927 974
8  105 128 370 392 529 709 859 884
10  89 159 214 227 350 715 718 719 922 961
8  161 189 287 460 530 625 834 943
11  19 41 71 184 245 417 741 832 834 903 946
10  19 101 221 280 308 473 615 747 867 966
10  120 353 486 511 517 539 705 795 945 967
9  232 256 316 328 393 456 700 932 944
11  174 194 209 295 328 471 485 545 840 923 931
17  45 81 113 186 192 206 235 238 446 459 490 493 506 522 587 641 944
6  308 391 692 700 869 947
9  17 73 169 207 282 295 753 857 887
8  55 418 596 638 778 814 904 942
16  109 121 170 173 258 358 388 396 399 421 439 462 546 623 669 943
6  224 412 719 761 793 936
6  177 272 287 484 491 974
9  163 176 398 458 647 649 787 790 912
11  2 223 225 375 385 406 660 694 837 863 926
10  99 150 177 213 311 320 335 400 704 775
8  36 299 439 557 641 645 763 900
12  32 69 106 272 358 391 506 570 582 707 816 920
9  43 90 113 147 154 452 589 797 899
10  7 150 280 302 363 413 491 632 696 943
12  11 99 248 337 351 360 383 519 563 575 613 911
14  55 153 166 234 262 364 622 630 643 651 962 979 988 991
12  14 213 343 412 446 507 656 693 723 872 924 953
9  52 368 382 390 460 695 840 855 966
11  1 252 328 439 524 605 673 730 797 826 908
11  101 155 186 371 483 509 582 771 778 814 948
3  495 726 975
12  19 229 239 251 347 381 398 485 581 718 819 974
11  99 159 165 179 266 452 612 639 721 800 952
8  17 100 508 580 780 793 861 938
12  47 63 153 195 213 255 276 493 634 709 757 813
11  79 292 387 551 588 646 855 859 932 966 969
8  11 70 95 148 165 746 870 990
10  171 250 370 374 398 450 458 604 819 984
8  17 45 180 579 584 638 765 798
9  64 223 257 332 382 533 631 787 902
10  178 215 226 473 485 692 759 813 898 959
10  219 268 373 423 456 584 619 660 781 926
11  298 341 351 395 408 559 605 815 917 943 996
9  66 294 459 600 673 802 900 940 970
9  313 532 542 550 745 893 895 903 937
11  20 27 32 77 300 377 531 615 656 829 890
14  96 207 247 369 398 427 503 631 679 730 825 929 975 978
8  42 258 323 590 599 677 777 797
15  64 121 258 269 313 328 381 383 410 472 503 584 658 844 850
9  135 429 506 653 758 830 929 937 970
7  12 88 386 590 646 843 852
16  118 122 378 385 460 469 479 500 534 648 720 726 756 778 825 956
13  24 78 184 256 341 392 458 606 725 759 760 899 942
10  72 80 82 206 343 623 741 812 834 916
6  57 124 133 511 671 904
5  121 205 455 884 953
5  128 346 561 612 873
13  179 195 299 408 504 519 521 551 568 584 612 744 896
11  95 294 321 406 422 536 597 721 730 931 965
8  17 98 224 313 498 558 566 967
8  102 131 238 405 495 686 938 989
6  412 570 612 622 738 789
12  92 96 103 290 317 392 499 587 724 761 775 874
14  29 46 185 255 477 500 559 671 679 682 752 816 937 994
10  94 116 522 576 582 741 752 761 906 994
10  7 257 352 372 480 530 662 691 923 984
9  34 35 131 135 208 361 380 422 947
13  4 124 240 376 438 471 555 665 704 753 843 889 953
13  271 281 341 411 456 491 559 587 673 686 766 836 924
7  225 239 242 303 337 832 852
5  111 238 252 504 601
14  74 113 257 358 368 449 484 500 603 608 638 712 752 851
9  136 252 285 294 466 506 566 587 719
10  18 22 44 78 200 392 413 432 516 789
7  113 425 435 441 450 921 973
10  70 108 179 391 438 524 554 732 774 962
11  2 36 76 198 233 237 340 506 565 665 930
14  24 116 251 274 467 571 616 667 693 715 755 785 828 874
12  33 115 118 265 405 532 620 672 683 699 977 981
11  139 234 277 341 361 639 791 886 930 959 964
6  131 156 174 201 402 667
4  20 137 195 907
19  64 69 94 209 252 377 389 503 644 680 715 729 740 758 768 779 851 861 892
6  39 86 597 673 734 960
12  34 92 397 401 475 496 550 595 619 678 751 917
10  47 104 151 389 529 718 721 771 834 920
9  39 162 208 363 455 463 535 537 693
11  109 128 300 356 523 646 746 795 914 955 991
11  212 247 331 404 428 474 484 559 857 898 966
12  0 1 20 77 269 310 316 473 520 654 769 964
12  99 103 248 390 509 515 632 748 760 814 836 972
9  216 346 461 506 530 810 854 885 963
7  226 467 565 678 944 986 987
11  109 285 322 523 541 671 735 762 793 922 983
4  13 196 452 862
12  80 108 259 294 409 455 762 837 853 877 895 963
15  133 156 180 227 296 359 437 503 510 708 787 889 901 919 989
11  15 80 193 285 417 444 685 694 726 979 985
6  312 319 850 857 863 955
10  72 175 248 429 460 543 617 724 881 985
3  28 667 875
11  14 26 36 77 172 397 773 817 862 868 913
6  83 179 379 688 861 976
12  299 340 493 565 575 607 671 702 749 769 772 907
7  12 63 243 448 756 810 848
8  24 64 287 337 580 618 622 848
11  25 69 154 322 440 457 481 604 842 990 991
16  109 152 234 239 251 465 540 544 573 719 749 775 859 863 884 959
10  49 111 145 362 423 465 498 619 824 922
11  98 165 185 411 499 600 686 698 778 963 978
10  33 108 181 442 631 793 797 807 903 977
9  238 294 324 398 439 632 695 827 998
13  217 306 343 394 409 546 575 637 708 796 946 994 998
8  187 308 412 447 594 674 700 903
16  118 125 133 234 278 499 521 657 668 746 791 831 834 847 939 975
9  18 102 247 286 439 650 773 831 952
9  4 6 57 62 139 419 428 546 648
11  28 78 190 241 266 323 390 436 675 755 872
7  95 211 609 734 908 937 977
9  8 17 84 224 295 313 415 688 713
9  140 238 553 659 693 780 863 891 952
8  22 45 263 408 571 617 799 836
11  105 228 403 432 504 514 543 730 751 775 785
8  482 544 618 691 781 865 876 992
12  39 89 117 138 300 374 535 612 623 685 737 987
9  25 69 114 158 218 320 322 529 666
12  5 18 36 117 168 352 401 437 563 808 831 930
11  67 139 191 283 345 758 770 793 825 828 935
15  10 25 76 102 195 282 288 303 631 632 775 802 813 826 889
5  221 315 407 483 984
10  11 130 251 504 551 714 718 742 782 801
9  18 279 323 343 351 542 692 816 836
12  69 76 269 301 353 578 581 708 766 865 922 934
11  57 78 107 332 350 489 504 760 921 926 973
14  175 274 327 335 588 731 749 835 858 881 912 936 963 998
12  124 178 206 213 409 635 657 704 710 791 826 936
13  64 88 109 308 406 542 571 603 615 663 676 712 842
12  51 82 251 363 390 571 763 785 855 936 969 984
2  175 725
10  109 159 169 210 219 473 564 576 778 852
12  84 130 168 206 255 270 326 437 496 803 911 927
8  166 332 515 725 741 940 949 970
4  39 216 516 525
9  0 67 168 312 440 560 847 859 951
13  33 56 67 76 203 308 370 372 400 406 602 618 860
5  304 396 463 657 793
8  22 87 104 632 664 786 822 976
18  8 71 86 300 306 350 356 372 461 556 580 643 752 757 760 778 843 866
12  55 88 145 187 214 404 425 513 710 888 937 954
10  123 189 198 367 429 603 650 890 898 974
8  17 80 400 565 587 625 855 994
4  70 136 374 995
8  29 130 176 206 229 236 286 857
12  32 76 127 169 171 181 493 502 577 789 892 988
6  259 260 558 709 830 932
8  27 260 277 332 462 496 522 606
13  15 133 162 239 282 308 442 446 496 603 621 697 699
7  107 151 408 664 735 897 931
14  138 164 170 279 358 430 648 691 824 846 860 957 959 986
12  11 113 146 147 296 339 485 812 864 871 916 949
10  194 253 338 373 484 587 608 627 635 730
14  14 37 253 254 372 566 593 619 623 713 728 913 977 996
12  85 268 333 336 507 572 637 843 859 943 961 980
11  48 62 124 341 599 613 671 728 762 790 936
7  12 220 288 401 676 835 845
9  61 419 449 457 527 682 701 942 988
8  1 177 306 326 474 676 842 933
12  131 216 492 607 623 648 693 730 749 810 879 932
9  27 340 368 388 596 635 845 884 935
8  140 261 352 420 427 711 753 769
10  79 147 188 231 284 628 715 885 918 921
10  63 239 470 558 603 772 799 877 928 962
12  167 287 370 518 534 551 602 615 677 904 907 967
10  17 42 115 120 333 396 456 685 932 939
10  293 337 447 469 473 496 781 899 929 955
8  2 44 176 233 351 352 593 658
4  355 609 836 864
7  11 133 429 727 753 960 976
9  43 55 178 254 348 359 450 732 870
5  213 424 459 786 903
12  49 230 257 282 297 476 479 569 754 759 765 972
10  105 122 343 417 501 578 580 894 908 912
13  67 69 167 308 447 694 709 819 826 833 870 938 970
12  98 111 227 255 279 313 402 559 584 604 863 907
7  100 226 325 376 487 698 814
12  10 34 43 269 366 400 430 554 706 786 868 993
8  8 171 192 196 369 445 481 817
10  31 214 251 351 595 671 811 884 886 962
9  84 103 115 204 271 519 701 826 921
15  23 60 91 227 263 320 395 577 602 702 803 873 877 936 954
6  49 317 387 647 839 865
9  161 379 427 512 583 591 602 705 997
10  22 358 452 490 584 712 720 857 917 970
6  83 134 323 407 441 913
5  273 305 325 873 924
12  142 157 171 194 210 458 463 585 917 924 952 957
15  24 108 111 218 360 363 547 558 660 761 768 790 913 927 964
9  195 258 317 434 463 474 476 524 866
10  82 279 371 400 401 471 777 884 930 965
8  141 419 634 638 690 800 873 961
11  21 119 156 202 307 399 511 615 632 882 885
12  144 186 223 246 354 443 604 798 827 874 924 961
8  61 231 358 491 513 556 622 685
9  122 437 599 619 699 710 773 824 924
7  168 227 403 416 425 962 979
9  32 244 416 511 532 540 646 848 973
12  22 34 293 620 661 663 682 827 869 898 940 979
7  18 211 246 265 386 655 686
9  299 333 374 405 414 494 668 895 954
19  30 105 110 212 235 243 255 281 327 426 560 596 669 690 782 876 891 958 971
5  97 311 402 834 956
8  49 188 481 500 654 789 823 830
7  118 309 411 448 469 570 677
13  14 197 242 327 332 382 515 522 763 777 894 977 984
18  68 143 147 158 218 282 388 494 495 559 580 720 774 808 863 900 928 988
4  386 389 459 559
7  228 339 598 658 740 820 851
8  33 36 107 188 439 556 902 953
12  161 289 296 379 449 572 659 695 835 942 975 996
9  79 496 536 629 637 660 673 817 860
11  99 197 329 445 464 530 589 753 756 964 989
10  65 90 118 224 288 583 601 614 808 839
10  157 337 343 378 509 529 602 708 765 791
16  192 205 224 505 618 721 737 784 793 822 852 905 945 948 962 972
14  22 146 216 230 292 407 418 456 483 506 570 679 754 952
8  79 210 330 471 545 653 685 899
10  52 283 293 412 547 665 758 762 966 997
10  239 265 376 411 544 718 778 867 889 927
11  2 17 64 233 308 312 478 484 677 726 823
8  107 108 127 147 590 673 962 987
11  82 319 423 463 504 685 713 808 859 920 966
11  19 324 395 458 461 485 493 616 791 834 904
9  31 34 91 187 358 359 651 668 930
11  138 232 240 254 312 369 455 589 634 705 959
10  261 272 307 355 382 520 757 791 965 998
4  812 835 970 976
19  56 86 118 233 353 380 398 436 446 475 509 514 531 680 714 730 820 841 842
10  10 30 261 357 367 511 708 770 828 869
9  123 168 204 273 321 692 717 770 939
6  95 259 402 485 557 872
11  258 315 351 382 394 557 648 784 845 858 997
10  55 77 175 202 267 394 677 690 741 908
16  32 141 151 167 178 262 353 360 416 597 598 660 679 726 730 990
4  21 71 94 794
14  87 125 152 211 230 280 321 375 388 396 437 472 665 969
4  468 532 770 866
9  58 226 392 489 549 608 673 957 975
8  70 155 190 355 480 653 676 733
10  86 130 597 655 729 786 825 843 855 864
11  86 277 363 406 440 455 553 674 716 728 781
10  31 390 431 690 721 762 790 808 909 990
9  102 232 246 382 404 583 751 837 991
15  123 141 230 274 286 339 563 604 614 646 709 780 880 907 977
13  14 25 164 225 268 274 384 516 518 581 637 903 926
14  4 55 98 106 231 335 341 435 442 617 660 882 955 980
6  25 300 649 663 751 894
12  275 333 346 479 491 622 627 638 771 821 834 867
8  44 186 246 417 509 630 801 939
9  98 99 336 359 458 582 684 742 792
16  8 75 94 113 120 170 257 291 301 331 403 560 624 717 779 891
11  60 195 277 331 357 423 434 451 656 754 887
10  123 295 341 375 532 638 781 801 947 990
7  20 165 178 769 841 869 953
6  207 515 548 566 853 983
9  122 185 236 295 348 390 395 632 798
7  124 388 421 631 737 763 764
12  63 416 420 425 437 553 556 663 693 715 768 823
10  9 55 284 369 532 617 630 661 672 730
13  8 248 336 422 431 469 518 600 675 804 848 894 994
10  126 170 267 394 432 595 599 677 744 793
14  35 145 285 332 366 541 546 574 592 730 822 834 861 906
12  79 101 136 243 271 573 640 708 791 860 861 983
7  15 128 297 429 529 713 964
8  164 243 246 260 503 725 763 808
6  140 259 458 611 632 817
14  2 52 136 223 250 307 517 607 612 653 674 764 796 918
9  48 61 97 117 343 360 411 851 948
12  4 46 166 283 326 442 602 608 650 764 813 835
6  12 144 181 473 654 671
8  150 321 398 448 480 586 635 855
12  58 201 290 317 390 412 465 509 806 870 878 949
8  165 335 516 571 680 720 810 983
11  63 130 147 424 595 744 843 858 957 960 985
12  33 126 138 312 333 339 350 452 542 557 574 953
9  2 123 147 405 528 546 572 707 898
5  35 352 458 525 593
8  61 117 150 661 711 889 931 997
12  54 64 149 306 314 571 634 639 787 872 909 958
13  37 134 289 439 468 486 581 649 675 837 863 892 941
10  3 73 113 267 313 343 364 649 784 996
14  181 184 314 482 553 661 730 754 760 929 945 987 988 996
14  51 126 189 216 236 349 363 379 391 474 715 873 887 950
12  84 110 120 174 390 504 505 602 623 678 697 912
12  101 151 161 172 345 447 614 702 704 781 800 933
8  107 399 404 628 665 696 747 984
8  211 339 340 368 397 495 854 977
13  15 82 93 141 288 330 363 420 455 479 641 713 981
12  113 244 272 343 465 484 550 655 702 798 850 924
11  69 183 200 394 415 744 842 867 884 987 988
15  116 130 136 145 210 335 378 585 618 650 718 826 928 935 973
9  17 98 113 299 393 495 683 982 983
12  21 118 243 249 284 297 597 736 942 946 956 973
8  183 225 263 297 473 492 576 771
14  179 282 309 338 494 574 659 666 716 868 886 932 942 953
7  72 91 221 303 358 410 581
11  72 187 247 350 393 548 605 758 911 920 972
12  159 177 307 383 452 456 473 523 542 625 718 860
11  117 157 235 243 348 686 812 829 862 926 982
8  8 37 228 292 323 476 795 918
9  141 156 220 256 461 627 731 869 944
12  0 26 194 211 234 461 527 619 626 910 958 991
11  78 147 403 416 560 579 810 815 857 859 974
14  14 70 167 208 311 326 375 419 483 565 825 876 953 961
16  114 125 160 212 325 379 501 503 555 602 641 692 738 812 902 906
5  15 122 172 491 800
5  307 432 452 557 686
9  47 53 218 397 527 542 678 865 946
14  303 304 341 365 410 534 564 642 664 729 845 873 908 985
8  53 104 196 280 356 501 758 879
10  33 112 323 523 622 721 746 766 804 821
9  215 264 298 411 580 633 781 833 929
11  62 268 365 395 527 629 710 735 757 942 956
12  113 364 553 634 683 741 760 781 791 816 885 980
6  4 157 165 367 830 945
15  2 5 15 31 140 207 329 359 468 471 483 541 819 869 959
17  52 278 381 464 477 484 497 570 607 613 619 800 826 868 875 898 997
14  173 247 303 365 440 469 564 638 710 723 758 770 776 805
7  7 308 526 574 891 911 944
13  24 39 145 268 290 431 492 620 686 714 736 780 938
12  9 73 91 187 215 446 781 791 800 843 844 894
9  148 198 248 276 371 538 541 704 991
12  22 257 284 443 445 491 509 590 592 663 692 744
10  58 349 367 427 568 583 656 746 859 874
15  17 19 55 97 172 221 368 414 510 606 614 772 808 837 982
7  530 569 581 694 776 868 920
8  38 84 296 359 480 525 814 931
5  99 173 353 531 859
12  16 216 335 489 543 572 652 720 722 741 776 821
11  23 195 225 239 302 343 365 633 644 692 915
6  68 166 174 577 581 810
13  66 113 119 127 210 214 316 387 507 534 725 815 831
12  205 242 348 425 547 697 725 746 855 862 943 979
4  173 292 587 627
6  209 255 353 376 493 796
6  300 430 469 584 594 729
5  49 87 196 595 679
10  61 285 319 430 461 485 532 595 612 664
12  58 109 125 255 335 428 606 638 743 911 937 964
8  20 212 273 281 392 463 694 847
10  203 311 378 516 525 572 630 656 705 981
9  95 170 264 317 570 730 929 973 976
6  10 136 173 277 663 912
4  23 359 727 753
15  36 121 131 193 291 382 405 414 471 549 589 722 726 783 972
7  29 628 680 837 873 906 984
6  565 576 592 599 932 972
15  30 44 53 154 185 194 332 348 395 519 712 787 819 841 925
15  9 21 56 88 107 140 167 272 323 405 554 562 679 788 823
6  8 205 264 614 799 852
12  85 116 136 151 294 330 357 373 384 524 549 657
13  6 7 45 87 109 142 278 314 471 506 676 850 997
12  45 103 126 150 198 491 545 685 776 793 835 956
10  11 12 36 190 246 330 408 409 445 477
6  113 254 487 513 559 577
13  65 185 244 294 296 329 447 476 491 686 710 808 832
8  84 319 424 511 512 536 637 650
13  206 207 379 396 494 571 615 625 720 800 892 895 954
7  171 489 512 601 730 795 936
5  176 191 487 489 604
8  62 71 344 387 423 705 818 862
18  17 29 45 54 97 150 273 311 367 425 443 500 535 715 724 789 851 972
12  36 37 48 270 487 532 562 692 752 783 845 882
12  33 83 108 166 297 324 423 452 459 618 621 866
3  147 343 779
11  105 139 188 238 273 377 401 405 534 781 945
8  187 265 296 390 741 865 899 974
7  6 17 183 335 528 529 693
9  71 279 296 407 463 668 701 779 913
8  78 162 424 461 495 541 831 955
3  327 845 950
13  31 150 279 355 395 500 650 706 757 767 879 910 943
9  70 97 164 346 378 434 590 676 822
12  205 285 310 496 521 540 713 737 826 844 865 872
6  222 389 660 735 798 890
11  58 79 128 228 323 411 423 533 657 910 939
11  89 92 115 170 187 259 327 396 424 752 808
18  0 81 108 130 139 258 330 338 445 498 586 663 708 729 745 822 944 956
7  60 106 387 608 679 924 964
11  283 462 467 470 522 666 734 784 887 964 991
12  3 48 70 510 595 624 677 705 713 755 844 990
9  232 345 436 466 467 523 527 827 926
7  109 291 664 836 858 950 962
14  115 122 167 301 355 413 430 460 463 530 573 658 829 841
9  2 55 266 401 427 536 594 633 656
11  109 133 202 252 330 442 578 626 779 793 849
13  307 313 402 465 507 539 557 606 763 765 771 872 926
9  17 129 159 313 394 399 477 603 879
13  183 239 254 255 273 318 481 577 724 730 800 944 952
2  18 424
5  158 207 485 529 969
7  32 161 208 213 543 813 936
13  150 162 170 310 469 479 591 698 700 838 843 977 993
11  280 412 417 512 527 553 639 805 959 965 976
9  252 510 618 626 633 663 714 905 940
9  145 147 181 195 372 412 699 834 862
18  11 93 156 169 221 229 232 329 391 651 660 716 758 829 830 860 904 929
12  3 22 23 95 322 391 583 670 671 689 956 997
10  109 120 148 171 175 190 323 459 685 760
6  7 125 261 439 494 708
10  46 132 595 613 631 652 808 825 926 989
13  23 128 189 321 335 356 379 430 571 797 935 944 995
11  195 432 488 502 556 626 645 652 757 855 990
13  27 106 153 299 304 336 464 585 745 776 820 873 958
13  94 290 464 466 501 597 669 744 811 895 901 969 971
7  64 247 301 462 517 770 868
9  12 32 221 335 531 734 838 874 897
7  189 240 312 362 631 702 929
10  172 241 352 380 448 781 808 893 958 991
6  106 374 513 628 779 836
8  21 59 271 352 367 707 831 866
9  86 123 156 287 455 584 664 734 801
9  22 188 333 651 756 825 886 980 995
11  156 213 481 526 645 670 690 710 842 898 979
10  77 93 109 163 254 312 487 558 656 710
8  186 192 405 418 489 547 840 892
11  127 174 296 458 670 681 717 778 798 802 969
10  42 241 384 434 448 653 704 707 839 921
5  426 521 641 731 745
11  35 92 264 409 415 420 489 501 582 691 856
8  10 13 20 383 475 698 704 745
11  7 101 184 224 321 371 475 498 530 746 999
12  103 164 190 319 433 491 529 574 611 619 931 968
9  38 144 335 435 514 667 804 897 982
13  71 143 177 304 344 360 366 445 470 548 719 739 750
6  85 138 483 603 720 910
10  39 150 271 416 439 473 547 560 701 799
18  185 223 469 537 576 732 764 825 829 855 865 899 921 922 945 954 962 985
9  157 318 464 492 572 744 782 923 984
9  33 86 185 535 652 694 700 957 993
8  429 578 769 837 844 855 878 946
8  67 106 494 690 799 878 891 927
13  40 206 304 481 586 648 719 819 840 893 896 919 963
14  8 15 33 192 369 423 429 477 545 561 563 870 984 988
10  143 230 235 382 405 415 577 678 685 976
9  49 198 221 436 499 590 729 766 786
13  24 206 222 326 562 565 600 628 690 736 755 833 889
9  0 80 108 324 460 541 623 641 970
11  36 89 113 211 215 369 383 555 687 749 982
12  65 295 325 440 523 534 576 746 791 871 907 967
8  49 362 404 532 596 634 934 948
10  23 345 452 458 685 735 782 874 940 942
4  143 183 396 945
7  134 156 229 271 780 932 967
9  630 658 771 815 885 886 945 946 988
14  2 219 348 365 389 421 501 588 610 643 682 806 840 951
7  174 284 456 718 736 830 836
12  82 166 412 546 564 666 714 802 878 902 982 992
11  30 246 301 316 365 510 700 860 888 982 999
11  119 338 339 382 414 494 567 636 650 892 943
10  54 83 93 158 253 270 295 522 656 800
16  141 162 167 187 282 313 314 462 588 729 814 824 947 959 978 998
12  52 60 242 308 358 410 534 565 571 754 797 946
12  19 38 61 155 541 595 765 815 849 908 947 971
7  456 470 544 847 950 959 967
7  85 123 225 351 541 766 852
11  57 238 416 425 555 598 626 630 771 852 959
11  175 191 202 249 411 454 544 560 605 869 926
11  158 171 260 362 584 709 758 846 901 918 946
10  5 18 557 598 650 689 692 728 792 866
8  69 156 431 583 592 605 755 940
8  49 279 433 575 887 888 901 970
10  120 160 311 323 424 449 749 811 867 952
12  176 220 235 236 380 386 465 509 560 672 686 945
10  58 261 317 383 436 448 536 738 752 926
11  0 50 75 99 206 370 491 664 669 845 998
7  369 382 402 426 530 616 680
15  98 123 202 211 569 588 591 602 634 660 859 866 898 932 996
12  45 78 163 238 401 454 535 547 671 727 813 868
8  252 288 438 462 496 542 790 969
10  231 280 493 538 599 642 687 857 946 949
11  137 410 653 716 726 756 784 785 794 936 963
13  35 44 91 132 204 246 280 313 419 641 653 820 905
11  130 231 352 387 403 433 438 612 618 877 936
10  12 120 128 163 357 527 636 735 886 895
11  19 32 75 290 320 350 431 505 568 622 941
15  137 140 147 156 282 291 443 519 566 656 660 746 781 836 992
4  43 294 398 511
7  20 58 378 485 540 717 871
10  86 109 161 167 171 249 259 441 647 799
7  93 134 233 553 559 575 882
10  85 121 319 332 452 787 869 892 968 981
7  146 149 328 430 480 543 700
5  290 500 575 732 758
9  33 369 430 454 568 670 801 967 974
8  98 260 274 384 687 694 902 908
7  77 212 443 492 693 809 969
10  183 286 368 381 444 445 488 508 561 707
10  44 112 267 308 548 652 690 722 878 905
11  1 157 182 341 347 400 512 671 884 963 990
10  315 341 564 567 729 735 757 776 829 947
14  51 54 88 146 262 302 368 454 578 660 687 743 826 916
7  89 142 208 367 544 893 984
7  169 320 466 645 865 949 971
12  243 271 288 290 321 376 391 412 575 607 845 965
9  170 235 248 255 270 495 533 631 668
9  54 83 136 205 282 300 351 467 685
13  72 127 141 404 565 568 712 759 848 932 940 967 990
9  151 254 432 446 494 620 715 907 974
11  33 202 266 374 424 602 625 702 839 847 985
7  170 259 345 376 486 693 949
11  12 76 217 275 623 645 752 753 774 890 943
7  33 553 642 644 671 705 802
4  52 373 530 944
11  26 85 131 155 156 160 223 374 445 581 922
7  123 262 424 508 727 971 974
9  29 87 320 351 392 432 457 699 870
10  23 105 144 235 271 299 465 714 724 975
10  22 85 176 330 574 649 658 769 822 827
9  83 198 220 353 366 630 718 784 817
16  18 89 204 222 243 322 398 471 502 581 649 743 781 877 897 991
13  62 77 140 183 207 260 302 409 424 530 710 839 953
6  177 305 427 606 627 641
8  255 471 647 727 848 963 981 984
10  124 160 204 301 355 418 583 629 671 984
14  51 113 152 223 260 266 391 545 609 637 647 656 889 983
5  52 358 488 802 838
10  12 38 103 249 405 465 607 642 917 956
11  28 409 493 502 510 564 724 754 848 885 931
10  259 355 408 441 620 658 736 768 796 853
7  269 393 453 517 544 825 835
5  318 420 622 796 956
12  13 75 100 124 356 366 448 552 564 617 712 972
10  138 145 209 227 364 508 515 603 818 898
19  122 189 210 227 245 299 363 373 644 654 676 681 721 760 785 812 821 930 975
10  419 437 492 502 685 693 733 804 906 960
13  133 298 332 386 421 548 575 688 791 848 874 890 928
7  234 259 267 378 648 751 972
10  0 47 557 582 644 753 788 796 833 922
12  39 211 261 318 352 464 623 719 742 766 856 918
11  112 137 170 298 355 360 425 446 790 913 958
13  14 55 79 131 178 386 501 711 728 747 766 883 895
7  370 706 711 739 800 812 822
11  84 109 119 395 412 526 545 580 620 650 939
7  92 416 578 610 625 671 786
7  98 124 246 553 663 865 991
10  4 181 437 610 632 636 663 726 731 791
10  56 75 119 510 521 601 609 703 727 755
7  78 134 149 186 304 351 925
13  4 24 97 116 289 587 621 623 732 785 840 863 922
11  150 215 257 266 339 540 635 697 711 917 994
7  2 116 354 387 388 616 618
14  87 214 248 376 398 464 479 557 567 641 727 847 938 959
11  79 124 331 504 520 660 689 723 768 916 946
10  66 436 508 510 537 596 677 692 788 815
11  4 53 148 324 346 374 525 579 580 761 885
6  63 188 310 377 632 747
5  14 27 306 347 396
16  48 125 144 359 431 448 492 522 558 584 623 747 749 792 874 964
7  97 213 234 244 458 483 675
11  25 53 147 274 315 491 552 616 627 749 934
8  8 219 317 402 830 841 937 967
16  26 117 140 295 318 341 353 482 504 575 584 599 651 843 866 956
7  305 366 385 389 712 795 820
10  64 164 674 681 706 782 785 825 930 947
16  235 305 354 365 430 450 485 502 643 644 747 791 807 914 927 986
10  7 96 245 256 416 445 490 519 573 720
8  16 166 175 325 343 393 711 868
7  224 402 487 555 885 895 921
9  20 69 176 179 199 531 673 850 943
9  213 307 331 476 603 755 801 858 895
8  113 308 512 573 716 782 832 887
9  32 65 505 521 524 592 758 947 955
15  75 153 162 192 202 262 286 377 505 576 597 610 622 642 867
5  33 177 366 571 708
16  127 142 167 182 318 328 345 667 713 753 801 840 846 903 923 966
10  55 212 348 374 662 778 801 839 861 952
6  73 92 216 367 387 657
14  6 19 235 263 265 346 459 480 632 707 821 824 830 909
11  146 271 311 327 340 368 488 652 688 843 934
13  49 77 87 183 191 391 415 542 693 731 742 858 959
13  24 145 162 323 341 444 456 486 699 793 804 818 853
9  46 70 181 335 380 453 574 805 888
5  10 524 632 662 783
6  4 85 162 264 305 553
6  88 177 399 421 850 888
3  96 357 963
18  14 67 98 196 223 272 301 324 329 460 506 542 549 604 633 834 891 979
13  159 167 208 306 406 414 427 463 571 726 737 889 914
7  3 43 546 578 593 599 763
7  201 218 634 677 765 803 804
10  505 567 651 764 777 909 918 936 945 967
11  22 65 298 308 340 349 521 539 544 596 897
7  164 222 257 527 840 954 990
13  110 139 230 337 412 430 437 470 567 652 853 869 925
15  125 176 185 219 266 365 475 594 608 633 678 766 871 883 936
9  117 196 281 433 447 537 593 717 768
8  126 210 317 796 865 903 915 964
5  122 393 807 822 890
6  255 391 440 648 727 941
7  47 208 283 500 528 699 960
12  177 255 302 503 614 679 698 736 874 878 879 887
12  31 107 110 212 500 537 556 590 731 793 851 958
10  264 287 476 534 861 925 949 966 967 983
11  28 33 202 288 392 396 515 607 879 916 955
2  645 838
10  118 166 234 392 429 525 528 744 750 912
7  106 290 332 448 468 488 610
13  38 284 479 640 662 722 740 765 826 836 866 933 967
10  120 383 518 525 595 676 719 844 852 924
10  5 195 211 231 321 336 370 485 507 672
11  101 133 253 281 351 566 729 818 832 849 944
12  234 247 302 420 425 463 521 522 619 778 876 944
9  46 268 385 639 640 648 665 848 998
14  28 170 235 291 455 605 630 661 713 717 725 817 834 988
14  218 260 329 371 395 481 488 673 712 755 769 842 928 987
13  8 51 229 335 427 502 555 615 784 818 850 989 997
12  31 102 176 181 269 365 390 469 606 856 975 994
8  29 33 348 402 504 579 669 888
11  53 63 87 337 358 524 586 694 712 727 933
19  84 102 130 184 229 326 398 405 554 617 737 746 747 783 824 835 840 909 993
16  10 32 50 68 102 114 171 206 532 540 637 707 835 845 932 966
11  150 291 313 380 436 465 533 664 733 831 999
14  16 47 56 131 157 184 322 349 418 632 725 820 837 988
5  436 452 596 706 871
7  9 125 425 651 771 845 856
7  161 198 469 496 615 626 850
12  91 151 237 240 372 439 440 712 721 858 869 988
12  33 129 150 196 327 341 452 579 644 686 749 999
11  35 276 451 576 613 621 645 650 697 717 913
6  260 262 348 567 639 815
10  181 347 416 443 485 543 559 598 709 854
18  89 127 145 157 221 259 266 335 341 366 369 389 449 466 496 845 932 988
11  233 408 526 644 678 700 785 833 883 911 918
9  174 277 535 591 647 786 890 895 981
7  23 346 633 720 917 952 955
9  182 217 487 514 519 854 871 935 964
9  66 89 192 256 420 482 549 582 598
9  93 400 427 544 554 627 699 771 772
11  223 322 364 481 686 718 743 766 817 887 896
9  50 83 160 412 572 751 787 820 919
3  532 640 798
7  31 181 315 706 782 787 810
11  65 104 152 163 240 340 421 436 474 885 952
6  229 357 637 678 824 912
8  48 446 599 618 737 775 848 884
12  42 57 98 156 368 381 397 430 512 536 704 988
9  38 50 143 485 511 526 528 919 978
10  135 186 213 418 431 440 529 547 584 718
9  105 393 639 654 656 663 718 777 896
4  80 189 772 917
14  51 90 202 206 233 266 546 570 656 658 726 830 832 978
4  532 704 842 846
10  72 183 221 350 354 635 738 801 807 983
10  162 163 170 246 470 484 572 609 763 773
10  111 166 268 276 319 451 609 636 673 890
8  96 279 323 359 389 560 626 938
13  46 176 216 488 544 568 645 668 713 870 898 934 951
7  39 150 203 319 520 579 935
12  95 133 246 333 420 479 510 598 764 812 861 975
14  148 181 226 325 404 417 425 504 566 591 670 836 933 956
6  68 139 151 279 605 765
14  19 40 58 151 189 232 246 389 421 506 632 845 945 988
9  26 114 161 163 295 653 767 822 828
7  69 192 194 262 325 349 771
13  42 64 119 236 312 364 372 494 687 752 813 874 876
7  364 374 376 535 689 757 794
10  137 279 321 494 561 688 706 759 887 975
9  167 231 418 543 563 637 639 693 737
4  18 25 479 761
11  181 295 365 627 651 694 769 774 835 944 967
12  63 188 202 268 361 538 616 713 768 812 892 954
10  26 42 226 336 337 344 425 513 864 938
12  41 128 184 355 401 494 552 564 723 736 762 929
8  18 202 270 432 736 748 788 822
9  69 200 214 302 752 831 852 854 961
14  10 20 23 36 174 313 609 768 876 915 925 955 964 997
9  64 118 161 206 221 227 743 788 878
9  21 84 425 433 436 460 511 598 996
9  8 146 297 312 689 747 825 966 967
11  112 128 150 208 238 246 326 524 674 710 856
9  38 181 358 472 476 493 517 812 947
8  132 219 351 427 551 843 850 989
16  87 140 222 273 348 360 392 419 421 428 473 516 584 618 854 959
11  229 308 536 549 662 669 740 816 873 876 893
7  45 452 470 681 718 822 930
8  322 339 388 487 579 617 714 921
9  20 176 221 236 579 632 647 662 731
11  73 92 245 278 284 347 543 642 732 874 923
12  116 138 195 386 455 589 738 740 798 891 920 922
6  85 456 636 652 772 775
6  18 160 172 252 310 469
7  116 262 295 349 577 638 835
15  82 178 213 234 321 330 333 370 421 428 547 634 644 663 880
7  1 45 357 567 656 896 937
16  53 114 132 192 209 226 244 322 368 460 493 679 700 917 932 987
6  60 342 579 764 942 947
10  0 106 186 407 466 661 875 897 935 998
10  57 211 374 442 627 629 636 695 899 969
7  40 121 127 146 209 509 560
11  68 137 300 363 396 482 524 739 787 841 875
7  220 270 457 534 539 587 819
13  44 62 131 298 392 413 424 428 465 496 558 640 954
10  229 356 360 519 592 668 673 674 751 905
7  142 227 524 555 610 624 972
6  239 288 688 866 922 998
9  96 367 418 531 633 679 688 872 967
5  7 425 501 680 919
4  65 82 379 553
7  15 209 663 696 751 911 968
12  225 313 320 329 349 372 432 463 484 508 516 891
1  594
10  12 65 190 203 266 380 410 438 740 900
3  286 512 570
16  64 152 258 334 406 412 632 640 757 769 779 814 853 898 943 965
10  37 89 133 139 227 376 499 576 763 977
7  112 128 189 283 434 559 812
12  84 141 410 439 552 561 652 728 821 910 938 996
10  68 120 162 230 421 782 822 831 967 970
10  13 200 285 318 373 617 712 737 826 848
9  32 41 468 631 679 709 714 844 985
9  130 136 281 423 455 540 799 905 954
8  315 335 511 580 661 721 738 967
9  29 35 355 418 436 632 676 815 890
14  11 245 322 369 480 485 616 640 696 761 772 783 816 911
8  61 310 327 365 456 853 919 996
8  9 207 257 302 559 676 718 742
12  98 145 150 226 347 411 508 520 535 628 662 777
14  41 127 227 234 281 287 398 424 481 599 706 817 848 922
5  210 300 305 489 616
6  176 226 336 761 835 933
11  144 406 491 504 535 598 837 880 894 912 974
11  8 17 148 253 310 422 504 554 659 676 749
13  213 214 225 439 477 518 720 773 816 841 957 975 986
9  95 104 168 463 669 709 749 855 920
8  60 281 419 544 636 731 901 932
15  44 103 104 152 184 213 309 330 355 369 503 685 712 910 985
13  233 263 317 334 376 460 628 718 719 768 790 828 982
12  86 167 189 220 230 275 490 517 554 584 706 758
16  11 42 44 76 117 194 350 387 432 453 538 721 829 919 978 997
8  83 500 514 624 703 847 850 914
9  289 320 525 607 619 674 895 935 994
13  65 108 126 523 540 553 647 673 691 718 933 965 971
11  27 57 335 361 455 491 659 798 831 933 993
12  72 205 235 265 335 397 521 713 750 849 864 967
13  12 33 149 166 246 261 347 381 428 500 660 677 780
9  25 147 428 481 488 538 707 818 926
13  52 263 267 339 416 470 478 573 602 719 723 730 760
11  15 22 84 257 566 673 750 866 905 928 977
10  14 213 242 447 562 607 650 838 933 999
17  9 15 96 203 204 304 367 605 621 626 634 711 743 817 826 918 997
6  90 493 561 709 842 873
12  53 62 147 197 396 459 667 683 714 724 780 838
9  31 94 170 181 315 375 469 700 888
9  149 168 238 322 457 563 564 707 773
8  194 362 627 679 692 812 823 874
9  2 190 394 729 734 773 781 861 896
13  126 134 236 249 347 378 440 510 535 538 832 869 996
6  527 637 715 723 778 910
10  76 111 187 197 251 291 410 578 879 959
9  14 233 339 381 490 668 678 725 998
12  69 99 101 134 206 242 261 329 410 431 435 575
8  52 243 257 318 370 405 504 556
11  5 132 181 201 369 370 674 701 757 854 973
8  62 193 200 406 440 468 503 884
9  117 197 206 219 282 313 387 647 893
8  95 258 275 347 770 842 893 907
13  222 231 289 415 474 481 535 601 643 695 939 971 995
12  246 296 344 471 518 567 575 660 706 803 846 905
14  26 66 82 105 326 355 397 570 671 939 943 972 973 975
13  37 57 71 200 284 402 424 433 513 576 665 909 927
11  110 305 336 361 408 423 565 589 692 725 855
8  135 277 281 379 541 614 755 895
8  68 258 547 586 693 722 734 947
9  73 125 216 338 386 481 494 804 951
12  33 155 288 293 298 390 416 453 511 782 849 890
16  80 161 176 300 431 514 549 634 656 699 763 786 853 933 963 994
6  95 199 424 795 798 959
8  20 222 308 411 710 763 774 782
9  7 26 30 194 270 288 581 618 890
8  379 538 539 555 596 699 775 983
8  99 266 417 479 495 699 702 857
6  57 351 791 829 885 931
3  95 198 233
6  3 77 299 353 470 588
5  15 639 693 731 978
14  26 84 101 154 206 267 286 297 397 597 743 862 905 920
12  33 57 190 269 299 421 552 626 653 666 741 880
11  17 39 59 98 178 286 402 520 552 582 993
10  75 111 359 390 487 569 669 699 737 765
9  9 86 247 556 569 680 683 716 851
8  166 195 227 326 385 544 623 686
14  23 44 86 144 248 482 609 634 696 732 753 821 873 877
11  27 84 219 308 358 426 539 685 787 808 912
10  70 181 252 387 465 523 557 589 769 968
7  143 516 540 600 782 863 864
13  23 52 83 86 88 280 312 354 367 428 829 940 947
18  33 56 60 68 143 194 307 465 512 582 639 666 668 732 839 870 964 990
8  8 156 540 737 747 792 854 993
9  1 72 256 514 531 618 690 795 969
11  139 187 248 305 383 424 521 575 631 755 812
12  17 25 28 121 151 273 324 474 535 796 901 909
7  15 39 119 142 313 810 970
8  50 195 512 566 569 833 899 936
6  138 316 412 555 593 920
10  39 104 143 209 212 278 352 673 695 935
8  70 112 153 271 330 504 913 966
11  3 58 322 502 580 596 801 819 846 866 884
7  163 369 412 453 633 925 938
10  14 91 180 202 271 282 351 547 606 864
9  62 127 217 280 340 416 561 593 994
8  84 349 386 676 689 718 868 899
8  37 409 479 483 533 815 834 856
11  1 40 123 239 404 426 446 731 807 822 942
10  78 116 233 280 391 450 704 742 829 891
13  15 73 74 200 260 292 295 476 638 727 904 930 982
9  5 30 186 663 686 838 944 985 991
5  437 695 774 949 973
7  7 69 152 258 599 651 702
12  7 66 141 183 291 294 625 648 733 748 793 973
12  18 67 68 100 269 374 407 566 637 689 731 848
8  27 195 540 738 745 805 823 837
13  21 26 120 184 329 404 433 787 832 884 902 939 989
9  173 232 269 287 525 535 666 784 955
13  71 83 102 192 207 231 535 612 636 647 787 803 826
8  57 108 164 536 673 786 928 986
10  21 125 167 293 294 300 302 396 486 707
7  48 455 646 692 701 774 906
13  16 72 117 140 232 352 406 489 494 508 565 572 844
11  6 27 100 239 295 326 539 663 868 948 992
7  270 313 398 634 713 846 923
10  99 145 148 273 389 419 449 504 515 771
9  175 178 225 297 331 632 662 783 913
10  44 86 108 157 256 385 434 530 626 880
15  37 107 134 253 266 272 402 454 551 575 605 719 730 793 833
12  5 16 265 392 706 717 758 828 840 841 847 874
8  29 49 231 548 658 677 755 953
13  1 17 51 226 267 398 509 734 756 795 839 903 957
13  114 233 234 236 262 288 466 499 579 581 689 693 901
9  143 148 162 217 247 446 659 792 963
10  132 159 281 427 650 754 770 815 906 959
10  65 213 272 337 356 483 641 865 867 920
13  17 64 142 240 305 502 549 568 605 894 962 976 994
7  71 96 387 583 697 958 985
11  112 151 264 317 400 402 420 549 794 911 949
12  103 113 122 141 261 440 479 557 609 667 812 867
14  52 107 109 191 408 426 485 496 509 611 709 710 768 914
12  71 106 322 389 422 473 535 550 552 571 689 760
10  104 211 400 415 538 552 560 566 578 651
14  8 110 165 360 559 561 598 662 670 779 794 871 894 966
7  95 128 322 375 548 927 968
10  46 240 258 379 578 601 608 701 915 942
6  30 41 390 478 490 562
5  242 553 755 872 988
11  131 214 219 294 323 496 570 674 733 741 964
12  4 30 125 154 166 316 361 382 402 411 619 934
11  38 247 288 307 465 535 691 769 800 819 993
10  186 197 273 353 477 670 702 733 774 921
12  58 150 309 400 420 460 485 505 625 629 660 758
11  26 68 257 294 345 381 537 831 935 987 992
10  58 308 386 409 511 516 638 700 941 988
18  5 49 139 178 206 257 332 423 501 559 562 564 650 678 781 857 875 938
8  40 182 276 381 633 698 986 996
7  102 261 298 300 411 773 965
12  38 90 124 174 270 286 303 322 328 490 535 940
11  190 194 208 233 540 579 597 621 684 874 937
15  32 178 188 295 319 371 446 486 487 656 695 734 774 895 952
12  29 42 75 89 157 297 333 501 602 812 840 961
15  29 76 98 105 126 134 187 325 329 673 701 719 777 904 947
20  37 106 158 271 547 551 562 592 605 659 689 701 706 768 777 804 816 820 842 987
10  42 52 93 530 589 807 892 948 974 997
12  29 134 236 343 498 512 524 577 594 796 897 994
12  24 45 142 148 240 281 291 334 545 569 816 900
9  72 73 308 512 561 601 613 840 865
12  189 279 322 404 452 454 469 630 635 802 867 979
12  3 96 173 232 304 398 400 449 861 867 915 917
12  80 100 115 130 248 410 474 592 606 613 829 968
14  45 129 145 213 317 345 615 632 715 757 765 831 867 980
8  201 245 276 334 449 501 542 940
14  19 50 60 79 177 209 217 260 312 351 394 500 813 846
10  23 41 58 145 208 559 745 749 837 883
11  31 61 79 124 196 303 305 440 521 685 972
7  15 72 261 353 421 520 975
7  46 177 395 448 589 621 732
11  0 399 406 432 531 546 555 556 835 913 993
14  24 63 64 73 92 192 362 370 380 399 623 701 751 878
15  10 43 65 136 164 228 236 312 393 453 536 541 600 621 622
12  49 55 196 198 381 416 535 607 818 834 914 941
6  191 257 663 831 923 960
13  27 45 63 82 191 223 328 389 397 713 793 957 967
16  124 252 264 313 389 397 541 552 712 721 725 730 744 760 951 958
7  159 195 319 508 714 780 920
11  135 205 341 349 360 488 510 597 605 691 895
13  34 74 124 186 205 350 409 429 487 516 618 643 914
6  58 222 555 584 927 957
11  63 94 284 500 537 718 841 886 896 954 982
14  52 56 162 163 211 249 367 648 715 839 874 908 940 969
6  20 30 250 509 520 865
12  1 141 260 317 388 389 575 776 815 823 855 960
13  44 290 325 339 385 424 459 505 714 774 837 848 968
11  37 210 211 233 333 559 573 711 795 803 858
6  5 529 556 720 726 847
