
***ForestFire:  GeoFire  Nodes:1000  StartNodes:1  Take2AmbProb:0
                FwdBurnP:0.35  BckBurnP:0.354  ProbDecay:1  Orphan:0
(1000, 4711)  burned: [20,2,1]  [0.01s]
1000
80  1 2 5 6 7 8 17 49 54 59 63 74 78 81 90 92 94 95 109 122 129 134 143 144 155 182 192 232 244 263 264 284 308 330 333 342 347 354 359 361 365 367 368 401 407 408 415 421 448 477 511 536 547 555 575 581 591 595 607 615 678 699 717 782 783 785 789 832 845 848 859 861 878 883 914 919 923 957 984 988
91  0 2 3 4 6 7 8 19 23 24 27 31 32 49 63 67 84 94 95 109 110 122 129 134 143 144 165 182 189 191 192 203 204 222 244 255 263 264 284 308 315 330 332 333 342 347 354 356 361 365 367 368 401 415 421 430 448 489 503 511 521 532 536 575 580 594 595 607 626 632 672 678 699 719 743 782 785 797 845 848 859 861 878 883 914 919 923 937 957 988 996
53  0 1 5 7 8 24 31 49 54 59 63 81 84 109 134 139 143 192 222 244 246 263 269 315 333 342 347 354 361 365 367 368 392 402 407 415 421 439 448 465 575 595 607 615 617 631 678 699 785 832 861 883 919
64  1 4 6 7 8 19 24 31 63 80 81 84 92 94 95 108 109 122 129 140 143 144 189 192 217 240 244 263 264 273 284 315 330 332 333 336 347 354 361 367 368 400 401 402 406 415 417 421 489 575 607 632 672 678 699 785 797 848 883 914 919 957 988 996
70  1 3 6 7 8 9 18 21 24 29 31 34 63 72 81 95 105 109 110 115 122 140 143 144 152 178 195 203 210 219 222 225 241 244 263 264 285 308 315 332 333 342 354 365 367 368 371 376 392 400 401 402 415 489 575 595 607 632 633 672 699 717 782 797 816 861 883 915 923 981
35  0 2 6 7 8 31 49 54 63 134 135 143 144 263 264 315 333 354 361 368 395 415 421 448 465 489 575 595 607 699 785 797 872 883 984
72  0 1 3 4 5 8 10 12 13 21 31 36 49 51 59 62 63 81 87 95 101 115 122 129 130 140 143 144 147 189 210 213 219 222 244 263 264 302 315 325 333 342 346 395 414 415 424 430 448 555 575 595 607 626 632 678 721 743 782 797 813 848 861 870 883 898 923 952 960 968 979 996
43  0 1 2 3 4 5 19 22 24 31 49 63 81 92 95 143 159 189 263 307 315 330 333 354 365 415 421 521 607 617 623 656 699 709 719 732 743 778 782 836 861 883 984
48  0 1 2 3 4 5 6 19 21 31 49 63 81 87 115 127 140 143 144 210 244 307 315 325 329 333 334 354 365 368 402 415 421 489 575 595 607 626 633 678 699 732 782 787 848 861 883 923
11  4 72 137 140 178 195 241 244 371 607 782
43  6 11 12 20 31 51 59 62 81 110 113 122 130 143 216 244 304 315 342 346 367 395 415 424 430 538 561 595 607 611 626 632 678 699 721 736 743 782 797 848 861 883 952
16  10 12 53 62 73 110 122 140 143 244 285 333 415 595 699 861
22  6 10 11 31 62 79 110 122 140 143 244 285 315 342 415 430 558 595 632 848 855 861
50  6 14 16 25 28 31 36 59 66 81 101 104 124 130 143 189 210 219 264 333 342 414 415 503 514 539 555 575 584 626 632 678 736 743 756 782 797 848 859 861 862 870 877 883 921 923 972 979 986 997
29  13 15 16 31 59 63 81 89 104 124 130 140 143 219 244 298 325 342 415 448 575 595 632 678 717 743 782 861 870
9  14 63 130 143 228 244 298 342 595
31  13 14 25 31 59 63 89 106 124 143 189 210 244 286 312 335 368 402 415 447 503 632 678 697 712 717 743 848 852 870 986
11  0 63 81 134 143 359 447 595 607 816 967
45  4 21 31 34 40 60 62 72 81 98 109 117 122 140 144 152 222 230 244 275 342 354 365 368 415 421 521 558 575 595 599 607 617 740 782 792 845 861 883 915 919 923 927 937 957
31  1 3 7 8 31 37 49 63 81 84 86 92 95 127 129 144 223 227 263 307 308 333 354 361 415 421 509 607 699 861 883
13  10 26 51 59 82 315 342 346 561 721 797 878 971
40  4 6 8 18 31 33 62 63 69 72 81 98 105 108 127 132 140 143 160 165 191 210 213 244 285 308 315 368 383 415 417 489 595 672 782 787 861 900 919 923
31  7 63 76 84 92 94 95 122 189 244 259 263 315 354 415 421 432 575 607 609 617 656 709 778 785 836 861 883 923 926 984
31  1 27 35 67 84 114 143 173 182 248 264 333 401 421 448 504 511 521 547 575 594 595 607 699 839 848 859 861 923 929 937
17  1 2 3 4 7 63 94 122 192 354 489 580 678 779 848 861 915
13  13 16 36 59 61 81 333 415 447 503 547 848 852
5  20 82 93 128 721
32  1 23 38 39 49 95 103 143 182 255 263 287 308 327 333 401 448 473 492 503 569 575 594 595 607 650 699 891 919 929 939 968
20  13 31 48 56 66 68 81 120 143 210 539 555 566 575 601 678 782 848 919 972
31  4 30 44 72 91 117 131 143 152 178 190 208 222 224 241 342 371 415 575 582 607 649 760 773 782 794 861 919 923 926 983
10  29 125 239 372 373 451 568 577 788 983
78  1 2 3 4 5 6 7 8 10 12 13 14 16 18 19 21 28 32 34 36 42 43 49 59 62 63 75 81 85 89 108 110 115 122 124 127 140 143 156 210 213 244 263 271 285 286 299 308 325 333 365 367 415 417 421 506 511 521 575 595 607 617 626 650 672 677 678 699 743 782 816 848 861 870 878 883 901 919
15  1 31 49 180 325 333 356 368 489 595 617 626 654 861 872
15  21 41 57 62 72 95 105 140 191 244 285 354 816 861 937
19  4 18 31 40 75 81 96 109 152 203 213 246 365 367 575 730 783 883 956
15  23 50 67 182 264 448 575 595 641 782 839 919 926 937 952
28  6 13 25 31 52 59 61 69 81 99 104 130 181 219 243 244 333 410 415 429 447 503 848 919 923 929 952 967
12  19 63 84 223 415 421 447 489 607 624 626 762
20  27 39 49 58 103 143 263 333 418 473 492 547 569 603 607 626 650 693 919 945
29  27 38 45 49 103 133 143 175 235 255 263 308 333 345 384 402 443 473 492 530 547 575 607 626 650 699 803 821 919
5  18 34 47 65 81
4  33 140 162 937
8  31 55 108 164 194 308 680 704
11  31 124 140 153 250 325 421 575 699 848 915
12  29 46 152 241 267 415 575 607 859 886 888 926
13  39 88 103 107 249 294 402 473 575 650 659 733 919
14  44 71 152 171 241 279 416 516 575 618 689 869 886 888
2  40 65
8  28 66 120 185 539 566 882 952
49  0 1 2 5 6 7 8 19 27 31 32 38 39 59 63 72 78 81 92 95 102 103 115 143 191 210 263 308 325 333 342 354 421 447 448 464 492 547 575 595 607 626 717 721 732 861 883 919 923
9  35 67 143 264 448 575 607 627 782
18  6 10 20 59 87 176 186 210 242 291 300 315 342 426 632 771 819 878
9  36 61 69 81 244 410 447 656 967
15  11 62 122 140 143 189 244 285 333 415 595 607 699 734 861
15  0 2 5 63 64 134 192 218 244 264 315 333 699 709 984
2  42 616
8  28 126 169 179 233 321 497 555
6  33 97 191 313 607 861
4  38 148 569 603
41  0 2 6 10 13 14 16 20 25 31 36 49 51 61 63 70 81 82 106 130 143 210 219 263 269 308 354 365 368 447 448 547 641 678 721 732 797 848 877 952 996
7  18 152 275 599 667 740 884
19  25 36 52 59 63 69 81 222 229 447 489 503 607 626 641 919 926 929 952
28  6 10 11 12 18 21 31 33 53 63 81 122 210 244 285 302 333 339 367 415 558 595 607 782 855 861 878 960
73  0 1 2 3 4 5 6 7 8 14 15 16 17 19 21 22 24 31 37 49 54 59 61 62 69 72 76 81 84 94 95 116 129 134 143 147 152 165 182 189 210 213 222 238 244 263 264 278 298 315 333 354 368 415 421 436 447 575 580 595 607 626 674 730 743 785 816 848 861 919 923 929 996
2  54 340
3  40 47 310
15  13 28 48 68 81 118 143 209 264 333 354 575 870 952 979
25  1 23 35 50 143 182 219 264 332 336 448 503 504 521 575 594 595 607 626 672 717 782 861 900 967
12  28 66 143 167 209 211 265 360 468 566 972 979
24  21 36 52 61 63 72 81 95 140 191 213 215 244 342 489 595 607 650 699 717 861 900 919 923
10  59 81 138 209 423 480 533 547 877 996
7  46 170 171 241 575 601 678
29  4 9 18 21 29 33 49 63 69 81 95 117 140 143 152 191 210 244 263 278 342 354 401 607 689 699 717 861 883
12  11 110 140 244 295 333 353 503 699 717 848 994
15  0 77 90 122 134 143 149 155 244 263 297 308 354 368 607
11  31 34 81 83 129 271 314 415 515 754 990
24  22 63 84 116 119 134 143 183 189 238 244 272 315 333 354 415 421 595 653 709 748 797 898 923
6  74 90 122 200 297 517
11  0 49 95 129 316 354 361 575 668 923 981
3  12 110 855
8  3 111 112 341 347 354 570 774
62  0 2 3 4 6 7 8 10 13 14 17 18 19 21 25 28 31 34 36 40 49 52 59 61 62 63 66 69 70 72 75 92 94 117 122 129 143 152 209 222 244 261 273 305 333 342 365 401 415 421 489 595 607 656 672 699 709 797 816 919 929 952
14  20 26 59 93 145 210 315 632 672 797 848 878 919 971
7  75 129 320 415 515 607 675
29  1 2 3 19 22 23 37 63 76 92 94 109 182 207 244 248 256 301 367 402 415 421 521 575 607 730 758 883 919
7  31 206 520 625 628 768 817
15  19 92 100 144 273 307 361 393 421 595 607 764 782 861 919
14  6 8 51 199 210 315 415 421 632 800 861 883 923 937
8  45 107 249 575 650 659 666 733
9  14 16 31 244 325 335 415 421 496
13  0 74 77 122 149 155 252 285 297 461 581 585 840
11  29 131 161 190 241 649 741 760 782 794 919
29  0 3 7 19 22 49 81 84 86 94 95 144 189 209 273 315 333 354 374 402 415 421 575 607 699 758 785 861 919
8  26 82 128 198 337 338 663 672
29  0 1 3 22 24 63 81 84 92 95 122 123 129 209 244 251 273 305 333 368 402 415 528 607 656 699 785 848 981
51  0 1 3 4 6 7 19 22 27 33 49 63 69 72 78 92 94 123 129 140 144 189 191 202 204 210 213 244 251 263 273 315 325 333 342 347 354 365 402 415 421 447 448 528 575 595 607 699 848 919 981
7  34 109 152 203 213 246 402
2  57 607
6  18 21 308 317 720 915
1  36
5  86 254 307 595 861
14  6 13 130 140 143 146 237 262 414 415 633 782 793 921
3  49 263 919
17  27 38 39 45 49 107 143 294 308 418 447 448 473 492 575 603 607
14  13 14 36 143 214 219 244 245 325 354 415 820 870 883
9  4 21 33 143 155 285 709 816 996
7  16 59 187 189 286 547 861
7  45 88 103 136 369 575 755
12  3 21 31 42 164 168 217 406 417 626 680 867
24  0 1 2 3 4 18 34 84 96 144 203 244 246 301 333 354 367 402 421 541 615 709 730 735
22  1 4 10 11 12 31 73 79 140 244 333 415 453 503 595 678 699 717 848 855 939 952
11  80 121 150 341 442 472 507 570 713 774 894
1  80
8  10 196 216 395 424 561 626 686
3  23 143 248
9  4 6 8 31 49 143 193 308 626
15  63 76 119 134 210 244 315 354 382 415 421 505 617 861 923
21  18 29 72 81 143 152 190 191 222 241 244 263 331 371 401 489 607 717 861 927 952
1  66
16  76 116 151 183 244 272 283 315 333 354 377 382 567 709 861 883
8  28 48 258 358 539 566 882 947
11  111 150 166 282 442 488 507 570 713 774 894
43  0 1 3 4 6 10 11 12 18 22 24 31 53 62 74 77 81 90 94 140 143 144 152 155 189 192 209 244 251 285 333 347 415 575 607 626 656 669 782 840 859 919 982
20  94 95 142 172 202 333 364 402 413 421 490 528 607 626 767 785 848 861 981 997
15  13 14 16 31 43 140 141 244 325 415 575 595 848 921 923
10  30 184 324 451 485 568 685 788 938 983
6  56 169 233 321 555 907
7  8 19 21 31 308 660 782
5  26 93 198 296 672
25  0 1 3 6 19 63 75 78 81 83 94 95 147 210 263 293 347 415 503 508 607 797 837 923 981
19  6 10 13 14 15 36 59 101 140 143 210 219 244 404 415 547 561 575 678
7  29 91 190 241 371 626 794
8  21 158 165 315 489 572 672 971
11  39 163 174 177 235 263 308 345 443 606 699
25  0 1 2 5 17 54 63 74 76 116 143 152 189 197 347 354 356 361 415 421 575 594 595 709 816
8  5 276 344 415 595 732 872 969
1  107
9  9 154 178 195 241 244 415 782 851
2  70 877
5  2 407 724 832 861
47  3 4 6 8 9 11 12 14 18 21 31 33 41 43 53 69 72 73 95 101 110 122 124 130 143 152 210 241 244 325 347 353 371 403 415 558 575 595 607 626 633 699 797 848 915 923 952
3  124 475 848
7  123 172 288 421 490 767 785
93  0 1 2 3 4 5 6 7 8 10 11 12 13 14 15 16 17 21 23 27 28 29 31 38 39 49 50 53 59 63 66 67 68 72 74 76 81 101 103 104 105 114 115 117 122 130 134 140 144 152 155 182 189 190 210 214 219 244 255 263 264 265 308 315 333 342 361 368 415 439 456 457 473 489 575 594 595 607 626 656 678 699 709 717 816 823 832 859 883 919 923 967 979
31  0 1 3 4 5 6 8 18 19 86 92 95 109 122 143 152 203 209 213 232 263 299 325 333 415 421 436 447 575 595 783
2  82 752
3  101 414 626
12  6 63 129 157 263 268 415 448 478 511 575 855
2  58 603
6  74 90 155 420 575 989
5  111 121 306 472 774
8  119 183 244 283 315 333 688 986
46  4 18 29 34 44 46 60 63 72 81 96 117 122 134 140 143 144 155 182 189 192 197 203 213 222 241 263 275 299 315 333 347 362 371 392 415 436 575 595 689 709 731 782 797 859 884
4  43 421 655 678
6  137 241 244 415 447 952
15  0 74 90 105 122 143 149 152 182 263 420 575 662 816 989
8  31 188 213 299 365 672 709 717
9  147 263 268 328 368 415 448 511 855
6  132 165 315 489 672 781
9  7 315 354 389 580 678 732 861 863
3  21 383 398
3  91 241 760
2  41 937
4  133 205 263 699
7  42 108 277 614 698 804 841
10  1 21 63 132 158 315 595 672 781 997
1  121
4  68 209 265 822
6  108 221 406 409 680 815
7  56 126 233 321 555 657 727
3  71 575 902
3  46 71 575
9  123 142 350 379 421 460 490 767 785
4  23 521 575 589
6  133 235 303 345 606 699
5  39 308 402 511 547
2  51 342
5  133 235 345 699 797
17  4 9 29 137 222 241 244 342 415 717 743 782 861 870 871 875 959
4  56 201 233 321
3  32 356 626
3  36 243 253
24  0 1 23 27 35 63 67 84 143 152 155 189 219 241 263 264 299 401 408 506 575 607 626 848
12  76 119 151 189 244 333 387 415 524 709 923 952
3  125 568 983
3  48 539 566
4  51 300 426 878
5  106 212 381 547 861
2  156 299
40  1 3 6 7 13 16 22 53 63 76 92 95 106 122 134 143 152 182 183 219 241 244 259 263 286 333 347 354 392 402 414 415 421 489 575 653 830 879 939 988
15  29 91 117 131 143 224 241 357 368 371 401 607 672 709 919
13  1 21 33 49 57 69 72 95 117 244 607 861 923
23  0 1 2 3 24 54 122 152 204 218 263 275 333 354 421 599 615 617 626 789 880 939 984
2  115 308
1  42
11  4 9 137 231 241 244 415 684 782 818 883
6  113 226 556 561 686 828
7  134 152 263 347 415 436 575
4  93 128 672 736
9  87 315 415 422 486 800 838 861 923
3  77 388 517
3  179 220 321
8  95 123 213 354 528 607 783 929
15  1 4 34 96 109 144 152 263 333 343 365 402 436 615 699
5  1 95 192 354 441
3  163 263 349
4  85 564 628 963
5  84 236 244 256 385
6  29 234 607 620 664 773
14  66 68 70 81 92 94 122 144 167 261 273 333 433 656
43  4 6 8 13 16 21 28 31 49 51 59 62 63 72 82 87 95 116 129 130 140 143 244 293 315 415 426 447 448 474 547 575 607 626 678 695 797 848 878 919 923 939 981
5  68 257 265 360 868
1  187
29  6 21 31 34 63 69 95 96 144 152 156 202 241 244 263 299 308 401 415 447 491 503 607 672 730 783 861 952 993
6  104 143 245 351 457 874
2  69 717
7  10 113 395 595 626 711 723
6  3 108 318 380 406 417
9  54 192 244 264 459 560 617 718 984
28  4 6 13 14 36 59 67 104 130 143 182 189 241 244 259 263 264 269 354 368 415 448 575 641 756 861 923 967
1  201
7  168 322 525 534 742 777 815
22  1 2 4 6 18 29 61 63 81 117 152 178 263 342 371 401 580 599 794 797 845 861
10  19 37 415 421 575 607 622 624 626 834
5  29 190 241 401 607
2  4 333
1  196
3  19 437 587
3  15 298 799
2  61 716
8  18 378 421 535 554 927 957 964
2  195 684
5  0 144 247 447 783
8  56 126 169 179 321 555 562 658
4  208 463 518 773
8  39 133 174 177 308 345 531 699
1  207
5  101 262 355 415 921
5  63 76 266 315 699
5  30 372 373 559 788
6  3 347 368 489 607 709
42  4 9 29 44 46 71 91 117 131 137 140 152 154 161 178 182 189 190 195 213 219 224 244 263 267 332 371 392 401 415 575 595 607 649 672 731 782 859 861 919 927 957
10  51 292 315 375 435 548 636 771 819 904
9  36 181 260 415 626 709 757 797 950
95  0 1 2 3 4 6 8 9 10 11 12 14 15 16 18 21 22 31 33 36 52 53 54 62 63 69 72 73 74 76 81 84 89 94 95 104 109 110 116 117 119 122 124 130 137 140 143 151 154 178 183 189 191 195 207 210 213 218 219 241 259 263 269 293 315 325 333 354 365 368 401 415 426 447 448 456 489 575 595 599 607 654 672 699 709 717 782 816 848 861 878 923 939 968 984
4  104 214 467 470
13  2 34 96 109 386 402 444 474 575 715 776 926 997
2  232 687
7  23 84 114 290 301 521 758
7  45 88 575 666 736 773 919
1  43
11  94 95 122 273 370 402 415 503 511 797 909
4  90 274 461 840
2  181 419
7  100 450 544 595 670 861 923
9  1 27 39 143 308 345 699 823 939
3  84 207 865
5  211 280 546 549 868
6  120 323 358 539 566 947
15  22 189 219 244 263 264 333 354 368 415 448 607 861 879 952
6  243 326 563 626 709 950
4  81 209 333 656
5  101 237 281 415 447
76  0 1 2 3 4 5 6 7 19 22 27 31 38 39 49 59 63 72 74 95 102 117 129 133 143 144 147 152 155 157 163 182 189 192 197 203 205 213 219 222 241 244 259 264 268 307 308 315 325 333 354 361 368 392 415 447 448 489 503 569 575 580 595 607 626 641 662 672 678 699 732 782 797 861 939 989
37  0 1 3 4 5 6 13 23 35 50 54 63 66 67 143 182 218 219 259 263 268 354 415 448 503 506 511 547 575 595 607 626 641 672 782 984 996
8  68 143 167 211 348 468 857 868
4  238 315 449 699
6  44 241 332 431 607 861
14  147 157 263 264 270 289 311 328 391 415 448 511 732 855
7  2 59 219 244 354 787 877
6  268 289 391 448 696 932
6  31 75 411 626 650 677
3  76 119 761
14  3 81 86 92 94 95 209 251 333 402 607 860 924 939
2  252 840
14  18 60 152 192 428 522 595 599 615 617 644 863 884 913
5  135 344 595 872 969
5  164 552 614 698 804
2  63 72
5  46 516 575 618 869
3  257 546 549
2  262 415
4  121 488 713 774
4  119 151 798 861
7  0 1 3 532 914 923 988
20  4 11 12 21 31 33 53 62 90 105 122 333 415 540 595 607 617 648 699 816
10  16 31 106 189 308 421 513 830 861 870
2  27 503
4  142 352 510 785
5  268 270 391 448 732
1  248
2  51 588
4  242 315 636 814
4  129 210 244 981
6  45 103 309 600 630 846
6  73 353 403 699 848 994
3  128 672 997
7  74 77 90 585 679 700 840
6  14 15 63 228 319 935
8  31 144 152 156 182 188 213 506
4  51 186 426 878
4  84 109 248 521
5  6 62 339 747 813
4  174 345 699 797
1  10
2  81 94
3  150 363 472
14  7 8 19 86 100 263 354 392 441 575 595 764 782 861
45  0 1 4 19 21 27 31 39 42 49 59 74 98 103 115 127 133 143 175 193 213 235 255 263 286 325 333 342 345 361 368 402 415 473 489 511 547 595 607 699 782 823 861 915 919
4  294 551 630 846
1  65
3  268 440 732
7  16 452 482 597 697 712 870
2  57 394
4  75 683 831 990
60  1 2 3 4 5 6 7 8 10 12 20 21 22 51 54 63 76 82 87 92 95 116 119 132 143 151 152 158 159 165 199 210 238 242 244 263 266 292 354 392 402 415 489 575 580 595 607 632 672 699 732 848 858 861 883 919 923 971 986 996
6  78 361 476 575 646 668
1  98
3  217 380 406
4  298 425 844 935
5  83 390 415 447 515
9  56 126 169 179 201 233 555 586 727
5  221 525 534 777 815
2  258 539
3  125 451 938
27  6 8 14 31 32 43 49 89 95 104 124 140 144 244 263 308 361 368 421 550 575 595 654 699 797 883 984
2  260 709
3  27 333 891
5  157 268 415 448 855
6  8 421 489 575 699 861
7  0 1 3 7 354 421 699
2  117 401
16  1 3 4 67 241 267 336 361 431 504 521 575 607 861 923 997
84  0 1 2 3 4 5 6 7 8 11 13 19 23 25 27 31 32 36 38 39 49 53 54 62 63 66 73 76 81 92 94 95 109 110 119 122 123 143 144 151 152 183 189 192 203 209 225 244 259 261 263 273 285 308 327 354 356 364 368 415 421 448 473 528 540 594 595 607 615 617 656 672 699 717 848 860 861 883 891 919 929 939 952 984
1  8
4  16 89 405 447
7  3 67 332 504 635 824 957
4  93 338 796 807
4  93 337 366 796
2  62 302
1  64
7  80 111 442 507 570 774 894
44  0 1 2 4 6 10 12 13 14 15 18 20 29 49 51 69 72 81 95 143 176 178 222 308 361 368 376 415 489 578 580 699 717 743 782 797 845 859 861 870 915 919 923 984
3  203 402 830
6  135 276 415 707 859 872
10  39 133 174 177 235 255 303 308 368 699
12  6 10 20 415 430 445 538 607 743 782 797 985
28  0 1 2 3 80 95 122 129 134 140 152 189 197 240 354 367 368 402 415 570 580 678 709 774 782 883 894 939
4  265 396 412 868
1  205
3  172 379 460
3  214 457 874
6  288 500 510 583 785 790
9  73 140 295 403 503 699 797 883 952
74  0 1 2 3 4 5 7 8 18 19 22 24 33 49 59 63 66 72 74 76 78 80 92 95 104 109 116 119 134 159 189 192 202 204 219 244 259 263 264 269 307 315 330 333 347 361 389 392 402 415 421 441 448 489 570 575 580 595 607 617 717 732 787 797 877 880 883 926 929 939 952 980 984 996
2  237 987
8  1 32 134 180 333 415 626 672
2  190 368
7  120 258 539 566 882 947 999
4  0 17 408 995
3  68 211 468
33  0 1 2 3 5 19 78 86 134 143 263 308 316 325 332 342 354 368 389 415 431 439 476 503 575 580 595 699 717 832 859 861 929
3  152 455 709
3  306 543 579
7  123 333 415 633 746 957 996
23  0 1 2 4 7 8 18 31 34 59 81 95 156 203 244 447 575 607 642 797 848 861 919
2  338 502
18  0 1 2 3 4 10 31 34 62 84 109 347 415 511 575 743 883 956
48  0 1 2 3 4 5 8 16 18 21 32 59 63 74 94 143 157 190 219 240 244 259 263 308 325 333 342 345 347 357 361 402 415 447 448 489 575 595 607 626 641 699 709 797 861 883 952 984
2  107 469
7  251 402 415 483 484 511 797
16  4 9 29 117 131 140 152 190 222 241 580 607 626 649 678 859
4  30 239 373 788
3  30 239 372
3  92 421 830
3  242 548 904
8  4 342 397 415 438 448 489 977
3  119 399 567
3  230 535 899
4  172 350 421 460
2  217 318
1  187
2  116 119
2  21 160
2  39 530
1  207
7  246 444 474 575 715 717 926
6  183 415 524 593 709 952
4  200 517 643 908
10  159 354 361 415 489 580 604 633 863 980
3  320 415 447
5  268 270 289 448 732
15  2 4 152 189 241 263 307 315 354 402 441 446 489 575 595
1  86
1  313
11  5 6 10 113 216 466 557 575 595 626 723
3  348 868 992
3  376 448 968
1  160
2  377 567
4  3 4 402 797
36  0 1 3 4 23 27 72 81 117 182 190 213 222 224 241 244 331 415 447 489 503 526 575 580 607 617 632 672 699 717 731 743 848 861 883 952
52  2 3 4 8 16 39 45 84 92 94 95 96 109 123 175 189 203 246 251 273 308 315 343 347 354 368 370 392 400 415 421 444 448 474 483 489 498 503 511 570 575 595 607 709 758 797 816 830 883 919 939 997
5  140 295 353 537 699
3  130 415 678
4  335 565 701 912
9  3 108 168 217 318 417 427 462 672
6  0 2 139 785 832 861
7  0 182 359 494 575 970 995
3  168 680 853
4  36 52 929 967
6  271 590 651 726 833 873
3  348 487 868
5  123 434 607 619 626
10  6 13 101 146 189 489 626 633 793 848
145  0 1 2 3 4 5 6 7 8 10 11 12 13 14 16 18 19 21 22 25 29 31 36 37 44 53 62 63 75 76 81 83 84 87 89 92 94 95 101 104 110 116 122 124 129 130 134 135 137 140 143 144 147 152 154 157 178 183 189 195 197 199 210 213 219 223 237 241 243 244 251 259 262 263 264 268 281 285 308 315 320 328 333 342 344 346 347 354 356 361 364 367 368 370 376 387 389 390 401 402 404 421 430 438 447 448 483 489 503 511 515 524 538 540 558 575 580 595 624 626 632 633 678 699 709 715 717 736 743 746 750 758 782 797 855 859 861 870 878 898 919 923 967 988 997
6  46 495 516 618 886 925
13  3 21 31 108 217 406 545 626 629 672 736 850 919
4  38 103 575 603
1  253
3  149 155 575
72  0 1 2 3 5 7 8 18 19 22 23 31 37 43 49 63 76 81 84 86 87 89 92 95 109 116 123 134 142 144 153 172 189 192 223 230 286 325 329 330 333 354 374 379 402 415 438 447 448 489 503 505 528 535 575 595 599 607 617 624 645 678 699 709 782 830 861 883 919 923 952 984
1  199
4  70 480 877 996
8  6 10 113 626 686 709 719 736
2  319 844
9  51 186 210 244 300 447 489 695 878
2  406 672
6  275 501 522 644 705 913
2  36 639
18  1 6 10 12 346 415 489 538 595 626 632 640 743 782 797 952 985 988
5  267 332 361 439 691
3  22 609 836
1  209
4  413 619 626 861
1  242
6  63 144 152 197 203 571
3  227 479 587
9  376 415 421 448 489 608 617 637 863
5  2 143 361 431 832
2  311 732
5  204 307 354 392 797
9  111 121 341 458 507 570 610 774 894
4  39 133 821 944
11  246 386 402 454 474 503 575 607 715 885 997
7  346 538 595 743 797 870 985
4  392 489 553 808
41  16 17 25 36 37 49 52 59 61 63 95 103 144 154 210 213 232 244 262 263 320 335 365 368 390 401 415 421 426 448 489 503 575 595 607 617 626 848 870 952 967
59  0 1 2 5 6 14 23 27 35 49 50 59 67 95 103 147 157 210 219 244 259 263 264 268 270 289 328 333 354 368 376 391 397 402 415 421 438 447 474 489 503 511 575 595 607 626 641 678 699 717 797 848 859 861 883 919 926 952 968
2  266 471
3  254 544 861
5  30 125 324 788 938
5  312 597 697 712 852
1  110
7  444 474 481 575 598 678 997
1  362
2  143 244
5  143 214 351 473 919
6  442 507 610 694 774 806
1  218
6  172 350 379 490 527 596
4  90 252 523 840
3  406 592 672
1  234
1  49
2  2 5
2  395 557
1  245
4  68 265 360 975
1  369
2  245 519
2  449 786
5  111 150 306 774 894
14  27 38 39 45 103 143 308 333 457 575 595 607 650 919
15  210 246 386 402 444 448 454 481 503 575 607 678 717 861 939
1  141
4  316 361 499 801
3  0 591 847
2  147 855
1  437
5  70 423 533 877 996
5  454 474 575 601 678
3  312 712 870
7  370 402 415 511 612 678 797
2  370 511
2  125 938
6  199 621 809 838 861 887
4  412 529 706 868
5  121 282 493 713 978
61  1 3 4 5 8 21 24 32 37 61 69 81 117 132 143 158 189 240 244 263 308 315 329 342 354 368 376 389 392 401 402 414 415 421 426 430 438 446 447 448 521 526 575 595 607 617 626 672 709 717 773 797 808 811 861 863 919 923 984 988 996
5  123 142 172 460 596
1  213
9  27 38 39 49 103 575 607 919 945
2  488 713
5  408 512 714 772 970
4  416 516 618 925
1  89
3  56 555 998
2  402 934
2  476 801
2  352 785
4  428 644 884 940
1  366
43  1 13 16 25 27 36 61 67 73 110 129 213 251 263 264 287 353 361 401 402 415 421 444 447 448 474 575 584 595 605 607 632 672 678 699 715 717 782 797 883 929 952 997
11  23 67 332 336 521 595 607 717 871 957 974
3  116 421 923
6  31 182 264 299 602 848
8  111 121 341 442 458 610 774 806
1  129
1  19
4  288 352 583 785
27  0 1 23 31 147 157 175 251 264 268 308 367 370 402 415 448 483 484 542 547 575 595 612 678 797 859 919
5  494 714 722 962 970
1  286
2  13 555
4  75 83 320 415
6  46 279 416 495 618 886
3  77 200 388
3  234 573 647
1  470
1  85
18  1 7 18 23 31 67 84 173 248 301 332 489 504 617 626 717 861 863
7  275 428 576 599 644 705 913
1  461
7  183 387 415 626 678 775 782
5  221 322 534 777 815
7  401 489 617 632 638 717 773
3  460 596 895
11  94 95 123 202 333 421 595 607 678 929 981
3  487 703 706
3  39 384 780
1  235
4  1 284 914 988
4  70 480 877 996
7  221 322 525 676 742 777 815
5  230 378 421 554 899
4  0 1 763 845
1  403
11  10 346 415 430 445 595 626 678 699 743 797
10  13 28 48 120 185 258 323 358 566 947
4  285 333 415 898
2  109 615
5  511 575 681 753 866
1  363
5  254 450 574 613 861
2  417 736
3  257 280 692
20  0 23 25 38 39 49 59 70 106 130 175 187 210 264 308 511 575 671 861 951
3  242 375 842
4  257 280 665 849
3  325 595 883
2  309 846
3  277 698 804
2  446 808
3  230 535 899
14  0 6 13 28 56 126 169 233 321 497 514 562 738 998
3  196 561 686
2  395 466
10  12 18 62 140 415 595 674 797 855 883
2  239 788
4  218 682 718 966
11  10 20 113 130 196 556 678 686 732 828 928
3  233 555 738
2  260 709
1  206
3  405 701 912
9  28 48 68 120 185 258 358 539 947
5  119 377 399 827 883
4  30 125 184 983
6  27 38 58 263 595 603
12  80 111 121 341 347 354 402 442 580 595 787 883
2  436 812
2  132 745
3  518 647 725
1  544
129  0 1 2 3 4 5 6 8 13 14 18 22 23 27 28 29 31 34 35 39 43 44 45 46 49 50 63 66 67 71 78 84 88 92 95 103 107 122 124 130 134 140 143 144 147 149 152 155 170 171 173 182 189 197 210 219 223 241 244 246 249 263 264 279 307 315 316 325 329 332 354 361 365 367 368 386 392 395 401 402 408 415 418 420 421 444 447 448 454 473 474 481 489 492 503 511 542 547 594 595 601 603 607 624 632 650 666 671 678 690 699 715 717 743 773 848 855 859 861 883 885 919 923 926 952 954 989 996 997
2  522 913
2  30 788
2  342 915
1  363
23  1 24 63 159 222 263 315 342 347 354 361 371 389 401 415 570 633 678 848 859 863 939 984
2  0 90
1  29
5  352 510 751 785 790
9  13 503 607 678 782 883 919 996 997
4  90 297 679 840
1  321
2  227 437
3  291 652 737
1  173
3  411 651 726
3  0 477 847
2  462 673
1  387
13  1 23 27 67 134 143 333 575 595 650 816 848 996
104  0 1 2 4 5 6 8 10 11 12 14 15 17 18 21 23 27 31 32 35 49 53 62 63 67 69 76 81 86 95 100 110 124 134 135 140 143 144 152 165 216 241 244 254 263 264 275 276 285 307 308 315 325 333 354 361 368 392 395 402 415 421 430 445 447 448 473 489 503 504 511 528 538 550 558 569 570 575 594 607 626 632 641 650 672 674 678 731 732 743 782 787 797 816 848 861 870 872 883 919 929 952 967 996
4  460 490 527 661
3  312 452 712
1  454
12  18 60 192 222 244 275 421 522 705 792 890 984
3  294 702 846
6  28 71 481 575 678 926
1  506
7  38 58 103 148 418 569 575
2  389 863
2  503 883
2  133 174
115  0 1 2 3 4 5 6 7 8 9 10 17 18 19 22 23 27 29 31 37 38 39 44 49 50 53 57 61 62 63 67 69 72 74 81 83 84 86 92 94 95 97 103 117 122 123 129 140 143 182 190 191 202 208 210 213 223 224 240 241 244 259 263 264 267 273 285 308 315 332 333 346 354 365 368 371 401 402 413 421 444 447 448 473 474 489 492 503 504 528 575 584 595 619 626 641 650 666 678 699 709 730 758 773 782 816 848 861 883 919 923 926 929 939 952
2  438 637
3  22 432 836
6  442 458 507 774 806 894
1  10
4  483 511 797 973
1  544
5  164 277 698 804 835
11  0 2 109 192 203 275 333 541 699 789 984
1  55
27  2 7 18 22 31 32 116 192 218 275 285 333 354 401 421 438 447 489 521 526 626 648 656 792 863 919 984
7  46 279 416 495 516 886 925
5  413 434 607 626 861
2  208 773
5  486 809 838 861 887
2  223 626
3  7 656 766
11  37 223 415 421 575 626 650 666 678 782 861
3  85 634 768
77  1 6 8 10 13 31 32 37 38 39 49 61 63 67 108 113 115 122 123 131 140 143 146 180 182 192 210 216 223 243 260 263 264 271 356 368 371 395 413 414 415 417 424 430 434 447 448 489 521 524 538 595 607 617 619 622 624 641 650 666 672 678 709 717 719 732 736 773 782 797 848 861 929 950 952 984 997
2  50 903
3  85 206 881
3  417 672 736
3  294 309 846
1  2
31  1 3 4 6 10 12 13 14 16 51 82 87 315 401 415 430 503 526 575 595 641 672 678 743 797 848 919 923 929 952 996
14  4 8 101 140 364 389 414 415 580 829 848 943 957 996
5  625 708 768 953 958
1  336
4  242 292 795 946
2  438 608
1  526
2  429 784
2  430 769
24  35 59 61 219 263 264 368 448 595 607 626 632 672 678 721 743 756 791 797 848 861 926 929 950
2  365 848
1  388
6  275 428 501 522 884 976
1  421
1  316
3  518 573 725
3  285 617 699
5  29 91 241 371 859
22  27 31 38 39 45 69 88 271 473 575 594 595 607 624 626 666 678 736 797 919 926 929
5  411 590 726 833 873
3  588 737 955
6  76 189 748 797 805 923
5  32 244 325 770 872
1  153
15  7 22 52 81 94 122 143 209 261 333 617 623 785 818 919
1  169
2  233 710
3  45 88 733
2  127 782
1  596
5  155 263 816 918 989
1  93
1  208
2  549 849
12  88 249 575 607 624 626 650 678 736 773 919 926
2  60 740
2  78 316
1  122
1  254
3  547 575 861
45  1 3 4 21 31 67 81 82 93 128 132 156 158 165 190 198 213 241 244 263 264 296 315 333 356 401 406 417 427 462 489 503 595 626 629 632 641 709 717 736 743 797 898 941 997
1  592
5  63 558 595 732 797
1  83
3  534 742 991
2  31 271
68  0 1 2 3 6 8 10 13 14 16 24 28 31 59 71 110 130 143 153 159 210 263 347 371 404 415 421 448 454 474 481 483 503 511 524 528 538 561 575 580 584 595 601 607 624 626 632 641 650 666 699 709 715 719 732 736 743 782 797 848 861 883 919 923 926 929 939 996
2  297 585
4  42 108 168 409
2  542 739
1  560
2  314 831
2  195 231
3  125 788 938
7  113 196 424 556 561 709 736
1  247
1  151
4  46 72 152 888
3  575 715 729
1  431
2  546 843
2  38 948
2  458 806
2  210 426
1  270
8  16 312 452 712 749 852 854 870
6  164 277 552 614 804 922
77  0 1 2 3 4 5 7 8 10 11 19 23 27 31 39 43 53 54 69 72 73 81 92 94 95 110 133 140 143 163 174 177 203 235 238 244 255 263 266 285 295 303 308 315 325 329 330 333 342 345 353 361 368 401 403 415 421 448 503 538 575 607 615 648 678 715 717 797 816 861 883 923 929 939 952 981 984
1  297
3  405 565 912
2  600 896
2  529 706
1  42
3  428 522 599
3  487 529 703
3  344 759 859
3  634 768 953
46  7 22 54 76 81 105 109 119 134 143 152 156 183 190 240 243 244 260 326 347 362 368 387 402 415 421 424 489 563 607 626 672 678 686 717 719 736 773 782 797 816 861 898 919 926 952
1  658
2  216 936
9  16 312 452 482 597 697 749 852 870
5  111 121 282 488 493
4  494 512 962 970
11  246 386 415 444 503 575 678 690 699 717 797
1  229
54  0 4 14 16 49 67 69 72 73 110 117 143 156 178 215 244 333 342 354 361 386 401 415 448 474 489 503 504 521 526 575 626 672 699 709 715 736 743 773 782 797 816 848 859 861 863 871 872 883 898 926 929 939 984
2  218 560
11  1 7 424 626 678 709 736 743 773 898 984
1  98
8  6 10 20 26 49 59 641 883
3  512 962 970
3  216 395 728
2  139 832
2  573 647
4  411 590 651 833
2  169 321
1  723
2  690 765
6  34 63 84 109 213 607
7  152 241 401 595 797 826 931
23  7 8 49 59 135 159 263 268 289 311 315 354 391 440 561 595 626 674 678 736 743 773 986
4  45 88 659 893
2  53 744
1  109
23  10 13 198 249 415 417 424 545 626 629 650 666 672 678 686 709 717 719 732 773 797 898 926
2  588 652
2  555 562
1  681
3  18 60 667
1  91
6  221 534 676 777 815 991
35  1 6 7 10 13 14 16 31 63 178 342 346 367 401 415 430 445 538 575 595 632 641 672 678 717 719 732 756 773 797 861 870 929 984 986
1  734
1  572
2  364 415
1  302
5  76 653 802 892 949
4  697 712 852 870
4  415 797 898 997
2  583 961
1  145
1  542
1  75
1  107
7  13 219 641 743 773 797 861
2  243 797
6  84 92 248 402 415 607
1  707
4  29 91 161 905
1  272
1  37
1  536
3  86 307 782
2  729 810
1  623
4  123 142 172 785
5  85 625 634 708 953
1  640
1  654
2  51 242
2  494 970
22  29 208 234 249 489 526 575 607 620 626 666 709 717 719 732 736 743 756 782 797 816 898
14  80 111 121 150 282 341 347 442 458 472 507 610 806 894
1  524
1  246
6  221 322 525 534 742 815
2  7 22
1  24
1  530
3  158 165 889
61  0 1 4 6 7 8 9 10 13 14 18 21 28 29 31 35 50 62 67 86 91 101 122 127 137 152 178 195 241 244 263 264 307 308 342 346 347 415 421 430 503 524 584 595 607 624 626 660 678 709 717 764 773 785 797 818 859 861 883 919 952
6  0 34 144 202 213 232
1  639
26  0 1 2 3 5 22 63 92 94 123 142 172 288 352 407 500 510 583 656 767 782 818 859 861 883 919
3  471 825 930
6  8 21 269 354 570 595
9  30 125 239 372 451 559 577 685 938
3  0 192 615
2  352 583
1  641
4  18 599 617 863
2  101 414
4  29 91 131 222
2  636 946
2  337 338
73  1 3 4 5 6 10 13 20 59 76 81 82 129 140 152 177 210 222 243 251 263 303 325 342 346 353 354 365 368 370 400 402 415 430 441 445 448 483 489 503 511 538 558 595 612 626 632 641 650 653 672 674 678 699 709 715 717 731 736 743 750 756 757 773 782 826 859 861 883 898 923 926 997
1  283
1  228
4  87 199 861 883
2  476 499
2  748 892
2  39 821
6  164 277 552 614 698 841
1  653
5  458 507 610 694 774
1  337
4  446 489 553 863
5  486 621 838 861 887
1  765
1  489
1  571
2  6 302
1  292
7  168 221 322 525 534 742 777
29  4 17 31 33 63 81 105 134 143 155 244 285 402 594 595 607 662 699 709 717 773 859 861 883 918 926 937 939 996
1  85
7  195 656 782 785 859 883 919
2  51 242
1  104
4  39 443 803 944
1  167
3  143 255 308
2  336 957
1  786
2  731 797
2  567 883
2  196 561
2  633 848
7  189 286 343 374 402 421 861
2  314 683
10  0 2 139 143 361 407 439 724 861 906
4  411 651 726 873
2  223 856
1  614
4  7 22 432 609
1  129
6  199 486 621 809 861 887
2  23 35
7  90 122 252 274 297 461 585
2  164 804
1  548
1  692
3  319 425 864
7  0 1 18 222 342 536 984
6  294 309 551 600 630 876
2  477 591
62  0 1 3 6 8 10 12 13 16 23 24 25 28 31 36 43 59 63 73 82 94 95 110 123 124 140 141 182 210 244 295 315 333 365 401 414 447 448 506 575 580 594 595 607 626 632 633 641 642 678 717 829 859 861 919 933 943 952 954 957 981 996
2  549 665
1  417
1  137
7  16 25 452 697 712 749 870
1  409
2  697 870
16  12 62 79 110 147 157 268 328 415 478 558 575 861 942 952 960
1  834
1  265
1  315
32  0 1 13 23 44 122 143 152 241 342 344 361 371 415 448 511 575 580 649 707 717 782 785 797 816 818 848 861 883 919 926 939
4  273 333 897 939
122  0 1 2 4 6 7 8 10 11 12 13 14 18 19 21 22 23 24 29 31 32 33 49 53 57 62 63 67 69 72 86 87 92 100 106 116 117 119 123 139 159 178 187 191 199 213 219 222 241 244 254 259 263 267 283 286 307 308 315 329 332 333 342 361 365 368 401 407 415 421 434 448 450 474 486 489 521 544 547 575 595 607 619 621 624 626 641 671 678 699 709 717 743 756 782 785 797 800 809 816 830 832 838 848 855 859 872 883 887 900 906 918 919 923 926 933 937 943 952 957 984 996
1  13
13  159 275 389 438 489 521 580 604 617 717 792 808 939
1  844
1  256
1  542
1  108
8  211 257 265 348 396 412 487 992
2  46 279
24  6 13 14 16 31 66 104 178 286 312 342 415 445 447 482 595 697 712 743 749 852 854 929 965
4  178 504 717 957
11  5 32 135 276 344 595 654 717 861 883 957
3  411 651 833
2  214 351
2  178 959
2  846 920
10  13 59 70 138 269 354 423 480 533 996
13  0 1 20 31 51 62 82 186 210 244 300 415 426
2  189 259
4  192 354 939 980
1  628
5  48 120 358 917 947
63  0 1 2 3 4 5 6 7 8 10 13 18 19 22 31 34 49 72 84 87 104 119 143 195 315 325 333 347 353 354 367 368 401 402 421 448 503 550 558 567 570 575 584 595 605 607 678 699 717 721 782 785 797 800 816 818 827 859 861 872 919 957 997
6  60 152 275 501 644 976
2  444 575
5  44 46 416 516 618
6  486 621 809 838 861 957
3  44 46 689
1  781
1  599
3  27 327 333
2  748 802
3  733 910 916
8  111 121 341 347 442 472 610 774
1  527
1  702
1  860
13  6 76 415 540 672 709 717 719 736 750 773 797 997
3  378 535 554
5  21 67 69 861 911
1  31
1  170
1  627
2  242 375
1  760
4  832 861 937 952
1  126
1  388
1  251
1  893
1  900
3  405 565 701
4  275 428 522 576
5  0 1 3 284 532
10  4 18 24 43 98 140 308 342 578 919
1  893
1  882
3  662 816 861
73  0 1 2 3 18 21 27 28 29 31 35 36 38 39 45 49 61 63 69 81 82 84 86 91 92 95 102 122 143 190 210 241 249 308 315 333 342 365 402 415 417 421 448 457 473 489 492 511 575 584 595 607 617 632 650 656 666 678 709 782 785 818 848 859 861 883 915 923 926 933 945 957 996
1  876
4  13 101 124 237
1  698
49  0 1 4 6 8 13 18 21 22 23 29 36 49 63 69 76 78 87 116 124 129 140 143 183 191 199 210 219 244 254 284 315 332 342 415 421 489 505 575 607 632 653 678 699 797 861 919 929 996
1  273
3  416 495 618
27  22 29 35 44 61 246 354 386 448 575 601 607 641 650 666 678 709 717 736 797 816 859 861 919 937 952 997
5  18 117 230 241 957
1  561
27  23 27 36 61 63 81 202 333 354 361 410 503 528 595 607 626 632 641 650 678 699 717 743 870 923 950 984
1  786
1  731
1  270
5  848 861 919 954 981
1  498
2  298 319
1  711
13  1 18 23 33 35 41 87 162 816 861 906 926 952
6  125 324 451 485 685 788
26  27 110 189 192 210 244 255 263 273 333 347 354 402 474 580 607 678 699 717 816 859 860 863 880 984 996
1  501
1  672
2  855 960
5  633 848 861 957 996
2  443 821
3  38 492 919
2  636 795
6  120 258 358 539 566 882
1  693
1  748
5  243 260 626 641 929
1  547
41  6 10 35 36 48 59 61 66 81 110 117 140 154 183 213 259 333 353 354 368 387 401 421 430 447 448 503 575 595 607 626 632 699 709 782 848 855 861 906 926 937
3  634 708 768
3  575 848 933
1  652
2  34 367
22  0 1 3 18 230 241 336 364 504 633 824 848 861 871 872 883 887 919 927 943 981 996
1  634
2  178 875
4  6 62 855 942
1  751
4  512 714 722 970
1  206
1  230
1  870
1  560
10  17 36 52 67 143 219 410 415 447 595
5  6 27 244 397 448
2  135 276
7  408 494 512 714 722 772 962
4  20 82 132 315
3  13 28 68
1  612
1  504
1  468
2  644 884
1  376
1  488
5  6 13 66 68 143
3  354 389 880
14  4 78 94 95 123 129 210 293 528 699 848 933 957 996
1  122
5  29 30 125 184 568
29  0 5 7 22 54 192 218 244 264 325 333 342 354 368 421 489 580 599 615 617 626 699 717 719 743 845 861 929 939
3  346 430 445
6  13 16 151 315 732 743
1  355
9  0 1 3 189 284 415 430 489 532
5  149 155 263 575 662
2  75 314
2  676 742
2  396 868
1  213
2  73 295
2  359 408
32  1 3 6 59 63 70 105 264 315 354 364 423 480 489 533 575 584 594 595 632 633 678 816 848 861 877 919 923 939 943 957 981
20  13 123 165 246 296 332 402 415 444 454 503 575 584 626 672 750 797 883 898 926
2  497 555
1  358
