
***ForestFire:  GeoFire  Nodes:1000  StartNodes:1  Take2AmbProb:0
                FwdBurnP:0.35  BckBurnP:0.354  ProbDecay:1  Orphan:0
(1000, 6541)  burned: [2,1,1]  [0.02s]
1000
135  1 2 5 10 13 24 26 29 30 31 35 38 41 43 48 54 58 68 71 74 77 82 91 94 99 101 102 107 111 120 121 124 125 128 138 142 160 165 184 191 205 208 215 219 228 236 252 260 261 267 275 283 290 311 315 330 332 342 355 356 370 384 401 403 412 416 422 426 429 431 437 444 454 460 462 463 472 487 502 515 516 524 527 533 550 557 559 561 565 567 594 598 604 623 633 638 644 648 652 662 664 668 672 678 679 680 689 692 694 703 728 736 747 770 782 784 799 801 807 818 833 844 860 866 870 872 887 889 902 928 929 957 980 991 993
68  0 9 30 35 44 45 68 74 95 120 121 125 134 136 160 162 165 191 228 236 251 260 315 318 330 334 344 370 384 401 422 429 431 463 472 527 533 550 558 559 561 567 594 598 604 633 652 664 672 678 681 689 712 736 745 782 800 807 818 882 887 902 908 924 929 957 980 993
113  0 3 4 5 6 7 10 15 21 26 27 29 30 31 35 41 54 58 66 71 74 83 91 94 101 102 115 120 121 124 125 142 165 184 193 203 205 206 215 228 241 251 262 263 267 275 283 290 322 349 355 356 370 384 401 403 416 454 460 462 463 470 472 515 527 550 552 557 559 561 565 566 567 569 572 590 594 598 604 625 633 638 652 664 668 672 678 689 692 694 728 736 745 770 782 801 807 818 824 833 836 850 861 864 866 879 887 902 924 928 929 980 993
56  2 4 15 19 22 26 27 29 39 41 58 91 93 94 102 104 124 142 155 228 241 251 283 322 370 384 403 416 422 460 463 470 550 557 559 594 604 638 652 664 678 689 736 745 770 782 784 807 850 866 879 924 928 929 980 993
33  2 3 7 55 58 66 91 193 205 283 290 330 356 370 401 425 429 444 470 482 550 564 565 633 638 664 678 689 807 866 924 928 980
84  0 2 7 10 12 14 29 30 50 54 58 62 70 71 74 78 82 85 91 101 102 116 120 121 125 128 138 165 228 241 261 262 265 267 283 290 315 337 356 360 370 384 401 403 454 460 462 463 472 496 527 533 550 557 559 565 566 572 594 598 604 633 644 652 660 666 678 689 692 723 736 745 770 784 807 833 836 860 866 902 924 928 980 990
34  2 8 54 58 91 157 193 203 205 241 263 346 356 403 421 433 463 552 559 569 633 638 672 678 689 692 736 782 801 824 887 929 980 996
61  2 4 5 10 11 25 30 35 54 55 58 65 66 71 91 101 106 121 125 128 138 193 205 217 227 228 241 267 283 290 326 330 353 356 376 401 403 429 468 470 550 559 567 598 652 668 678 692 694 736 745 770 782 807 866 887 924 928 929 980 990
13  6 91 157 241 346 356 401 433 463 557 569 668 807
54  1 30 35 44 45 68 71 74 95 105 121 125 134 136 160 186 228 241 251 260 262 290 315 318 330 338 344 384 403 429 471 527 533 558 559 561 567 594 598 633 643 652 662 664 681 689 745 800 818 882 902 924 929 980
54  0 2 5 7 14 29 30 85 94 102 111 120 196 217 228 260 262 265 267 283 290 315 342 355 356 384 429 454 460 462 463 468 500 527 529 561 565 594 598 623 628 660 678 681 696 736 745 770 807 826 887 902 928 980
26  7 20 60 65 71 138 214 223 241 251 260 283 310 353 401 527 556 559 583 652 745 807 866 887 929 980
15  5 28 33 47 69 96 116 175 337 447 448 565 678 689 736
21  0 24 43 71 102 120 121 131 355 356 384 498 527 736 807 818 840 844 924 980 991
61  5 10 16 29 30 61 74 85 88 99 102 111 120 138 159 217 228 260 265 275 283 290 315 360 384 401 424 444 460 462 463 472 500 506 527 559 564 594 623 633 652 656 660 664 666 672 678 696 727 736 770 807 833 887 902 928 929 953 980 990 993
41  2 3 17 31 52 75 76 91 101 102 142 163 164 171 194 227 233 283 356 368 370 379 401 403 472 539 559 570 594 604 625 672 673 715 728 770 801 864 924 980 993
55  14 29 30 34 40 59 74 85 99 129 130 140 147 149 151 159 217 228 265 313 354 355 360 384 401 412 424 442 444 454 462 463 527 530 543 559 594 598 623 633 652 660 664 672 678 727 736 770 782 807 902 910 950 953 980
31  15 18 23 32 75 76 142 163 171 194 233 283 356 370 379 403 559 582 594 598 625 652 664 672 689 715 770 815 928 980 993
35  17 23 32 75 76 142 146 152 171 205 233 243 283 302 356 365 379 403 425 536 559 582 594 598 608 625 659 664 672 689 770 807 815 928 993
12  3 22 29 155 228 251 283 384 413 604 770 896
22  11 60 81 84 126 135 214 223 292 303 310 527 533 558 604 729 745 800 807 929 975 980
27  2 35 43 56 71 85 91 120 121 206 228 260 262 283 401 470 527 559 662 668 672 678 689 692 749 980 990
14  3 19 29 93 111 142 241 283 384 401 604 740 745 980
28  17 18 32 75 76 142 152 163 164 171 233 283 356 370 403 454 559 594 655 664 689 715 745 815 840 928 980 993
35  0 13 29 30 38 43 57 71 102 115 120 121 217 228 260 283 342 355 384 463 527 664 672 694 703 728 745 818 844 889 902 924 954 980 991
9  7 30 65 228 241 324 463 664 745
29  0 2 3 29 83 102 120 124 165 228 262 334 370 401 422 460 463 527 559 566 594 604 652 678 689 807 924 929 980
13  2 3 115 179 251 361 454 527 550 689 736 782 807
17  12 33 47 53 96 116 175 221 317 333 337 447 448 606 689 731 779
52  0 2 3 5 10 14 16 19 22 24 26 30 62 82 83 88 94 99 102 111 115 120 121 138 151 165 217 228 241 260 275 283 355 370 401 460 463 527 530 543 557 559 604 652 661 664 689 703 807 866 889 924
85  0 1 2 5 7 9 10 14 16 24 25 29 35 37 43 56 62 64 71 72 74 79 82 83 85 94 102 115 120 121 125 138 149 151 165 176 228 241 260 262 283 290 355 370 384 401 403 412 422 424 460 463 470 486 527 530 543 550 559 567 594 598 604 648 652 664 678 689 694 703 715 723 745 782 784 807 813 866 887 902 924 928 954 980 993
21  0 2 15 75 76 91 164 233 356 370 379 403 543 559 598 638 728 801 802 980 993
27  17 18 23 46 75 76 142 163 171 194 233 270 283 356 370 379 403 454 559 594 652 689 691 715 766 770 993
12  12 28 47 69 96 175 182 337 447 448 620 689
15  16 147 159 313 355 363 472 672 678 736 807 902 910 924 980
49  0 1 2 7 9 21 30 36 37 43 56 71 85 94 98 119 121 125 127 138 149 160 165 228 251 258 264 316 330 465 468 470 486 527 559 567 594 604 652 662 664 672 736 818 882 902 929 980 990
18  35 42 56 71 85 119 125 165 169 460 468 470 483 594 668 902 958 980
22  30 35 43 56 71 85 121 138 165 228 258 262 283 370 470 527 672 678 703 782 902 954
12  0 24 71 120 133 167 283 527 672 703 818 844
5  3 244 416 549 784
11  16 59 63 129 140 151 228 354 360 594 598
6  0 2 3 94 598 678
13  36 56 85 125 165 204 228 262 273 460 804 889 980
37  0 13 21 24 30 35 37 56 57 71 85 102 115 120 121 131 138 141 165 215 228 241 251 283 321 356 440 463 470 527 550 710 782 799 807 980 993
11  1 9 125 134 228 253 384 431 512 800 889
34  1 9 68 71 87 100 125 134 138 168 176 186 215 268 341 344 370 383 384 405 431 453 533 562 594 598 605 782 784 846 928 929 957 980
21  32 114 233 234 243 249 277 283 356 370 379 454 559 652 689 715 766 767 784 816 993
20  12 28 33 53 69 96 116 156 175 202 282 291 337 404 447 448 578 678 736 835
29  0 49 73 77 124 165 219 223 275 283 310 311 403 429 435 444 468 594 598 679 689 717 780 797 807 814 927 929 980
22  48 51 73 77 124 165 219 275 283 384 401 429 457 527 679 689 705 717 818 860 929 980
17  5 54 62 138 217 223 283 331 370 433 604 652 689 728 745 807 980
23  49 73 77 124 137 165 219 251 275 283 352 384 401 403 429 457 503 527 679 689 717 901 980
10  15 164 171 233 356 403 717 864 928 993
8  28 47 69 96 175 447 448 794
29  0 2 5 6 7 50 58 65 71 120 125 128 165 193 241 283 331 348 370 403 416 421 433 472 672 681 692 728 770
20  4 7 58 66 97 205 283 296 401 429 482 633 703 807 824 866 928 929 980 993
37  21 30 35 36 37 42 43 71 82 85 121 125 141 149 165 204 215 262 321 356 424 444 460 470 527 533 594 598 604 664 689 728 782 807 902 980 990
9  24 43 102 115 120 328 367 543 807
38  0 2 3 4 5 6 7 54 55 66 104 108 142 165 193 205 251 296 370 403 416 429 433 462 550 633 638 650 672 678 692 736 771 807 824 924 928 980
21  16 40 63 129 139 140 149 151 228 360 412 424 443 594 598 633 656 664 736 833 950
17  11 20 81 126 138 223 310 384 527 533 583 713 729 745 784 949 980
15  14 88 99 120 138 228 260 310 325 401 463 543 559 666 938
22  5 29 30 50 82 83 115 176 217 260 283 370 463 510 527 559 652 678 689 728 866 887
10  40 59 129 140 151 360 427 594 656 946
27  30 67 72 74 80 115 138 176 200 241 262 370 384 401 477 530 559 652 655 671 689 782 784 902 907 980 993
9  7 11 25 54 109 228 241 436 440
27  2 4 7 55 58 89 118 193 235 296 356 376 429 495 497 525 527 550 664 681 771 776 784 807 824 854 870
15  64 72 74 115 121 370 384 401 432 463 655 689 770 784 993
21  0 1 9 45 71 87 120 125 272 318 370 383 384 429 487 502 527 664 747 929 980
11  12 33 47 53 86 175 282 404 447 565 678
16  5 71 78 92 120 241 360 550 559 678 689 692 844 879 887 980
62  0 2 5 7 9 11 13 21 24 30 35 36 37 38 43 45 54 56 68 70 82 83 85 87 106 115 120 124 125 133 167 168 241 260 283 311 349 376 384 401 429 433 454 463 468 470 523 527 559 594 672 678 689 703 728 747 782 842 844 924 954 980
38  30 64 67 74 79 83 115 120 124 149 155 158 207 208 251 262 329 384 401 432 460 463 486 559 594 644 652 655 689 723 770 782 784 813 902 941 980 993
14  48 49 51 77 124 150 165 251 275 283 403 429 689 717
35  0 1 2 5 9 14 16 30 64 67 72 83 99 115 120 208 228 251 260 262 360 384 401 416 463 470 572 594 644 689 782 807 907 980 993
18  15 17 18 23 31 32 76 195 197 205 233 356 559 594 598 672 689 715
21  15 17 18 23 31 32 75 142 195 205 233 277 283 356 370 403 559 689 715 770 980
12  0 48 49 51 73 90 124 165 384 429 689 717
14  5 70 91 164 276 454 490 550 572 689 692 807 902 980
33  30 72 82 83 94 102 115 120 149 158 176 208 228 238 260 262 403 436 460 527 550 594 678 689 723 736 745 784 813 881 902 980 995
8  64 115 138 241 353 384 652 980
14  20 60 126 138 179 223 340 527 533 550 577 729 745 807
38  0 5 29 30 56 62 71 79 83 85 94 102 120 165 215 257 260 262 311 394 401 402 403 435 454 460 463 588 598 604 672 689 745 770 807 870 887 993
37  2 26 29 30 62 71 72 74 79 82 85 94 99 102 115 120 124 165 208 215 228 370 401 510 540 543 559 604 652 689 692 728 736 745 794 902 980
10  20 126 223 292 729 745 807 890 980 990
43  5 10 14 16 21 30 35 36 37 42 43 56 71 82 83 87 88 120 138 153 228 260 283 344 360 384 401 451 460 463 527 559 594 628 652 672 678 747 818 887 924 929 980
5  69 175 282 404 914
26  45 68 71 85 115 120 123 138 187 251 259 284 344 384 492 510 579 590 594 672 747 818 882 924 929 936
24  14 29 61 85 99 110 115 120 144 216 228 311 370 401 462 463 468 543 652 666 672 747 770 980
12  66 118 148 189 235 281 356 415 497 525 654 783
3  77 689 775
38  0 2 3 4 5 6 7 8 15 21 31 78 101 102 125 164 165 233 241 356 384 401 425 454 463 550 638 664 668 678 689 692 736 807 887 899 902 980
6  70 120 138 225 678 879
13  3 22 113 142 241 283 463 510 638 678 740 850 879
30  0 2 3 10 29 30 35 41 79 82 83 102 165 176 228 258 260 262 283 315 355 356 559 561 570 598 678 736 807 980
25  1 9 103 105 121 125 136 236 315 318 454 471 533 558 594 633 681 689 694 747 800 818 846 924 980
11  12 28 33 47 53 116 337 448 689 789 868
2  55 482
8  35 127 165 224 258 264 465 672
33  0 14 16 29 61 74 83 88 120 143 144 165 228 242 260 262 275 283 289 290 308 360 379 401 403 463 470 527 652 687 924 980 993
5  45 186 431 846 980
30  0 2 5 7 15 91 102 107 121 138 145 165 188 209 227 310 315 326 356 384 401 474 510 564 672 678 782 807 886 899
53  0 2 3 5 10 13 14 15 24 26 29 30 43 57 79 82 83 91 94 101 115 120 164 165 188 208 228 251 260 262 283 356 370 401 460 463 470 543 550 561 594 633 652 664 678 694 736 770 807 840 902 928 980
11  95 125 161 229 420 471 558 694 765 793 846
9  3 58 193 356 384 419 429 638 672
12  9 95 112 121 125 136 290 681 689 818 919 924
5  7 71 138 470 782
6  0 101 212 409 514 532
3  58 488 554
9  65 190 228 381 440 527 644 784 840
17  88 117 120 144 198 262 309 311 379 454 468 550 666 672 745 747 902
18  0 10 14 22 29 275 283 290 342 355 356 370 384 454 527 652 902 916
8  105 125 136 260 290 349 397 919
3  93 510 850
23  46 231 234 243 249 277 356 370 379 401 454 472 559 564 644 652 664 736 773 784 807 860 980
51  2 24 27 29 30 43 57 62 64 67 71 72 74 79 80 83 87 88 102 120 121 124 138 149 155 176 179 188 208 228 241 242 251 262 311 370 384 436 463 510 559 594 652 689 770 782 794 902 925 954 980
10  5 12 28 47 96 261 448 689 736 789
13  110 120 138 144 198 222 262 309 311 379 429 454 550
10  66 89 122 178 235 497 645 654 776 783
10  35 36 127 165 294 468 575 865 902 958
85  0 1 2 5 10 13 14 21 24 26 29 30 38 43 54 57 61 68 70 71 72 74 79 82 83 85 87 88 92 99 102 110 115 117 124 133 138 143 144 165 167 205 208 217 228 241 242 251 257 260 262 283 290 311 370 401 403 460 463 487 502 510 527 530 543 550 557 559 590 598 604 664 678 703 728 736 745 770 782 807 902 908 929 964 980
50  0 1 2 5 7 9 13 21 24 29 30 35 37 43 56 67 95 101 105 115 125 134 138 149 176 188 251 258 283 315 356 384 436 444 463 470 527 543 559 564 652 689 703 782 807 818 866 924 928 980
6  118 178 297 645 654 776
5  87 138 185 652 700
48  0 2 3 26 48 49 51 71 72 73 77 83 115 120 133 138 144 155 165 223 251 275 283 310 311 370 384 401 429 454 463 536 558 594 598 604 618 636 672 678 689 717 770 807 871 964 980 993
57  0 1 2 5 7 9 30 35 36 42 44 45 54 56 68 71 91 95 103 105 112 121 134 176 215 228 251 253 260 283 290 315 349 355 356 384 401 403 422 454 463 467 470 527 533 550 594 598 652 668 692 694 818 846 889 929 980
14  20 60 81 84 179 223 292 384 577 604 729 745 807 990
9  35 98 119 132 258 264 294 721 902
19  0 5 7 54 138 165 176 237 283 290 356 425 468 543 598 672 692 736 980
11  16 40 59 63 140 151 427 535 594 652 674
3  16 547 953
3  13 43 811
3  127 258 351
18  38 71 120 124 138 167 283 311 401 454 476 521 523 672 703 807 844 962
23  1 9 44 45 121 125 170 176 228 260 283 344 384 401 403 418 431 533 559 784 800 818 980
8  20 199 223 314 558 684 689 929
16  1 9 95 105 112 174 260 290 499 550 681 747 800 818 924 980
11  51 165 219 275 352 384 498 503 672 679 980
63  0 5 7 11 14 29 30 35 37 43 45 50 60 61 64 80 81 85 87 92 101 106 115 117 120 121 123 124 128 133 144 165 176 179 185 188 223 228 258 275 283 310 321 330 356 369 370 384 401 468 510 527 530 652 664 672 678 689 807 887 902 958 980
6  59 140 412 454 594 598
14  16 40 59 63 129 139 151 360 412 454 463 594 598 980
10  43 56 215 228 321 440 444 463 527 770
40  0 2 3 15 17 18 22 23 32 58 76 93 164 165 172 195 205 233 241 283 296 356 368 370 399 417 428 454 559 594 598 650 672 678 689 715 717 807 980 993
13  99 120 144 154 165 242 262 275 283 401 510 902 990
25  88 99 110 117 120 124 138 143 154 165 188 198 223 262 275 283 309 379 454 468 550 598 666 745 929
8  101 165 188 209 227 326 384 634
7  18 152 166 302 327 356 980
11  16 34 313 355 472 672 678 681 736 746 784
4  89 177 189 339
27  16 30 35 56 59 72 79 115 121 165 176 262 315 316 403 444 463 468 543 656 664 672 736 770 784 794 980
1  73
21  16 29 30 40 59 63 129 140 355 360 385 412 427 491 594 598 652 656 664 694 940
5  18 23 146 356 454
4  85 260 755 818
4  143 144 188 262
18  3 19 72 115 124 228 251 262 371 374 430 454 652 664 672 745 770 889
9  47 202 230 343 396 578 697 730 951
13  6 8 241 336 356 527 557 576 590 689 745 770 782
7  72 79 262 614 813 823 856
23  14 16 34 181 201 217 228 290 313 363 401 439 470 472 500 619 660 664 672 736 770 902 980
11  0 1 9 35 258 330 342 561 643 662 799
4  103 626 762 846
4  1 472 664 672
13  15 17 23 32 194 283 356 370 559 594 633 652 672
31  15 23 31 52 78 91 102 142 165 172 188 208 233 251 283 342 356 401 454 463 490 594 689 694 717 739 807 840 902 980 993
84  0 1 2 5 26 29 30 35 36 37 42 43 48 49 51 54 56 58 73 77 82 83 91 94 98 99 101 102 119 120 124 128 137 138 142 143 144 145 149 164 167 188 208 217 228 233 251 258 262 275 283 315 334 356 384 401 403 456 457 460 486 493 527 543 550 559 564 598 661 664 678 680 689 717 745 799 807 850 879 887 902 920 968 980
5  146 183 211 247 948
14  38 71 120 133 165 188 241 260 311 454 456 678 680 703
10  45 71 173 279 383 401 562 682 957 980
4  36 210 470 825
5  134 418 431 598 800
18  15 17 18 23 32 52 233 283 356 454 481 559 581 598 864 928 980 993
12  142 164 208 256 342 435 454 463 672 678 689 840
5  168 323 383 682 980
2  136 213
14  12 28 33 47 53 69 86 282 404 447 448 455 795 995
38  30 45 62 64 79 94 115 121 125 128 134 138 149 179 180 188 208 228 253 260 283 355 356 384 401 403 527 543 598 678 689 694 736 807 820 902 928 980
3  148 508 698
7  118 122 585 610 645 654 756
22  27 81 115 126 138 176 180 208 223 251 283 362 384 398 454 527 689 736 745 782 807 902
6  176 179 208 228 527 736
7  159 239 313 401 439 833 902
3  33 337 448
2  166 948
4  0 2 283 929
5  123 138 283 288 700
9  9 45 100 241 318 403 601 834 939
2  87 929
28  101 102 115 121 138 144 145 154 164 165 167 176 208 217 228 260 262 283 356 384 436 454 510 527 543 594 652 689
12  89 148 218 226 240 366 415 452 525 551 704 758
6  109 287 381 440 786 840
7  0 1 192 254 285 712 800
3  191 712 800
21  2 4 6 7 54 58 66 104 205 235 267 353 356 403 429 497 569 672 689 744 783
13  15 17 32 163 283 356 370 401 543 570 594 652 807
16  75 76 142 205 233 243 277 356 389 559 594 598 689 715 980 993
8  10 262 356 501 628 770 973 980
6  75 205 559 594 598 689
18  110 117 144 222 262 309 311 374 379 402 403 429 454 550 598 689 703 745
3  135 538 689
7  64 220 347 615 689 769 895
3  159 228 439
3  47 156 291
19  2 6 232 241 406 472 559 569 598 638 652 672 678 689 692 801 851 913 990
2  42 56
31  0 2 4 6 7 18 55 58 75 76 120 142 193 195 197 233 241 243 283 356 389 399 403 559 594 598 689 807 928 929 980
5  2 21 567 648 678
3  72 655 689
27  0 72 74 79 83 102 115 120 164 165 172 176 179 180 188 217 228 342 403 463 510 527 543 652 717 902 980
4  101 145 227 326
7  169 248 266 649 805 825 956
2  166 295
3  107 449 532
1  174
3  11 20 975
21  0 2 43 45 56 82 83 125 141 228 290 494 527 533 559 605 710 770 902 924 980
5  88 311 379 594 747
30  7 10 14 16 24 29 50 62 120 159 165 188 208 228 233 283 290 342 403 454 463 510 527 543 678 689 703 800 807 902
14  189 226 240 246 366 415 452 525 551 647 699 716 758 971
14  0 48 49 51 137 275 283 355 384 429 460 799 863 924
4  200 689 717 895
5  28 317 333 447 779
8  117 198 262 309 379 454 515 745
29  11 20 48 50 60 81 84 124 126 135 138 144 179 228 251 283 292 379 401 527 561 604 729 745 796 837 929 980 990
4  98 258 465 672
6  92 280 587 743 788 879
9  189 218 240 366 415 452 525 551 758
11  7 15 101 145 209 326 401 403 694 770 887
94  0 1 2 3 5 7 9 10 14 16 19 21 24 25 26 29 30 35 37 40 42 43 44 59 61 65 74 79 83 85 88 94 99 102 109 115 120 125 134 138 141 155 159 165 176 180 188 201 208 215 217 223 241 251 255 262 283 290 324 356 360 370 371 384 403 412 436 440 444 454 463 470 486 527 533 556 559 561 594 598 633 652 678 689 694 736 745 747 818 889 902 924 928 980
2  103 846
3  156 702 900
8  114 234 249 356 379 454 773 980
5  203 559 664 678 851
40  15 17 18 23 31 32 46 52 75 76 91 142 164 165 171 195 205 217 241 243 251 277 283 356 401 403 454 481 559 570 594 633 652 672 689 703 736 770 980 993
12  46 114 231 243 249 356 379 454 550 715 784 993
19  66 89 118 193 245 356 380 472 497 569 652 681 689 771 783 785 854 902 907
17  0 1 95 315 334 370 401 403 517 527 543 672 694 747 818 887 902
6  128 283 319 356 543 828
4  79 542 813 841
5  181 313 359 746 833
8  189 218 226 366 415 452 525 551
70  2 3 5 6 7 8 9 11 22 25 29 30 43 54 64 65 70 71 80 91 93 115 120 142 157 167 186 203 205 228 233 242 251 260 262 283 310 318 336 346 353 384 401 412 429 444 454 463 472 486 557 559 569 570 594 598 604 652 656 672 678 689 692 745 770 771 830 887 929 980
17  99 115 120 143 241 262 318 384 454 510 584 635 652 672 745 845 924
21  18 46 114 195 205 233 234 250 251 277 356 370 379 401 550 559 598 652 689 980 989
3  39 549 784
12  235 286 356 380 472 497 630 652 672 785 854 902
11  218 269 415 452 504 525 528 551 704 716 798
1  166
6  210 531 649 725 931 956
8  46 114 231 234 379 559 594 860
7  243 357 372 411 541 559 598
71  1 2 3 9 11 19 27 35 43 51 58 72 73 74 87 102 115 120 121 124 125 155 164 165 179 223 228 233 241 243 260 262 275 290 298 315 318 346 356 370 379 384 386 401 416 444 454 462 463 536 550 558 561 569 570 594 598 604 656 672 681 689 727 736 745 807 818 887 902 908 980
5  0 332 458 639 818
8  44 125 176 260 283 320 356 384
3  191 285 800
9  228 262 311 454 463 703 736 745 747
7  172 342 401 435 454 717 902
6  82 120 304 595 604 745
22  35 37 94 98 121 127 132 138 160 165 224 264 283 315 330 342 356 527 672 689 799 902
1  87
66  0 1 9 10 11 14 21 24 29 30 61 62 71 74 79 82 85 94 99 102 112 120 125 134 136 153 167 176 188 241 251 253 262 275 290 310 318 356 360 376 384 401 403 454 456 460 463 487 527 548 550 561 594 598 678 680 681 689 736 745 755 818 887 924 957 980
7  0 5 116 283 426 429 689
67  2 5 9 10 21 26 30 37 42 56 64 72 74 79 82 94 99 102 110 115 117 120 143 144 149 154 155 158 165 188 196 198 222 228 241 242 251 255 260 290 309 311 318 356 370 371 374 384 401 403 446 454 460 527 550 559 588 594 598 604 652 672 689 745 782 902 980
16  2 6 378 463 537 552 569 633 669 693 695 782 887 902 929 996
11  35 98 127 258 283 536 594 652 672 734 902
14  5 10 14 16 271 462 496 598 652 660 696 727 736 980
4  210 387 649 805
12  0 2 5 7 10 193 426 429 570 594 607 888
5  45 341 405 533 980
6  246 274 504 613 637 716
1  32
3  265 727 980
2  68 384
2  42 400
3  269 504 613
34  0 2 14 29 48 49 51 73 99 111 124 137 138 143 144 165 219 251 260 283 318 355 356 384 401 403 429 454 652 679 681 696 799 833
9  78 278 490 572 633 689 807 902 990
16  46 76 114 195 233 243 283 301 307 356 379 401 526 559 681 689
3  276 689 902
1  168
1  225
4  89 525 631 790
8  47 69 86 175 364 404 447 988
117  0 2 3 4 5 7 10 11 14 15 17 18 19 21 22 23 24 29 30 32 37 38 43 46 48 49 50 51 54 55 62 71 73 76 85 93 94 99 102 111 120 121 124 125 128 133 134 138 142 143 144 163 164 165 171 176 179 184 185 188 194 205 217 219 223 228 233 237 241 253 258 261 264 275 277 296 305 355 356 370 379 384 401 403 429 454 463 470 476 510 527 534 536 543 550 559 594 598 604 633 638 652 664 672 689 717 739 751 767 799 807 818 887 924 930 980 993
5  87 747 754 818 929
4  191 254 800 853
12  245 306 373 380 382 459 472 557 652 672 866 902
5  190 381 786 840 991
1  185
4  99 293 875 960
52  0 2 4 5 7 9 10 14 30 99 105 111 112 120 125 128 136 159 215 217 228 251 260 262 298 315 318 356 380 384 424 425 444 472 527 533 550 570 594 598 633 664 681 686 710 736 799 800 833 902 924 980
4  47 202 299 835
10  20 84 126 223 401 573 729 745 929 990
4  289 560 589 875
4  119 127 865 958
2  211 300
18  55 58 66 142 283 305 368 370 429 463 559 650 664 807 826 902 928 993
4  122 645 757 776
7  251 290 318 356 444 681 818
1  291
2  295 388
7  277 307 379 559 681 689 770
4  18 146 568 659
1  20
2  257 745
9  283 296 368 370 379 559 826 902 993
14  286 312 373 380 472 484 564 594 736 838 866 898 902 980
10  277 301 335 379 559 598 681 689 696 990
4  99 507 546 687
26  110 117 144 198 222 262 311 379 394 402 403 429 454 495 570 598 632 664 672 689 701 738 745 784 870 997
21  11 20 48 60 61 101 124 138 241 260 356 369 444 454 463 468 594 664 807 980 993
35  0 48 71 82 88 110 115 117 120 124 133 167 198 216 255 262 309 349 379 384 394 401 429 454 550 594 598 672 689 703 736 747 870 962 980
6  306 380 527 736 898 993
16  16 34 147 159 181 239 401 412 470 656 678 736 746 833 902 976
5  135 408 513 684 689
37  0 1 5 9 10 14 94 95 101 121 125 149 165 236 251 258 290 318 334 356 401 403 434 561 564 569 594 598 652 672 678 686 689 694 887 902 993
5  35 149 468 736 784
3  28 221 333
30  1 9 68 95 186 241 242 251 260 262 275 290 298 315 356 380 384 403 454 472 527 594 652 681 686 745 799 833 887 902
4  237 356 543 828
2  253 356
6  43 56 138 141 444 510
2  2 3
2  173 980
6  25 228 485 556 711 839
3  61 602 967
11  7 101 145 209 227 401 403 544 598 634 770
5  146 358 377 592 720
1  57
1  72
14  0 1 4 7 9 35 138 160 258 437 444 559 678 924
4  50 54 375 391
4  0 252 787 807
4  28 221 317 555
19  1 26 165 236 315 370 401 403 422 434 473 561 641 664 672 818 887 928 986
3  307 379 681
5  157 241 689 745 887
9  5 12 28 33 47 96 182 689 789
5  9 558 594 598 959
2  148 522
1  81
8  45 268 344 405 562 806 924 980
19  0 10 24 111 160 164 172 208 217 256 258 384 401 454 527 717 745 902 980
5  156 345 396 627 697
24  1 9 45 85 87 134 341 460 469 510 533 558 652 736 745 782 784 800 806 818 882 902 924 980
5  343 627 657 923 977
9  6 8 241 251 462 480 564 569 689
6  200 350 769 895 921 987
2  54 403
15  2 71 112 125 311 379 384 450 463 594 598 664 689 703 736
5  347 393 769 869 987
1  132
7  51 137 384 407 498 503 980
9  7 11 80 193 241 410 652 753 847
6  16 40 461 594 623 887
31  0 2 10 13 16 24 29 30 34 94 111 125 147 151 176 219 275 283 356 384 401 429 472 491 594 598 652 678 689 924 980
113  0 2 4 5 6 7 8 10 13 15 17 18 23 31 32 43 46 52 56 66 75 76 89 91 94 101 102 104 111 114 121 125 128 138 142 146 152 157 163 164 165 171 176 188 193 194 195 196 205 228 231 233 234 235 237 243 245 251 253 258 260 262 275 277 283 290 298 310 315 318 319 320 355 369 370 379 380 389 399 403 425 429 454 460 468 472 515 527 543 550 559 570 594 598 604 628 633 652 661 664 672 681 689 694 715 736 770 807 820 887 929 980 993
4  250 372 411 541
2  327 441
3  239 438 746
29  5 14 16 40 59 63 70 74 85 99 140 151 228 260 384 412 454 463 491 533 543 558 559 594 598 652 736 745 755
1  27
3  179 398 745
5  34 159 401 519 678
2  282 599
4  18 379 425 664
7  189 218 226 240 415 452 525
1  57
10  15 142 296 305 370 559 663 826 902 993
10  138 310 356 370 463 468 470 664 807 980
89  0 1 2 3 4 5 15 17 23 26 29 30 31 32 37 45 46 50 54 58 62 64 67 68 76 83 88 102 111 114 115 120 124 138 142 163 194 228 236 243 251 262 283 296 305 334 356 368 369 379 384 401 403 422 434 444 460 463 470 472 487 517 527 533 540 550 552 556 559 594 598 641 650 652 664 672 681 689 694 715 745 782 818 833 892 902 928 980 993
5  155 228 262 873 955
6  250 357 411 541 598 963
6  286 306 380 472 484 902
7  155 198 262 430 616 652 745
1  331
11  7 66 71 260 423 429 550 570 594 617 736
3  327 545 720
5  263 669 695 887 902
51  15 17 18 31 32 46 99 110 114 117 144 198 216 222 223 231 234 243 249 251 277 283 301 305 307 309 311 335 349 356 365 370 384 401 454 462 463 468 527 550 559 570 598 664 672 681 689 717 770 860 924
25  235 245 286 290 306 312 318 356 373 399 403 424 429 472 497 527 594 652 681 771 785 833 866 907 928
9  109 190 287 390 440 527 782 807 840
2  286 672
10  45 68 168 173 384 553 562 682 718 980
105  0 1 2 3 5 9 10 13 14 16 19 22 24 30 44 45 49 51 60 64 67 68 71 72 74 77 80 85 87 91 101 104 111 115 121 124 125 126 134 137 138 145 165 176 179 188 219 228 241 242 251 253 260 262 272 275 283 290 311 318 342 349 352 355 360 370 379 383 401 403 407 429 454 460 462 463 468 472 491 498 510 527 533 550 558 559 570 598 652 664 672 678 689 717 736 745 747 799 818 826 902 904 929 980 991
6  151 491 594 652 672 683
2  251 714
2  266 805
6  300 392 518 677 862 945
8  195 205 356 594 598 672 689 980
7  381 395 440 580 807 840 915
2  331 885
4  388 518 677 862
2  350 869
22  82 309 311 401 402 403 429 435 454 495 527 543 588 598 632 672 701 703 745 870 962 980
4  390 440 908 915
3  156 343 697
1  112
3  179 362 909
13  142 205 356 380 550 570 593 594 598 664 689 784 980
2  273 414
111  0 1 2 4 5 7 8 11 14 15 16 21 22 26 29 30 49 51 55 61 64 67 71 72 74 82 83 85 88 91 99 101 102 114 120 124 125 133 134 138 143 159 164 165 168 176 181 194 223 227 233 236 241 243 251 256 260 262 275 277 283 292 311 313 315 326 334 342 355 363 370 379 384 394 402 403 412 429 434 435 454 460 463 470 476 527 556 559 594 598 652 656 664 672 678 681 682 689 701 703 717 745 747 824 866 887 902 924 928 980 993
13  82 198 309 394 401 403 429 454 559 638 652 672 701
91  0 2 3 5 6 7 9 15 17 18 23 30 31 32 48 51 52 54 58 73 76 79 82 99 120 125 134 149 165 176 186 193 198 205 208 217 227 228 233 236 260 262 275 283 309 315 318 326 334 348 356 370 380 384 394 401 402 421 422 434 435 454 460 463 468 470 472 527 543 559 594 638 641 652 662 664 672 678 694 717 745 770 771 784 801 833 877 887 928 939 980
14  47 69 86 175 282 445 447 464 478 726 808 897 988 995
5  45 268 341 806 924
5  203 489 559 569 990
6  352 384 498 527 736 980
6  314 513 684 685 689 848
3  107 532 709
2  353 753
4  250 357 372 541
30  0 16 30 59 139 140 151 228 241 313 360 401 429 444 454 491 495 527 530 533 570 598 652 656 664 689 736 745 784 818
2  19 896
2  400 658
11  89 189 218 226 240 246 366 452 525 551 704
12  0 2 3 39 54 58 74 251 559 728 736 750
1  142
8  134 170 431 533 583 598 800 980
6  104 429 672 703 854 902
4  103 471 689 694
10  6 54 403 422 569 652 672 681 692 833
30  0 1 3 26 30 125 334 370 403 421 434 463 470 473 527 550 559 594 604 622 641 652 672 681 782 807 813 928 980 993
5  376 550 594 617 819
16  14 16 30 56 59 290 380 442 443 444 594 598 656 664 681 950
19  4 18 91 128 290 356 365 468 543 550 559 570 598 652 664 672 689 807 980
6  0 261 267 429 570 607
5  63 129 151 594 656
1  142
67  0 1 4 7 9 10 48 49 51 55 58 66 68 71 73 77 104 117 124 193 198 219 241 261 267 275 283 296 309 311 355 356 376 380 384 394 401 402 412 419 426 435 454 472 482 495 500 550 559 570 571 594 598 652 664 672 681 689 703 780 784 807 854 902 924 980 993
4  155 374 724 803
13  0 1 44 45 100 134 170 418 512 533 605 764 800
5  67 72 463 527 594
11  6 8 50 54 58 71 523 650 672 689 993
18  315 334 370 401 403 422 463 476 527 559 594 652 672 701 745 807 928 993
16  48 82 172 256 394 401 403 429 454 500 594 652 664 678 770 784
11  65 79 115 121 188 228 444 527 598 689 980
3  0 330 942
1  359
3  159 181 201
20  43 65 109 141 190 228 381 390 395 527 550 580 594 598 644 768 784 786 902 908
1  358
9  16 424 444 591 594 664 681 745 747
7  59 424 594 598 633 855 950
47  0 4 14 16 48 56 121 141 149 228 241 251 290 298 310 321 330 370 412 424 436 442 454 463 527 533 561 591 594 598 650 652 664 681 727 736 770 784 794 843 874 887 902 929 950 980 993
4  404 726 897 995
4  262 559 670 980
13  12 28 33 47 53 69 175 221 282 404 448 794 808
15  12 28 33 47 53 96 116 175 182 447 455 689 779 794 995
1  212
8  349 463 466 470 590 594 664 887
1  85
11  189 218 226 240 246 366 415 525 667 748 798
1  45
97  0 2 5 10 16 23 27 32 46 71 78 82 91 95 110 111 114 117 124 125 133 139 140 142 144 152 155 164 167 171 172 179 188 198 217 222 228 231 233 234 241 242 251 255 256 260 262 275 283 309 310 311 318 342 356 360 379 384 394 401 402 403 412 429 435 444 460 462 463 490 495 515 527 533 550 559 561 594 598 633 652 664 672 678 689 692 694 703 736 745 747 807 887 902 924 928 980
8  175 448 689 694 723 794 993 995
6  165 167 260 680 905 968
6  49 51 165 493 678 717
1  252
3  286 652 708
52  0 2 3 5 10 14 26 29 30 36 42 56 72 79 82 85 102 120 165 219 260 262 344 356 370 384 401 403 454 462 463 486 490 527 533 550 559 561 564 569 594 652 681 689 723 736 745 807 818 902 953 980
4  354 594 656 672
24  0 2 5 10 14 16 58 88 251 265 346 379 384 454 460 472 527 550 564 598 672 727 736 980
107  0 1 2 3 5 6 8 10 14 16 24 25 26 29 30 43 61 62 67 71 72 74 82 85 88 91 93 99 102 115 120 121 124 125 140 141 149 164 172 208 217 228 241 251 255 260 263 283 296 310 349 360 369 370 379 384 401 403 422 432 434 444 450 454 460 466 468 470 476 527 533 534 550 561 564 569 590 594 598 612 640 641 650 652 656 664 672 678 689 703 736 745 747 751 784 792 807 818 850 866 879 887 890 892 899 980 993
6  404 478 600 726 808 897
4  35 98 224 672
7  450 463 470 505 590 678 892
2  125 598
42  7 10 35 36 48 71 88 110 119 128 138 144 149 310 316 356 369 379 384 403 425 463 470 472 527 550 564 570 594 598 652 664 672 678 689 736 745 784 807 902 958 980
4  344 475 652 736
54  2 3 4 7 21 30 35 36 37 43 56 71 74 99 102 106 121 125 159 169 228 283 313 369 370 401 403 422 450 463 466 468 472 527 543 556 564 565 566 598 604 652 656 664 672 678 746 782 807 833 892 928 980 994
6  9 95 103 420 689 765
55  0 1 2 5 14 15 34 54 114 147 159 162 203 235 241 245 286 290 306 318 355 356 370 373 380 384 403 429 462 468 470 487 491 506 511 527 550 557 559 564 570 598 603 652 672 678 736 746 770 771 807 833 902 980 993
8  334 422 604 641 652 782 807 980
3  101 886 981
3  469 736 818
13  133 283 401 434 463 479 534 550 664 672 717 807 980
6  64 586 782 784 829 907
6  404 464 808 897 970 988
4  476 534 596 980
3  346 520 564
6  171 233 559 864 980 993
8  4 55 97 429 571 689 735 784
3  36 668 902
3  306 373 867
1  324
14  30 35 72 165 228 241 460 559 570 594 681 745 812 818
11  0 68 120 260 370 472 491 502 527 857 980
3  108 859 918
1  406
13  78 164 276 454 460 533 550 572 633 689 807 902 980
17  151 355 360 384 385 412 472 487 502 527 557 598 746 782 800 929 980
2  87 594
3  165 457 678
1  215
16  66 309 394 412 429 454 527 559 561 570 598 664 784 791 818 870
2  5 265
14  66 89 118 193 235 245 380 672 681 771 776 783 807 907
8  13 137 352 384 407 559 672 980
2  136 681
9  10 14 159 429 435 509 652 678 770
2  196 770
10  0 68 120 487 491 527 557 598 760 929
3  51 137 352
6  246 269 274 613 704 911
3  466 611 678
4  14 472 527 993
2  308 687
2  177 698
2  500 652
28  62 83 87 93 101 113 115 120 138 143 188 208 217 242 283 321 344 384 559 574 590 652 689 745 784 818 850 882
4  472 527 676 771
2  44 431
4  314 408 684 848
1  107
7  0 2 222 356 454 732 759
2  0 832
4  236 370 527 672
3  388 392 677
2  363 678
5  480 564 773 827 980
3  133 807 858
1  339
6  71 133 433 646 672 782
2  0 675
13  66 89 189 218 226 240 246 281 366 415 452 667 798
1  277
126  0 1 2 5 9 10 11 13 14 16 20 21 24 26 27 29 30 35 37 38 43 49 51 56 60 62 66 68 71 79 81 85 99 109 111 120 121 125 138 141 157 165 176 179 180 188 208 215 217 223 228 236 258 260 262 283 290 312 318 342 356 370 379 380 381 384 394 401 403 407 412 422 432 434 436 440 444 454 460 462 463 468 470 472 487 491 495 502 506 511 517 533 543 550 557 558 559 564 570 583 590 594 598 604 644 652 672 678 681 689 692 717 736 745 747 770 782 784 800 801 807 833 866 929 965 980
2  246 704
1  10
12  16 29 30 64 120 138 412 621 664 689 784 924
1  248
5  107 212 409 563 709
48  0 1 5 9 20 45 56 60 81 95 125 134 215 228 268 290 344 360 370 384 412 418 431 444 454 460 463 490 527 550 558 559 583 594 598 604 652 655 672 681 689 736 745 784 800 807 818 902
8  283 463 476 479 550 689 703 980
1  129
10  18 124 251 264 283 558 594 665 672 689
7  263 569 689 692 695 887 902
1  199
1  15
4  83 370 550 892
4  250 357 372 411
2  238 813
41  16 29 30 31 57 61 83 88 102 120 121 128 149 165 176 188 194 208 217 236 237 283 319 356 360 394 403 425 470 527 559 594 598 604 652 661 672 694 745 781 980
2  326 770
1  377
3  308 687 690
3  130 953 980
1  260
4  39 244 784 880
87  0 1 2 3 4 5 7 27 30 43 58 66 70 78 79 81 91 102 110 117 120 125 136 144 165 198 234 243 251 260 262 283 290 311 356 370 376 379 384 399 422 423 425 429 440 454 460 462 463 468 472 476 490 527 533 534 540 558 559 561 564 570 594 598 604 633 652 661 664 672 678 681 689 692 733 736 745 784 800 807 818 854 892 902 958 980 993
6  189 218 226 240 246 415
7  2 6 263 370 633 782 902
3  383 562 980
1  108
1  333
11  11 228 324 370 401 470 564 594 598 604 980
23  0 2 3 5 8 29 120 157 241 286 472 491 502 527 576 590 598 689 736 745 887 902 964
32  1 9 20 95 103 124 135 251 338 344 360 384 527 533 536 550 559 594 604 633 652 672 684 689 736 745 784 800 806 848 959 980
117  0 1 2 3 5 6 7 9 11 14 15 16 17 18 21 23 26 29 30 31 32 35 46 61 62 64 70 71 72 75 76 83 85 94 114 115 120 121 134 142 163 165 171 195 197 203 205 215 228 232 233 241 243 249 250 262 277 283 296 301 305 307 330 356 360 368 370 379 384 401 402 403 406 416 422 425 429 434 446 454 460 472 481 486 495 498 510 527 533 543 550 558 569 574 594 598 624 633 644 652 662 664 672 678 682 689 701 745 770 807 818 887 902 929 980 990 993
2  293 589
31  0 1 2 9 10 94 102 160 223 228 251 260 315 334 444 454 460 463 495 550 569 570 598 664 681 689 784 807 818 826 980
7  45 168 341 383 553 682 980
1  532
40  4 14 101 114 121 165 306 315 346 460 462 463 468 470 472 480 520 527 550 556 569 570 594 598 604 652 656 664 672 681 688 689 692 736 773 784 807 827 850 980
12  0 2 4 5 10 12 69 470 566 594 678 928
7  2 5 26 470 565 594 678
10  0 1 2 7 9 30 35 206 648 664
1  302
32  2 6 8 193 203 235 241 251 263 315 346 406 421 460 463 537 559 561 564 570 590 598 633 652 664 681 689 692 807 887 902 990
43  15 94 194 233 241 251 267 290 309 356 376 379 384 399 412 425 426 429 468 472 486 495 527 550 561 564 569 590 594 598 604 652 664 672 689 736 745 784 807 902 908 958 980
4  429 482 689 735
12  2 5 74 78 276 490 633 689 807 902 980 990
1  292
8  510 559 590 624 652 689 736 993
1  119
5  157 557 689 736 745
2  81 126
5  47 156 697 706 730
3  87 929 998
4  390 440 598 902
2  171 993
6  17 18 625 715 801 815
14  11 60 418 527 533 594 598 655 689 745 784 800 902 980
2  242 635
3  178 610 654
1  477
2  225 788
6  82 262 394 597 672 703
3  293 560 875
19  2 87 120 157 450 463 466 510 527 557 569 570 574 652 678 689 745 807 908
8  442 444 594 664 681 737 784 843
3  327 609 752
2  399 664
141  0 1 2 3 5 9 10 14 15 16 17 18 23 26 30 32 35 36 40 45 48 56 59 63 71 72 74 75 79 85 87 95 102 115 124 125 129 139 140 142 151 163 164 188 194 195 197 205 216 228 233 241 249 251 260 262 264 267 283 290 306 310 311 315 318 338 349 354 355 356 360 370 376 380 385 389 399 401 403 422 423 424 427 429 432 434 435 440 442 443 444 450 454 460 461 463 468 486 492 527 533 536 543 550 556 558 559 564 565 566 570 583 591 598 604 629 633 644 652 653 655 656 664 665 678 681 689 694 736 745 747 784 799 807 833 902 924 928 980 990 993
2  257 745
1  479
1  588
127  0 1 2 5 7 9 10 16 17 18 30 31 40 41 45 48 56 59 75 82 94 120 124 125 128 139 140 142 144 151 165 170 171 176 195 197 198 203 205 228 241 243 250 251 260 262 265 283 290 307 309 311 315 326 338 349 355 356 360 370 372 379 384 389 394 399 401 412 418 424 425 429 436 440 443 444 454 462 463 467 468 470 472 491 495 502 527 533 543 550 556 557 559 561 564 569 570 580 583 594 604 633 652 655 664 672 678 681 689 692 696 703 736 745 782 784 800 807 815 887 902 908 924 929 944 980 993
2  364 719
3  464 726 897
2  186 834
2  325 967
1  472
63  0 1 2 3 5 15 19 20 22 26 29 30 35 50 56 82 83 120 124 126 223 241 251 257 262 283 356 422 470 473 527 533 543 550 556 558 564 570 594 598 633 638 641 652 656 661 664 672 678 681 689 692 736 740 745 747 782 807 887 902 924 929 980
6  45 215 431 642 764 884
2  28 852
2  267 426
1  18
2  592 752
4  178 585 654 932
2  505 678
2  463 745
4  269 274 504 761
3  158 813 823
3  200 895 921
1  374
2  376 423
1  124
2  159 664
1  33
2  530 664
3  422 652 807
8  0 10 14 16 354 822 887 952
2  559 574
7  2 15 17 18 582 715 801
2  161 846
4  343 345 923 977
6  10 85 196 356 652 980
4  594 689 878 993
6  245 652 672 785 907 972
2  281 790
2  309 394
51  0 1 2 4 5 6 9 14 16 55 58 59 95 102 163 228 233 263 276 283 290 356 443 454 490 550 552 558 559 569 572 594 598 604 652 664 672 678 689 703 736 745 747 782 807 854 887 902 903 929 980
2  145 326
2  242 584
2  124 871
1  269
20  0 2 3 4 6 31 58 91 93 104 203 283 402 403 604 641 652 678 745 980
1  252
2  463 792
14  334 370 403 422 463 473 604 638 652 745 751 763 807 980
2  605 831
3  9 160 662
13  0 5 72 74 109 114 440 527 559 594 652 655 784
7  118 122 178 297 756 778 783
3  523 672 782
2  218 651
5  0 30 206 567 703
5  210 248 266 805 891
9  58 142 296 370 433 444 463 672 993
1  647
137  0 1 2 3 5 7 9 11 14 16 17 26 29 30 32 35 46 50 62 64 72 80 83 85 88 99 102 111 114 115 121 123 125 129 138 151 155 163 188 194 203 208 228 233 235 241 242 243 245 262 264 265 275 283 286 315 318 344 353 355 356 360 370 374 380 384 385 401 402 403 412 421 422 425 429 434 435 444 454 459 460 463 468 469 470 472 473 500 509 510 527 533 543 550 558 559 564 569 570 574 590 594 598 604 622 628 630 633 638 641 644 655 656 664 672 678 681 689 701 703 717 736 745 747 782 784 794 800 807 815 833 846 854 902 907 924 980
3  594 664 681
8  89 118 122 178 585 610 932 934
21  23 64 67 72 207 533 583 594 598 644 652 656 681 689 736 745 784 794 833 902 980
29  14 59 63 149 151 241 251 313 401 412 424 427 461 463 470 564 594 604 652 655 672 681 736 745 784 794 826 833 994
3  345 923 977
1  414
2  18 302
9  5 10 14 16 159 265 727 736 980
10  29 165 356 543 550 604 672 736 745 807
8  0 9 21 35 160 403 559 643
1  368
100  0 1 2 3 4 9 14 16 17 18 23 24 25 29 30 35 56 59 66 68 91 102 114 120 138 149 151 155 159 162 165 232 283 290 296 309 310 334 349 356 365 369 370 379 384 399 401 403 412 424 425 429 435 442 444 450 454 463 468 470 476 495 530 550 559 561 564 567 569 570 591 593 594 598 604 619 621 633 652 653 672 678 681 689 692 707 715 717 736 745 747 784 794 807 815 826 887 908 924 980
4  536 594 747 772
7  5 14 61 88 110 144 745
3  452 525 748
11  0 2 7 8 21 36 91 125 483 876 902
3  263 378 693
4  446 777 974 980
2  64 782
129  0 1 2 6 14 15 16 17 18 21 24 34 35 37 38 54 58 71 75 82 85 87 88 98 101 104 110 124 128 133 137 138 142 147 149 155 159 162 163 172 193 203 224 233 236 241 242 245 251 258 262 264 283 286 309 311 315 334 356 370 379 382 384 385 389 394 401 402 403 419 421 422 425 429 433 434 454 461 462 463 465 468 470 472 476 497 498 517 523 527 533 536 543 550 558 559 564 570 588 598 604 630 633 646 650 652 656 661 664 678 681 689 703 736 745 747 782 784 807 818 821 826 870 887 902 907 924 929 980
1  15
2  129 741
1  524
2  511 742
6  388 392 518 809 945 992
99  0 1 2 3 4 5 6 7 10 12 14 16 21 26 30 34 37 41 47 58 62 69 70 71 79 85 91 92 93 94 101 102 120 124 138 142 147 165 167 172 176 203 206 217 228 232 241 260 313 315 330 355 363 384 401 403 435 454 457 463 466 468 470 472 493 500 505 519 527 550 559 565 566 590 594 598 604 611 633 638 652 664 672 681 689 701 717 736 745 771 782 784 794 807 818 833 879 902 980
7  0 48 49 51 137 275 929
7  0 165 167 260 456 722 980
66  1 9 10 54 66 95 105 136 147 235 251 260 275 277 290 298 301 307 318 335 356 370 379 380 401 421 422 424 429 442 444 460 486 497 499 527 533 550 561 564 569 591 594 598 604 652 653 655 656 664 672 678 689 692 736 745 747 784 807 813 818 843 866 902 907 980
12  168 173 383 401 559 562 747 782 826 842 907 980
2  385 966
8  135 314 408 513 558 689 745 848
1  408
4  290 315 318 745
5  99 308 507 546 924
2  564 784
179  0 1 2 3 4 5 6 9 12 17 18 21 23 26 27 28 29 30 32 33 46 48 49 50 51 56 62 64 67 70 71 72 73 74 75 76 77 78 79 82 83 90 91 95 96 105 115 116 121 124 135 138 142 157 164 165 172 176 179 188 193 195 197 198 199 200 203 205 207 217 220 228 233 235 241 243 251 258 260 261 262 276 277 278 283 301 307 309 311 314 315 336 337 346 349 355 356 370 379 384 389 399 401 408 412 420 425 429 433 436 448 454 455 460 463 468 471 482 490 510 527 530 533 534 536 537 550 557 558 559 561 564 569 570 571 572 574 576 583 590 594 598 604 629 633 652 655 664 672 678 681 684 692 694 703 715 717 723 735 736 745 747 765 771 784 794 800 807 833 844 848 870 871 879 887 902 929 980 993
1  546
1  32
42  0 2 5 6 7 21 54 58 70 78 83 91 125 128 203 241 421 454 527 537 550 564 569 598 604 664 681 689 694 736 745 747 771 784 800 807 833 844 866 902 929 980
3  263 669 902
32  0 2 7 24 30 95 102 103 125 151 164 176 227 228 236 315 356 370 403 420 454 455 543 594 689 692 723 736 745 794 800 980
6  263 378 537 849 887 902
6  10 14 265 275 307 598
4  156 343 396 578
2  177 508
1  218
2  123 185
9  309 394 401 402 434 559 652 678 784
2  230 900
41  0 24 29 30 37 38 55 71 120 121 133 167 198 217 233 255 311 349 394 401 419 429 454 463 534 588 598 633 648 652 672 689 728 736 745 747 807 879 902 924 980
5  189 246 415 504 528
2  49 717
1  578
4  664 826 887 980
1  459
3  409 532 810
4  43 215 290 980
1  324
4  1 191 192 800
2  60 949
1  386
22  15 17 23 30 32 46 75 76 142 195 234 356 370 582 625 664 689 735 767 784 879 993
4  218 246 269 937
31  48 49 51 52 73 77 124 142 164 165 208 220 256 283 342 379 384 401 403 457 476 527 652 664 678 689 705 826 833 860 980
1  383
2  599 922
2  327 377
2  127 943
1  680
10  5 30 72 79 455 460 689 694 980 995
2  430 803
2  248 931
6  404 445 464 600 897 995
11  14 16 251 265 271 444 462 660 774 784 980
17  0 2 15 24 31 50 54 56 62 71 83 120 416 703 736 745 902
9  20 60 81 84 126 223 292 745 990
2  156 578
2  28 779
1  515
1  550
1  264
5  482 571 689 715 935
105  0 1 2 3 5 6 7 10 12 13 14 16 27 34 35 47 58 59 79 83 91 94 102 114 116 120 128 147 149 159 176 179 180 228 233 251 255 260 265 290 306 311 312 313 316 344 349 356 360 376 384 407 412 416 444 454 460 462 463 468 469 472 475 527 533 550 557 558 564 570 574 576 594 598 604 633 652 655 656 660 661 664 672 678 681 689 692 694 703 728 745 747 782 784 794 800 807 818 826 860 887 902 929 980 993
1  591
4  309 870 906 997
2  164 283
4  22 93 604 745
2  674 985
1  676
1  225
1  193
118  1 2 3 5 7 9 10 11 20 22 23 24 25 30 50 60 79 81 82 83 84 110 120 126 144 155 157 165 179 198 222 223 228 241 242 251 255 257 260 262 292 304 309 318 336 342 344 360 362 370 374 384 394 401 403 412 434 442 454 460 463 468 486 510 527 533 543 550 557 558 559 570 576 583 590 594 595 598 604 612 633 638 641 652 655 656 661 664 666 672 678 681 684 686 689 692 694 703 728 729 736 740 747 751 763 782 784 794 800 807 850 879 883 887 929 980 990 993
12  147 239 313 359 470 472 491 782 929 976 980 994
44  0 68 71 85 87 88 95 110 136 216 228 236 255 284 311 384 401 442 454 463 527 594 604 633 652 664 665 672 681 682 689 692 703 736 745 751 763 782 784 800 807 826 929 980
2  452 667
2  21 933
1  416
10  283 463 641 745 747 763 782 784 807 879
2  592 609
3  353 410 847
4  284 818 929 982
3  153 260 360
2  178 645
1  297
3  189 218 226
1  515
1  502
1  613
2  161 846
6  641 745 747 751 782 784
2  431 605
3  103 471 689
2  32 46
4  46 283 715 894
3  440 786 902
5  200 347 350 895 987
51  0 2 3 5 7 10 14 15 16 17 18 19 32 54 67 72 76 82 88 102 115 120 124 141 149 155 157 159 196 215 227 233 241 301 326 356 379 403 435 444 472 500 501 527 544 559 784 801 887 902 993
16  58 66 235 241 380 403 472 497 511 678 689 692 784 807 833 980
1  665
7  114 231 520 564 827 917 980
1  727
2  90 817
5  66 118 122 297 497
1  670
1  645
5  28 221 448 731 794
2  48 429
1  543
61  0 1 2 3 6 7 16 27 30 37 43 45 56 64 71 72 74 101 106 115 120 121 157 179 262 263 344 370 381 422 470 473 477 491 523 527 552 598 604 633 646 652 671 672 678 682 736 745 746 747 751 763 784 807 829 842 902 907 929 980 993
6  89 118 193 235 497 645
79  0 3 5 30 39 45 46 60 64 66 67 72 79 109 114 134 147 149 234 244 309 316 344 399 403 412 429 435 440 444 463 468 477 482 495 510 527 530 533 549 550 558 561 564 570 583 591 594 598 644 652 655 656 664 672 678 681 688 689 692 701 715 727 736 745 747 751 763 770 771 782 800 806 807 833 902 907 980 993
7  235 245 380 630 854 866 907
6  190 287 440 768 840 902
1  332
2  225 587
3  96 116 337
2  281 631
1  495
2  463 640
2  103 846
22  53 83 115 149 444 447 448 455 652 655 656 664 678 689 694 736 745 779 800 860 980 993
1  175
1  223
2  48 961
3  246 452 525
13  0 43 160 165 219 258 275 283 290 318 384 594 887
38  1 9 20 44 95 134 136 170 191 192 217 254 285 290 344 418 431 491 527 533 550 558 583 598 652 689 692 694 712 736 745 747 784 794 807 860 980 993
11  0 2 6 15 31 203 403 527 582 625 770
2  31 980
2  430 724
1  42
4  210 266 387 649
8  341 344 405 558 784 807 833 902
125  0 1 2 3 4 5 7 8 10 11 13 14 16 18 20 26 27 29 30 34 43 48 50 55 56 57 58 66 74 78 81 82 84 91 94 101 102 114 120 121 124 126 133 138 142 164 165 176 179 194 205 217 251 276 283 296 310 332 356 369 381 390 422 425 429 434 454 460 463 468 470 472 473 476 490 497 521 527 533 550 559 561 564 569 570 572 590 594 598 604 622 633 641 652 661 664 672 678 681 689 692 703 736 745 747 751 771 782 784 800 806 826 833 840 866 887 890 902 924 929 958 980 990 991 993
5  404 447 464 478 897
2  677 992
1  709
1  131
1  486
10  30 72 79 158 238 422 542 614 681 856
2  48 927
7  17 18 23 582 598 652 664
1  46
1  775
53  0 1 2 9 13 24 35 38 49 85 87 95 105 121 125 134 136 153 228 236 251 252 260 283 284 298 334 344 370 384 412 460 463 475 486 495 510 533 550 559 561 672 678 681 736 754 866 882 889 902 929 953 980
1  423
2  176 356
1  672
2  623 887
4  158 614 856 893
7  2 6 55 58 66 401 928
2  169 210
17  10 296 305 368 384 561 656 664 672 682 707 717 736 747 807 902 993
3  520 564 773
2  237 319
3  477 782 907
1  241
1  642
1  516
33  0 2 5 14 59 181 239 275 290 313 318 370 380 403 421 470 472 527 594 652 655 656 678 689 692 717 771 784 806 807 902 980 990
3  186 601 939
3  47 291 947
2  2 5
1  223
1  306
1  324
13  13 23 102 109 164 172 190 287 381 390 786 807 991
2  238 983
4  71 682 782 907
3  444 591 681
11  0 13 24 38 70 71 133 689 692 870 929
1  242
13  45 95 100 103 125 161 229 626 652 762 793 928 980
2  353 753
5  408 513 558 684 689
2  695 902
14  2 3 93 113 165 463 510 564 745 866 879 887 980 990
2  203 232
1  606
1  285
10  66 235 245 419 429 550 633 652 785 902
1  443
5  158 813 823 893 912
1  487
2  521 926
2  488 918
11  0 5 49 114 249 379 717 736 794 800 929
1  2
3  388 392 984
1  219
7  2 15 52 171 481 980 993
3  119 294 958
29  0 2 3 4 5 7 11 29 30 55 62 121 286 306 380 401 463 527 681 692 785 807 818 850 882 887 890 907 980
1  484
1  96
2  350 393
11  0 66 82 309 311 394 495 672 689 738 844
4  124 636 689 929
1  0
1  371
1  444
3  289 293 589
1  668
2  403 999
2  629 993
17  2 3 70 92 93 165 225 463 678 689 703 715 745 751 850 887 993
1  549
1  79
10  1 9 35 87 344 510 818 866 890 953
1  745
1  605
1  391
3  101 474 981
62  0 1 2 6 7 10 11 14 30 62 70 82 85 91 138 165 227 236 241 251 260 263 283 315 318 334 336 354 356 378 401 403 444 450 454 463 537 557 559 569 598 604 623 633 664 672 689 695 707 736 745 770 799 807 822 850 866 879 902 908 980 993
1  267
9  0 24 29 42 44 125 155 228 818
7  84 463 807 866 882 980 990
1  649
6  370 463 466 470 540 550
3  823 856 912
1  767
7  200 220 347 615 769 921 987
2  19 413
8  404 445 464 478 600 726 808 970
2  306 312
3  91 101 463
2  230 702
1  51
125  0 1 2 5 9 10 14 16 24 30 34 35 36 37 56 64 72 78 79 83 91 102 110 111 115 119 120 127 138 143 159 164 165 176 179 181 208 215 217 228 235 236 245 251 256 258 262 263 264 276 278 286 290 296 305 306 313 315 318 342 344 368 370 373 378 384 401 419 429 440 444 454 460 468 472 483 490 533 537 550 552 557 559 569 570 572 580 583 594 598 604 633 652 655 668 672 678 681 689 692 693 695 703 728 736 768 770 782 784 786 806 807 818 826 833 849 854 887 907 908 953 958 980 990 993
1  633
1  384
1  456
1  738
21  64 74 235 380 477 497 630 652 672 681 682 782 784 785 829 842 866 902 980 990 993
12  1 120 251 395 440 570 590 598 664 887 902 980
1  398
2  16 34
1  504
2  856 893
1  203
1  86
2  390 395
1  111
2  773 980
2  488 859
2  105 112
2  165 969
3  347 615 895
1  719
4  345 627 657 977
51  1 2 3 4 5 7 9 13 15 24 26 29 30 34 58 71 85 87 95 99 105 121 136 215 219 228 242 260 283 290 330 341 344 355 379 401 405 429 454 530 594 598 604 652 664 672 687 703 807 928 980
1  115
1  858
2  48 814
39  0 2 3 4 5 7 10 14 17 18 23 30 45 52 55 58 102 121 171 176 205 228 296 334 370 380 401 403 422 434 454 470 565 594 824 846 924 980 993
59  0 1 2 3 6 7 9 11 14 20 26 35 45 48 49 55 68 85 87 120 125 135 144 184 187 205 223 241 263 284 292 356 384 444 491 502 527 559 579 598 604 633 672 679 689 692 736 745 746 747 754 782 807 818 844 860 871 953 980
1  283
2  248 725
2  610 654
1  749
1  654
1  735
1  87
1  716
1  61
3  186 403 834
1  151
2  72 993
1  437
1  721
1  598
2  388 677
2  63 978
1  835
2  166 183
3  60 713 980
5  16 59 424 443 444
1  156
1  623
10  14 16 130 460 547 818 882 902 929 980
5  24 30 37 71 115
1  371
2  210 248
6  0 1 45 168 260 980
10  36 119 138 294 468 550 570 807 865 902
2  338 558
1  289
1  797
3  133 311 394
1  372
3  120 124 557
1  527
1  683
2  325 602
2  165 456
1  920
2  478 897
1  218
2  630 979
1  196
2  670 980
2  20 214
3  313 746 980
4  345 627 657 923
1  946
1  972
217  0 1 2 3 4 5 6 7 9 10 11 13 14 15 16 17 20 21 22 23 24 26 30 31 34 35 36 42 43 45 48 49 50 51 55 56 58 60 64 68 70 71 72 74 76 78 79 80 83 84 85 88 91 94 95 99 100 102 114 115 120 121 124 125 128 134 136 137 138 140 142 146 149 159 164 165 168 171 173 176 195 196 205 208 215 223 228 231 233 241 243 251 260 262 265 268 271 283 290 306 310 311 323 341 342 344 352 355 356 369 370 383 384 389 394 399 401 403 407 418 422 425 429 436 444 446 454 460 462 463 468 470 472 473 476 479 481 487 490 491 498 520 527 534 543 547 550 553 556 558 559 561 562 564 570 572 583 594 598 604 628 633 638 641 652 655 660 664 670 672 678 680 681 682 689 692 694 703 707 710 717 723 727 736 745 746 747 771 773 782 784 794 800 802 807 818 833 846 850 864 866 887 890 902 907 908 917 924 928 929 949 953 957 974 976 990 993
2  474 886
1  754
1  841
1  862
1  741
1  334
4  347 350 769 895
3  282 404 478
1  243
29  5 7 14 21 35 56 84 126 143 203 223 276 292 307 406 559 569 572 594 729 745 807 833 850 890 902 907 980 993
7  0 13 24 287 384 807 840
2  677 809
78  0 1 2 3 14 15 17 18 23 30 31 32 43 46 52 55 64 67 72 74 82 99 124 142 164 171 195 233 234 283 296 305 310 312 315 356 368 370 401 422 429 433 434 444 455 463 472 481 506 550 559 574 581 594 598 629 650 689 715 736 745 770 782 784 794 800 807 826 864 878 879 887 902 907 928 941 980 990
3  470 656 746
8  79 175 404 445 448 455 723 726
2  6 263
2  309 738
1  579
1  877
