1000
121  1 2 3 5 6 9 13 14 20 23 24 36 44 46 57 58 67 68 69 83 86 96 98 99 100 113 118 125 130 137 150 160 170 186 193 197 201 210 217 221 226 227 231 251 257 262 276 283 289 296 297 306 308 313 317 324 330 333 336 364 372 374 378 389 403 441 462 474 494 500 517 522 527 539 558 563 564 574 592 595 607 622 623 628 636 647 649 679 688 709 710 713 721 724 725 727 747 757 763 764 768 785 787 788 801 834 837 838 840 847 851 862 881 894 900 902 915 928 960 965 977
95  0 2 3 6 13 14 20 23 26 36 44 45 46 57 67 69 81 89 96 118 122 125 130 158 178 186 201 210 231 238 251 257 276 284 296 297 306 307 313 317 318 324 336 337 364 372 374 378 402 403 441 449 462 494 500 511 522 554 558 564 574 592 616 622 623 647 649 679 688 713 721 724 747 750 751 757 758 763 767 768 785 787 788 789 801 840 851 862 881 894 900 915 920 928 965
66  0 1 4 6 7 23 36 44 57 69 79 125 131 150 161 164 178 201 221 224 226 231 238 248 257 276 297 307 313 317 364 378 517 522 536 563 564 592 622 636 649 679 688 709 713 714 721 723 747 750 757 768 787 788 789 790 837 840 847 851 858 862 881 894 900 915
81  0 1 8 11 13 17 18 20 23 25 43 44 57 67 69 89 96 97 99 108 125 149 159 170 178 184 186 197 221 251 276 303 308 313 314 317 327 330 336 337 364 374 378 403 428 441 449 474 517 522 539 540 558 574 606 616 623 649 688 697 709 713 721 747 757 758 764 767 768 801 808 834 840 851 862 872 881 894 900 902 915
31  2 33 44 47 59 69 117 184 231 257 276 297 313 317 364 378 434 474 547 622 623 630 688 721 747 757 840 862 894 900 915
34  0 13 42 46 49 57 96 99 100 201 257 306 333 378 379 403 474 522 564 595 639 649 696 709 721 747 788 840 841 881 890 894 915 960
38  0 1 2 16 36 44 67 69 95 150 201 231 257 276 306 308 313 336 522 552 564 592 595 622 649 679 721 725 747 763 768 801 837 847 851 862 894 933
28  2 10 79 133 142 145 154 161 168 248 297 307 317 364 401 433 564 623 688 713 721 757 761 789 847 858 862 974
68  3 12 17 20 25 29 31 44 62 67 69 88 97 99 101 119 136 149 184 185 196 202 224 257 261 276 297 306 308 314 327 330 336 364 378 403 441 449 474 511 517 539 540 574 616 622 623 649 688 697 709 713 721 736 747 757 758 801 808 840 847 848 862 881 894 900 915 942
53  0 14 24 38 46 58 68 116 118 137 186 193 201 210 220 227 251 257 276 306 308 317 336 364 378 392 403 441 474 522 527 563 564 622 623 639 674 679 688 721 724 768 785 787 788 808 837 840 847 862 894 960 965
36  7 34 73 82 104 110 133 142 154 161 164 168 245 297 307 312 317 342 364 428 511 522 564 623 626 649 688 713 757 789 790 840 847 862 919 974
35  3 13 18 28 42 43 69 96 99 112 184 186 201 213 251 276 306 316 317 337 382 428 474 517 522 558 565 649 702 747 757 767 808 840 915
63  8 17 19 25 31 40 44 53 62 86 97 99 119 136 179 184 185 196 202 224 232 251 276 306 308 313 314 317 320 327 330 336 364 378 441 449 511 517 539 540 553 574 623 688 706 709 713 721 736 747 757 758 764 801 808 840 844 847 862 881 900 915 920
29  0 1 3 5 11 42 57 96 99 160 184 196 201 231 275 306 382 474 517 522 558 607 622 649 721 840 881 915 965
66  0 1 9 15 26 45 46 52 58 63 113 115 118 125 160 186 193 201 210 224 231 257 276 294 306 313 317 336 354 364 372 378 402 441 449 511 517 558 564 565 622 674 679 709 721 724 736 747 757 758 767 768 785 788 790 794 808 819 840 862 872 873 881 894 900 965
42  14 26 45 57 69 118 125 186 210 224 227 231 257 297 306 313 364 369 378 402 403 420 449 462 492 511 517 548 564 649 688 704 709 721 724 790 794 801 840 862 881 900
23  6 30 32 44 61 125 225 251 460 462 552 558 564 595 622 663 734 747 801 862 879 909 917
57  3 8 12 19 21 25 27 31 40 44 53 65 67 69 77 90 99 149 178 179 184 202 221 270 272 297 308 314 322 327 330 336 364 378 441 449 480 517 522 539 574 582 623 639 649 688 709 721 747 757 758 761 767 840 894 900 915
15  3 11 96 126 184 197 303 474 522 540 764 767 840 915 978
50  12 17 25 31 40 44 56 62 78 99 136 138 153 184 196 212 224 251 255 272 281 308 314 317 327 330 357 364 378 441 479 511 517 539 560 623 688 709 721 757 758 792 840 848 881 882 894 915 965 987
33  0 1 3 8 25 44 86 97 99 118 202 238 276 308 313 330 364 378 441 517 522 539 558 622 688 709 721 840 872 894 915 920 965
17  17 22 27 40 53 55 120 221 308 336 455 623 688 713 757 773 801
10  21 27 221 330 455 516 623 713 757 858
27  0 1 2 3 57 67 69 105 201 221 231 276 297 378 385 513 623 649 714 757 778 801 811 840 862 894 915
34  0 9 46 68 103 116 118 137 186 226 227 243 257 297 308 522 527 563 564 577 622 679 688 715 721 757 758 768 787 789 840 851 881 894
46  3 8 12 17 19 20 31 44 53 56 86 89 97 99 136 184 185 212 224 238 284 306 308 313 330 364 378 407 441 474 479 517 527 539 622 688 709 721 758 862 881 915 920 949 965 987
52  1 14 15 36 45 46 57 58 69 81 105 118 125 160 186 201 208 210 227 231 257 276 283 306 311 313 330 336 378 402 403 441 449 462 471 540 564 592 626 636 649 688 721 757 788 790 840 862 894 900 915 928
18  17 21 22 35 39 90 120 129 221 297 322 330 362 559 582 713 757 761
22  11 42 72 99 194 201 213 247 250 251 276 316 317 341 347 403 441 517 565 721 810 840
14  8 149 165 202 209 251 317 517 595 709 840 848 881 942
3  16 32 734
22  8 12 17 19 25 40 44 53 138 179 184 196 212 308 330 336 449 517 688 721 758 900
5  16 30 214 569 909
22  4 37 44 55 59 60 117 171 240 330 434 455 466 507 525 623 688 721 757 801 884 900
14  10 41 82 94 133 154 164 297 307 564 631 688 713 840
3  27 64 668
41  0 1 2 6 26 44 46 57 59 69 97 99 113 178 201 231 236 238 257 276 306 313 330 336 479 517 558 563 623 649 688 698 727 750 757 787 862 881 915 960 965
5  33 55 171 434 757
14  9 50 68 116 227 251 257 276 435 594 721 739 837 862
3  27 54 582
22  12 17 19 21 31 44 53 70 84 179 308 313 329 336 371 574 623 713 721 758 789 801
8  34 148 204 297 340 510 631 840
22  5 11 13 28 69 75 99 100 201 257 306 317 333 341 382 517 522 564 721 862 909 960
31  3 11 51 69 71 108 184 186 200 227 257 276 313 314 317 320 336 378 403 511 517 575 618 622 688 721 747 764 808 829 881
70  0 1 2 3 4 6 8 12 16 17 19 20 25 31 33 36 40 46 47 53 55 57 59 61 69 97 99 125 140 146 161 178 179 184 201 225 231 251 257 276 283 297 308 313 330 336 364 378 462 558 564 565 592 622 623 631 648 688 713 721 747 763 789 790 801 840 847 894 900 920
34  1 14 15 26 46 48 57 76 118 125 160 180 210 227 257 276 297 306 317 364 369 378 449 452 564 565 622 628 649 721 840 865 894 915
57  0 1 5 9 14 24 26 36 44 45 47 55 57 59 81 99 113 125 130 178 186 201 210 225 227 231 251 257 276 297 313 336 364 372 378 403 522 558 564 574 601 623 628 649 679 713 721 727 763 764 801 840 862 894 915 928 968
21  4 44 46 161 184 186 225 231 251 257 297 313 364 517 522 564 622 747 757 840 862
8  45 162 300 369 378 720 895 915
2  5 696
14  38 68 186 227 243 257 276 308 364 688 837 871 894 978
19  43 69 71 108 200 210 227 233 239 276 317 336 471 558 688 747 764 808 968
8  14 118 224 306 704 721 794 881
21  12 17 21 25 31 40 44 55 59 111 159 171 179 308 466 558 601 623 649 688 838
2  39 464
26  21 33 37 44 46 53 57 69 121 125 144 171 179 186 378 434 564 601 623 688 757 773 790 838 840 900
19  19 25 62 91 136 184 212 224 306 330 357 364 479 517 713 881 915 958 987
61  0 1 2 3 5 13 15 23 26 36 44 45 46 55 69 81 89 99 125 151 160 174 178 184 186 210 231 260 276 290 291 296 306 330 331 364 369 374 403 494 517 554 563 564 583 606 623 649 709 721 724 747 758 761 790 801 840 862 881 894 965
42  0 9 14 26 63 93 113 118 125 186 188 193 201 210 217 227 247 251 257 276 291 306 317 330 336 403 517 564 622 713 721 757 785 787 788 790 800 840 881 894 900 960
32  4 33 36 44 46 53 61 81 99 111 122 146 159 184 186 201 225 231 251 297 306 378 431 558 564 623 688 721 724 747 801 840
6  33 240 491 495 502 623
20  16 44 59 81 122 146 178 184 225 251 374 378 403 540 558 724 747 750 763 920
34  8 12 19 56 99 101 119 136 184 196 224 306 314 320 330 364 368 378 386 403 511 540 560 623 649 688 709 713 721 768 862 881 902 915
18  14 58 66 80 113 118 125 201 206 276 297 306 367 622 721 790 840 848
3  35 182 346
7  17 198 230 270 582 602 923
8  63 80 113 125 201 206 334 622
30  0 1 3 6 8 17 23 69 90 149 170 178 183 201 217 231 258 276 317 330 336 378 522 558 622 623 649 721 747 900
31  0 9 24 38 50 83 103 118 123 137 186 227 231 257 287 308 403 522 527 577 639 673 688 721 800 866 894 897 913 948 955
64  0 1 2 3 4 6 8 11 15 17 23 26 36 42 43 44 51 55 57 67 71 81 97 105 108 125 139 159 186 201 210 226 227 251 257 276 297 306 313 317 330 341 364 378 403 462 517 522 558 622 639 649 688 747 764 767 788 790 808 837 862 894 900 920
1  40
26  43 51 69 87 92 107 108 186 227 251 257 276 304 311 317 372 489 688 747 764 790 801 808 826 894 902
11  28 201 250 251 276 316 317 334 608 691 845
31  10 74 104 110 133 142 154 161 164 168 245 248 292 297 307 312 317 338 342 364 403 511 522 536 564 649 688 713 789 847 974
23  73 133 154 161 164 168 283 292 297 317 338 511 517 522 536 585 688 723 789 826 862 974 988
10  42 135 257 277 306 317 341 382 422 958
9  45 125 152 155 339 398 449 452 915
5  17 85 449 574 900
7  19 153 255 281 688 882 894
20  2 7 133 145 161 168 297 317 501 564 623 688 713 721 761 789 840 847 862 902
10  63 66 113 125 201 247 251 317 840 960
35  1 26 46 57 59 61 69 99 105 122 125 159 178 186 210 231 283 290 330 336 374 403 441 554 558 563 689 724 747 757 764 862 900 928 994
13  10 34 109 133 147 268 297 307 688 713 721 789 840
21  0 68 102 118 191 246 257 306 369 394 403 527 571 587 608 613 800 868 892 900 915
4  40 701 755 869
7  77 404 421 443 542 700 959
31  0 12 20 25 97 99 139 185 202 210 215 251 276 283 306 313 330 336 378 409 511 517 539 558 688 713 721 757 872 915 920
14  71 107 227 251 276 317 474 489 651 688 788 840 894 915
7  8 99 252 256 563 622 747
38  1 3 25 57 122 125 172 178 184 260 290 296 297 308 313 330 364 374 402 441 448 494 511 522 539 563 564 583 592 606 688 709 721 724 819 881 920 978
9  17 27 67 149 178 201 276 378 747
13  56 127 136 184 212 224 251 306 475 688 764 848 862
21  71 107 177 227 251 257 276 280 304 317 372 450 492 629 688 709 721 747 826 851 894
17  58 113 118 210 224 229 306 330 378 527 625 713 785 790 840 862 949
3  34 349 940
9  6 150 156 276 564 592 679 796 837
20  0 1 3 5 11 13 18 99 128 132 184 241 522 540 558 564 627 721 750 764
32  3 8 12 20 25 36 44 69 86 99 139 185 186 202 210 225 251 257 276 283 306 313 330 441 558 563 611 688 718 750 851 965
3  0 181 363
76  0 3 5 8 11 12 13 17 19 20 25 28 36 42 44 46 57 59 62 81 86 88 96 97 106 114 119 125 130 132 136 139 146 159 178 184 185 197 201 210 225 251 257 276 283 297 306 317 330 336 378 397 403 441 517 522 540 558 563 564 595 640 688 721 747 757 758 764 788 790 801 829 840 862 915 920
15  0 5 42 257 306 333 364 378 403 474 522 527 564 595 622
10  8 62 119 184 244 578 709 721 764 881
14  83 263 445 527 571 587 608 613 676 767 768 862 892 900
28  24 68 116 118 123 137 176 187 210 226 227 251 257 276 283 297 308 403 522 577 645 679 688 721 724 800 855 894
24  10 73 110 133 142 164 167 168 297 342 364 379 387 522 564 606 688 782 787 789 840 847 894 960
12  23 26 69 81 125 159 186 297 313 378 558 757
23  99 125 136 178 184 210 224 225 251 297 306 317 330 369 474 517 558 564 747 763 790 882 965
16  71 87 92 227 251 276 313 336 474 527 532 688 747 847 933 990
18  3 43 51 69 71 184 186 227 239 276 336 364 558 747 764 788 808 970
8  82 133 189 297 308 564 688 789
24  10 73 104 133 142 154 163 164 168 245 248 267 317 342 364 428 522 564 649 688 713 758 789 801
4  53 59 223 378
3  11 316 840
34  0 14 36 46 58 63 66 80 93 118 125 201 210 224 229 251 283 297 306 317 330 334 378 391 490 517 563 622 713 757 787 840 900 915
6  99 124 201 283 517 595
5  14 125 257 851 872
16  9 24 38 103 227 403 425 483 522 552 622 679 737 738 847 886
17  4 33 141 184 244 251 297 364 463 515 614 688 721 747 757 788 894
53  0 1 9 14 15 20 24 26 45 52 58 63 68 83 93 103 113 123 125 160 193 201 210 224 227 251 257 276 283 291 297 306 308 369 378 394 397 402 403 471 479 497 563 641 688 704 715 721 724 794 800 894 915
19  8 12 62 99 101 136 184 196 244 265 306 364 441 449 461 540 659 783 859
9  21 27 195 298 582 584 757 762 813
3  55 171 434
17  1 59 61 81 89 125 178 297 308 374 403 522 558 763 790 862 873
14  68 103 118 125 178 308 328 356 403 558 688 894 902 955
9  114 166 201 231 283 332 638 742 878
77  0 1 2 3 14 15 16 26 44 45 46 55 57 58 63 66 69 76 80 81 89 99 105 106 113 115 118 122 123 136 172 178 185 186 201 210 224 225 231 251 257 276 297 306 317 330 364 369 378 397 398 403 441 517 539 558 564 586 649 679 688 709 721 727 736 747 763 767 790 801 840 851 862 872 881 894 915
6  18 197 403 474 840 872
12  91 184 212 224 251 306 330 475 477 484 657 862
6  96 393 424 505 627 693
6  27 134 143 735 757 761
22  0 1 46 99 173 201 210 283 297 301 317 336 372 378 551 565 626 747 768 790 801 873
4  2 563 688 747
8  96 99 184 196 297 534 730 764
33  7 10 34 73 74 79 82 104 109 110 142 145 154 161 164 167 168 283 297 307 317 379 428 515 522 564 688 713 721 787 789 826 887
4  129 440 735 761
1  75
35  8 12 19 25 56 62 91 99 106 119 125 178 184 196 224 251 297 313 317 320 330 336 364 378 474 517 521 522 688 709 721 764 808 848 915
17  0 9 24 68 103 187 210 257 276 315 573 621 673 678 688 894 921
8  19 31 207 259 364 758 759 801
29  69 86 97 99 185 186 202 210 219 227 234 251 257 283 306 308 330 336 403 474 522 552 558 623 639 757 767 790 847
8  44 184 225 283 429 622 894 900
7  117 157 218 244 364 847 894
26  7 10 73 104 110 133 154 163 164 168 199 245 248 317 338 384 428 522 564 649 688 789 799 974 992 996
6  129 735 757 856 888 903
7  55 358 562 600 601 635 757
15  7 79 133 154 161 164 168 297 317 522 564 789 809 826 963
17  44 59 61 99 184 225 297 374 418 431 558 564 643 721 747 840 973
9  82 268 297 361 688 713 840 894 915
6  41 203 204 297 510 631
21  3 8 17 29 67 90 178 190 276 283 317 319 330 378 488 517 709 747 840 900 920
16  0 2 6 95 156 216 276 289 481 564 592 679 688 710 793 952
5  57 211 331 729 860
5  76 155 398 586 675
11  19 78 255 281 517 688 721 792 882 894 965
25  7 10 34 73 74 110 133 142 145 161 163 164 168 228 297 317 338 342 511 522 564 688 713 776 789
4  76 152 398 586
10  95 150 216 271 289 375 481 564 592 679
4  141 499 847 894
7  1 296 318 324 336 494 763
21  3 53 59 69 81 99 105 178 186 201 221 283 297 308 378 441 511 539 558 757 847
20  0 13 14 26 45 57 118 184 201 222 224 257 276 412 518 688 721 757 763 894
31  2 7 10 44 47 73 74 79 133 145 154 164 168 192 225 283 297 317 515 522 536 563 564 688 713 721 723 789 840 862 949
6  48 408 667 720 827 895
8  110 142 154 168 522 564 688 904
27  2 10 34 73 74 104 110 133 142 145 154 161 168 205 283 297 317 379 511 517 522 564 609 688 694 789 870
12  29 169 175 202 251 276 406 474 688 840 881 942
4  124 231 638 742
6  104 133 297 379 564 787
27  7 10 73 74 79 104 110 133 142 145 154 161 163 164 225 297 317 379 433 522 564 630 649 688 713 847 904
14  165 175 251 266 276 343 474 524 688 709 826 881 936 942
15  0 3 67 217 235 276 297 373 492 709 747 763 812 826 900
10  33 37 53 55 121 434 466 623 721 768
10  89 125 178 184 297 302 330 515 721 747
11  130 201 210 283 291 306 378 626 747 926 935
3  57 414 637
11  165 169 251 276 411 474 517 622 688 826 881
5  103 187 227 276 800
3  92 257 304
50  1 2 3 17 36 44 46 57 61 67 81 89 90 99 106 122 123 125 136 149 159 172 201 224 251 257 276 296 297 302 308 330 364 378 403 428 522 527 558 623 688 709 715 721 747 750 763 790 900 915
16  12 17 31 40 44 53 55 308 320 330 336 378 623 648 688 801
3  45 436 961
2  98 798
1  64
6  67 217 258 276 812 900
84  3 4 8 11 12 13 17 18 19 25 31 43 44 47 56 57 59 61 62 89 91 96 99 101 106 108 117 119 127 132 136 140 146 160 172 196 212 224 225 244 251 276 283 290 297 303 306 308 313 320 330 336 364 378 403 415 475 517 518 522 529 532 540 558 563 564 575 622 623 688 709 721 757 763 764 767 787 808 840 862 873 881 900 978
29  8 12 25 86 97 99 125 139 201 202 210 225 251 257 283 297 306 320 330 397 474 517 539 558 623 688 721 757 829
78  0 1 3 9 11 14 15 24 26 43 46 47 50 55 57 58 59 68 69 71 81 97 105 108 125 139 159 201 202 210 224 225 227 231 251 257 276 287 297 313 314 330 336 355 364 372 374 378 397 403 441 500 511 517 522 541 558 564 622 626 638 639 649 679 688 721 724 747 750 764 788 790 847 851 862 881 902 955
10  103 137 176 210 257 276 403 522 645 800
5  58 201 310 472 960
1  109
4  149 319 517 747
6  83 246 257 394 527 868
14  161 225 283 297 317 515 530 558 564 630 713 795 808 819
13  0 9 14 58 118 201 210 251 317 441 522 840 894
3  28 213 316
1  120
26  8 12 13 19 31 62 119 132 136 184 224 284 306 313 320 330 364 378 403 449 517 522 607 688 721 848
15  0 3 18 99 126 403 474 592 595 767 801 834 840 862 894
1  65
3  142 564 974
7  43 51 276 311 410 683 968
84  0 1 2 5 6 9 11 13 14 23 26 28 36 42 44 46 58 59 63 66 67 69 72 80 90 99 113 114 118 124 125 130 159 160 173 178 185 186 188 193 210 220 224 225 231 237 247 250 251 257 276 283 297 306 317 334 364 369 378 402 403 517 522 558 564 595 622 623 626 638 649 747 757 758 767 790 828 845 858 862 881 894 915 960
30  8 12 17 20 29 86 97 139 165 185 186 210 225 249 251 276 283 297 317 324 330 474 517 522 558 564 649 688 808 894
7  148 204 253 297 492 768 894
11  41 148 203 253 297 308 579 631 758 847 862
6  164 297 511 532 688 819
3  63 66 622
1  138
6  26 592 619 636 900 928
7  29 251 517 649 709 848 881
74  0 1 9 14 15 26 45 46 51 57 58 69 81 86 93 97 99 103 106 113 118 125 130 137 139 173 185 186 187 193 201 202 224 225 226 227 229 231 251 257 276 283 291 297 305 306 317 330 336 341 364 378 402 403 462 517 522 539 558 564 583 645 713 721 724 747 758 761 790 801 862 882 915 989
4  151 716 729 860
16  19 25 31 56 91 127 184 224 251 283 303 306 517 622 688 915
8  11 28 194 276 392 427 522 915
4  32 264 569 842
8  86 251 283 409 446 517 846 920
13  150 156 271 282 348 352 481 564 654 679 710 793 952
12  0 58 67 170 183 251 276 378 496 709 812 900
3  141 847 894
4  139 522 558 767
7  9 201 336 474 564 622 688
19  0 2 3 17 21 22 23 27 159 297 308 330 378 511 513 623 713 757 858
3  160 276 563
2  111 752
70  2 8 12 14 15 19 25 52 56 62 91 93 106 113 118 125 127 136 160 178 184 186 196 201 210 212 229 238 251 254 257 283 284 295 297 303 306 313 317 320 330 364 369 378 441 479 490 511 517 522 539 540 541 575 622 623 625 626 649 688 713 721 747 757 758 764 848 862 881 915
53  16 44 46 47 59 61 97 99 106 125 140 146 161 168 184 185 186 192 201 202 210 231 249 251 257 276 283 297 303 306 317 334 364 378 517 522 539 558 630 649 688 721 747 750 758 790 862 873 894 915 949 965 980
17  0 2 24 69 103 210 231 257 276 378 403 511 522 622 623 688 855
51  0 9 15 24 26 38 43 45 46 50 51 58 68 69 71 87 92 103 107 108 116 118 139 176 186 210 243 251 257 276 297 306 317 336 364 378 474 522 563 564 622 679 688 747 758 788 800 840 847 894 902
1  154
19  93 113 210 224 251 283 291 306 317 327 330 378 563 622 713 721 747 757 960
7  65 242 273 351 582 670 923
58  0 1 2 4 6 13 14 15 23 26 36 44 46 47 57 59 67 68 81 124 125 166 186 201 210 225 226 251 257 276 278 283 297 306 317 336 374 378 403 500 558 563 564 622 623 649 688 714 721 747 757 768 790 801 840 890 900 915
6  12 353 378 623 706 840
5  51 276 471 747 768
2  139 257
5  170 297 492 763 819
3  36 276 336
6  201 317 334 378 402 456
16  1 2 20 25 36 224 284 306 336 378 479 539 649 808 872 915
5  51 108 764 771 968
2  33 60
2  96 370
3  230 273 582
14  24 50 227 251 257 306 317 522 622 688 705 837 848 894
15  101 117 119 141 184 251 283 303 364 441 517 540 709 721 757
8  10 73 110 142 428 564 649 688
7  83 191 286 306 394 527 767
13  28 58 80 201 251 317 402 758 787 801 840 960 991
15  2 7 73 110 142 267 317 345 364 384 428 487 564 649 688
8  202 225 276 283 512 517 564 894
10  28 72 201 251 276 517 608 810 915 920
104  0 1 3 9 11 12 16 19 28 29 38 44 46 47 58 59 61 69 71 72 80 86 87 91 92 97 99 103 106 107 113 117 118 125 127 136 139 165 169 175 178 184 185 186 193 201 202 209 210 212 215 217 224 225 227 229 231 243 244 247 250 257 276 283 291 297 306 313 317 324 330 336 372 378 402 403 474 496 511 517 522 558 563 564 565 595 608 622 688 709 721 747 758 767 768 788 840 848 851 894 900 915 920 976
3  88 309 745
4  203 204 297 768
12  224 269 303 405 465 479 508 535 625 851 925 949
8  19 78 153 281 293 457 688 769
1  88
90  0 1 2 4 5 6 8 9 14 15 24 26 36 38 42 43 44 45 46 47 50 58 68 69 71 75 83 92 97 99 100 103 115 118 125 137 139 160 177 178 185 186 187 191 201 210 224 225 226 227 231 234 243 251 276 283 291 297 306 308 317 330 333 336 355 364 378 394 397 402 403 422 474 494 522 527 564 595 622 623 688 721 727 757 788 847 851 862 894 900
7  67 183 276 311 376 900 907
4  138 485 650 759
14  57 89 290 494 526 563 583 591 721 724 790 889 915 985
11  8 274 308 580 599 616 686 756 789 838 862
3  0 389 684
4  102 571 613 900
2  214 842
4  119 306 441 461
3  169 276 474
9  110 248 317 364 428 564 728 891 984
8  82 147 297 330 688 713 840 894
6  254 303 335 390 925 949
2  17 65
11  156 216 352 396 481 564 592 679 902 915 952
8  17 19 279 285 655 721 758 840
3  230 242 582
9  261 288 437 469 537 599 616 838 862
2  13 721
135  0 1 2 3 4 6 8 9 11 12 14 20 23 26 28 36 38 43 44 45 46 50 51 57 58 63 67 69 71 72 86 87 90 92 95 97 99 103 107 108 118 125 137 149 150 160 165 169 170 175 176 178 183 184 186 187 200 201 202 210 213 217 222 225 226 227 231 233 236 249 250 251 257 258 266 283 291 296 297 305 306 311 313 317 325 327 330 336 364 378 392 402 403 406 427 471 474 494 496 517 522 527 539 558 563 565 575 592 621 622 623 640 679 688 709 736 747 750 757 768 788 790 800 801 808 810 840 845 851 853 894 900 915 920 965
4  75 380 581 958
8  231 283 297 317 378 622 623 768
2  272 285
4  92 528 741 851
7  19 78 153 255 470 688 840
8  216 383 481 564 679 710 793 819
67  0 26 44 74 81 86 97 99 103 113 114 118 124 130 133 139 140 149 159 161 164 173 184 185 192 201 202 210 212 215 224 225 229 231 244 249 251 257 276 278 284 291 297 317 330 364 378 379 403 441 511 517 522 527 558 564 604 622 626 688 713 787 790 840 894 960 974
16  1 25 196 224 238 283 295 306 378 479 522 543 546 574 585 790
3  272 279 655
2  246 767
4  68 186 679 875
8  274 299 360 437 469 612 616 956
6  0 150 156 481 564 679
17  57 81 89 184 260 364 494 563 688 724 747 764 853 881 889 915 978
29  57 58 118 173 210 229 251 257 276 283 305 306 317 327 330 336 378 522 527 534 558 622 649 660 747 790 801 840 915
2  73 74
7  255 323 377 493 666 688 769
3  14 354 511
7  224 284 306 378 772 780 854
18  0 1 57 89 158 178 276 318 336 441 447 494 522 750 758 763 764 894
123  0 1 2 4 7 8 10 15 17 23 24 27 34 41 44 45 46 47 59 63 69 73 74 79 82 89 99 103 104 105 106 109 113 117 118 122 125 130 132 133 136 145 146 147 148 154 159 161 164 167 168 170 172 178 184 185 186 192 201 202 203 204 205 210 221 224 225 227 231 235 251 253 257 268 276 278 283 301 306 308 313 317 324 330 372 374 378 379 403 449 474 492 511 515 522 527 532 534 558 564 622 623 626 630 631 649 688 713 721 724 747 757 768 789 790 801 819 840 847 862 873 894 915
4  120 413 438 584
7  288 321 360 469 616 756 956
4  48 365 378 388
8  130 297 308 532 565 790 862 873
5  172 178 330 747 805
25  3 18 184 212 224 225 244 254 269 306 313 317 364 522 532 540 622 623 708 709 721 764 851 915 949
9  71 92 177 372 381 629 764 826 864
6  210 276 291 317 330 522
102  0 1 5 6 8 9 11 12 13 14 15 25 26 36 42 45 52 56 57 58 59 62 63 69 75 83 86 91 93 97 99 100 106 113 118 119 125 127 139 173 184 185 196 201 210 212 224 225 227 229 231 238 243 246 251 257 265 276 284 291 295 297 303 308 313 317 327 330 336 364 369 378 379 403 441 474 492 517 522 523 527 608 622 623 639 657 688 709 721 747 757 767 768 801 808 840 862 881 892 894 915 920
18  1 2 7 10 34 73 82 133 312 317 378 649 713 721 789 790 840 915
70  0 3 6 8 9 12 17 19 20 21 24 25 31 40 44 50 53 68 89 103 109 118 122 123 139 159 178 179 184 204 221 257 261 297 301 306 333 364 378 379 403 474 517 522 527 532 539 558 563 564 565 574 616 622 623 649 688 709 713 721 736 756 763 789 838 840 847 848 894 915
2  252 745
2  188 914
8  26 71 200 258 276 592 679 736
8  10 73 307 317 721 790 840 974
67  0 1 2 3 4 6 12 14 15 20 25 26 36 40 43 44 46 47 69 86 89 97 105 107 136 184 186 196 224 251 276 297 303 306 314 317 326 330 336 364 372 378 428 511 517 522 540 547 558 560 564 575 622 623 649 688 709 713 721 747 757 764 790 808 840 894 915
21  3 8 12 17 19 43 62 186 313 317 320 330 374 378 511 517 532 560 721 849 851
2  137 573
7  11 28 72 112 194 451 840
119  0 1 2 3 4 7 9 10 11 12 14 19 28 29 42 43 45 51 58 67 69 71 72 73 74 75 79 80 87 92 99 106 110 113 125 130 133 136 142 145 149 154 161 164 168 192 193 201 202 210 224 225 227 229 231 237 243 247 248 251 257 267 276 278 283 291 297 303 305 306 307 312 313 314 327 330 336 341 364 372 374 378 379 402 403 428 441 474 511 517 522 558 563 564 574 575 622 623 649 688 713 721 747 758 761 764 790 801 808 840 845 851 881 882 887 894 915 958 960
7  1 158 296 336 449 494 763
7  149 190 378 517 522 639 874
20  12 43 62 136 179 184 185 196 224 314 330 364 378 426 517 688 721 764 833 844
6  299 360 469 616 838 862
4  17 27 582 598
3  293 596 769
11  0 1 158 202 251 297 372 494 522 558 564
4  276 336 350 750
4  313 511 623 692
29  3 8 12 17 19 229 276 291 306 317 330 336 364 395 400 403 441 474 517 522 527 539 665 688 747 757 767 840 915
9  123 356 399 558 620 688 711 822 902
4  40 371 623 840
83  0 3 8 12 17 19 20 22 25 26 27 31 33 36 44 56 57 58 62 67 69 81 86 89 93 97 99 106 113 125 127 136 139 149 172 178 179 184 185 186 196 202 210 221 224 229 251 257 268 276 283 291 297 302 305 306 313 314 317 320 327 378 397 402 403 455 474 511 517 522 621 688 713 721 747 754 757 758 790 840 900 915 989
5  57 151 729 748 860
3  124 417 742
13  0 5 42 100 257 308 364 403 416 474 517 564 593
12  66 72 113 201 225 237 364 402 646 757 828 845
2  269 925
85  0 1 3 6 8 9 12 14 17 21 26 31 36 40 43 44 46 51 58 67 81 86 99 107 108 130 136 139 158 179 184 186 210 220 227 231 236 238 251 257 276 291 296 306 313 317 318 325 327 350 364 378 400 403 441 449 462 474 494 511 517 522 539 558 564 565 592 595 622 623 639 688 713 747 761 763 767 768 790 801 808 837 840 851 881
8  1 3 11 473 647 747 788 900
17  73 74 142 154 366 428 509 511 563 564 585 688 799 862 873 974 988
1  76
3  41 624 830
11  28 42 69 75 210 317 344 713 725 763 958
10  10 73 104 110 154 419 478 564 688 789
3  169 688 801
6  341 713 717 725 754 958
6  248 359 384 564 688 996
1  64
3  28 690 721
5  216 481 564 679 952
2  94 940
9  325 336 364 439 449 721 761 840 995
1  230
4  216 271 564 679
3  232 706 843
3  14 294 504
5  186 257 364 378 474
5  123 328 399 558 688
3  19 56 517
2  144 600
3  345 384 442
8  288 299 321 437 469 616 838 956
2  147 713
2  27 559
1  98
103  0 1 2 3 4 7 8 9 10 12 14 15 17 19 20 25 44 45 46 47 50 56 57 62 69 73 89 100 104 108 110 117 119 125 136 138 141 178 184 186 196 201 210 224 225 227 244 248 257 267 276 283 290 303 306 308 313 317 320 327 333 334 336 350 355 372 374 378 402 403 428 441 449 474 496 517 522 558 560 563 564 574 621 622 679 688 713 721 747 757 758 761 764 787 788 801 828 840 847 862 881 894 920
2  300 388
5  338 509 564 799 873
1  63
3  62 386 962
24  15 45 48 57 83 106 118 125 201 224 306 374 378 517 540 608 721 749 800 823 840 894 915 920
3  241 644 669
5  40 329 432 623 840
31  0 1 14 46 71 92 130 186 251 297 304 313 317 324 364 378 402 492 511 517 558 560 564 622 629 679 721 747 758 764 894
3  170 492 826
26  0 1 3 57 61 81 89 122 146 186 231 297 314 317 364 369 378 402 511 517 540 608 747 764 840 862
5  156 481 592 653 679
3  258 531 907
3  293 666 769
121  0 1 2 3 4 5 8 9 12 14 15 17 19 20 23 25 26 43 44 45 46 48 55 59 61 62 67 69 86 90 93 99 100 105 111 113 118 125 130 136 149 159 173 178 179 184 186 196 201 210 217 221 224 225 226 227 229 231 232 237 238 251 257 276 278 283 284 291 295 297 300 306 307 308 313 314 317 319 320 330 336 355 364 369 372 374 402 403 471 474 511 517 522 546 558 560 564 574 622 623 639 649 688 709 713 721 736 747 757 789 790 840 848 858 862 872 882 915 920 953 965
21  5 104 133 164 167 168 283 297 306 308 317 402 474 517 522 564 574 767 787 840 915
2  277 958
5  304 545 719 764 864
6  11 13 42 75 522 774
3  282 679 796
6  142 248 345 359 564 996
5  23 566 714 726 778
3  62 368 962
5  104 533 787 820 894
3  300 365 468
3  0 262 977
1  269
3  113 563 722
8  9 213 276 522 555 563 775 831
2  128 424
13  83 118 191 246 257 403 454 459 688 721 767 800 982
4  327 441 527 665
7  271 423 444 564 679 788 915
19  99 118 125 185 186 257 330 402 403 517 679 688 724 750 758 790 840 881 894
6  76 125 152 155 586 675
7  328 356 558 632 688 711 822
3  327 336 517
4  7 623 688 915
39  1 14 15 26 89 118 201 210 237 247 251 257 276 317 330 334 364 372 374 378 379 397 403 517 522 564 679 688 721 757 758 764 767 840 845 848 894 915 999
91  0 1 3 5 8 9 15 26 28 43 46 57 58 61 62 68 69 73 81 83 99 100 103 116 118 122 123 125 126 139 178 184 186 187 196 197 201 210 226 231 251 257 276 283 297 306 308 317 327 330 333 336 364 378 394 397 402 441 449 462 474 511 517 522 534 552 558 564 595 622 649 679 688 721 724 747 767 788 790 800 840 841 848 851 862 868 890 894 900 955 965
4  85 421 542 700
8  254 458 465 479 508 535 625 949
4  165 276 471 715
3  25 642 965
3  162 667 895
6  86 215 446 617 846 920
2  200 683
6  175 474 517 583 790 826
2  160 518
2  298 584
3  174 557 637
1  184
4  333 476 564 760
1  332
3  146 549 832
2  342 478
4  15 548 721 786
6  85 404 467 514 542 700
3  75 257 482
3  396 444 564
4  128 393 693 979
6  116 430 483 679 847 969
2  320 517
3  213 276 894
26  3 10 11 110 133 142 178 245 248 267 313 317 338 364 449 487 509 511 522 558 563 564 622 688 757 915
2  140 746
2  425 847
5  59 146 643 747 973
2  371 852
5  7 168 630 847 894
8  4 33 37 55 121 171 768 790
3  38 594 739
4  180 453 825 961
9  274 288 360 469 572 616 681 838 956
3  298 584 898
2  350 761
1  134
53  0 1 3 8 9 12 14 17 19 20 25 26 28 81 89 97 99 119 125 159 186 193 224 244 265 283 296 306 317 327 336 364 395 403 449 474 517 522 527 539 540 558 564 649 665 679 713 757 767 840 868 915 965
1  359
4  85 542 561 700
3  396 423 564
2  102 613
6  215 409 517 608 846 920
1  296
3  89 522 920
33  1 3 8 12 14 15 17 26 31 45 76 77 119 196 297 318 336 350 364 403 428 441 474 522 539 558 574 623 767 790 801 859 900
1  92
2  316 840
4  45 76 899 915
3  436 753 961
4  394 570 721 982
10  21 22 33 330 474 516 517 713 754 801
1  237
4  255 550 688 808
5  405 465 508 538 949
3  394 498 983
11  16 503 568 595 663 703 733 806 862 879 998
3  119 265 783
14  0 1 15 16 26 44 69 210 336 403 474 511 552 648
4  117 515 544 721
1  54
5  254 405 458 506 949
4  33 53 171 623
2  421 700
1  388
11  274 288 299 321 360 437 537 616 681 838 956
3  281 688 840
12  26 51 118 233 276 378 406 558 623 715 747 894
1  188
3  337 556 747
75  0 3 4 5 8 9 11 13 18 25 87 100 106 107 126 136 139 165 169 175 185 197 202 220 227 251 257 266 276 297 306 308 317 327 330 333 336 355 364 378 379 403 411 441 449 455 462 517 522 527 558 563 564 574 583 592 622 623 649 665 688 709 721 747 767 768 788 790 801 840 847 862 872 894 915
5  91 127 184 486 908
1  416
3  127 484 657
3  342 419 564
18  19 25 36 56 118 224 238 254 284 405 520 522 539 558 563 727 758 949
1  17
12  150 156 216 271 282 289 348 375 564 592 679 767
1  422
4  116 425 679 969
4  127 477 657 862
3  259 650 759
1  475
5  248 428 564 679 688
6  149 517 649 721 767 840
6  71 87 589 747 890 927
8  113 224 567 622 685 840 881 894
2  60 502
13  15 92 170 203 235 297 306 372 373 629 709 818 826
4  293 666 688 769
19  0 1 57 89 158 257 260 276 290 296 318 324 336 522 724 763 889 915 926
2  60 623
10  217 251 276 364 522 558 788 808 862 894
6  118 576 672 704 794 896
3  459 664 983
2  157 847
5  0 1 186 231 840
2  79 519
3  60 491 924
2  460 588
1  354
3  128 627 817
3  465 597 949
1  33
4  254 405 458 707
7  338 366 428 511 522 564 873
3  41 148 981
56  1 8 10 12 14 15 19 43 62 73 74 86 89 154 159 164 186 205 221 224 226 251 283 294 297 313 314 317 326 330 336 338 372 374 378 403 428 462 509 517 522 539 564 622 623 688 713 721 750 758 763 829 837 862 881 894
2  249 517
3  23 221 915
1  421
11  117 133 161 172 192 297 463 522 713 721 747
4  22 455 713 754
110  0 2 3 8 11 12 13 14 15 17 19 20 25 28 29 31 36 42 43 47 56 57 58 69 74 86 99 106 113 114 125 136 149 153 164 175 184 185 186 190 196 201 202 209 210 212 215 224 225 244 249 250 251 276 283 306 308 313 314 317 319 320 327 330 333 336 357 364 369 372 374 378 379 397 400 402 403 411 426 441 446 455 474 488 511 512 522 527 532 540 558 563 564 574 608 622 639 649 688 721 747 767 840 845 862 881 894 915 920 949
5  160 184 412 532 862
2  501 712
5  479 539 770 821 829
3  136 688 777
133  0 1 2 3 5 6 9 10 11 13 17 18 20 24 42 46 47 67 68 69 73 74 89 96 99 100 103 104 110 116 122 133 136 139 142 145 154 161 163 164 168 178 184 186 187 193 196 201 202 210 213 219 224 225 226 227 243 251 257 276 283 284 291 296 297 303 305 306 308 313 317 319 324 327 330 336 364 378 379 382 392 402 403 428 441 448 449 474 479 494 496 509 511 515 517 527 534 539 540 546 552 558 564 574 583 585 592 606 622 623 649 679 688 702 713 721 727 747 757 758 767 774 775 787 789 790 840 862 873 881 894 915 926
3  306 840 920
4  169 936 939 942
1  33
7  260 563 591 724 764 790 819
35  0 9 24 25 68 83 93 100 102 107 178 191 246 257 276 283 291 297 306 308 327 395 441 474 517 522 532 558 564 622 688 736 767 800 915
3  280 741 797
1  184
2  192 558
2  376 922
16  107 184 205 297 301 303 308 314 517 518 527 558 688 767 862 873
2  387 787
10  132 291 297 403 522 622 649 679 881 932
3  254 405 625
10  2 73 74 161 688 713 723 758 862 915
5  274 469 616 756 838
2  458 781
46  0 3 8 12 17 19 20 25 86 89 125 159 185 210 224 225 238 276 308 327 336 441 449 479 511 520 522 540 558 564 574 623 665 688 709 721 727 747 757 767 801 829 840 882 894 915
37  3 8 12 18 26 61 62 96 99 119 184 224 244 303 313 369 374 441 517 522 539 558 563 564 575 583 649 747 750 764 768 790 801 840 862 915 965
2  186 224
5  85 404 421 443 700
3  284 546 574
2  463 721
3  381 605 764
7  284 378 522 543 574 779 789
6  4 313 560 721 747 801
3  15 420 731
2  418 832
3  457 661 808
1  130
10  6 16 116 139 403 462 522 592 767 862
2  12 950
4  1 57 81 867
2  392 775
2  473 997
2  414 603
97  0 1 3 11 13 14 16 20 36 44 46 51 53 59 61 67 69 81 86 96 97 99 105 106 108 122 123 125 139 146 159 178 184 185 186 192 201 202 210 219 225 231 251 276 283 291 297 308 313 317 324 328 336 356 364 372 378 399 403 428 441 449 471 474 479 496 517 522 527 530 532 539 540 560 564 565 590 622 623 649 688 711 721 747 750 757 763 764 767 768 790 801 840 862 894 915 965
3  27 362 634
17  19 62 313 314 364 372 378 547 558 564 622 688 721 747 790 801 881
1  443
4  144 601 635 790
54  0 2 9 24 36 57 81 88 89 97 99 113 118 131 161 184 222 227 229 231 251 260 276 290 308 317 338 364 391 392 428 474 479 517 526 540 564 591 622 688 721 724 747 750 764 768 775 788 790 799 801 894 915 978
143  0 1 2 5 6 7 9 10 14 15 16 24 26 34 42 44 45 46 47 55 57 58 59 73 79 89 95 96 99 100 104 106 109 110 125 133 142 145 146 150 154 156 161 163 164 167 168 184 186 192 199 201 202 210 216 220 227 231 245 248 249 251 257 267 271 282 283 289 297 308 313 317 324 333 336 338 342 345 348 352 364 366 372 378 379 384 396 402 403 416 423 428 441 444 474 478 481 487 509 511 517 522 527 539 540 558 560 563 591 592 595 622 623 631 649 679 688 713 724 728 747 750 757 763 764 767 768 788 789 790 800 801 819 826 837 840 862 873 902 915 931 960 974
19  11 14 28 44 45 130 251 276 301 308 336 558 622 623 713 757 767 894 915
3  385 656 726
7  490 622 680 685 840 881 894
6  460 658 663 703 733 806
3  32 214 615
1  454
6  83 102 263 587 613 900
2  437 616
2  137 315
31  0 1 3 8 12 17 40 46 77 284 308 317 364 378 379 449 474 517 522 539 543 546 623 688 709 713 721 767 801 862 915
10  43 184 224 276 313 317 540 744 747 764
2  497 896
5  24 68 103 800 894
1  101
1  204
2  261 616
1  277
10  17 27 39 65 120 230 242 273 322 713
14  57 89 210 260 411 474 522 540 592 724 747 768 790 801
4  120 298 413 438
5  74 284 338 522 740
5  125 152 155 398 675
4  83 102 571 900
2  503 918
2  489 927
6  558 610 747 863 885 938
10  260 526 563 564 622 688 721 724 790 915
35  0 1 2 6 26 44 89 95 150 156 197 208 271 276 311 336 375 474 481 522 552 564 583 606 622 636 679 688 721 724 767 840 881 900 915
1  333
2  38 435
22  0 5 6 16 29 99 100 114 197 201 251 257 336 403 460 564 622 767 834 837 881 894
1  323
1  506
2  322 662
6  261 274 616 838 862 905
5  144 358 635 790 943
7  46 53 55 144 562 635 790
1  65
2  557 986
4  283 626 743 804
4  545 687 764 881
12  3 57 89 104 522 592 622 709 767 840 881 900
5  0 13 196 721 840
13  72 83 102 250 251 306 369 374 446 517 747 823 920
1  164
4  590 671 885 938
2  97 718
3  288 699 835
5  83 102 263 445 571
2  117 757
1  569
21  1 3 8 261 274 288 299 308 321 360 437 469 537 572 580 599 756 802 838 862 956
2  409 846
2  43 881
1  208
3  328 688 711
6  137 276 330 364 633 840
98  0 1 2 4 6 8 9 13 14 16 20 24 25 43 44 45 47 58 63 66 67 69 88 100 113 116 140 175 184 186 201 206 212 220 224 226 227 229 231 243 251 257 276 278 283 291 297 303 306 308 313 317 336 364 372 378 403 428 474 490 511 517 522 527 534 558 560 563 564 565 567 591 592 595 606 623 649 679 688 711 713 721 747 757 758 761 767 768 790 840 862 872 881 894 900 915 920 933
87  0 1 3 4 7 8 9 10 12 17 19 21 22 23 33 36 40 44 46 53 55 57 59 60 62 67 79 139 171 178 179 184 185 201 221 224 226 231 232 257 276 278 297 303 306 308 313 317 326 329 336 371 378 401 449 466 471 474 495 511 522 539 558 564 565 574 622 649 682 688 697 713 715 721 736 757 758 763 768 800 801 838 840 862 894 900 915
2  340 830
7  93 224 254 405 535 649 949
16  10 26 130 173 186 201 224 283 297 604 631 688 713 747 862 919
5  96 128 505 693 817
7  0 45 46 677 814 900 915
7  92 304 372 492 709 826 930
10  4 168 192 225 297 433 652 840 847 894
14  34 41 44 148 204 297 564 626 713 747 758 768 788 800
2  399 711
1  621
1  559
6  144 562 600 601 790 943
10  0 2 26 208 592 725 824 862 881 977
3  174 414 972
6  124 166 186 201 816 880
15  5 9 17 68 69 139 186 306 319 336 378 517 673 750 894
3  99 276 915
1  118
1  407
3  146 431 747
2  370 669
4  103 187 210 989
1  334
3  0 1 337
4  44 179 462 688
77  0 1 2 3 5 6 8 10 11 13 15 17 23 26 36 45 46 53 57 62 67 69 73 110 125 142 168 186 201 202 209 224 225 231 238 245 248 291 297 307 308 313 317 378 403 441 474 488 517 522 534 540 558 564 622 623 625 679 688 711 713 721 725 747 757 763 764 768 790 801 838 848 858 862 872 881 915
3  259 485 759
1  87
3  630 840 847
2  375 807
3  216 695 911
2  272 285
2  566 937
4  127 306 477 484
3  568 703 806
1  119
1  291
2  550 808
1  598
4  16 460 568 703
2  498 983
9  327 395 441 474 539 679 767 862 915
5  293 377 493 688 769
5  162 408 720 827 895
1  35
2  370 644
1  230
1  610
4  497 704 794 896
5  68 137 639 750 894
6  9 14 688 721 736 960
3  152 398 586
3  102 876 892
2  628 814
1  137
63  0 1 2 6 9 14 24 46 95 103 116 125 150 156 186 216 227 271 276 282 287 289 311 348 352 364 372 375 383 396 397 402 403 425 441 481 483 487 522 534 564 592 622 649 665 688 713 721 747 757 758 768 788 790 796 837 847 862 872 875 881 902 915
3  567 685 881
3  437 469 838
8  623 697 715 732 758 784 839 862
3  200 410 912
1  262
6  490 567 680 840 881 894
2  261 954
3  605 764 968
183  0 1 2 3 4 7 8 9 10 12 15 17 19 20 21 24 25 26 31 33 34 36 43 44 50 51 53 55 59 62 68 69 71 73 74 78 79 82 86 87 89 91 92 97 99 103 104 107 109 110 117 118 123 125 131 133 136 137 142 147 150 153 154 160 161 163 164 165 168 169 175 178 179 184 185 186 196 202 205 212 220 224 225 226 227 231 243 245 248 251 255 257 268 276 281 283 290 293 297 306 308 313 317 320 327 328 330 336 338 342 343 345 356 364 378 394 397 399 401 402 403 428 457 470 474 487 493 511 517 521 522 527 532 536 539 558 560 563 564 574 591 592 620 622 623 626 648 649 666 674 679 713 717 721 724 725 747 758 764 767 788 789 790 800 801 808 826 840 845 847 851 853 862 872 881 887 894 900 902 915 944 949 960
2  81 994
1  347
2  72 845
1  326
5  128 424 627 857 979
1  164
2  654 911
2  5 49
9  3 8 623 682 732 758 784 801 839
1  36
2  612 835
6  85 404 421 443 467 542
2  84 869
2  11 522
5  460 568 658 663 806
8  15 52 118 497 672 794 881 896
1  243
3  12 232 353
1  508
1  303
53  0 2 3 5 8 12 14 15 17 19 20 25 29 57 62 89 92 101 125 136 149 169 170 178 184 209 217 244 251 276 303 306 308 313 378 474 492 539 574 606 629 721 736 758 767 812 826 840 851 862 881 900 915
4  0 150 216 282
11  328 399 558 620 622 632 649 721 757 790 822
1  519
86  0 1 2 3 7 8 10 12 21 22 27 34 40 44 46 56 58 62 73 79 82 86 93 110 113 133 147 154 161 168 192 210 221 224 229 268 283 297 307 308 313 317 330 336 341 344 361 364 378 441 455 511 515 516 522 536 564 565 574 582 622 623 626 631 649 679 688 715 717 721 724 725 747 754 758 761 763 790 801 819 840 862 893 894 915 958
6  2 23 231 385 811 840
15  24 118 178 406 471 623 682 713 721 758 763 768 862 893 894
1  211
11  344 688 713 724 725 747 758 767 893 894 926
2  97 611
3  381 764 766
5  48 162 667 827 895
151  0 1 2 3 4 5 6 7 8 9 12 13 14 15 17 19 20 24 25 26 28 31 33 38 40 42 43 44 45 46 52 57 58 59 62 63 67 68 79 82 86 89 92 96 99 101 103 117 118 125 133 136 146 153 160 161 171 172 178 184 185 186 196 210 224 225 229 231 244 251 257 260 272 275 297 303 306 307 308 312 313 314 317 320 330 347 350 364 369 372 378 394 402 403 420 454 463 474 488 511 515 517 522 539 544 547 558 560 563 574 591 592 607 622 623 649 674 679 688 709 711 713 715 725 736 747 756 757 758 763 764 767 787 788 790 799 801 819 826 840 847 848 862 872 881 894 902 915 965 978 980
1  391
6  2 74 161 536 791 862
41  0 1 9 14 15 57 59 61 81 89 103 118 186 210 260 290 297 397 403 494 526 563 564 583 591 592 688 713 717 725 747 763 768 790 819 853 881 889 902 915 926
24  0 6 341 344 636 649 688 713 717 721 724 736 747 763 790 819 824 837 862 881 890 915 958 977
2  385 566
13  0 36 46 125 257 479 522 539 747 757 758 840 915
2  267 564
4  151 211 331 860
1  132
1  548
3  682 697 784
2  460 568
4  16 30 879 917
4  129 134 143 803
23  8 12 14 125 276 308 311 378 527 623 674 709 721 725 747 757 764 767 790 881 894 915 960
1  116
1  116
2  38 435
1  585
2  280 528
3  124 166 332
1  604
4  575 747 764 853
2  252 309
2  429 964
125  0 1 2 3 4 5 6 8 11 12 14 16 17 43 44 47 51 57 59 61 67 69 71 81 88 90 92 99 106 107 108 117 125 130 131 146 149 170 172 173 178 186 190 201 210 224 225 227 229 231 233 251 276 290 291 297 302 306 313 317 327 330 336 337 364 372 374 378 403 431 471 473 474 489 515 517 522 539 540 547 558 560 563 564 575 583 590 608 622 626 631 643 649 679 688 713 717 721 724 725 727 736 744 757 758 764 767 768 790 801 837 840 841 853 862 881 882 885 890 894 900 915 926 927 933
1  331
2  369 815
28  1 2 36 61 96 97 178 186 225 276 296 325 397 511 540 558 563 564 639 673 764 768 790 801 862 894 900 902
2  1 850
1  223
2  453 961
7  330 344 455 516 713 915 958
2  84 869
10  261 299 308 537 616 721 838 910 945 956
88  0 1 2 3 4 7 8 10 11 12 14 17 19 21 22 23 24 26 27 33 36 37 47 55 58 81 86 99 105 113 117 120 129 139 143 144 159 160 184 185 201 221 224 229 231 244 257 276 297 306 313 327 330 334 364 378 402 428 441 522 539 558 564 565 614 622 623 649 679 711 721 727 736 747 758 761 764 767 790 801 826 840 861 862 881 894 900 915
63  1 3 8 12 14 17 19 24 25 31 40 57 99 110 138 201 204 210 224 225 227 247 251 272 296 317 330 364 372 397 402 479 511 522 536 622 623 631 679 682 688 697 709 713 715 717 721 727 747 757 761 764 767 768 788 790 801 808 826 840 862 894 902
5  138 259 485 650 765
1  416
18  7 17 27 57 79 129 134 210 317 336 350 364 439 622 713 757 758 881
2  120 946
43  0 1 6 44 46 61 106 122 125 158 160 170 178 184 235 296 308 318 336 341 494 511 558 564 623 649 713 715 721 724 725 764 768 790 801 819 848 862 881 893 894 915 926
66  0 3 12 18 43 46 51 69 71 81 91 96 99 101 108 132 136 184 186 224 239 290 296 303 304 313 317 320 364 372 374 381 402 526 540 545 558 563 564 575 605 649 687 688 719 721 736 744 747 750 757 758 763 768 788 790 801 819 840 862 881 894 900 915 968 975
1  759
1  719
64  1 3 11 14 17 18 69 102 125 139 184 197 201 219 246 251 286 306 327 336 379 394 402 403 441 449 474 481 488 517 522 527 532 539 552 558 564 565 574 592 595 606 622 665 688 709 717 721 736 747 757 758 768 799 800 808 837 840 862 873 881 894 900 978
57  0 1 2 3 6 9 14 24 62 102 130 171 203 231 233 251 253 276 278 297 306 336 434 474 540 558 563 564 583 622 623 631 649 679 715 724 747 750 758 763 764 767 788 790 799 801 837 840 851 853 862 882 894 902 915 926 978
6  255 293 323 377 493 666
1  520
2  239 836
1  295
4  21 55 790 840
2  382 522
4  392 522 555 563
1  154
1  521
2  23 385
1  546
2  295 854
1  538
1  104
2  119 461
4  682 697 732 839
7  0 1 9 14 58 93 916
1  420
23  0 1 2 9 24 36 58 104 113 133 167 184 247 283 364 379 387 522 533 721 840 881 900
45  0 1 2 5 9 14 26 58 69 87 99 108 117 186 227 251 257 276 337 364 396 403 474 496 563 564 631 679 688 721 758 764 768 789 790 799 808 837 840 862 883 894 902 941 955
38  1 2 7 10 24 40 44 73 74 79 82 104 109 110 133 142 145 154 161 164 261 297 307 308 342 378 522 546 564 688 788 790 800 808 840 862 870 915
88  2 10 14 15 26 44 55 57 58 63 69 71 93 99 106 122 125 130 139 178 186 201 210 225 231 260 276 283 284 291 297 301 307 312 313 317 330 336 378 397 403 411 434 449 474 522 526 540 558 560 562 563 564 583 591 600 601 622 635 649 679 688 711 713 721 724 725 736 747 750 757 758 763 764 768 773 788 789 801 826 840 848 862 881 894 902 915 949
1  723
3  19 153 882
3  150 216 282
8  14 15 52 118 497 672 704 896
1  192
5  95 383 679 837 862
1  528
1  181
10  142 338 366 563 721 767 768 788 894 988
24  58 68 83 103 118 176 187 227 276 369 394 403 527 564 577 623 631 688 767 789 801 808 862 915
72  0 1 3 6 8 12 15 16 21 23 33 40 44 46 57 59 71 99 110 125 130 138 179 197 210 231 247 276 291 297 306 317 336 343 364 449 455 474 539 540 547 558 560 563 564 574 583 623 649 688 697 713 721 747 750 757 758 763 764 768 790 800 808 834 837 840 862 881 894 900 902 915
3  616 838 956
1  735
1  604
1  302
4  460 568 658 703
1  653
39  3 8 9 11 12 14 43 51 69 71 108 136 184 192 202 238 276 306 313 317 336 457 496 550 661 688 758 767 788 789 800 801 826 840 862 881 894 900 968
2  145 963
3  28 250 276
3  23 714 840
5  170 183 217 709 900
1  120
2  628 677
1  749
1  638
2  505 627
2  492 826
17  14 89 192 205 235 282 297 526 564 713 721 724 725 763 764 853 881
1  387
1  520
3  328 399 711
2  369 608
6  636 725 862 881 890 977
2  436 961
26  71 74 92 133 145 169 170 175 304 373 411 492 564 629 688 709 721 757 758 790 808 818 840 887 894 941
4  162 667 720 895
3  201 334 364
6  43 99 185 511 520 539
2  340 624
1  392
2  418 549
1  320
9  0 3 197 595 801 840 881 894 900
2  612 699
1  771
26  0 2 6 9 38 50 69 95 243 336 511 564 595 679 725 747 767 768 788 796 801 840 862 881 894 978
23  0 53 55 261 274 308 321 360 437 469 537 599 616 623 649 681 756 802 848 862 894 910 956
3  682 697 784
144  0 1 2 3 4 5 8 9 10 11 12 13 14 15 17 18 19 20 23 24 26 28 29 34 41 44 45 46 47 55 57 58 59 63 79 80 82 87 93 99 104 112 113 125 126 146 147 149 161 165 184 193 197 227 231 232 247 251 268 272 276 281 283 291 297 306 307 308 312 313 316 317 327 329 330 336 350 364 369 371 374 378 379 397 402 403 441 451 470 474 488 490 500 517 522 523 539 540 558 564 567 592 606 607 621 622 623 630 652 685 688 709 713 714 721 727 747 757 758 764 767 768 773 787 788 789 790 801 808 811 826 834 837 847 862 872 881 887 894 900 915 941 965 999
5  5 403 747 853 890
2  214 264
1  353
2  12 320
11  72 201 276 317 334 402 517 688 691 862 881
5  215 409 446 617 920
42  0 2 6 7 8 9 10 12 44 73 79 104 107 116 139 141 157 159 168 186 204 218 227 257 297 308 364 425 430 433 474 499 630 652 679 688 721 840 862 881 894 900
22  8 19 29 63 91 136 196 209 224 243 251 308 378 402 403 649 721 763 790 838 881 894
1  314
1  751
28  0 1 2 3 6 24 92 97 115 125 186 251 254 257 276 280 303 314 317 336 403 688 709 768 862 900 915 966
1  432
16  276 290 688 724 744 747 768 819 841 862 881 890 894 902 915 926
3  295 780 877
3  103 226 934
2  143 903
2  693 979
7  2 7 22 201 221 378 649
2  119 449
4  151 211 331 729
2  757 929
120  0 1 2 3 4 6 7 8 9 10 12 14 15 16 23 25 26 36 38 42 46 47 57 62 69 74 79 81 91 93 99 102 122 125 127 161 184 186 197 201 204 210 224 225 257 261 274 297 301 306 321 338 364 374 378 403 460 474 484 496 511 517 518 522 532 536 540 552 558 564 574 599 616 622 623 626 636 649 665 679 682 688 709 713 715 721 723 725 747 750 757 758 763 764 767 768 788 789 790 796 800 801 808 824 837 838 840 845 847 851 853 873 881 890 894 900 909 915 977 998
2  590 906
2  304 381
1  45
3  68 897 913
1  554
5  83 191 403 441 892
3  84 701 755
2  164 789
1  50
18  3 14 20 86 115 125 126 238 378 474 622 649 679 688 721 840 902 933
17  14 122 130 184 225 297 301 338 366 509 522 532 564 767 862 890 947
1  319
2  287 679
1  676
1  854
1  124
3  16 460 734
1  638
87  0 1 2 3 5 8 12 13 14 15 19 24 25 29 36 43 52 56 57 58 62 89 101 125 165 169 175 184 186 201 209 224 290 306 317 336 364 397 490 511 517 522 534 560 567 592 595 605 606 618 622 636 649 679 680 685 688 704 709 721 724 725 736 747 757 761 763 764 767 787 790 801 808 819 824 834 837 840 845 847 848 853 862 890 894 902 977
14  19 78 106 153 210 317 378 539 747 768 792 894 915 965
1  788
1  33
3  590 610 747
1  116
9  133 317 688 826 840 894 902 941 957
1  143
5  260 290 494 724 915
15  5 231 403 489 725 747 824 841 853 862 873 881 894 926 927
1  267
6  83 102 306 676 868 971
5  713 715 717 763 894
128  0 1 2 3 4 5 6 8 9 14 17 19 20 23 24 26 44 45 46 50 57 58 68 69 71 78 87 92 103 104 117 118 123 125 137 140 141 147 153 157 160 193 197 201 202 203 218 225 227 243 249 251 257 268 276 283 296 297 306 308 313 317 364 369 372 387 397 402 403 427 433 471 474 490 496 511 517 522 539 558 563 565 567 577 595 622 623 630 639 673 685 688 713 715 717 721 736 747 750 757 758 763 764 767 768 788 790 799 801 808 826 834 837 838 840 847 848 853 862 881 882 887 890 893 900 915 926 965
6  48 162 408 667 720 827
6  497 576 672 704 794 901
3  68 866 913
1  438
1  452
68  0 1 2 3 4 8 12 14 15 17 26 31 33 44 55 58 67 69 77 81 83 102 113 140 149 170 178 183 184 208 217 231 251 257 258 263 276 330 337 403 449 571 587 592 606 622 623 628 688 709 747 750 757 764 767 787 801 808 812 834 840 847 851 862 894 909 915 926
1  896
27  0 3 62 71 79 123 186 227 271 328 564 679 688 721 724 750 758 768 788 790 801 853 872 881 887 915 926
2  143 856
2  163 168
2  599 951
1  863
2  258 376
1  475
6  16 32 42 862 900 926
3  756 838 956
2  654 695
1  683
3  68 866 897
1  310
120  0 1 2 3 4 5 8 11 12 13 17 18 19 20 23 25 26 36 45 46 48 56 62 76 83 86 87 99 113 118 125 136 147 178 201 210 212 213 224 225 231 238 250 251 260 271 276 290 291 297 303 306 307 308 313 317 327 330 369 378 379 396 401 402 428 441 452 474 494 513 517 522 527 536 539 540 558 563 564 565 574 591 592 622 623 628 640 649 665 679 688 709 713 721 724 725 727 736 747 754 757 763 764 768 789 790 800 801 840 851 853 862 882 889 894 900 902 926 965 978
1  785
2  16 734
1  588
2  10 626
27  1 12 20 25 44 61 69 86 89 99 149 215 250 251 276 306 364 369 378 409 446 448 517 523 608 622 846
1  137
1  531
2  65 230
1  502
4  254 269 335 949
16  173 494 522 717 724 747 763 768 853 890 894 900 902 909 915 978
4  489 589 747 890
6  0 1 26 46 81 208
1  861
1  629
2  564 967
1  534
5  6 107 622 747 872
1  855
1  173
2  169 524
1  656
2  590 610
1  524
2  94 349
4  788 826 840 887
5  8 29 165 169 524
2  600 635
1  688
1  756
1  762
1  873
1  68
17  25 93 161 225 254 269 303 405 458 465 479 506 517 625 688 790 925
1  553
1  905
4  150 216 271 348
1  378
1  686
5  68 123 186 403 788
10  288 299 360 437 469 616 756 802 838 910
1  887
10  56 75 277 317 341 344 380 713 725 754
2  85 993
18  0 5 9 36 42 58 80 104 188 201 229 247 283 317 564 674 688 736
5  180 436 453 753 825
2  368 386
2  145 809
1  746
26  0 1 9 13 14 19 20 25 36 57 97 106 153 225 276 378 403 407 441 540 558 721 840 882 894 915
1  851
1  931
8  46 51 200 239 687 764 808 975
2  425 483
1  108
1  892
1  637
2  146 431
10  7 10 73 74 142 199 283 312 338 564
2  764 968
1  251
7  0 389 636 725 824 862 881
12  18 50 89 184 290 563 721 767 768 837 915 926
3  424 693 857
2  225 721
1  510
2  394 454
3  459 498 664
1  267
1  260
1  603
3  19 25 56
3  74 338 799
3  210 330 645
1  107
1  247
1  142
1  959
2  81 689
1  350
3  142 345 384
1  556
2  460 862
2  402 840
