
***ForestFire:  GeoFire  Nodes:1000  StartNodes:1  Take2AmbProb:0
                FwdBurnP:0.35  BckBurnP:0.354  ProbDecay:1  Orphan:0
(1000, 4417)  burned: [1,1,28]  [0.01s]
1000
70  1 3 12 20 35 38 47 76 84 85 91 97 100 123 131 135 144 147 148 183 189 194 238 239 245 260 278 303 306 308 330 337 349 356 369 410 413 428 429 439 461 464 474 516 527 554 555 559 560 561 591 596 609 626 666 682 687 702 704 710 721 752 764 774 853 886 927 938 968 985
62  0 2 3 12 13 20 21 34 80 85 86 91 94 97 101 119 147 181 188 189 202 232 239 242 260 264 303 306 308 309 330 333 337 356 410 413 429 439 441 456 461 463 464 495 516 551 554 555 559 587 666 702 704 721 738 764 771 774 780 794 914 952
16  1 20 34 80 85 86 91 119 188 239 264 461 516 551 738 952
96  0 1 4 6 8 12 15 20 32 33 34 35 39 44 46 49 52 53 63 78 79 80 85 86 91 101 105 107 119 122 123 140 147 148 150 155 187 188 197 216 238 239 240 260 261 264 289 303 308 330 349 368 380 413 429 434 439 446 459 461 471 474 487 488 527 541 551 554 555 559 566 578 587 591 609 610 626 666 704 710 721 738 746 764 774 780 786 796 816 836 855 886 902 938 968 984
54  3 5 6 7 9 12 15 17 36 49 57 63 78 80 94 123 142 146 147 148 188 197 216 228 239 261 267 279 289 308 316 321 334 368 382 413 434 446 459 461 551 559 587 610 634 702 707 746 774 823 847 938 984 985
25  4 6 80 81 94 170 211 215 235 239 279 289 298 316 321 334 446 459 461 495 551 559 690 730 780
48  3 4 5 7 9 10 11 12 34 44 45 48 52 77 80 94 101 105 119 146 147 148 150 155 214 216 239 259 289 298 316 340 349 382 410 461 470 539 559 610 666 690 702 710 767 774 780 920
46  4 6 9 12 14 28 48 52 80 119 132 136 146 147 148 150 172 182 214 216 222 224 239 289 327 333 349 382 410 413 461 495 549 587 610 627 710 764 774 847 853 911 920 938 984 985
39  3 12 15 30 33 39 49 63 78 79 80 91 119 122 147 148 156 188 201 202 216 239 289 308 347 413 479 487 535 551 649 702 746 774 786 796 816 836 984
30  4 6 7 12 44 80 88 109 146 148 155 216 222 239 289 316 330 342 410 413 461 609 610 710 767 774 823 892 984 988
8  6 44 45 105 119 259 460 559
8  6 12 77 119 147 340 349 774
60  0 1 3 4 6 7 8 9 11 15 20 32 33 44 63 78 80 85 91 109 119 147 148 155 156 188 189 202 216 239 264 274 289 308 316 330 380 404 410 413 441 444 446 461 484 527 535 551 559 561 610 666 682 702 710 774 816 855 892 914
24  1 19 20 65 80 85 91 94 124 126 148 181 202 239 247 264 289 308 337 410 473 551 794 823
29  7 22 48 61 119 148 203 204 239 247 308 349 461 473 477 495 549 587 682 710 752 764 816 823 853 886 911 938 985
44  3 4 8 12 16 49 51 63 78 79 80 85 86 91 94 97 119 123 147 148 180 188 202 239 308 323 380 404 410 413 445 446 461 495 502 551 702 747 774 786 898 921 976 985
27  15 18 43 51 63 79 80 86 97 147 148 164 174 180 184 389 413 445 495 551 747 774 876 886 898 984 985
10  4 23 57 58 147 197 261 289 434 634
17  16 24 25 79 86 97 125 174 202 349 413 495 539 551 898 968 993
4  13 80 85 299
38  0 1 2 3 12 13 34 41 44 80 85 91 94 119 147 189 239 242 260 264 289 308 334 380 410 413 473 559 576 626 683 752 759 764 823 903 914 994
17  1 34 80 101 147 151 232 378 441 456 476 559 774 780 823 921 938
35  14 26 27 31 48 61 99 119 203 204 239 247 308 320 349 371 441 461 463 473 477 495 575 587 629 705 710 721 738 774 816 847 911 938 996
8  17 42 58 261 286 289 434 482
17  18 25 79 86 97 112 125 202 289 326 348 413 495 693 701 764 968
12  18 24 79 86 97 202 289 348 413 551 701 844
23  22 29 48 61 147 203 204 239 289 344 404 461 463 464 495 564 701 702 710 774 780 847 911
9  22 48 214 239 349 461 473 575 816
21  7 40 50 119 132 136 162 182 190 236 250 327 328 345 382 446 465 627 703 912 920
23  26 48 56 61 67 147 204 214 239 308 404 495 527 564 701 721 764 774 791 816 911 939 985
10  8 201 217 287 479 492 535 746 764 804
5  22 98 308 477 816
27  3 12 33 59 63 78 80 85 86 119 148 155 187 188 438 461 500 527 551 559 610 666 799 816 968 984 985
27  3 8 12 32 39 49 63 78 79 80 85 94 119 148 188 238 239 289 380 413 461 495 559 578 609 774 985
27  1 2 3 6 20 21 44 63 71 86 94 97 101 147 151 232 239 264 441 461 504 559 774 879 938 982 984
13  0 3 76 100 110 260 264 349 428 461 710 853 886
8  4 37 66 147 148 185 239 847
6  36 64 185 375 724 937
6  0 47 183 461 474 927
17  3 8 33 44 49 78 80 188 239 270 380 429 490 559 774 855 910
16  28 50 54 55 82 133 136 138 328 345 465 627 703 738 784 913
17  20 44 69 72 85 119 147 148 242 313 559 683 702 759 774 903 914
3  23 223 261
6  16 62 164 389 445 747
43  3 6 9 10 12 20 34 39 41 49 63 72 78 80 85 89 97 119 147 148 187 239 240 264 330 349 382 409 418 446 461 490 504 559 587 752 759 764 774 823 855 959 984
12  6 10 96 105 119 147 259 461 463 473 666 977
3  3 288 487
7  0 38 121 183 349 461 976
39  6 7 14 22 26 27 29 61 115 147 148 157 199 214 216 239 275 302 305 308 316 349 404 413 461 491 521 564 614 738 764 774 780 794 816 819 847 938 985
30  3 4 8 15 33 39 44 63 74 78 79 80 94 97 119 148 188 189 197 202 279 289 316 347 380 413 495 609 796 984
17  28 40 54 55 82 119 136 138 182 196 250 345 382 465 627 738 920
21  15 16 60 63 75 79 80 83 148 180 316 450 461 528 551 761 780 786 898 961 984
12  3 6 7 90 102 119 143 239 546 601 666 686
8  3 63 78 87 103 268 334 764
12  40 50 55 82 136 138 328 345 465 627 738 784
14  40 50 54 82 136 138 224 328 345 446 465 627 784 875
13  29 171 308 334 404 564 764 774 791 911 934 939 985
11  4 17 73 160 197 239 266 446 619 634 888
6  17 23 261 289 434 901
12  32 63 80 86 119 285 393 438 500 551 623 985
13  51 63 75 80 93 118 316 528 551 636 710 823 990
23  14 22 26 29 48 92 119 147 148 176 204 239 289 308 349 404 456 495 614 682 721 764 938
8  43 141 164 184 389 747 816 876
46  3 4 8 12 15 16 32 33 34 44 49 51 53 59 60 75 78 79 80 85 86 94 97 125 148 202 239 247 289 308 316 334 349 410 413 426 441 461 551 571 635 636 666 715 786 990
6  37 185 193 375 724 937
21  13 68 80 85 86 94 97 148 159 181 239 272 289 337 461 551 578 710 774 794 823
8  36 130 148 349 371 612 847 956
6  29 147 230 239 404 441
16  65 80 94 148 159 181 239 242 272 308 380 413 461 774 823 985
5  41 70 95 104 903
5  69 95 370 779 903
7  34 86 94 446 461 504 774
12  41 44 85 119 148 208 242 380 418 759 914 984
5  57 149 165 634 966
7  49 78 94 119 188 538 984
12  51 60 63 78 80 85 303 309 410 551 554 786
22  0 35 100 168 206 251 260 278 319 349 386 423 428 461 662 710 764 774 853 886 914 927
7  6 11 119 239 340 349 411
35  3 4 8 12 15 32 33 39 44 49 53 63 74 75 79 80 85 86 94 97 119 125 148 188 239 326 349 404 410 572 704 738 786 820 984
33  3 8 15 16 18 24 25 33 49 51 63 78 80 85 86 91 94 97 119 147 232 348 373 445 461 466 495 510 551 786 935 961 977
70  1 2 3 4 5 6 7 8 9 12 13 15 16 19 20 21 32 33 39 44 49 51 59 60 63 65 68 75 78 79 85 86 88 91 94 97 111 117 119 148 155 169 187 188 214 239 264 289 299 303 316 330 380 410 413 461 495 551 554 564 710 764 774 780 786 805 823 892 894 930
1  5
15  40 50 54 55 136 137 138 250 280 345 465 627 738 784 974
14  51 152 180 304 341 445 461 511 551 780 786 876 898 921
12  0 100 135 194 423 702 710 742 774 823 898 927
53  0 1 2 3 12 13 15 19 20 32 33 41 44 63 65 72 75 78 79 80 86 91 94 97 119 123 147 148 189 239 256 289 299 303 326 334 368 404 410 413 456 559 578 697 738 746 764 774 786 847 902 914 938
49  1 2 3 15 16 18 24 25 32 34 59 63 65 71 78 79 80 85 91 94 97 106 119 125 147 148 188 239 242 263 289 326 348 404 410 426 446 461 539 551 610 685 693 710 738 774 879 914 968
7  53 103 229 293 584 622 954
12  9 80 109 111 289 316 342 410 545 774 868 892
11  44 97 114 240 317 442 461 587 752 766 823
3  52 102 666
32  0 1 2 3 8 12 13 15 20 79 80 85 86 94 97 111 147 156 188 239 242 289 334 410 413 445 461 551 721 774 823 984
15  61 134 147 148 176 204 239 334 349 456 682 701 721 911 933
2  60 810
54  1 4 5 6 13 15 20 33 34 49 63 65 68 71 74 78 79 80 85 86 91 97 119 125 148 159 166 188 239 264 279 289 334 337 348 395 413 430 446 461 473 539 551 559 576 626 747 749 764 774 794 820 914 968
5  69 70 568 621 903
14  45 105 119 129 147 167 289 461 473 552 617 812 835 977
46  0 1 15 16 18 24 25 34 44 49 63 65 78 79 80 85 86 89 91 94 111 119 125 148 189 202 239 256 264 289 326 331 348 410 413 461 539 697 701 721 764 786 823 847 898 971
6  31 173 329 402 477 891
4  22 119 467 633
28  0 35 76 84 110 135 168 194 244 251 260 264 278 303 319 386 401 410 423 428 698 702 710 823 886 914 927 985
12  1 3 6 21 34 120 147 308 470 476 496 780
4  52 90 666 918
11  53 87 108 191 293 335 455 588 719 942 954
9  69 163 262 343 412 675 851 903 928
13  3 6 10 45 96 119 129 145 147 461 473 617 710
5  86 148 179 637 896
9  3 116 122 139 156 330 394 471 487
8  103 191 293 588 644 719 942 986
18  9 12 88 113 216 221 274 289 551 606 614 639 713 774 807 816 886 892
12  35 100 135 264 273 577 702 710 764 787 853 886
16  80 88 91 97 119 177 188 202 239 289 410 454 527 610 774 953
5  24 125 202 326 693
12  109 127 186 227 274 355 373 551 655 886 892 909
5  89 240 587 766 823
18  48 147 157 214 275 290 291 308 349 413 478 521 614 657 807 816 843 886
8  107 122 139 156 253 394 471 487
7  80 195 248 358 462 929 930
4  60 316 336 526
71  1 2 3 6 7 8 10 11 12 14 15 20 22 28 32 33 41 44 45 49 50 52 59 61 72 74 77 78 79 80 85 86 94 96 97 99 105 111 129 138 147 148 188 202 232 236 239 279 289 308 345 404 409 410 413 418 446 473 495 546 578 666 701 721 738 752 820 902 914 984 985
4  101 147 308 513
4  47 357 362 396
9  3 8 107 116 139 156 310 367 487
16  0 3 4 15 85 128 239 323 410 587 610 746 774 914 980 985
4  13 231 424 833
28  18 24 63 78 86 94 97 112 148 158 188 189 202 237 239 264 326 349 353 361 413 420 446 457 461 495 774 968
3  13 239 473
12  113 161 186 227 274 300 355 373 551 886 892 985
11  123 239 282 338 437 522 610 764 774 914 943
9  96 105 119 147 205 409 461 473 648
4  66 148 239 364
1  0
8  7 28 182 190 196 224 382 446
2  40 913
8  92 176 239 315 334 368 709 933
16  0 84 100 110 194 212 264 461 464 474 609 702 710 764 774 886
16  7 28 40 50 54 55 82 190 224 250 327 345 382 465 703 784
3  82 465 784
16  40 50 54 55 82 119 147 202 328 345 382 446 703 738 784 920
5  107 116 122 156 310
5  3 380 381 410 774
4  62 164 184 747
10  4 146 154 207 233 476 710 721 920 927
12  52 153 200 397 546 550 569 601 620 671 745 874
6  0 213 238 245 308 596
6  105 219 325 617 758 764
20  4 6 7 9 142 147 148 154 207 216 233 239 249 289 316 410 476 610 710 886
69  0 1 3 4 6 7 8 11 12 15 16 17 20 21 26 29 34 36 41 44 45 48 61 67 79 85 86 91 92 96 101 105 115 119 120 129 138 146 148 176 187 205 214 216 239 289 308 334 349 404 409 413 426 456 461 463 464 617 635 685 710 721 764 816 823 824 835 886 999
78  0 3 4 6 7 8 9 12 13 14 15 16 32 33 36 41 44 48 49 51 61 63 65 66 68 72 78 80 85 86 92 94 97 106 119 125 130 146 147 159 179 187 188 189 202 204 216 239 242 289 308 316 326 349 380 409 410 413 434 446 461 495 561 578 610 648 682 701 708 710 721 761 764 886 914 927 984 985
6  73 165 788 800 803 966
9  3 6 7 155 216 381 488 691 920
15  21 34 178 232 239 247 333 378 441 476 519 587 774 938 982
7  83 180 341 511 747 876 985
7  143 200 499 546 569 671 874
7  142 146 207 218 233 258 710
13  3 6 9 12 32 80 150 264 318 381 410 461 988
10  8 12 91 107 116 122 139 188 289 473
12  48 115 214 216 226 308 349 495 564 774 914 985
3  125 188 189
11  65 68 94 148 239 289 461 501 610 749 774
3  57 266 446
3  127 274 551
4  28 190 382 446
8  104 262 412 675 679 760 851 928
9  16 43 62 141 184 747 774 876 999
8  73 149 254 480 486 586 630 800
5  94 430 461 682 794
4  96 332 461 632
17  76 100 175 244 251 260 278 319 365 374 401 428 710 823 886 914 985
4  80 264 583 894
8  5 279 298 308 316 441 461 690
8  56 271 449 472 536 628 791 939
3  7 755 764
1  98
6  16 18 252 539 553 993
4  168 192 260 401
20  61 92 134 147 187 239 289 308 368 426 506 614 635 721 732 774 816 853 886 920
6  111 202 239 289 938 953
7  151 333 476 587 766 774 982
4  106 148 216 326
12  15 16 51 83 152 341 445 461 497 551 747 921
17  1 13 65 68 239 242 247 264 272 308 473 474 476 551 738 764 823
10  7 28 50 132 196 220 312 382 446 920
6  0 38 47 349 369 461
9  16 62 141 164 551 747 774 816 876
6  36 37 64 375 724 937
13  113 127 198 227 274 355 373 532 551 606 613 886 985
20  3 32 44 80 147 148 176 239 289 308 326 349 461 506 635 685 710 732 774 886
37  1 2 3 4 8 12 15 32 33 39 49 74 78 80 86 91 94 111 119 125 148 156 158 189 202 239 264 289 303 380 473 516 682 704 786 796 927
21  0 1 12 20 49 85 97 125 148 158 188 202 239 256 264 413 551 697 786 796 949
12  28 132 136 162 224 327 382 446 643 703 731 974
12  103 108 293 455 509 584 588 622 719 942 954 960
3  175 346 401
5  64 375 625 724 937
10  0 84 100 135 278 461 702 710 886 927
2  117 234
6  50 132 182 312 382 446
12  3 4 17 49 57 210 241 347 376 619 871 975
9  186 225 227 355 373 532 551 606 862
8  48 246 257 275 301 478 941 969
8  143 153 322 397 550 601 620 745
6  8 30 287 289 492 804
39  1 8 12 13 15 18 24 25 49 63 97 111 112 119 125 138 148 177 188 189 209 216 239 264 289 316 347 348 349 409 413 446 461 495 551 701 704 784 985
14  14 22 26 204 239 289 308 334 461 473 495 682 701 911
22  14 22 26 29 61 92 148 203 216 239 289 308 334 404 453 473 682 701 721 738 829 911
6  129 147 214 289 308 409
10  76 251 278 383 428 770 794 853 886 927
9  142 146 154 216 233 443 614 734 886
2  72 432
3  202 529 863
6  197 241 347 619 871 975
10  5 215 235 298 316 321 461 551 595 712
5  135 405 461 464 710
3  144 245 609
18  6 7 27 29 48 80 115 147 157 205 216 239 289 308 464 495 666 764
5  5 211 235 283 321
31  3 4 6 7 8 9 12 48 109 146 147 148 150 157 179 202 204 207 214 239 289 308 475 495 551 614 701 774 886 897 985
4  30 590 821 926
4  154 493 503 512
3  145 617 764
7  182 265 312 382 663 725 920
4  109 289 551 807
4  7 9 359 967
1  42
12  7 55 132 136 190 243 250 327 382 446 643 974
13  198 355 483 515 517 540 606 607 613 862 886 951 985
6  157 269 308 314 354 417
10  113 127 186 198 274 551 606 655 886 985
4  4 379 707 792
6  87 293 584 622 954 960
4  67 239 398 441
2  124 833
15  1 21 34 79 119 151 289 333 441 456 461 463 476 780 982
10  142 146 154 207 324 410 443 614 721 886
3  195 276 781
5  5 211 215 283 321
8  28 119 327 446 525 605 774 912
7  125 264 420 473 520 695 780
8  0 3 33 144 245 308 609 997
101  0 1 2 3 4 5 6 7 8 9 12 13 14 15 20 22 26 27 29 33 34 36 39 44 48 52 57 61 63 65 67 68 77 78 80 85 86 91 92 94 97 111 119 123 125 126 128 130 134 146 147 148 151 159 176 177 181 187 188 189 202 203 204 214 216 230 242 247 264 279 289 308 316 323 333 334 349 368 390 404 410 441 456 461 473 476 490 501 527 535 551 559 610 666 682 686 704 764 774 786 911
11  3 44 89 114 330 349 439 456 587 721 766
5  197 210 654 676 975
27  1 20 41 68 72 86 91 148 181 239 247 264 272 308 313 368 380 441 461 476 495 501 551 559 702 774 914
5  224 250 327 643 974
9  100 168 278 401 698 823 886 908 914
6  0 144 213 238 596 609
2  199 579
22  13 14 22 63 151 181 239 242 308 313 320 380 381 413 441 473 476 501 549 551 635 985
1  117
3  146 543 670
12  28 50 82 136 224 243 255 327 382 465 661 974
13  76 100 168 206 278 383 428 710 794 853 886 907 911
3  174 422 557
3  116 471 487
4  165 480 586 800
4  250 382 661 774
10  85 97 189 284 296 326 600 697 839 847
2  199 478
1  154
4  6 10 45 436
19  0 1 3 20 35 76 100 168 175 264 319 401 428 429 501 547 635 823 914
10  3 4 17 23 42 58 289 344 434 846
6  104 163 412 675 760 851
3  86 404 789
62  1 2 3 12 13 20 34 35 44 80 94 97 100 110 125 135 155 169 181 188 189 202 237 239 242 260 272 277 278 318 319 380 381 409 410 461 473 474 488 501 516 539 551 566 583 635 710 764 774 786 787 796 813 823 849 853 886 894 907 911 938 988
3  220 312 725
4  57 160 446 769
3  4 587 999
3  53 435 856
1  226
2  39 855
4  171 449 472 536
13  65 68 181 242 264 308 313 380 551 566 702 764 823
9  110 458 577 710 744 764 853 886 999
12  12 109 113 127 161 186 227 289 355 373 551 606
11  48 115 199 291 413 478 521 614 780 816 985
3  234 673 781
8  264 311 381 533 567 598 674 787
17  0 76 100 168 194 206 244 251 264 386 401 523 710 823 853 886 907
12  4 5 49 94 119 170 239 298 308 316 446 539
7  82 281 295 408 416 627 738
7  280 297 408 416 627 660 738
7  128 366 522 610 764 772 774
5  215 235 292 321 976
4  256 296 600 839
2  59 850
2  23 482
5  30 201 377 492 804
2  46 294
87  3 4 5 6 7 8 9 12 13 17 20 23 24 25 26 33 49 58 61 63 65 80 85 86 88 91 94 96 97 109 111 119 146 147 148 156 159 176 177 187 188 201 202 203 204 205 214 216 221 232 239 261 274 308 334 344 348 349 373 404 410 413 429 434 441 459 461 476 501 506 551 635 638 646 666 682 710 774 780 786 816 823 886 920 927 938 999
1  115
5  115 275 816 886 911
2  283 321
12  87 103 108 191 229 335 339 584 588 622 942 954
7  288 399 574 720 785 828 899
7  280 307 416 431 738 773 802
5  256 284 326 668 839
3  281 408 627
8  5 6 170 211 279 316 545 559
6  19 80 85 368 626 764
5  127 372 373 551 985
6  199 478 485 656 941 969
4  48 305 308 316
25  0 1 3 75 80 85 100 188 309 330 356 394 410 439 459 476 554 559 564 702 774 780 786 840 886
6  83 341 363 445 461 780
7  48 302 316 388 451 452 677
5  0 1 461 464 721
5  295 416 669 738 802
71  0 1 3 4 8 12 13 14 15 20 22 29 31 48 56 61 63 68 101 115 119 120 144 147 148 157 170 176 181 187 203 204 205 214 216 226 238 239 242 247 272 279 289 302 313 316 334 348 349 380 404 413 417 441 463 473 474 476 495 501 551 564 571 635 666 701 702 738 780 914 985
11  1 75 303 330 356 394 439 554 702 721 805
5  122 139 367 387 963
6  277 384 533 567 674 798
6  182 196 220 265 518 725
16  41 242 247 272 308 316 380 413 501 551 559 635 702 774 823 903
4  226 352 354 417
4  134 440 889 964
32  4 5 6 9 12 48 49 51 60 63 80 88 118 146 148 170 202 211 239 279 298 302 305 308 313 336 350 380 545 690 786 893
3  89 534 884
3  155 264 988
12  76 100 168 260 264 374 566 593 616 710 796 853
5  22 247 381 549 736
12  4 5 211 215 235 283 292 461 551 647 706 976
5  200 601 620 842 874
6  15 123 239 476 551 774
6  233 414 721 877 932 945
3  145 617 764
19  24 78 85 86 97 112 125 148 179 187 256 296 349 539 600 685 738 774 847
13  7 28 136 190 224 236 243 250 382 446 643 774 974
7  28 40 54 55 138 382 446
1  98
21  0 1 3 9 12 44 80 107 240 303 309 394 439 559 564 587 609 687 704 721 774
3  97 413 971
2  167 753
19  1 7 151 178 232 239 334 404 441 468 476 587 659 701 721 765 771 774 938
31  4 5 20 53 56 63 85 91 92 94 134 147 203 204 239 289 308 333 348 368 373 404 406 441 495 576 626 682 701 721 938
2  103 293
7  118 316 350 400 407 545 665
10  0 1 13 65 94 771 774 776 794 985
9  128 437 522 565 764 774 886 914 943
3  293 622 954
5  6 11 77 349 774
7  83 152 180 304 391 445 780
6  9 88 410 427 463 505
2  104 851
8  26 261 289 348 373 404 551 774
12  28 40 50 54 55 82 119 136 138 404 738 784
1  192
6  8 49 197 202 210 975
26  24 25 79 86 94 97 202 289 308 334 344 351 360 368 373 413 441 461 495 551 682 701 774 830 870 955
46  0 3 6 7 11 14 18 22 27 35 44 47 48 61 63 66 76 77 78 92 115 125 147 148 157 183 187 202 239 240 289 308 326 340 361 371 410 456 461 521 710 774 780 853 976 999
6  316 336 400 407 545 615
3  348 403 737
3  314 354 417
2  125 457
6  226 314 352 417 652 667
12  113 127 186 198 225 274 373 551 613 862 886 985
14  0 1 303 309 394 410 428 439 456 487 554 566 599 840
3  121 362 597
3  117 589 930
4  222 858 962 967
2  348 385
6  125 349 602 653 968 983
4  121 357 757 782
2  304 537
1  130
2  168 433
4  282 610 772 774
4  122 310 963 972
17  3 4 85 134 176 239 242 299 334 348 380 404 566 626 721 764 774
2  0 183
3  70 469 903
6  22 66 349 774 922 956
1  300
17  79 113 127 186 198 274 289 300 334 344 348 355 551 694 774 886 985
4  168 319 593 710
6  37 64 185 193 724 937
1  197
4  287 492 740 804
3  21 151 476
5  228 419 707 845 866
28  3 12 15 20 33 39 49 68 72 80 140 148 188 242 247 264 272 308 313 316 368 381 410 413 488 551 566 635
14  140 150 155 247 264 277 320 380 409 410 413 473 488 674
25  4 6 7 28 44 50 132 136 138 162 182 190 196 220 224 250 255 327 328 446 661 703 774 920 974
8  206 251 392 428 770 794 797 853
2  311 533
1  360
6  76 100 278 423 710 764
3  310 608 963
3  305 452 677
4  16 43 62 551
2  239 581
2  341 445
3  383 770 848
2  59 809
15  107 116 303 309 330 356 410 439 456 487 559 564 580 599 780
5  94 626 680 764 780
1  121
9  143 200 550 558 601 620 671 745 874
2  230 415
4  294 574 815 828
6  336 350 407 447 531 545
13  100 168 175 192 244 260 278 421 710 823 886 908 914
1  98
2  351 737
30  12 15 26 29 48 56 61 67 78 85 86 119 147 204 239 263 289 308 333 334 344 345 368 441 463 701 710 738 764 823
1  212
1  334
4  336 350 400 548
5  280 281 297 416 738
10  44 119 129 147 148 202 205 264 381 721
52  0 1 6 7 9 12 13 15 20 63 75 78 80 85 86 88 91 97 100 111 119 123 140 146 148 155 233 239 264 289 303 342 349 356 380 381 394 413 439 456 463 476 487 541 559 564 566 610 702 774 786 927
1  77
7  104 163 262 675 700 760 851
57  0 1 3 4 7 8 9 12 15 16 18 20 24 25 33 48 49 63 68 80 85 91 94 97 115 119 125 147 148 189 202 247 275 289 308 313 331 348 380 381 410 441 456 461 479 521 551 701 702 710 774 807 816 847 886 971 984
5  324 721 877 932 945
2  398 992
9  280 281 295 307 408 431 530 669 738
7  226 308 314 352 354 448 667
4  44 72 119 542
4  379 729 845 866
7  125 237 425 473 520 692 695
1  401
3  252 508 557
12  76 84 100 386 428 702 710 733 764 774 801 853
3  124 718 833
4  420 473 520 692
13  63 86 147 176 506 604 635 721 774 824 886 917 920
2  342 463
21  0 35 76 100 168 206 251 260 356 383 423 710 716 764 780 794 823 853 886 927 985
8  0 1 3 39 260 289 490 551
6  94 166 461 682 911 987
5  295 416 530 669 738
3  208 489 498
1  365
9  3 4 17 23 58 148 261 289 998
1  268
1  259
5  128 338 764 838 914
4  32 59 461 500
19  0 1 3 240 303 309 330 356 394 410 456 544 564 701 721 766 786 927 985
2  315 964
30  1 12 21 22 34 63 67 151 170 230 232 239 242 247 289 308 333 334 348 404 413 444 461 463 587 666 701 780 911 938
2  89 752
6  207 233 563 614 721 920
5  12 441 514 527 701
12  15 16 43 79 83 91 180 304 341 391 511 780
35  3 4 5 12 15 28 44 55 57 71 86 94 119 125 132 138 148 160 162 182 190 196 202 224 236 266 279 327 328 382 459 461 685 774 888
2  400 545
1  417
5  171 271 472 536 791
3  51 631 961
2  305 677
2  305 388
1  204
2  111 859
7  103 191 584 588 622 942 954
24  1 21 61 85 92 147 232 239 240 349 356 394 410 413 439 463 476 564 701 721 774 780 921 985
3  125 353 594
8  273 577 710 744 764 882 979 999
7  3 4 5 289 303 446 461
1  10
95  0 1 2 3 4 5 6 7 9 12 14 15 22 26 27 32 33 34 35 38 44 45 47 48 51 63 65 68 71 76 79 80 83 86 89 91 94 96 97 105 125 129 135 147 148 155 159 166 167 170 180 183 187 194 202 203 211 212 232 239 242 264 289 304 306 321 348 349 413 430 438 441 446 459 464 473 476 511 551 609 610 640 648 682 690 702 710 774 780 786 886 888 955 976 977
1  117
21  1 22 26 45 147 232 308 342 404 410 427 441 456 476 587 635 701 702 774 780 985
14  0 1 26 135 147 212 214 306 461 554 702 710 774 976
12  28 40 50 54 55 82 136 137 250 738 784 974
3  79 664 711
2  99 633
3  333 603 938
2  370 903
4  6 101 496 556
6  3 107 116 253 487 541
5  171 271 449 536 939
34  13 14 20 22 27 45 94 96 105 119 126 129 156 181 188 203 204 237 239 247 264 308 381 420 425 461 507 520 635 702 710 780 787 888
15  0 3 38 135 181 264 308 481 555 635 687 710 738 774 849
3  216 495 681
29  21 101 142 146 151 178 181 232 239 242 247 289 303 308 323 333 378 410 456 461 463 564 587 701 721 774 780 886 921
9  14 22 31 98 642 650 816 823 853
5  115 199 257 275 301
4  8 30 413 701
4  165 254 586 800
4  474 494 555 738
3  23 286 592
3  225 606 951
2  12 750
2  301 969
2  165 586
16  3 8 46 107 116 122 253 356 394 410 471 541 564 573 580 611
6  3 150 264 380 381 566
3  432 726 768
5  39 44 239 429 551
3  48 614 794
6  30 201 287 377 740 804
3  218 512 878
1  481
39  1 5 7 14 15 16 18 22 24 26 29 33 49 61 79 80 119 125 148 157 202 203 214 216 242 308 334 348 475 524 562 564 701 735 764 774 816 886 938
3  101 470 827
1  180
1  432
3  153 546 874
4  32 59 438 688
12  159 239 242 247 260 264 289 308 313 551 635 702
1  15
1  218
3  34 44 71
3  342 714 860
11  176 187 289 426 604 635 721 774 824 886 920
2  473 780
2  422 557
4  191 719 754 831
2  79 973
8  83 152 445 461 582 690 747 876
5  218 493 865 872 878
1  120
2  444 527
8  225 517 540 570 607 886 951 985
8  0 1 2 188 264 539 704 894
5  225 515 540 890 951
1  312
3  151 587 982
5  237 420 425 473 780
9  48 115 275 349 413 701 816 819 919
5  128 282 338 764 774
2  278 710
4  495 735 774 886
3  236 605 756
1  118
11  0 3 12 29 32 111 239 444 514 610 774
4  51 60 585 645
2  209 863
6  416 431 669 684 880 936
2  400 915
3  186 198 862
5  277 311 384 567 832
2  317 884
6  8 12 30 239 746 764
5  171 271 449 472 939
1  363
2  74 950
13  6 18 86 94 97 174 264 279 326 516 618 879 894
5  225 515 517 890 951
5  3 410 471 487 564
1  418
2  249 670
4  439 564 721 886
7  88 298 316 336 350 400 447
6  52 119 143 153 499 686
1  260
1  407
5  7 14 247 320 823
9  143 200 397 558 601 620 722 743 874
81  1 2 3 4 5 8 12 13 15 16 18 25 32 51 59 60 63 65 75 79 80 83 86 91 94 109 113 127 161 180 181 184 186 189 198 202 211 216 221 227 239 242 247 264 272 274 289 300 308 313 321 323 344 348 355 373 380 389 413 429 461 490 501 566 571 635 651 655 682 701 747 780 799 807 816 823 857 876 886 911 985
3  96 835 957
2  174 993
13  0 1 3 75 80 303 309 356 464 702 774 805 976
9  0 1 3 474 481 635 687 738 823
1  470
4  252 422 508 641
5  397 550 620 745 874
33  0 1 3 4 5 6 10 12 20 21 32 33 34 39 41 44 85 94 239 242 298 303 313 330 394 410 564 578 626 752 764 774 847
1  0
8  0 12 148 578 610 682 774 911
4  495 564 886 978
2  443 696
29  26 29 48 56 80 157 303 308 330 394 410 439 456 476 487 495 541 544 559 562 701 704 721 764 774 780 807 886 985
2  338 943
14  3 264 272 319 356 368 380 410 488 551 616 635 702 710
3  277 311 533
2  95 621
3  143 153 874
1  515
9  63 308 551 635 651 701 783 861 886
1  78
1  487
6  294 399 624 785 815 828
3  22 27 793
6  20 94 334 626 823 985
6  110 273 458 710 764 979
10  3 33 65 85 119 148 559 561 774 816
1  246
2  394 487
1  390
1  511
3  169 264 894
9  87 191 229 293 455 622 678 942 954
1  528
5  165 254 480 486 800
28  1 3 4 7 14 22 44 89 114 123 151 178 240 267 330 333 441 463 476 519 635 752 764 766 774 806 938 999
7  103 108 191 293 455 622 942
2  358 930
3  217 821 926
2  0 3
2  482 751
2  319 374
1  457
1  211
4  0 144 245 717
1  357
3  277 658 674
3  356 394 795
4  256 284 326 839
10  52 143 200 322 397 550 620 722 727 874
2  361 968
2  468 938
8  426 506 635 721 774 786 886 920
2  236 525
10  109 186 198 225 227 274 483 613 886 951
2  225 515
2  387 963
13  0 3 9 33 49 135 213 238 245 330 461 710 823
24  3 4 6 7 9 12 32 86 111 123 128 146 148 159 239 282 366 410 461 527 561 746 764 774
2  487 924
2  66 847
6  186 225 355 606 862 886
21  48 61 109 115 176 207 216 233 275 443 491 721 723 764 777 780 794 807 816 886 920
2  350 728
4  319 566 635 710
7  96 105 145 147 219 325 764
3  539 699 995
5  57 197 210 871 975
11  143 200 322 397 550 558 601 722 745 874 895
2  95 568
11  87 191 229 293 339 455 584 588 942 954 960
1  59
1  574
1  193
13  0 3 20 94 299 334 368 395 559 576 764 774 911
11  7 28 40 50 54 55 82 280 281 297 672
2  171 790
1  22
2  165 800
1  450
1  167
2  99 467
5  4 17 57 73 966
37  63 147 176 187 247 260 264 289 308 313 380 426 463 473 474 501 506 551 555 566 571 587 604 616 651 702 721 747 752 764 774 780 786 823 824 886 999
3  60 63 990
3  106 811 916
4  289 646 927 938
2  109 886
1  461
1  557
6  477 816 823 837 853 911
6  190 224 243 327 834 974
2  108 942
1  528
3  289 638 927
2  321 706
3  129 148 461
1  8
7  477 739 816 823 853 898 927
6  551 571 635 747 876 999
2  354 667
3  361 968 983
1  241
7  113 227 551 799 816 853 886
1  301
2  115 816
1  598
1  333
1  281
4  250 255 382 774
2  76 927
1  220
3  466 711 763
1  336
19  0 1 3 6 12 32 45 52 63 90 102 119 214 239 289 308 441 780 902
4  354 417 652 873
1  296
8  307 416 431 530 822 880 925 936
2  249 543
4  143 153 397 874
2  627 906
2  276 781
4  277 311 381 598
4  104 163 262 412
1  241
3  305 388 451
2  584 954
2  163 928
1  395
1  475
24  0 12 14 61 92 148 166 188 203 204 239 289 334 348 430 461 551 561 702 747 774 780 823 911
3  20 41 823
3  530 867 936
6  86 147 187 326 446 835
3  52 239 546
7  0 330 474 555 702 738 931
2  500 689
1  688
7  5 6 170 316 461 511 780
1  150
2  420 425
3  24 86 112
3  373 775 886
3  237 420 881
1  563
4  85 97 189 256
3  100 244 908
2  618 995
3  412 760 808
40  24 25 26 29 92 97 119 148 202 203 204 216 308 333 334 348 404 413 439 441 444 456 463 476 479 495 521 551 564 571 704 721 774 780 807 816 886 911 938 985
41  0 1 4 6 8 12 15 26 41 84 100 110 135 194 242 272 303 308 309 313 410 413 423 461 463 464 473 501 554 566 635 682 687 710 764 774 780 786 886 931 999
8  28 40 136 138 190 382 774 784
16  0 1 3 78 188 202 239 330 516 564 701 721 738 774 786 894
2  22 996
2  321 647
5  4 228 379 826 866
1  148
1  134
68  0 3 6 7 9 12 14 22 26 35 60 65 76 80 84 86 100 105 110 135 142 146 147 148 154 168 187 194 212 251 264 273 278 289 319 349 374 386 401 404 413 423 428 458 461 464 473 474 523 566 577 609 616 702 716 721 738 744 764 774 780 794 823 853 886 927 938 999
3  466 664 763
2  211 841
2  109 816
1  505
2  63 825
6  428 710 721 764 780 794
1  596
1  424
4  103 108 191 509
2  294 828
59  0 1 3 22 29 61 91 92 97 119 142 147 148 176 204 233 240 306 309 324 330 333 334 368 409 414 426 439 443 456 476 506 544 564 604 614 635 701 704 710 716 723 738 764 771 774 777 780 794 823 853 877 886 920 927 932 938 945 999
5  550 601 620 745 874
6  614 721 764 777 780 794
6  37 64 185 193 375 937
5  220 265 312 920 940
2  489 768
1  601
1  615
1  419
1  5
1  190
2  176 187
2  423 741
2  207 762
4  495 524 774 886
1  320
2  351 403
43  1 2 3 22 40 48 50 54 78 82 85 86 119 138 181 204 280 281 295 307 308 326 345 404 408 416 431 465 474 481 555 687 704 710 721 744 764 780 784 786 823 968 999
4  650 816 823 898
2  377 492
3  733 905 981
1  84
1  550
9  273 458 710 738 748 764 774 780 999
7  143 200 397 558 620 722 874
10  3 4 8 30 85 123 535 610 764 980
25  15 16 43 62 94 141 152 164 180 184 511 551 635 651 682 774 799 816 823 876 886 898 911 921 999
1  744
3  94 159 817
1  484
1  592
15  0 14 20 44 89 119 442 559 587 635 764 774 816 886 985
1  332
2  509 831
1  172
1  525
2  362 782
2  145 764
4  20 41 44 72
5  163 262 412 700 808
3  51 148 786
1  734
2  664 711
77  0 1 3 7 14 20 24 29 30 44 48 53 56 61 76 80 85 94 97 110 128 135 145 147 148 172 181 214 219 239 264 272 273 282 299 325 338 368 386 395 404 423 428 437 458 495 522 535 559 564 577 587 610 614 617 626 635 702 710 716 721 723 738 744 746 752 758 774 777 780 794 816 823 886 911 914 999
2  333 938
8  89 114 178 240 439 587 774 927
3  6 9 774
2  489 726
1  266
5  206 383 392 853 886
6  1 333 337 721 938 985
4  282 366 774 814
1  295
131  0 1 3 4 6 7 8 9 11 12 15 16 21 22 26 29 33 34 39 41 44 48 56 65 68 71 76 80 84 85 86 88 91 94 109 111 123 125 128 135 140 151 157 159 164 176 178 184 187 216 236 239 242 255 264 282 289 303 313 323 326 327 330 333 337 338 340 344 348 349 366 368 371 373 382 410 413 423 426 446 456 461 463 464 474 476 495 506 522 524 527 554 559 561 564 578 587 604 610 626 635 661 682 701 702 703 704 710 721 735 744 747 752 764 766 767 772 777 780 794 816 823 824 855 876 886 914 927 953 985 999
3  694 778 886
2  337 985
9  614 721 723 764 774 780 794 816 927
1  775
1  70
59  1 3 5 6 21 26 48 51 80 83 101 232 237 275 289 303 304 308 341 349 394 395 428 441 445 456 461 463 473 476 507 520 551 564 614 635 666 682 690 701 702 710 716 721 723 738 744 764 774 777 794 816 823 824 857 886 968 985 999
3  234 276 673
2  362 757
2  571 861
13  40 54 55 82 136 137 138 202 345 465 703 738 823
2  294 574
30  3 8 15 51 63 75 78 79 80 83 85 97 188 189 239 264 289 303 316 410 439 461 604 635 702 704 738 761 886 927
5  110 264 277 473 886
1  149
1  263
1  628
5  29 56 171 449 985
1  228
1  575
28  1 13 48 65 94 166 206 251 337 383 428 491 614 710 716 721 723 764 774 777 780 816 823 853 886 911 985 999
1  599
7  3 8 49 188 189 264 319
2  383 958
1  311
7  32 551 655 747 816 853 886
6  149 165 254 480 586 630
2  423 853
2  295 307
1  149
5  30 201 287 377 492
3  80 309 554
1  587
10  109 115 221 413 551 564 614 701 816 985
2  700 760
1  393
1  93
1  637
1  96
4  264 818 854 869
1  772
2  399 574
47  3 8 12 14 22 27 29 31 32 48 62 109 115 147 176 184 275 289 291 413 477 495 521 551 578 614 642 650 655 657 701 713 739 747 752 764 774 777 780 794 799 807 823 853 886 911 985
1  749
2  813 852
2  48 521
3  78 94 119
2  217 590
2  669 936
59  4 9 13 14 20 21 44 60 65 68 80 84 89 91 97 100 114 147 168 181 244 260 264 272 278 289 313 401 404 428 477 549 551 555 576 609 635 642 650 682 683 710 721 738 739 747 764 774 780 784 794 816 853 857 898 911 921 985 999
7  147 426 506 635 774 780 886
1  715
2  707 965
1  496
5  294 399 574 720 899
1  204
1  348
2  509 754
1  533
3  124 231 424
2  643 974
4  96 147 552 685
2  3 8
1  642
2  437 914
5  256 284 296 600 923
2  303 356
1  712
1  322
1  115
1  25
4  379 419 866 904
1  261
14  4 7 22 26 36 48 66 85 97 256 326 413 559 612
1  392
2  264 474
1  285
6  104 163 262 343 412 864
1  818
35  0 7 14 35 76 110 176 206 251 264 273 278 319 349 383 423 428 477 642 650 655 710 721 770 794 799 801 816 823 857 886 911 927 985 999
1  813
6  3 12 39 44 270 774
1  268
5  551 780 823 853 999
2  359 885
1  454
1  505
2  571 783
6  198 225 355 532 613 985
3  209 529 887
1  851
2  512 878
4  379 419 707 845
2  684 936
1  88
1  813
2  348 955
5  197 210 619 883 975
3  512 878 944
1  667
14  143 153 322 397 499 550 558 569 601 620 671 722 745 900
1  55
12  16 62 83 152 164 184 511 551 651 747 774 985
5  324 414 721 932 945
5  493 512 865 872 944
3  34 86 539
4  530 669 925 936
1  695
1  458
2  871 975
2  317 534
1  858
86  0 3 14 16 35 76 100 109 110 113 115 127 135 146 147 148 168 176 186 187 194 206 207 216 225 227 233 244 251 264 273 278 289 291 303 338 355 373 401 413 426 428 461 476 495 506 515 524 544 551 562 564 571 604 606 613 614 635 639 655 694 701 702 710 721 735 747 752 764 770 774 775 780 786 787 794 799 816 824 853 911 927 938 951 985 999
1  863
4  57 446 461 473
1  315
2  517 540
1  98
7  9 12 80 88 109 113 127
1  316
7  80 169 264 516 539 583 704
1  620
1  106
1  216
11  15 16 18 51 83 84 97 650 739 747 823
2  294 828
1  874
1  58
4  3 85 119 666
9  20 41 69 70 95 104 313 370 469
1  845
1  741
2  672 947
3  251 264 278
3  244 401 698
1  113
1  39
33  7 14 22 26 29 56 92 203 204 239 251 264 291 430 441 551 561 626 642 682 701 747 764 794 816 823 853 886 927 934 938 985 999
2  28 236
2  40 133
29  1 12 20 41 72 76 85 86 94 100 119 123 128 148 157 168 242 244 260 308 338 401 437 764 774 838 927 943 985
3  531 946 989
1  637
1  426
1  102
1  521
20  6 7 28 50 138 142 150 176 182 220 289 382 426 443 506 604 614 721 725 940
8  15 21 83 180 456 476 747 823
1  371
1  839
1  611
3  669 880 936
2  217 590
30  0 38 76 84 100 142 148 188 194 206 289 410 428 439 638 646 650 662 710 721 766 774 777 786 853 886 911 914 985 999
3  104 163 679
1  117
5  80 117 358 589 991
2  687 702
5  324 414 721 877 945
2  92 134
2  56 911
3  79 970 977
7  530 669 684 822 867 880 925
6  37 64 185 193 375 724
32  0 3 4 7 14 21 22 34 48 61 85 151 177 264 289 333 334 441 468 495 587 603 638 701 710 721 765 771 886 911 985 999
6  29 56 171 472 536 948
2  725 920
2  199 301
10  103 108 191 293 455 584 588 622 644 954
5  128 338 565 914 985
2  872 878
5  324 414 721 877 932
1  915
1  906
1  939
1  189
1  538
7  225 483 515 517 540 606 886
2  1 2
4  111 177 774 985
12  87 103 191 229 293 339 455 584 622 678 942 960
3  348 461 870
2  66 371
1  552
1  797
1  44
4  191 229 622 954
3  51 79 450
1  359
4  310 367 387 608
2  315 440
1  826
3  73 149 634
2  222 359
13  0 3 18 24 32 86 94 125 361 602 653 738 780
3  199 301 485
1  935
3  97 331 413
1  367
1  510
10  82 190 224 243 250 327 382 465 643 834
7  197 210 241 347 619 871 883
8  15 47 283 321 349 461 464 554
5  45 79 96 461 935
1  562
2  458 577
2  123 746
1  741
5  34 151 178 232 519
2  361 653
19  3 4 7 8 9 16 32 34 44 49 51 72 74 78 91 119 148 413 985
64  0 4 7 14 15 16 29 32 33 48 56 59 68 100 119 123 127 148 152 157 168 186 202 216 225 227 247 275 300 308 337 355 373 428 439 456 463 515 551 564 576 701 752 771 774 776 780 791 794 807 816 823 853 862 876 886 911 914 927 938 943 953 984 999
1  108
1  430
4  9 155 264 318
1  915
3  60 63 636
1  930
1  415
3  18 174 553
1  20
2  618 699
2  22 705
1  238
1  434
28  147 164 267 273 289 349 458 587 635 651 702 710 721 738 744 747 764 774 780 794 823 853 857 886 911 927 938 985
