1000
8  136 296 310 396 440 477 594 701
6  124 291 297 391 603 692
10  216 286 324 443 598 624 628 678 883 973
9  11 106 452 590 641 757 804 844 975
9  18 529 809 811 834 936 952 974 985
8  29 119 210 370 379 509 827 848
7  26 469 532 560 708 830 979
14  96 115 173 194 207 212 520 528 582 617 815 900 931 958
11  44 93 117 149 268 354 468 576 645 772 854
14  72 176 189 260 334 395 566 626 677 679 681 763 966 999
19  73 184 291 293 358 366 394 401 516 552 555 601 772 788 821 859 913 984 989
4  3 519 681 706
15  126 170 207 253 290 471 472 498 665 796 819 844 851 864 992
6  51 449 564 572 753 913
7  241 261 310 409 420 686 857
5  120 271 388 865 991
12  53 135 176 201 206 287 342 614 696 845 958 994
7  97 176 314 399 433 964 980
14  4 44 84 128 140 313 583 595 602 623 668 834 845 970
6  174 569 693 796 896 950
10  23 67 141 267 388 392 596 898 936 948
8  288 340 435 569 693 857 882 925
8  116 515 612 657 813 879 939 958
13  20 42 120 366 376 384 460 488 568 766 801 874 881
11  194 298 349 384 449 471 576 716 752 777 816
8  45 205 292 300 334 902 908 958
13  6 103 166 351 358 389 472 509 692 703 767 783 932
7  33 107 135 720 774 790 977
10  113 301 526 632 701 744 810 877 898 970
8  5 335 381 420 434 640 957 990
6  133 181 297 308 638 812
9  179 345 372 380 458 508 554 637 709
10  96 189 485 509 514 565 570 664 742 928
10  27 47 375 487 544 568 708 839 853 972
5  106 351 561 644 938
13  66 126 189 368 390 418 422 582 624 794 897 983 986
12  84 262 315 441 465 561 650 657 703 787 852 973
3  183 981 998
11  63 103 331 385 438 447 466 605 622 667 864
7  77 180 509 739 757 873 876
9  69 313 337 372 650 664 762 863 942
7  98 337 368 616 750 904 942
12  23 49 154 258 367 390 446 465 757 868 916 952
9  109 201 323 403 695 716 746 808 918
7  8 18 176 306 495 828 829
10  25 96 178 386 396 602 647 702 799 912
12  90 127 137 175 226 242 251 546 687 793 843 929
7  33 259 415 463 617 824 901
8  54 100 185 213 437 799 873 973
12  42 96 97 185 218 283 476 651 664 726 772 894
6  316 731 780 928 934 984
17  13 78 159 174 177 243 262 266 350 424 427 437 443 494 842 843 907
8  115 206 326 385 453 509 595 973
17  16 80 187 234 244 303 324 430 502 549 574 803 830 863 918 931 951
11  48 131 188 267 479 506 533 580 599 716 806
12  139 174 330 334 361 401 420 639 728 740 821 966
7  193 231 605 629 830 831 908
7  78 286 338 691 749 780 786
8  281 399 482 484 607 631 793 848
4  93 112 218 805
9  137 193 581 625 630 755 829 838 860
7  100 311 404 435 586 825 994
9  283 419 473 567 712 797 825 832 956
12  38 220 264 279 292 407 431 477 538 690 728 971
11  92 281 338 349 421 470 567 587 722 808 947
14  213 228 240 268 336 429 527 655 726 746 761 788 937 950
14  35 126 184 259 309 360 399 423 439 507 583 695 951 980
7  20 93 105 481 635 657 685
13  288 322 416 470 484 524 546 598 620 827 831 848 869
11  40 98 156 198 209 282 392 414 483 505 933
8  399 469 536 608 734 751 935 979
10  144 304 328 454 551 620 760 846 975 999
12  9 104 128 255 396 520 580 644 833 870 899 928
12  10 93 202 272 399 498 541 562 675 695 717 959
9  160 214 325 403 504 552 665 850 911
12  123 370 412 424 575 645 693 813 874 938 966 998
6  312 328 336 432 461 980
9  39 152 515 588 669 688 745 867 927
10  51 57 276 317 333 418 490 590 634 946
13  85 96 344 350 382 392 416 592 627 665 696 721 813
10  53 103 472 561 596 820 887 915 934 944
6  433 501 512 607 819 931
7  87 278 332 625 783 929 979
10  208 433 444 466 486 558 710 764 792 993
10  18 36 108 254 302 373 376 585 667 822
11  79 153 184 336 566 642 867 906 932 955 967
11  114 189 191 297 312 325 422 426 480 661 940
10  82 197 275 474 476 549 591 861 926 941
7  401 415 418 425 773 855 871
4  439 524 703 938
10  46 93 100 213 451 510 555 744 962 965
7  458 502 547 567 740 815 821
9  64 104 307 325 351 499 572 587 631
14  8 59 67 73 90 166 308 498 555 562 573 625 654 714
13  159 302 380 409 480 510 515 527 548 602 645 684 692
11  126 255 404 534 561 703 741 759 762 981 989
10  7 32 45 49 79 105 423 497 747 765
7  17 49 144 395 533 538 837
12  41 69 183 236 329 442 444 525 563 613 856 982
12  133 308 411 413 492 512 513 567 751 896 904 917
16  48 61 90 109 160 280 319 365 623 660 694 778 818 855 948 992
12  136 337 518 545 547 721 845 885 905 916 917 964
12  285 308 377 385 448 473 640 656 674 798 924 996
12  26 38 80 182 322 426 546 819 869 889 907 946
10  72 92 109 137 487 531 544 634 802 809
9  67 96 298 473 487 683 703 973 997
11  3 34 281 303 401 446 684 720 831 902 949
14  27 229 255 345 370 428 451 475 487 495 502 542 729 790
12  84 236 474 484 485 502 521 608 652 828 846 933
14  43 100 104 127 166 255 399 486 664 683 713 722 779 862
11  186 190 301 307 320 383 412 539 638 776 860
4  351 493 623 880
12  59 166 175 302 403 424 497 561 698 807 885 968
11  28 119 247 323 361 435 544 637 728 744 999
7  86 123 297 648 756 825 900
9  7 52 143 403 410 427 486 538 784
7  22 217 421 429 726 797 837
9  8 154 289 328 378 484 706 819 841
7  237 397 472 519 587 706 903
8  5 113 267 275 421 539 792 819
11  15 23 162 365 410 658 874 910 922 925 928
8  126 184 217 462 569 820 934 959
11  156 175 370 405 605 640 883 923 954 982 983
10  75 114 242 310 360 511 570 589 644 882
9  1 175 301 351 565 605 708 782 961
7  177 328 488 795 894 969 973
13  12 35 66 95 121 213 339 400 552 664 732 749 901
13  46 109 416 513 514 534 594 597 707 750 829 876 945
7  18 72 184 365 407 590 902
16  214 451 457 500 519 609 742 772 838 852 866 905 937 948 951 998
8  151 198 334 401 437 755 887 952
7  54 234 382 518 552 868 931
7  217 293 323 330 360 639 764
10  30 99 385 393 477 492 571 637 713 988
7  278 421 587 597 744 849 884
8  16 27 145 312 544 558 773 952
14  0 101 177 193 232 337 340 400 440 463 525 562 739 836
9  46 60 104 150 151 557 664 788 930
13  152 197 351 460 505 571 576 629 646 749 771 902 934
5  55 348 422 975 977
14  18 222 277 327 378 406 478 560 691 778 874 920 969 984
13  20 398 455 465 469 483 566 576 586 644 763 808 878
6  162 215 228 329 331 575
15  115 224 230 318 413 462 643 678 742 807 834 875 929 954 962
11  71 97 174 387 522 548 562 590 741 747 757
12  135 245 293 328 447 479 508 515 517 548 609 952
12  249 394 482 544 632 665 684 748 866 880 953 960
6  302 507 613 835 874 930
10  198 316 324 362 503 543 552 734 934 972
11  8 157 185 291 359 409 417 525 622 820 848
10  137 215 403 458 559 578 622 845 925 992
8  130 137 252 477 683 748 755 845
9  77 138 234 239 452 565 654 704 751
9  85 246 328 439 476 517 518 767 974
10  42 117 225 290 299 446 457 576 747 821
10  240 298 616 672 758 830 885 894 944 967
15  69 122 245 257 286 332 445 467 484 587 642 679 808 816 945
5  149 180 214 335 786
6  184 222 395 554 560 762
15  51 94 182 211 411 436 503 675 689 727 752 839 927 982 992
11  74 100 310 467 524 532 635 734 841 901 996
11  162 177 226 260 419 568 575 612 624 682 885
16  120 142 161 279 314 317 407 430 465 574 594 647 811 857 960 968
8  220 239 364 583 690 714 722 786
14  194 199 247 359 488 514 522 596 622 636 678 715 721 956
12  264 471 543 576 620 748 795 807 815 833 876 986
14  26 93 109 112 284 293 349 413 450 458 598 804 885 933
6  188 431 498 658 907 998
7  337 456 493 518 657 795 840
8  318 339 394 601 677 828 855 899
7  12 422 470 671 867 868 889
4  390 420 485 885
5  215 326 499 878 928
9  7 304 370 486 543 548 696 769 851
14  19 51 55 144 229 312 351 408 419 495 536 877 918 923
15  46 112 122 124 320 328 387 669 720 746 831 882 896 913 936
10  9 16 17 44 244 546 675 695 768 817
10  51 125 136 161 237 338 410 846 901 904
8  45 365 388 483 672 769 788 943
5  31 466 645 674 908
12  39 157 226 373 422 431 698 734 937 942 969 997
10  30 208 260 460 502 526 550 700 932 997
11  103 159 199 351 428 595 714 719 726 821 844
15  37 98 276 363 406 468 499 568 594 841 854 864 936 939 981
9  10 66 85 121 128 158 568 719 847
14  48 49 149 188 195 333 470 513 518 549 558 587 787 798
9  110 220 223 348 359 800 873 907 987
10  53 194 261 418 444 705 709 735 771 850
11  54 167 185 196 243 271 308 578 793 839 932
15  9 32 35 86 257 313 422 431 477 685 731 762 787 790 803
15  110 290 291 367 372 423 488 594 598 673 763 825 933 935 987
5  86 262 300 425 692
7  254 614 648 668 764 816 941
9  56 60 136 424 488 520 571 922 989
10  7 24 164 187 285 287 551 577 750 821
15  185 237 324 354 409 438 521 550 574 691 709 726 732 757 982
7  188 396 617 697 705 802 962
7  87 138 333 619 681 793 868
10  69 130 148 362 517 709 776 817 843 910
11  164 182 216 515 520 538 558 920 925 957 960
9  203 250 260 507 512 548 852 857 937
10  16 43 378 476 485 533 553 638 726 812
10  73 243 451 519 533 652 673 699 702 740
10  200 209 234 335 625 783 854 882 910 930
5  419 583 863 890 946
7  25 368 394 802 883 921 938
11  16 52 292 297 375 390 417 492 527 688 859
14  7 12 220 270 297 411 487 584 777 792 813 819 878 883
8  83 181 227 363 531 587 590 970
8  69 203 315 496 538 582 777 998
7  5 261 269 347 375 439 545
4  159 370 448 894
6  7 281 285 569 845 850
15  48 65 90 126 303 317 359 547 599 614 737 836 887 919 996
10  74 129 157 270 355 519 607 758 870 893
12  142 150 172 397 459 670 743 801 941 958 960 998
8  2 199 345 401 419 491 680 838
16  116 121 132 289 302 367 472 521 626 636 657 777 781 801 912 913
12  49 59 245 274 296 319 398 413 468 474 586 815
5  340 518 648 730 818
6  63 163 186 207 277 352
11  325 481 483 504 623 661 763 839 843 905 942
11  140 158 277 371 375 557 573 842 846 865 875
12  186 249 250 431 534 536 585 780 781 847 939 985
11  143 365 483 562 574 628 641 678 719 973 980
9  154 268 282 315 394 514 568 681 820
11  46 161 180 268 412 504 626 728 820 883 971
9  208 292 364 411 413 507 592 720 889
12  65 142 352 399 436 457 463 535 556 684 918 995
12  107 174 253 376 433 577 622 645 708 824 830 919
5  143 494 518 644 705
10  56 295 414 488 495 560 757 775 854 872
3  136 324 495
6  284 510 751 833 938 992
11  53 131 152 203 349 417 636 689 772 804 928
9  380 479 493 517 554 795 927 928 935
6  98 108 313 693 766 957
6  118 177 195 430 760 793
15  274 305 315 339 395 403 494 647 720 758 798 894 940 944 954
11  152 163 290 356 391 638 656 789 818 931 933
12  65 155 248 400 483 525 538 549 767 805 830 891
10  14 272 297 310 343 349 488 758 781 908
8  46 123 394 404 470 628 743 886
7  51 188 202 320 476 487 563
14  53 176 309 371 373 423 545 568 580 685 786 799 850 913
13  145 156 218 291 309 421 489 550 560 564 619 761 965
8  153 602 616 663 902 919 941 943
8  113 164 248 442 716 799 866 928
10  240 247 278 388 453 618 698 746 777 922
8  146 223 331 501 606 640 743 900
9  200 223 328 355 385 540 559 581 975
8  46 347 383 409 411 446 450 673
9  151 269 450 567 710 715 793 889 916
14  12 229 359 409 471 484 609 639 713 767 817 832 937 964
6  84 192 293 499 675 947
10  72 95 107 109 532 586 637 824 936 948
11  294 318 376 421 536 609 626 729 793 916 954
13  156 189 267 352 397 494 506 824 869 885 964 966 998
13  42 355 357 363 591 637 746 773 832 863 868 881 892
11  47 66 269 290 313 333 369 480 526 665 959
14  9 161 181 200 285 387 525 646 658 701 784 906 937 948
10  14 187 210 305 488 639 806 883 956 962
11  36 51 191 301 314 480 550 724 793 888 997
3  732 877 978
11  63 165 375 445 501 608 681 742 752 982 995
8  331 379 466 479 592 602 683 937
11  51 282 362 378 498 534 573 585 640 773 963
13  20 54 119 257 329 411 479 548 694 851 963 973 994
10  8 65 225 226 297 495 496 781 835 972
12  210 252 259 278 327 375 416 430 557 585 682 997
6  207 214 389 458 475 507
11  15 188 324 449 488 530 740 745 757 929 969
7  73 241 379 445 517 732 948
2  286 396
5  218 238 402 550 654
7  87 119 611 688 832 876 926
10  78 183 349 494 615 635 756 785 848 865
7  140 220 222 649 670 765 927
9  82 134 248 269 450 487 654 717 794
6  63 162 382 629 865 946
6  100 363 515 552 630 924
10  58 64 106 212 367 502 570 833 910 958
10  69 225 266 295 562 688 708 756 926 927
14  49 62 296 338 354 368 391 551 705 716 727 848 863 886
12  166 233 318 538 614 647 690 754 783 893 906 929
14  102 194 212 260 305 348 375 459 474 549 554 695 734 835
11  2 57 156 273 301 373 464 469 569 724 810
11  16 194 431 454 557 616 700 823 860 965 997
6  21 68 419 708 749 982
6  117 217 652 705 884 953
11  12 154 190 239 259 383 564 606 614 817 949
15  1 10 149 190 245 303 312 453 559 569 691 706 894 926 990
14  25 63 206 227 305 423 424 445 536 616 716 718 805 863
14  10 132 145 166 254 342 492 556 656 681 716 953 971 993
13  256 388 430 477 527 533 647 701 702 703 706 711 902
9  231 282 357 573 614 657 744 788 902
7  0 218 283 301 495 798 945
19  1 30 86 114 206 207 241 268 322 358 396 504 542 550 601 738 827 836 869
9  24 105 155 308 459 699 736 793 811
7  154 407 520 623 733 889 914
11  25 191 326 391 515 581 608 627 795 849 947
15  28 110 124 262 286 296 353 480 513 536 578 673 767 781 937
17  84 94 112 147 217 304 322 430 489 503 509 719 794 829 864 867 916
8  53 106 213 291 404 574 627 859
12  71 173 302 320 377 380 382 409 471 705 725 848
5  238 261 285 292 792
7  44 365 382 432 464 756 831
11  92 110 351 414 582 634 697 777 787 905 999
9  30 93 99 102 188 298 345 701 826
7  66 244 245 726 856 868 988
13  0 14 123 160 241 533 691 761 770 817 821 846 999
6  61 403 415 467 492 949
11  76 86 135 174 291 331 422 427 675 810 831
10  18 40 189 236 259 401 482 503 719 944
9  17 162 262 481 509 518 568 655 990
11  36 209 225 238 547 634 724 853 856 914 982
10  50 148 362 396 407 518 522 564 906 962
6  78 162 213 624 699 701
10  143 169 256 284 369 428 572 685 735 814
10  100 218 401 419 438 555 573 790 853 912
12  110 175 243 304 396 531 625 634 710 791 810 895
2  687 921
7  68 103 297 302 367 533 709
12  43 113 132 365 410 438 519 608 681 768 895 969
12  2 53 148 195 232 271 363 604 728 840 915 947
8  74 86 92 221 348 410 441 578
11  52 172 300 356 605 619 650 691 706 938 970
14  140 269 330 340 344 404 419 456 515 540 556 689 964 973
12  71 76 117 125 145 153 175 250 438 548 620 862
11  98 142 267 357 444 465 483 495 497 673 818
10  55 132 327 482 615 683 705 846 910 945
12  38 142 249 265 312 394 442 594 761 856 897 918
11  82 156 426 604 658 710 749 772 831 832 998
6  78 185 197 259 541 621
9  9 25 55 130 724 746 888 908 994
15  29 157 203 349 464 565 570 573 581 593 641 814 875 909 949
7  65 76 85 441 516 759 977
11  40 41 101 136 168 433 594 728 892 940 972
10  57 64 177 283 362 416 598 733 849 872
8  126 169 238 475 527 737 942 944
11  21 136 219 327 416 600 614 721 754 819 966
7  347 368 384 438 541 750 831
8  16 293 391 434 895 928 937 953
4  241 356 462 769
8  79 327 381 515 532 596 742 939
10  31 107 216 308 372 673 709 752 899 993
9  636 674 704 711 843 899 903 979 983
19  210 251 341 368 384 507 511 538 555 606 625 664 679 715 739 789 854 910 958
9  139 186 285 325 444 614 721 791 915
9  24 64 166 234 241 276 335 710 773
8  51 79 364 416 461 745 908 943
14  26 34 92 111 124 138 174 182 307 474 492 693 887 894
9  220 228 257 505 635 644 668 727 864
6  301 395 523 621 828 860
11  8 195 283 390 447 625 725 747 905 930 965
8  214 250 258 402 555 628 829 956
11  239 326 343 489 561 645 669 783 842 970 988
9  258 295 329 576 740 808 840 885 913
9  10 26 297 407 424 462 567 640 970
13  149 164 186 213 253 410 573 678 713 900 928 932 999
6  66 123 132 567 614 997
9  55 113 447 461 481 607 620 653 812
13  148 198 266 316 338 409 429 458 599 693 707 961 966
8  183 208 258 280 324 405 461 949
14  163 227 350 417 434 446 459 546 614 779 894 900 902 946
21  100 120 128 178 224 306 323 380 405 440 472 585 654 742 762 795 819 834 870 875 952
13  10 23 424 450 504 528 565 597 638 731 789 857 964
13  42 190 217 281 322 465 533 553 821 857 875 939 966
12  35 41 205 283 341 347 404 602 775 783 836 930
9  259 318 392 513 560 725 802 805 891
12  5 75 107 122 173 211 423 631 660 767 807 986
9  222 244 420 434 451 560 667 980 981
10  31 40 190 345 524 547 629 682 763 852
10  84 180 244 286 477 632 748 849 889 892
7  609 611 743 850 862 960 988
12  33 206 210 222 264 269 285 693 739 786 817 863
8  23 84 229 256 393 479 815 967
6  102 304 454 740 810 950
10  117 140 201 266 625 684 751 753 915 961
10  5 265 272 414 460 575 641 889 904 976
15  31 94 235 304 365 489 536 554 643 777 899 909 969 981 992
8  29 344 487 519 583 647 794 806
10  79 131 279 304 306 400 548 557 648 754
16  110 251 290 410 419 594 625 654 672 698 791 798 817 818 923 964
9  23 24 341 347 460 587 756 982 998
13  38 52 102 133 250 390 428 473 492 696 718 736 808
6  45 391 585 612 653 757
11  144 175 260 440 529 569 654 661 691 729 993
12  15 20 178 248 294 476 505 528 601 685 724 953
5  26 270 569 885 914
10  35 42 171 206 354 385 582 661 669 806
14  1 239 283 300 342 386 419 536 543 584 891 894 903 975
10  20 69 79 369 476 504 536 764 821 874
7  133 376 398 416 765 792 986
14  10 146 169 205 225 242 331 470 481 516 568 669 754 958
11  9 97 158 238 353 599 735 848 868 892 961
15  0 45 72 196 273 297 316 320 513 541 602 735 794 813 903
8  118 215 257 742 745 772 779 938
7  141 218 393 499 543 711 911
12  17 58 66 70 73 109 228 420 555 819 951 997
11  126 136 240 382 551 556 643 772 832 875 959
17  10 55 88 106 130 216 313 319 435 494 564 572 744 775 803 864 997
15  274 355 467 622 657 696 713 747 840 915 919 942 956 962 974
12  43 74 112 115 150 238 311 581 595 675 775 945
9  61 95 242 303 327 368 495 738 942
9  122 363 365 478 510 654 669 675 942
6  140 183 424 661 755 856
8  63 128 162 299 316 358 450 835
6  174 530 547 576 634 944
15  14 94 149 195 251 253 304 362 558 656 665 890 922 937 974
11  115 120 177 323 325 359 383 747 750 806 833
7  99 159 207 227 251 267 886
7  75 110 226 599 615 785 863
11  99 143 166 218 227 424 429 609 717 948 956
7  69 231 307 379 753 940 963
13  47 88 311 475 476 508 552 594 645 726 770 945 987
14  68 79 127 269 338 340 350 393 517 770 791 919 956 985
8  149 206 234 364 544 637 850 948
7  35 78 88 187 523 641 756
17  62 161 174 204 216 288 319 327 383 391 478 541 643 658 849 884 973
12  14 29 55 171 371 399 563 612 818 890 980 989
9  64 116 119 134 245 256 479 577 863
12  35 86 139 170 180 189 312 463 534 556 559 895
15  66 96 190 244 292 370 476 514 712 774 822 889 897 981 998
17  51 75 112 193 292 358 366 406 413 478 516 520 574 655 658 919 923
6  88 191 642 672 838 994
8  86 103 332 557 633 728 735 892
8  51 115 312 490 579 680 784 917
10  107 182 318 385 600 769 846 887 892 986
7  65 116 362 413 610 671 951
11  53 162 237 269 294 302 477 541 601 662 940
10  63 167 180 189 223 287 533 574 635 882
9  76 306 614 713 739 741 874 954 992
14  17 81 83 229 337 488 597 662 692 713 745 889 958 990
9  29 342 364 371 509 582 618 624 752
11  21 61 113 401 500 570 638 744 814 894 913
11  159 228 480 582 674 768 833 837 844 869 877
9  48 51 130 481 724 754 794 928 940
13  38 195 319 323 328 341 561 703 733 763 795 848 872
12  66 89 153 210 451 527 603 634 723 854 949 982
7  0 136 365 387 460 657 790
7  36 325 336 529 620 698 870
6  98 247 331 447 520 591
13  2 51 454 460 510 557 689 852 857 876 895 901 910
9  83 98 187 329 348 635 658 797 810
5  156 264 272 292 700
8  42 106 154 251 364 621 803 817
12  38 145 354 361 442 450 487 666 889 929 955 961
7  102 211 623 630 660 702 837
6  13 24 271 658 675 957
14  166 251 252 278 366 407 447 475 678 688 776 778 818 948
13  90 107 129 202 371 439 507 613 646 731 879 900 978
9  3 152 467 505 540 606 892 943 984
11  52 248 291 522 704 716 731 894 980 981 989
6  71 287 377 443 541 699
3  141 593 694
6  168 327 496 885 886 938
8  129 154 228 609 725 934 945 974
10  31 91 150 166 270 362 460 735 857 952
5  215 285 298 364 775
13  23 138 181 379 384 440 443 458 487 545 621 715 848
9  76 350 361 363 516 631 795 820 887
14  121 143 343 358 481 494 495 544 659 663 724 772 834 985
11  47 136 228 422 732 805 864 912 922 957 963
7  286 306 335 530 711 823 924
16  36 42 141 162 329 367 481 650 702 781 788 811 895 934 937 959
9  38 83 179 265 592 904 948 974 975
9  156 160 311 402 452 567 740 771 915
11  8 183 218 565 630 713 716 772 795 832 835
11  6 70 141 286 513 669 679 769 823 877 969
13  64 68 170 185 242 394 643 698 711 834 859 979 998
9  12 24 165 253 304 689 786 787 866
9  12 26 80 118 217 365 527 587 711
8  62 102 105 385 494 574 721 976
7  87 108 218 285 351 622 854
9  107 270 339 415 450 629 630 665 956
14  49 87 153 201 243 388 392 415 423 552 686 689 763 796
15  0 63 133 151 189 294 373 430 515 710 767 770 775 829 947
11  140 405 419 424 524 541 651 805 819 926 976
13  54 145 235 265 267 376 421 513 521 563 645 780 862
12  86 94 259 262 301 436 622 638 774 817 944 961
15  67 221 314 361 394 437 462 465 491 531 550 640 751 817 838
11  58 146 313 330 487 543 625 695 696 761 964
17  69 141 178 221 224 240 329 573 583 706 712 765 818 881 897 929 999
8  58 68 108 117 156 253 710 806
11  32 108 171 201 525 531 815 870 873 912 972
8  83 109 115 173 504 588 670 958
18  33 104 105 107 207 243 278 381 447 460 482 496 502 542 584 637 892 980
16  23 125 164 190 193 231 241 261 271 433 517 538 552 621 685 916
10  245 302 356 380 579 669 712 824 964 987
6  78 427 721 867 911 953
7  216 481 500 619 696 699 988
13  99 133 206 293 311 351 385 497 643 823 827 928 989
9  111 168 235 517 548 662 757 841 842
12  51 230 238 257 276 401 462 473 714 780 798 975
19  44 107 174 231 232 268 296 329 404 462 565 570 681 706 785 789 810 831 864
10  209 268 456 487 507 558 603 915 943 982
7  96 112 329 492 498 836 884
12  12 73 93 167 266 497 503 544 565 852 905 986
7  92 172 183 254 398 523 771
6  129 435 491 538 729 942
6  81 249 264 765 783 866
11  53 91 107 108 181 281 487 547 744 817 832
9  148 159 302 313 498 703 770 836 879
15  74 221 226 297 366 392 486 625 739 861 937 938 957 982 983
11  69 138 352 388 452 555 767 837 841 899 926
5  54 257 700 722 749
14  66 147 200 227 270 347 451 496 585 586 611 809 870 923
12  31 145 415 514 520 539 568 571 682 693 794 970
13  5 26 32 39 52 302 314 434 593 641 734 769 803
9  90 94 233 405 443 570 581 638 853
10  123 347 518 520 605 719 768 918 928 964
8  81 99 200 559 634 740 940 995
12  99 127 185 301 369 396 469 479 658 682 927 950
6  32 127 164 225 423 508
12  22 77 94 145 199 280 300 327 344 477 561 868
9  10 336 394 424 461 785 903 912 948
11  145 153 198 235 272 416 488 493 682 933 979
15  101 131 153 168 185 219 230 314 316 511 527 631 660 759 869
12  11 118 129 202 214 323 381 688 737 739 776 780
14  7 72 193 199 299 424 442 508 511 549 623 745 839 917
9  108 195 217 479 746 752 761 930 953
8  144 164 316 453 653 659 829 899
6  353 418 499 642 760 919
15  68 89 160 372 478 539 601 615 656 706 783 842 928 950 973
13  98 136 149 240 260 485 660 774 788 821 866 887 907
8  28 181 259 536 614 767 972 973
13  65 94 206 294 339 439 472 518 596 614 698 809 851
5  7 366 388 647 941
9  4 387 441 549 593 619 716 852 864
9  271 408 464 753 843 886 913 944 982
9  104 208 320 481 485 545 583 786 908
10  6 160 255 344 714 735 736 775 785 913
15  54 97 201 202 294 310 322 367 431 661 673 703 724 780 989
8  95 127 223 266 422 862 941 978
2  228 826
13  70 174 223 256 292 301 380 391 392 526 681 870 996
4  620 729 749 872
18  63 97 115 199 209 240 284 347 488 500 547 549 563 616 668 777 844 958
6  110 119 508 524 713 934
7  250 327 452 630 822 893 924
11  73 333 341 396 419 430 454 478 649 717 941
5  107 297 487 740 782
14  148 165 173 391 398 482 559 698 718 719 851 870 885 940
12  33 104 113 135 146 417 462 498 574 616 676 701
12  101 210 244 460 531 587 595 607 630 728 749 881
10  46 68 103 176 364 678 724 757 801 806
13  91 101 213 315 372 408 502 538 588 671 689 764 784
9  94 144 145 173 200 267 328 382 493
12  53 87 185 240 285 520 529 538 716 894 918 990
13  181 195 245 262 274 297 481 705 713 744 844 898 903
10  71 194 283 400 736 827 872 884 954 991
13  10 74 126 131 148 280 415 476 488 692 741 801 846
7  201 367 605 634 713 909 978
9  31 158 235 285 380 592 601 657 815
12  10 90 93 319 347 355 399 505 852 905 916 987
11  228 293 327 400 422 599 693 728 730 992 993
12  137 222 269 287 382 426 443 627 787 797 911 973
7  83 135 185 199 409 496 812
10  150 250 291 422 512 543 675 760 778 875
13  6 140 158 231 245 369 371 689 704 786 795 888 986
14  34 36 80 95 112 356 438 515 665 695 895 918 934 983
10  73 93 136 144 224 282 588 675 830 984
9  98 243 420 479 538 685 729 891 936
9  13 245 290 316 401 685 740 932 985
9  32 124 152 335 366 468 495 498 948
5  9 85 141 633 737
9  62 64 91 99 252 358 360 467 570
13  23 33 161 183 184 225 244 314 394 508 923 932 960
12  19 21 121 212 286 291 387 389 670 751 842 865
12  32 123 281 335 435 495 510 567 700 950 964 980
5  133 138 193 508 762
9  13 92 318 401 581 742 870 899 916
9  93 222 266 295 319 335 359 483 749
14  53 162 195 224 303 424 431 473 544 614 621 672 743 791
9  75 142 161 379 697 703 736 767 886
10  8 24 138 141 154 165 357 408 923 987
4  194 229 421 882
7  150 188 301 325 756 954 999
6  427 489 617 743 760 879
8  54 72 244 581 740 811 821 994
11  60 250 300 335 403 510 572 580 599 646 953
10  7 35 209 307 390 434 436 668 947 984
12  18 66 163 204 381 483 531 628 629 646 808 831
5  207 391 487 853 874
11  84 223 266 269 365 386 507 588 762 821 971
8  61 141 218 255 507 748 878 995
11  64 92 118 134 156 185 208 384 472 545 630
11  77 486 547 562 585 657 699 733 759 811 874
4  123 742 785 988
9  3 78 128 144 208 601 794 893 911
5  87 258 442 743 961
12  79 227 265 466 554 655 678 746 841 849 856 993
9  335 455 509 529 621 741 808 910 934
12  0 127 162 183 190 331 337 383 415 714 821 841
11  18 52 182 403 545 694 714 879 933 948 970
8  20 80 164 344 527 703 745 899
10  127 134 366 433 643 797 823 903 984 994
10  2 68 166 190 338 629 770 797 849 914
16  54 213 362 395 412 556 581 688 696 763 866 867 925 927 944 966
5  340 428 760 814 892
10  10 169 297 388 430 524 554 590 673 855
9  18 45 94 246 265 368 396 838 885
8  1 439 496 611 626 777 887 980
3  324 332 921
10  38 56 122 124 326 511 553 787 852 890
7  249 290 347 452 611 784 811
7  58 81 214 361 545 779 854
7  70 108 264 300 323 821 859
12  129 145 253 256 374 413 457 672 697 741 900 931
2  429 997
8  275 374 507 603 606 772 811 917
11  22 161 386 420 642 650 654 660 776 887 897
6  98 147 451 795 822 954
22  16 192 213 284 290 295 340 348 360 364 432 526 527 574 670 680 684 706 838 854 894 933
9  276 330 412 524 616 633 740 805 979
13  41 155 246 287 292 538 544 615 618 710 736 822 961
10  7 47 196 579 682 697 767 805 908 975
7  248 434 616 638 660 906 993
6  197 245 326 491 529 824
10  68 71 165 328 361 441 537 902 958 977
12  333 353 446 460 488 574 593 624 642 732 800 820
11  38 149 150 164 229 402 474 480 679 927 996
10  18 100 111 221 299 448 520 782 883 906
9  2 35 161 317 434 621 693 822 864
14  60 82 93 203 320 347 354 378 383 482 504 638 796 867
7  9 217 226 256 603 819 953
6  79 300 303 557 665 667
8  2 224 242 355 583 662 884 971
10  56 138 279 372 475 583 598 803 897 961
9  60 280 448 468 475 540 545 587 957
13  58 92 370 461 518 650 675 717 718 793 809 826 989
6  28 146 373 697 766 786
5  426 566 615 741 804
14  78 104 307 315 320 408 439 512 553 692 742 810 925 969
11  67 160 276 352 431 444 770 771 919 959 960
11  164 217 234 346 689 784 822 844 873 884 996
11  31 113 133 255 258 417 487 907 936 951 997
17  30 110 201 239 366 435 480 510 618 625 663 703 713 788 833 866 885
6  55 132 253 261 721 893
9  29 102 122 249 266 358 481 662 894
9  3 224 335 379 418 509 758 876 950
13  85 156 425 523 612 621 643 645 729 807 928 954 988
13  143 380 400 419 470 492 597 642 778 853 877 907 971
9  34 72 123 141 230 352 810 854 977
11  8 75 94 179 229 356 415 479 642 661 842
9  138 260 451 581 583 715 803 835 932
9  45 162 238 284 294 381 528 722 952
7  114 192 219 382 719 754 835
6  277 541 705 800 813 972
11  36 40 326 465 612 631 662 695 726 742 877
5  49 478 696 775 980
5  108 202 289 853 904
6  361 386 522 729 758 953
11  93 152 274 278 365 383 387 405 612 863 896
6  65 314 424 592 745 921
10  102 239 293 409 524 676 723 758 785 844
10  22 36 67 168 217 295 402 440 554 588
17  120 167 260 332 419 424 444 449 513 705 717 775 779 781 913 954 968
7  462 522 776 778 905 911 957
9  100 370 448 518 525 612 618 739 893
8  86 221 387 390 406 533 645 909
6  430 433 493 628 640 650
8  246 462 638 735 808 931 949 974
9  32 40 49 109 126 137 347 682 937
13  12 74 79 146 259 409 475 561 627 735 801 830 966
6  447 756 813 905 938 977
8  38 84 371 627 688 783 855 880
9  18 192 352 538 582 777 869 907 982
10  77 175 356 390 394 405 469 489 885 901
10  215 277 486 569 614 714 756 848 934 965
7  170 429 547 717 851 896 922
8  155 178 383 425 574 609 888 950
13  190 202 251 301 329 345 533 601 677 691 733 801 943
9  102 179 346 436 699 796 847 895 972
12  73 159 176 254 312 403 405 449 559 562 631 959
9  544 656 683 688 774 776 822 908 947
6  9 169 673 733 890 994
10  2 143 164 224 359 450 546 592 731 826
8  9 156 347 469 622 734 903 966
6  216 427 614 791 807 925
14  9 11 197 225 264 293 323 495 536 736 776 803 911 946
10  161 269 372 508 513 517 617 664 786 808
11  105 109 151 265 330 676 784 800 828 863 888
10  94 106 146 228 378 614 719 721 982 986
14  67 189 244 318 388 488 563 564 722 733 805 852 862 891
8  14 476 751 777 798 849 919 925
6  46 321 724 801 848 929
11  77 206 275 282 450 519 599 667 676 934 946
13  159 234 327 443 471 476 547 560 636 765 820 823 827
10  63 163 284 750 779 784 928 955 984 987
11  57 140 195 291 310 326 387 673 870 958 974
10  1 26 94 191 433 552 634 708 752 941
11  19 21 75 236 351 362 375 508 556 624 766
8  100 267 455 595 723 763 786 806
11  43 66 73 176 285 482 561 650 715 771 908
9  16 79 173 385 402 482 491 599 651
10  196 307 575 609 617 632 747 807 857 957
13  112 180 248 383 441 470 527 543 795 849 863 892 897
12  202 298 317 454 491 588 674 702 718 823 853 922
10  181 287 445 506 570 701 783 884 887 907
11  0 28 260 294 308 317 544 700 708 902 995
8  45 202 294 448 465 699 756 760
19  26 36 89 95 105 294 438 503 533 575 596 638 714 757 779 806 822 921 952
7  152 346 453 560 719 724 909
15  187 196 230 283 289 304 330 550 649 658 708 853 949 970 995
13  11 117 118 291 294 326 483 495 524 614 724 754 996
5  127 362 832 963 995
10  6 33 124 229 282 288 692 701 705 889
11  31 187 195 198 322 345 741 793 826 834 966
10  83 252 320 332 349 477 484 616 854 954
7  294 346 398 464 470 472 914
7  62 423 483 489 879 905 959
15  109 133 253 359 402 432 433 468 539 550 553 638 849 963 978
10  93 163 182 494 532 594 595 670 703 950
11  164 252 347 460 646 695 849 900 905 936 976
16  24 43 54 247 283 292 293 453 468 529 549 739 872 877 911 978
11  73 278 413 541 631 658 671 735 909 973 975
8  292 385 543 631 699 733 944 957
13  182 184 224 302 313 511 543 648 684 704 809 886 977
9  27 106 175 227 238 829 887 952 963
13  79 101 164 340 348 473 490 639 684 781 796 847 851
9  64 109 163 506 647 685 829 914 981
4  439 656 694 942
18  262 286 315 334 388 437 462 533 546 687 704 706 733 770 793 920 934 936
9  304 354 369 457 742 792 841 928 947
11  49 65 116 182 195 201 309 415 650 914 929
3  159 283 352
13  55 63 113 226 324 337 426 545 556 800 807 876 897
12  107 256 387 500 537 563 642 653 814 838 862 969
5  219 556 751 799 884
7  50 189 366 451 453 678 895
9  126 195 263 272 463 621 757 769 799
11  299 338 438 588 673 677 685 718 724 779 806
12  70 148 160 180 285 509 679 756 761 819 891 998
12  187 318 395 396 426 458 532 663 665 717 753 855
13  298 385 532 551 575 616 681 774 794 926 940 951 994
7  213 339 519 566 795 831 989
8  297 404 804 826 830 865 897 980
12  39 136 347 375 432 504 519 660 716 924 949 971
14  55 91 202 271 357 377 467 512 542 564 580 615 913 968
13  95 144 432 552 593 609 633 709 771 848 884 963 982
15  32 129 143 264 344 365 397 572 589 634 650 725 805 807 950
10  215 242 249 374 574 579 591 759 946 993
11  28 90 113 134 295 401 435 502 550 890 959
9  77 271 350 397 433 520 596 655 989
11  43 65 175 248 258 334 521 592 775 919 965
9  96 144 154 354 402 410 697 875 955
6  146 151 165 373 586 947
11  57 126 138 288 332 506 537 545 573 802 850
11  41 127 194 341 410 690 785 874 957 968 989
11  70 99 152 233 378 481 569 686 730 752 792
12  24 159 264 345 434 521 692 751 784 820 985 996
7  13 378 414 530 735 865 926
9  284 340 382 394 437 648 706 876 928
7  60 130 151 406 784 971 975
13  114 276 282 306 384 418 578 666 670 702 734 858 988
13  3 39 42 144 195 231 271 386 493 546 703 732 776
13  155 214 238 241 641 653 656 811 835 887 936 953 980
7  95 336 518 588 743 836 937
9  71 237 523 559 579 600 702 875 940
8  65 245 310 331 482 521 734 872
8  40 95 158 189 365 571 585 978
12  9 141 190 221 372 438 476 599 694 838 937 956
7  83 132 192 392 547 852 873
10  96 277 393 483 501 689 791 802 820 857
5  23 236 632 693 854
13  26 153 240 253 301 370 477 505 526 575 617 875 996
6  176 323 436 511 775 781
11  173 178 343 428 469 509 732 792 794 833 929
10  310 415 416 477 503 598 635 724 876 903
9  138 187 467 499 635 695 741 791 851
13  8 10 49 129 234 332 397 400 462 468 611 905 936
10  88 135 258 266 349 864 892 933 939 964
7  27 423 480 525 676 736 811
13  231 368 401 403 459 477 532 651 658 746 768 803 850
11  110 198 450 519 612 659 676 681 757 846 969
12  24 207 209 217 248 307 380 538 603 668 686 864
8  100 140 450 559 643 659 952 975
11  109 364 397 607 658 690 703 733 826 978 983
10  50 57 223 479 494 519 533 837 845 990
10  217 223 241 268 301 465 658 721 768 884
4  124 542 623 989
11  26 82 203 284 356 368 501 524 667 700 792
11  115 260 427 547 606 636 683 690 752 755 934
11  276 412 495 516 532 589 656 750 826 877 933
13  57 157 163 244 375 471 531 560 632 682 694 842 957
9  36 185 189 307 471 557 605 883 991
15  10 65 137 178 295 465 525 638 806 816 860 893 902 912 985
5  239 347 366 495 792
8  27 107 189 319 440 797 975 991
12  320 348 383 416 574 680 765 771 810 816 820 987
10  83 119 207 305 393 725 751 769 783 789
14  46 58 188 197 237 252 256 262 298 631 709 724 825 998
12  35 278 302 381 396 437 508 590 736 769 815 819
16  125 165 168 235 300 365 438 461 468 560 613 698 737 819 944 971
10  12 19 476 625 674 721 801 804 833 923
8  62 116 444 557 597 598 790 822
9  102 185 238 296 383 494 686 818 995
7  45 48 244 247 730 732 885
8  186 621 649 683 728 836 880 907
10  23 215 217 546 552 665 673 687 796 810
8  104 196 205 369 749 765 931 961
14  53 189 401 446 509 629 646 681 775 883 886 904 925 999
8  3 166 234 633 738 796 878 956
15  59 240 292 369 463 478 615 617 685 742 857 913 918 937 944
16  54 261 381 390 410 484 546 694 703 733 788 808 821 862 927 929
11  112 143 165 370 642 680 697 728 742 862 875
11  43 64 141 156 357 385 583 593 663 682 806
6  4 104 507 527 631 719
14  28 286 312 320 377 444 495 634 644 791 801 850 868 894
11  4 162 298 465 580 588 606 611 758 774 965
6  30 201 361 558 841 866
8  22 75 79 207 396 649 666 901
6  318 335 435 600 729 978
11  7 91 165 218 376 485 554 794 818 841 859
5  24 156 192 788 791
12  176 198 253 290 310 375 383 446 480 481 502 997
11  100 219 239 329 383 420 450 483 798 815 973
16  12 81 103 117 119 207 340 365 399 478 626 734 794 795 878 940
11  80 121 149 225 226 461 621 689 752 765 791
16  10 55 91 154 182 194 310 367 392 525 580 585 594 608 806 922
13  84 423 540 613 616 624 636 676 703 797 865 934 997
9  287 464 469 492 597 689 699 898 904
7  47 229 255 257 489 619 897
7  61 62 114 190 793 843 997
10  308 535 631 678 709 738 779 785 955 967
8  5 68 297 492 551 689 864 930
6  44 108 169 353 683 837
12  44 60 127 302 355 477 522 720 722 857 890 919
10  6 53 56 155 229 240 562 665 738 956
16  56 68 106 175 306 312 332 341 495 583 737 833 899 913 918 939
11  62 253 258 275 332 400 468 502 707 898 975
13  72 165 233 281 410 436 638 769 796 831 836 839 976
10  4 18 143 365 462 470 709 868 917 990
11  147 268 285 407 468 646 648 758 838 847 928
13  136 213 297 368 497 503 759 800 833 857 864 978 991
7  97 116 436 448 505 780 828
10  60 129 216 425 481 602 614 729 763 835
7  33 159 188 221 520 833 877
4  168 324 357 402
11  117 160 183 493 505 592 594 725 812 815 918
11  51 222 356 493 524 569 645 786 847 888 930
9  46 51 198 221 346 530 825 954 956
10  3 12 182 436 538 550 636 656 925 975
7  16 18 101 150 151 212 780
9  71 108 177 222 310 330 428 552 776
7  184 223 674 721 835 842 891
15  5 58 68 149 276 283 304 395 438 460 670 687 741 852 937
11  134 300 338 373 419 592 598 686 698 713 715
10  74 187 212 244 374 417 749 775 810 989
9  12 173 267 527 543 671 721 771 979
14  36 129 200 372 443 498 529 555 605 685 764 848 864 947
9  33 315 319 510 584 643 652 699 705
13  8 183 203 231 347 439 474 607 614 644 710 766 897
7  88 100 169 601 667 735 947
8  98 309 315 331 406 592 868 997
16  14 21 162 200 366 367 443 458 697 765 805 829 836 899 910 912
3  756 883 999
10  10 206 303 470 608 815 861 896 910 945
9  60 110 287 353 788 872 941 967 985
5  87 504 859 863 936
9  109 328 374 479 534 685 729 806 807
14  40 53 204 258 283 292 375 412 421 654 683 698 861 888
16  12 38 183 302 352 401 463 495 529 624 773 777 827 836 852 870
8  15 222 276 279 569 738 753 822
11  129 146 247 471 501 525 599 638 812 929 953
7  77 85 170 302 490 599 625
11  42 131 170 197 258 309 395 515 810 834 856
7  68 103 257 297 436 518 668
13  72 214 365 441 485 507 536 543 572 691 864 880 948
2  88 885
11  231 338 438 537 551 716 761 860 908 934 939
6  39 48 186 485 636 764
10  23 75 120 140 147 392 432 584 588 750
12  143 222 335 365 367 400 559 747 760 767 807 980
9  39 127 165 275 443 641 728 754 770
10  28 174 263 436 469 643 650 716 785 839
7  141 172 207 586 804 819 889
7  22 451 503 579 595 712 986
6  111 146 667 800 870 890
4  23 258 483 545
8  21 123 175 203 431 577 952 985
11  2 122 205 207 226 261 623 787 803 858 995
12  134 289 419 497 551 628 636 700 730 741 781 993
16  101 112 155 161 166 171 257 357 389 456 543 602 638 669 799 871
9  242 283 411 456 530 575 719 803 955
14  80 130 213 351 428 461 525 603 612 700 720 758 905 993
8  262 334 560 672 683 842 863 899
14  103 170 227 252 299 373 379 423 433 447 708 878 891 913
10  204 409 420 605 677 744 829 880 894 895
9  240 369 391 563 685 734 847 889 935
13  258 337 373 395 426 428 452 487 600 698 773 909 943
7  214 284 540 590 639 660 788
16  49 125 155 211 238 291 351 364 391 435 453 549 614 640 810 890
10  320 323 342 422 443 465 561 674 731 890
6  19 99 175 654 671 859
11  35 331 423 483 612 629 698 728 738 824 854
5  20 28 550 823 832
12  72 169 345 346 380 505 522 572 596 831 857 888
10  7 114 249 359 364 451 609 715 912 975
8  47 126 160 177 443 669 813 981
13  25 106 128 138 246 294 295 364 620 701 788 948 970
11  118 346 391 396 516 550 597 679 770 905 944
11  41 99 177 379 466 652 803 823 932 942 960
16  101 129 221 307 354 498 555 659 666 712 715 772 887 903 921 946
7  85 260 284 316 618 623 934
10  51 103 167 186 525 637 643 668 700 800
14  25 56 179 241 334 350 531 617 676 695 872 918 986 992
8  335 380 553 661 704 717 892 910
12  120 198 203 281 330 347 443 593 857 859 909 952
8  74 398 490 557 590 659 681 716
9  45 217 319 463 485 516 788 857 900
15  10 13 175 217 244 357 435 530 532 658 740 805 831 889 969
8  299 315 389 598 711 722 726 999
7  80 324 348 378 402 467 496
11  42 101 252 256 302 488 555 572 921 971 992
6  99 101 427 520 611 834
13  43 53 174 228 331 511 549 561 805 831 841 908 981
11  213 229 246 402 416 424 523 635 686 746 829
6  140 199 724 926 932 968
7  205 321 604 655 703 905 916
9  120 193 248 409 463 671 699 821 964
10  122 174 383 424 507 568 576 796 939 949
7  102 280 464 540 739 960 973
11  21 120 150 199 599 634 680 686 803 844 994
10  87 275 282 291 478 505 736 753 920 946
9  77 159 235 277 282 513 599 622 806
20  32 50 72 120 172 234 235 247 342 359 437 492 511 524 642 690 725 754 835 980
12  46 82 143 271 284 447 483 687 726 769 806 866
8  137 147 203 354 368 521 827 842
8  7 53 81 131 239 609 663 802
11  26 85 181 188 359 564 568 646 904 920 949
10  69 108 166 190 239 517 595 614 773 785
17  50 80 121 138 148 457 465 539 561 593 670 688 724 784 822 872 906
4  70 190 235 891
14  4 20 175 183 255 563 637 715 724 758 772 861 991 998
17  65 129 180 200 253 260 265 301 342 409 465 504 664 759 763 805 848
12  34 75 89 205 233 326 397 456 504 666 963 974
10  22 183 223 344 367 773 831 872 923 957
11  86 238 337 414 430 437 512 543 736 760 819
9  87 192 215 246 528 534 541 692 860
12  40 41 180 221 339 402 404 405 500 723 904 982
8  178 246 350 452 496 673 892 988
13  80 155 238 313 339 408 480 530 599 718 795 805 903
8  127 156 296 330 403 415 457 859
11  78 103 204 279 364 681 688 743 905 926 974
12  64 254 300 324 477 582 676 725 748 852 855 997
18  20 100 129 255 260 272 413 417 450 466 516 565 595 870 902 954 971 998
11  106 290 311 335 363 439 663 705 739 923 932
10  19 65 377 513 524 570 641 672 714 742
7  53 66 129 399 429 637 736
13  4 42 130 135 145 365 458 647 703 720 778 882 910
13  146 289 293 342 388 490 521 581 626 653 758 866 971
13  122 143 238 256 432 551 578 613 642 658 710 843 948
6  85 447 690 747 826 886
12  62 164 261 355 402 413 416 475 763 804 830 843
13  29 199 236 449 463 504 630 659 697 718 750 786 939
13  7 16 22 25 215 281 347 394 433 486 538 620 691
10  73 121 259 400 465 635 675 712 744 970
9  146 162 199 215 374 568 635 904 924
10  124 362 378 395 447 480 591 616 629 802
6  90 143 196 261 316 402
10  266 267 414 463 707 713 720 741 938 968
14  17 101 253 257 327 366 383 482 489 511 570 773 922 984
8  90 245 287 354 670 746 811 981
12  9 55 75 257 340 362 367 599 665 679 709 987
6  85 155 376 826 860 992
8  112 162 658 740 750 920 963 995
11  125 140 180 271 323 380 469 634 729 776 913
11  18 28 208 326 356 358 508 595 705 902 959
12  63 226 293 585 628 643 739 755 795 916 948 953
8  33 148 268 337 485 526 649 674
16  2 36 48 52 105 125 224 267 327 419 524 526 557 717 818 924
10  4 153 402 409 457 466 663 691 938 946
16  3 71 139 250 391 466 494 617 717 755 778 790 832 844 900 989
5  379 473 478 715 833
7  27 139 336 620 644 666 719
10  263 451 534 553 713 716 762 779 814 836
8  6 70 82 346 470 517 615 851
15  17 66 76 224 371 420 453 487 570 603 651 738 758 875 928
11  37 95 183 371 380 423 453 722 901 918 965
16  98 122 159 195 264 288 315 384 439 496 504 530 668 684 741 942
7  35 122 346 504 561 779 996
9  10 50 140 452 562 582 597 690 964
10  4 223 416 462 564 752 788 860 882 989
10  35 165 370 393 428 498 560 684 879 908
11  186 190 415 489 555 576 690 791 966 988 999
10  133 309 356 374 491 589 642 756 943 987
15  10 95 193 420 453 492 533 631 737 745 750 782 850 975 985
8  29 291 314 433 549 780 834 998
6  15 551 787 790 836 936
11  12 100 150 159 233 380 432 556 908 916 967
10  83 293 345 387 556 592 618 743 884 887
10  16 61 267 334 425 580 597 677 736 925
10  228 264 512 586 701 705 707 798 883 968
10  102 160 213 536 622 636 706 752 767 983
16  105 180 181 262 269 287 360 399 401 610 637 817 822 825 856 947
16  37 75 129 167 209 215 257 332 384 423 470 734 793 936 948 990
12  9 71 113 307 310 359 483 578 803 858 914 987
