
***ForestFire:  GeoFire  Nodes:1000  StartNodes:1  Take2AmbProb:0
                FwdBurnP:0.35  BckBurnP:0.354  ProbDecay:1  Orphan:0
(1000, 4324)  burned: [3,3,1]  [0.01s]
1000
101  1 2 6 7 9 10 13 22 30 31 35 37 39 41 44 54 55 68 70 78 79 93 99 103 121 140 144 159 167 176 182 199 209 213 219 247 256 273 278 292 311 345 363 369 394 395 398 409 418 420 422 429 430 441 444 445 466 476 477 485 486 491 495 505 534 539 559 569 579 584 601 604 605 612 633 642 654 658 659 687 690 693 705 714 724 734 746 747 763 785 792 800 811 824 866 879 913 915 940 958 987
99  0 2 3 4 6 7 10 16 22 30 35 38 41 46 55 66 70 71 78 79 94 101 103 121 139 144 159 163 167 176 199 203 211 219 225 265 273 278 304 311 323 325 327 345 346 363 394 395 398 409 420 422 429 430 444 466 476 477 485 486 491 495 499 502 505 534 546 557 559 560 569 584 601 605 612 642 654 671 687 690 693 705 714 723 734 746 747 785 790 800 811 824 835 852 913 915 940 958 962
65  0 1 3 4 5 6 15 22 30 37 38 48 52 70 94 101 103 121 126 149 159 167 176 211 219 273 278 311 319 346 394 395 409 420 430 444 466 476 477 485 491 495 502 505 534 555 569 584 605 611 612 654 671 687 723 734 746 747 800 811 824 929 940 941 987
58  1 2 4 6 12 18 30 35 37 38 41 43 48 71 76 85 94 96 101 103 141 144 167 191 207 211 219 226 273 278 363 409 444 451 477 485 491 495 502 534 584 605 658 671 690 734 738 746 747 768 800 835 866 917 929 940 962 992
52  1 2 3 6 7 12 30 35 43 69 94 99 101 103 126 138 144 157 167 176 219 272 278 308 323 327 357 361 395 422 437 441 444 451 477 485 499 534 557 579 584 605 687 714 734 738 763 768 790 915 929 940
30  2 6 8 11 48 52 91 94 101 103 149 154 159 167 197 204 253 261 273 278 476 546 584 605 687 723 734 824 941 962
71  0 1 2 3 4 5 8 11 12 19 28 30 35 41 42 48 62 77 91 94 99 101 103 117 131 139 154 159 167 170 177 197 200 232 254 258 273 278 346 367 395 400 408 438 444 477 491 534 554 579 584 605 640 679 687 690 705 727 734 738 746 767 768 776 785 847 913 915 940 958 987
46  0 1 4 14 30 32 35 39 41 44 47 68 93 99 101 103 138 144 167 176 182 224 247 273 361 369 418 441 444 477 491 515 557 584 626 654 658 687 714 734 763 790 835 915 958 987
19  5 6 12 17 101 154 177 197 204 220 241 273 311 437 440 687 909 958 987
36  0 13 24 26 30 35 44 54 55 78 103 144 159 167 171 209 229 292 311 369 394 398 420 456 495 559 569 584 633 654 670 690 734 785 970 987
43  0 1 13 22 31 41 51 54 55 84 103 144 167 176 203 209 253 278 311 325 394 420 422 429 444 445 477 479 495 505 569 579 584 605 658 734 785 835 852 915 917 962 979
23  5 6 20 52 91 94 132 149 167 240 253 476 555 569 723 734 785 800 824 828 914 941 969
38  3 4 6 8 17 21 35 37 69 94 101 142 144 154 159 167 176 177 197 220 273 311 418 444 495 505 518 534 605 614 690 743 768 847 909 962 979 987
30  0 9 10 24 26 31 41 44 54 55 103 144 159 167 171 194 209 278 394 420 441 492 495 569 584 604 659 670 736 785
27  7 25 30 32 93 99 103 144 167 224 247 271 342 444 446 466 515 554 626 687 734 738 757 785 835 915 942
9  2 103 167 229 273 281 311 319 342
19  1 45 46 98 151 159 176 265 327 420 444 459 491 569 591 600 601 605 987
27  8 12 21 23 111 114 142 144 154 177 193 220 285 286 328 418 437 455 479 518 687 746 768 847 909 958 987
17  3 27 37 38 141 176 207 211 444 477 502 584 614 734 835 917 962
21  6 28 62 77 131 136 139 159 184 197 232 346 408 506 579 584 605 679 734 801 987
29  11 50 82 94 110 121 132 167 179 224 253 327 353 418 444 476 495 522 569 579 601 605 722 734 746 824 969 987 995
29  12 17 34 60 114 142 144 154 156 177 193 223 247 273 285 309 348 395 418 420 479 501 504 605 743 746 958 962 987
28  0 1 2 10 31 54 55 78 103 107 144 167 176 177 209 273 311 398 420 477 485 495 569 584 604 605 724 785
14  17 58 111 144 150 236 286 421 596 720 768 835 847 860
16  9 13 26 44 54 83 103 144 171 238 311 495 670 785 794 860
5  14 32 444 687 757
22  9 13 24 54 61 63 83 95 103 144 246 317 398 430 456 495 505 559 584 670 825 956
6  18 37 97 133 211 444
30  6 19 29 33 49 62 65 170 187 200 201 275 346 360 443 462 579 584 601 660 679 685 710 727 734 738 801 916 962 987
10  28 49 102 112 187 275 294 360 462 916
44  0 1 2 3 4 6 7 9 14 32 35 41 53 54 94 99 103 144 159 167 176 213 224 229 344 418 444 446 491 495 578 584 605 654 690 724 734 739 768 785 913 915 962 987
27  0 10 13 22 41 44 55 88 103 123 144 159 167 209 278 296 441 477 495 523 569 579 598 604 612 658 734
16  7 14 25 30 94 99 167 224 271 444 466 495 647 687 757 958
25  28 105 108 119 127 143 146 201 202 250 346 417 463 562 660 685 710 734 738 801 818 855 901 962 987
22  21 60 114 154 156 177 223 247 280 418 479 495 501 504 530 587 604 677 743 746 917 958
47  0 1 3 4 6 7 9 12 30 36 37 41 44 48 54 55 56 76 85 101 103 144 167 181 213 227 235 238 273 278 304 369 386 418 420 425 444 491 495 505 569 584 734 785 792 913 917
15  35 41 44 55 56 101 103 167 206 418 420 619 658 913 917
36  0 2 3 12 18 27 35 38 41 76 101 103 144 159 167 176 211 247 260 310 425 444 477 497 546 547 578 614 785 787 797 866 913 917 967 969
18  1 2 3 18 37 40 76 101 144 167 183 211 330 477 502 630 866 913
20  0 7 47 99 125 167 182 247 253 369 441 477 495 505 734 743 763 792 835 913
4  38 87 264 960
42  0 1 3 6 7 10 13 30 31 35 36 37 44 55 76 79 101 103 140 144 159 167 400 409 414 420 444 446 451 477 521 569 578 579 658 734 739 835 866 962 987 992
13  6 73 154 212 338 367 403 418 549 640 767 915 940
6  3 4 57 59 308 444
32  0 7 9 13 24 31 35 36 41 54 55 70 103 144 167 278 311 398 420 495 523 569 570 626 658 659 763 794 835 860 917 962
6  16 46 67 168 893 976
4  1 16 45 168
11  7 39 68 99 130 144 182 441 446 477 835
25  2 3 5 6 35 55 70 103 158 167 215 218 253 273 278 380 393 420 505 557 584 705 747 857 891
7  28 29 62 187 275 360 905
19  20 80 82 110 113 132 167 224 253 424 476 491 522 569 584 601 734 915 995
11  10 55 84 167 253 422 444 584 714 734 743
12  2 5 11 75 91 103 209 214 476 555 601 611
9  30 94 103 121 159 466 584 739 987
28  0 9 10 13 22 24 26 30 35 44 55 70 103 144 167 238 273 311 398 420 495 505 559 584 736 746 785 860
26  0 1 9 10 13 22 31 35 36 41 44 48 51 54 70 84 88 103 144 167 346 398 420 479 658 736
9  35 36 167 206 418 420 619 626 686
5  43 59 308 444 805
14  23 64 111 118 134 248 286 421 455 597 753 768 835 847
4  43 57 308 444
16  21 34 104 114 142 156 223 285 395 418 495 501 743 746 958 987
6  26 72 92 144 861 886
14  6 19 28 49 100 136 188 258 360 554 687 727 734 905
9  26 95 411 419 430 475 505 559 810
8  58 89 186 248 286 314 421 904
1  28
13  1 103 163 167 209 225 476 572 604 747 915 919 958
7  45 168 180 423 718 893 976
12  0 7 47 99 106 130 144 299 441 611 687 987
11  4 12 94 159 162 176 273 441 444 534 745
23  0 1 2 44 48 54 55 88 103 144 167 218 279 311 383 398 470 491 495 559 687 736 770
4  1 3 671 785
5  61 74 92 166 761
5  42 212 403 640 915
5  72 92 166 297 355
8  52 103 209 239 350 555 601 971
24  3 35 37 38 41 85 103 144 167 172 183 227 230 238 388 425 477 495 579 588 604 866 908 987
9  6 19 81 139 192 197 216 734 953
8  0 1 9 22 144 167 485 495
9  0 1 41 140 159 167 574 605 987
12  50 82 167 196 224 418 422 437 441 584 734 822
7  77 86 139 210 216 814 953
14  20 50 80 167 174 224 418 441 522 584 724 734 822 995
9  24 26 103 144 317 345 444 505 825
17  10 51 55 109 167 231 307 398 445 532 584 658 744 852 915 969 979
7  3 35 76 167 259 420 929
4  81 139 254 687
6  40 178 189 255 264 291
15  31 55 70 90 144 224 441 477 556 595 687 734 768 835 931
6  64 208 248 314 421 963
10  88 144 224 441 547 620 687 753 931 987
6  5 6 11 52 103 209
15  61 72 74 166 175 185 289 320 511 558 761 799 856 968 982
15  0 7 14 99 124 126 515 579 595 611 714 734 747 768 879
33  1 2 3 4 5 6 11 12 20 30 32 53 69 101 103 121 159 167 211 253 254 273 444 466 534 569 584 612 687 690 738 958 987
19  26 63 122 137 144 277 317 368 378 411 430 475 529 584 746 768 798 851 917
8  3 191 226 273 444 451 663 929
1  27
14  16 152 176 477 510 584 600 601 605 687 734 824 901 987
33  0 4 6 7 14 30 32 39 47 68 93 103 106 124 126 144 167 253 346 409 441 446 466 477 495 505 515 605 611 612 626 687 806
6  62 129 258 568 593 727
39  1 2 3 4 5 6 7 8 12 35 36 37 38 41 94 103 121 144 148 154 167 209 273 280 310 311 344 420 441 444 495 546 604 605 690 746 913 962 969
6  29 116 187 275 302 462
68  0 1 2 3 4 5 6 7 9 10 13 14 15 22 24 26 30 31 35 36 37 41 44 48 52 53 54 55 66 70 75 76 83 91 94 99 101 144 147 159 163 167 181 204 209 224 225 238 273 342 345 347 409 420 441 444 446 476 495 522 559 570 579 605 785 835 958 987
2  60 156
12  33 119 202 250 284 463 562 685 734 801 818 901
8  68 99 124 253 450 495 611 687
9  22 144 167 198 209 444 604 605 785
12  33 119 146 250 562 564 685 734 738 852 855 999
5  84 307 658 915 969
12  20 50 132 167 476 522 569 601 605 867 962 987
16  17 23 58 134 221 236 286 418 421 596 602 753 768 835 847 872
3  29 275 294
6  50 115 303 432 507 569
18  17 21 34 60 135 154 156 223 418 420 479 501 567 599 687 958 969 987
3  113 303 507
5  102 145 302 697 712
3  6 159 776
10  58 120 286 381 455 513 597 650 720 938
14  33 105 108 143 146 250 284 335 463 562 734 772 818 962
8  118 381 455 513 597 602 650 687
28  0 1 2 20 53 94 101 128 144 159 167 273 280 430 444 466 524 539 584 601 605 687 690 705 792 913 962 987
17  95 137 164 277 317 368 411 419 475 488 505 634 664 746 768 851 980
7  31 500 762 823 910 927 949
14  93 99 106 155 167 295 324 450 495 579 607 611 714 743
5  39 369 491 563 792
14  2 4 93 99 167 219 304 466 491 505 515 584 811 879
6  33 417 801 818 837 962
10  121 195 217 270 280 444 466 539 584 705
9  100 165 169 258 282 375 480 568 580
3  47 68 153
2  6 19
16  11 20 50 110 149 161 167 190 245 420 476 800 834 913 926 969
2  27 815
11  58 111 221 236 286 455 596 753 835 847 955
6  114 156 263 501 550 567
5  19 62 188 831 848
14  95 122 160 164 277 300 317 368 475 505 746 851 902 980
14  4 7 167 334 361 422 495 584 687 714 724 734 790 965
15  1 6 19 77 81 86 176 210 216 254 318 366 687 814 953
10  0 41 79 159 167 213 311 385 451 495
4  3 18 211 444
11  12 17 21 60 156 177 437 474 518 743 979
7  33 119 146 250 463 818 962
85  0 1 3 4 7 9 10 12 13 14 17 21 22 23 24 26 30 31 35 37 38 41 44 47 54 55 61 68 70 76 78 83 88 90 95 99 101 103 107 121 147 148 159 167 172 177 181 209 224 227 238 246 247 278 286 287 317 344 368 378 386 398 414 420 430 441 444 446 451 466 495 523 547 569 601 604 605 687 705 753 768 835 863 913 962
4  116 302 683 697
8  33 108 119 143 205 250 463 734
13  103 144 148 159 167 209 224 225 409 420 495 714 915
14  101 144 147 154 167 181 238 246 288 386 420 477 495 725
11  2 5 11 132 167 233 569 734 800 834 913
8  23 234 236 237 286 753 835 860
5  16 265 420 569 785
9  98 176 257 477 600 605 626 705 901
3  130 701 826
21  5 6 8 12 17 21 34 42 101 114 148 156 159 177 212 280 311 418 449 746 915
6  124 242 295 324 404 495
17  21 34 60 104 114 135 142 154 159 177 223 407 418 444 474 518 979
4  4 323 451 734
3  48 173 244
48  0 1 2 5 6 9 12 13 16 19 30 31 37 41 53 69 79 94 103 117 121 140 144 147 154 156 167 176 204 209 219 278 311 409 440 441 444 466 499 579 604 605 612 734 811 915 940 987
6  137 277 317 475 505 746
13  132 245 372 657 721 800 808 834 913 926 962 969 987
4  69 377 444 745
11  1 66 103 167 225 266 290 409 444 707 917
13  122 137 277 300 317 431 475 505 737 768 843 850 851
7  129 274 375 469 568 580 618
12  72 74 92 175 185 320 511 558 761 775 856 982
115  0 1 2 3 4 5 6 7 9 10 11 12 13 14 15 20 22 30 31 32 35 36 37 38 39 41 44 48 50 51 54 55 56 66 70 76 78 79 80 82 84 85 94 99 101 103 107 110 121 124 126 132 138 140 144 147 148 149 159 163 176 177 209 224 225 229 233 245 253 278 279 304 327 346 361 409 418 420 422 430 437 441 444 466 476 485 491 495 505 509 522 569 584 594 605 657 685 705 714 724 734 743 746 747 757 785 852 913 915 917 929 962 969 979 987
6  45 46 67 305 638 718
5  129 282 375 480 490
7  6 28 360 477 554 687 727
5  9 13 24 329 785
19  76 144 177 181 183 238 246 386 418 420 477 491 495 505 569 579 626 687 863
3  158 222 312
6  82 249 399 435 822 995
9  92 166 185 268 289 320 511 558 761
36  0 1 2 4 7 10 12 16 18 22 30 37 69 98 139 152 159 167 177 211 247 257 309 311 418 420 444 477 495 584 600 605 687 705 779 987
32  6 8 12 17 21 22 34 142 144 154 156 167 172 176 209 229 309 344 395 418 420 437 518 584 604 687 705 743 746 962 979 987
5  87 189 255 291 585
3  20 495 579
2  67 976
17  35 103 144 148 172 235 238 246 386 420 444 491 494 495 687 880 987
10  0 7 39 47 256 477 486 505 605 608
8  38 76 172 316 388 477 784 863
1  19
5  92 166 175 320 761
6  64 248 286 314 421 720
5  28 29 49 102 275
6  62 136 228 258 727 831
7  87 178 255 262 291 351 585
2  132 420
5  3 96 273 332 444
4  77 704 734 953
5  17 21 243 512 765
3  13 458 651
4  128 217 280 444
2  80 441
10  5 6 8 12 19 77 273 311 444 746
4  107 209 444 604
8  0 1 219 363 365 409 439 940
4  6 28 354 443
4  28 33 346 987
4  33 105 660 901
6  1 10 444 495 605 785
13  5 8 103 159 225 301 409 440 444 466 605 958 969
4  146 250 463 734
7  36 56 397 418 619 626 812
7  3 18 211 444 502 747 835
2  89 702
36  0 9 10 13 22 31 52 66 75 91 101 103 107 144 147 159 167 177 198 225 267 273 346 409 420 444 523 526 601 604 605 785 915 958 970 979
6  81 139 216 571 814 953
15  1 2 3 18 27 37 38 94 141 176 207 444 477 747 917
4  42 73 154 915
14  0 30 35 140 340 369 385 420 491 495 505 584 605 881
4  52 379 392 476
6  48 393 420 505 584 705
7  77 81 139 210 528 571 953
7  128 195 280 391 444 539 705
3  48 70 770
18  0 1 2 3 4 126 159 199 304 313 363 409 491 499 505 508 734 940
7  8 12 17 241 328 370 847
11  111 134 236 286 455 596 602 753 781 847 955
5  173 312 382 416 448
8  21 34 60 114 156 247 495 743
33  7 14 20 30 32 50 80 82 88 90 103 144 147 167 246 247 276 287 418 441 446 460 495 522 530 569 584 600 620 687 734 933 987
25  1 66 103 147 163 167 204 209 267 301 409 420 444 491 522 569 601 687 688 734 835 895 917 958 979
4  3 96 333 519
6  35 76 144 491 604 841
3  188 727 831
10  9 15 30 167 177 233 311 319 420 479
1  76
5  84 251 532 658 852
10  6 19 278 341 428 438 441 616 723 966
10  149 167 229 311 327 420 479 505 734 936
6  150 389 434 517 860 930
5  35 181 238 420 444
14  23 111 134 150 221 286 455 596 637 650 753 766 847 860
2  150 860
19  24 35 54 76 103 144 148 172 181 235 269 396 420 477 495 505 605 734 987
2  75 971
2  11 706
4  8 220 376 384
6  155 349 404 495 615 708
3  193 371 512
1  158
10  132 161 167 372 657 834 913 926 962 969
20  26 144 148 172 181 224 247 252 317 322 331 386 420 447 495 505 611 687 696 751
25  0 7 14 21 34 37 39 144 176 223 224 246 309 337 418 420 471 495 578 584 626 687 734 743 987
7  58 64 89 186 286 314 421
7  174 283 399 735 822 977 995
10  33 105 108 119 143 146 205 734 855 901
3  231 662 921
8  246 306 326 331 447 676 796 874
22  5 10 11 20 39 48 50 51 94 99 106 167 327 415 495 557 611 687 729 734 743 747
9  6 86 94 139 318 366 584 687 953
5  87 178 189 262 291
10  0 182 362 430 477 486 505 584 608 987
6  152 176 477 600 605 687
6  6 62 100 129 188 727
2  85 420
6  37 298 310 546 773 787
1  5
3  189 255 291
1  135
3  40 87 291
7  1 16 151 394 420 569 591
2  163 293
7  209 225 343 356 387 409 601
7  175 289 320 511 761 873 968
5  238 577 605 734 901
2  128 483
8  14 32 342 444 466 495 687 988
2  4 441
37  0 1 2 3 5 6 7 8 12 15 21 22 35 48 54 69 94 96 101 103 121 191 197 209 311 346 409 420 444 477 495 601 605 746 767 785 929
1  165
9  28 29 49 102 112 187 462 864 905
7  224 321 543 669 756 842 933
15  95 122 137 160 164 300 317 368 406 430 475 505 666 746 768
29  0 1 2 3 4 5 6 10 13 31 35 44 48 144 159 167 232 304 341 428 438 441 486 487 505 569 723 743 940
3  70 167 852
13  34 101 121 128 154 195 217 311 444 466 539 705 913
5  15 319 401 541 644
2  129 169
4  249 465 735 822
5  105 119 562 610 772
8  17 21 60 433 479 802 827 899
22  17 23 58 64 111 118 134 144 150 186 221 236 248 314 381 421 455 602 720 753 835 847
5  144 224 315 420 482
3  148 678 725
10  92 175 268 320 558 617 761 799 873 968
1  163
6  87 178 189 255 262 264
3  0 9 398
1  266
4  29 112 360 727
4  124 155 495 853
3  31 358 673
3  74 373 442
5  260 310 497 546 887
3  68 352 674
9  137 164 277 368 411 431 505 639 746
8  204 225 409 533 687 688 757 979
4  102 116 145 683
6  113 115 507 569 832 981
22  1 35 126 167 219 278 336 363 402 409 420 428 464 466 477 486 491 505 569 705 743 757
7  168 405 427 473 551 638 718
4  252 326 331 796
6  84 109 525 709 915 969
4  4 43 57 59
12  21 176 177 247 344 418 420 495 540 599 687 987
8  37 101 260 298 477 497 546 773
38  0 1 2 8 9 10 12 15 22 24 44 54 70 101 140 154 159 176 197 229 233 273 280 342 346 385 420 444 495 611 687 693 746 757 785 835 860 987
4  173 222 416 897
3  219 363 409
7  64 89 186 248 286 390 421
2  287 783
3  183 388 863
19  26 83 95 122 137 144 160 164 246 277 368 444 446 475 495 505 746 768 835
5  139 254 366 544 687
5  2 15 229 281 553
12  92 166 175 185 268 289 511 558 761 799 873 968
2  276 756
7  246 331 386 495 696 906 917
7  1 4 157 327 364 420 734
7  124 155 495 570 605 611 734
4  1 10 420 429
5  252 306 331 730 796
14  1 4 16 20 167 233 253 323 346 364 420 495 557 835
4  17 220 370 847
2  171 838
1  38
9  246 252 306 322 326 495 730 782 796
2  191 467
2  226 519
7  138 339 359 361 441 714 724
3  119 463 818
8  304 477 486 505 605 687 705 757
4  247 471 626 987
2  42 767
3  334 359 724
1  213
4  232 278 428 438
13  14 15 103 271 311 409 444 466 495 605 612 785 988
4  267 356 374 452
9  30 101 144 177 309 398 414 495 785
10  0 1 83 103 409 444 505 527 734 907
26  1 2 6 19 28 33 55 99 167 201 209 273 311 327 360 420 495 499 526 579 605 670 685 736 757 987
2  103 409
1  21
3  242 495 708
1  75
2  189 516
2  299 674
4  20 722 824 828
3  200 443 882
3  74 496 911
2  267 343
2  4 700
2  296 627
5  334 339 361 441 724
10  28 29 49 62 170 294 346 420 484 727
13  4 7 138 167 334 359 441 446 493 654 714 734 747
5  256 477 505 584 608
17  0 1 3 199 219 304 313 409 428 445 464 477 486 491 505 604 743
7  323 327 420 495 530 611 613
4  199 412 439 603
4  139 254 318 461
3  6 42 689
16  95 122 137 144 277 300 317 411 430 451 488 495 664 746 768 917
16  0 7 9 35 39 125 213 395 477 491 520 605 687 734 760 792
3  220 328 847
4  243 512 726 858
9  161 245 472 657 834 913 926 962 969
3  297 581 622
2  343 537
5  129 165 169 469 568
1  241
1  162
5  95 144 475 566 768
1  214
2  48 732
3  118 120 286
2  222 684
1  70
1  241
8  140 213 311 495 605 612 648 835
12  35 144 148 172 181 246 322 495 696 863 880 903
2  267 409
5  76 183 316 425 863
3  234 434 517
1  314
2  217 705
4  214 476 828 918
8  48 215 413 420 426 584 609 705
12  0 1 2 9 10 13 265 410 420 569 584 654
17  0 1 2 4 6 21 60 177 369 445 477 491 502 503 565 687 934
5  238 495 570 605 987
5  206 418 504 587 626
18  0 1 9 22 26 44 54 55 70 84 144 292 344 414 420 495 584 658
4  174 249 489 822
8  6 41 451 477 687 695 738 755
5  281 541 629 649 795
7  304 428 466 612 648 747 966
2  42 73
4  155 242 495 621
4  305 427 551 638
4  277 454 505 666
2  156 590
6  6 19 579 675 767 774
44  0 1 2 3 41 99 103 147 159 163 167 199 204 209 219 225 267 273 301 304 313 342 345 347 363 387 420 428 441 444 451 477 486 495 499 502 505 526 601 605 687 757 929 940
2  394 653
11  63 95 122 300 368 419 430 441 475 559 810
6  365 436 439 453 844 998
4  393 426 457 816
5  41 144 344 398 768
5  253 557 687 729 839
4  222 312 545 897
4  33 127 562 818
42  0 7 12 17 20 21 30 34 35 36 42 56 60 80 82 111 114 154 156 167 172 176 177 206 224 247 309 397 420 437 441 495 504 584 599 619 626 687 705 734 958 987
5  63 122 411 475 810
90  0 1 2 9 10 13 16 21 22 35 36 41 44 48 54 55 56 85 101 103 114 132 144 147 148 151 167 172 176 177 181 190 209 213 215 225 229 233 235 238 246 247 259 265 273 287 304 309 311 323 325 327 346 360 364 393 394 398 409 418 428 437 441 444 464 476 477 479 486 491 495 505 526 569 584 599 601 605 670 687 705 734 736 743 785 786 835 926 962 987
12  23 58 64 89 111 186 248 286 314 602 835 847
13  0 1 4 10 51 80 138 167 437 485 495 584 857
1  67
2  50 643
5  35 37 76 388 863
4  393 413 584 716
2  305 405
17  232 278 304 341 363 402 409 420 441 466 477 486 487 491 605 670 966
8  0 1 10 325 444 692 962 974
23  0 1 2 26 63 95 121 144 167 256 277 368 411 441 466 475 495 505 524 584 611 687 962
3  164 300 850
3  113 468 507
2  285 899
2  234 389
1  174
7  412 439 453 603 661 844 998
15  4 8 17 80 142 167 177 418 420 422 485 687 705 743 979
8  6 232 278 341 623 820 940 997
7  199 365 412 436 453 603 998
4  8 159 204 811
49  0 4 7 13 31 39 47 68 69 80 82 88 90 99 101 103 144 159 167 196 224 232 272 278 334 359 361 409 411 418 420 428 430 444 446 466 475 476 477 505 536 584 687 724 734 747 768 915 940
2  297 542
4  28 200 354 788
90  0 1 2 3 4 6 7 10 12 14 16 18 20 25 27 30 32 35 37 41 43 51 57 59 69 83 94 96 101 103 107 121 128 141 144 156 159 162 163 167 176 181 191 195 197 198 203 204 207 209 211 217 225 235 271 273 280 311 317 342 345 409 420 429 441 446 466 477 491 495 502 505 522 554 569 599 601 604 605 687 692 738 743 746 747 785 835 913 962 979
9  0 10 84 363 395 486 503 565 934
22  14 30 41 47 99 103 144 224 317 361 441 444 466 495 505 554 569 646 687 746 747 915
4  246 252 628 676
5  222 583 586 740 754
2  154 746
6  106 124 495 579 611 813
13  3 4 41 96 140 144 157 368 400 409 477 687 738
1  343
4  412 436 439 849
3  406 641 666
19  17 58 118 120 134 221 236 286 479 513 596 602 637 650 687 753 847 938 964
3  9 26 670
2  413 645
2  194 651
2  16 829
4  224 495 682 809
4  366 478 625 777
4  28 29 102 275
14  33 105 119 143 146 205 335 562 656 734 772 818 901 962
12  304 363 420 476 477 486 584 599 687 705 743 987
5  283 481 691 735 822
38  0 1 2 14 32 53 94 99 121 126 128 144 159 167 204 271 280 304 342 402 428 430 441 444 446 487 491 495 505 579 605 612 654 705 734 811 833 987
3  332 535 748
2  432 975
3  165 375 568
1  70
7  247 337 578 626 734 747 987
7  372 582 657 721 834 962 969
2  305 638
3  142 156 518
17  63 95 122 137 160 164 277 317 378 411 419 430 441 505 652 746 768
28  0 1 2 5 11 20 50 52 66 103 110 132 167 214 392 420 441 464 477 505 522 569 584 734 747 828 926 987
67  0 1 2 3 4 6 7 10 18 22 31 37 38 39 41 47 76 88 98 99 148 152 170 172 176 182 183 211 238 256 257 273 304 310 336 362 363 369 395 400 409 420 428 441 444 451 464 476 486 491 495 505 546 569 584 595 600 604 605 687 705 734 747 768 800 917 934
3  461 625 742
13  10 17 21 34 55 114 229 233 285 420 455 505 736
3  129 169 568
2  465 691
1  287
3  270 498 681
1  360
12  0 1 2 3 4 22 78 167 422 437 605 687
21  0 1 182 256 278 304 336 363 409 420 428 445 464 477 491 505 584 605 705 734 987
7  278 428 466 491 514 743 811
2  122 368
1  399
1  169
47  0 1 2 3 6 7 16 30 35 50 70 125 126 167 172 181 213 219 225 227 304 363 369 395 420 428 444 466 477 486 487 495 505 569 584 600 601 604 612 680 687 734 743 747 770 811 913
3  13 865 959
4  361 531 654 747
2  181 717
112  0 1 2 3 9 10 12 13 20 22 24 26 30 31 32 34 35 39 44 54 60 70 76 78 99 101 103 106 124 138 140 144 147 148 155 167 172 176 179 181 203 213 223 224 238 242 246 247 253 271 273 295 309 311 317 322 324 327 331 342 344 346 349 364 368 385 386 396 398 404 409 418 420 422 430 444 446 450 460 466 477 491 505 526 530 569 570 578 579 584 600 601 605 611 612 615 620 714 734 743 747 757 785 813 824 835 845 906 908 915 962 987
5  355 576 719 911 996
6  37 298 310 546 797 807
2  483 681
11  1 4 159 219 346 409 526 605 685 757 852
6  123 762 823 910 927 949
5  21 34 60 114 135
11  1 2 3 18 38 207 395 409 444 687 835
4  395 445 565 934
6  21 34 397 418 573 587
64  0 1 2 10 12 26 35 39 48 54 63 83 99 122 126 137 160 164 167 172 182 213 215 219 233 238 246 256 277 278 300 304 317 336 345 362 363 406 409 420 430 441 444 446 466 475 476 477 479 486 491 495 569 579 584 600 601 604 605 687 705 746 813 940
2  19 538
5  113 115 303 432 832
3  219 711 925
2  167 724
4  98 584 605 901
9  92 166 175 268 320 589 761 791 968
5  193 243 371 715 892
8  118 120 455 597 650 687 720 964
2  487 811
6  7 14 93 99 126 584
1  351
3  234 389 561
8  12 17 142 156 177 474 909 979
2  226 333
3  369 687 792
2  41 578
16  20 50 82 103 110 167 224 225 444 476 569 584 601 687 724 734
7  31 44 144 209 601 734 803
2  121 430
1  307
13  209 346 409 420 495 499 575 579 601 605 670 734 987
3  345 665 830
1  216
1  95
7  34 224 364 495 578 906 917
3  493 636 854
4  84 231 731 852
3  301 688 979
9  0 1 2 3 4 6 12 69 94
2  467 748
2  441 994
1  374
1  506
7  0 121 128 217 280 584 705
3  309 599 687
4  281 401 629 840
2  442 667
2  276 933
2  318 703
2  416 548
12  1 5 37 101 260 298 310 477 497 584 605 967
3  37 90 144
2  545 606
1  42
2  135 694
5  305 405 552 638 821
5  551 638 821 871 948
1  319
11  6 14 62 170 444 446 569 604 687 727 776
6  2 11 52 75 780 914
3  88 768 835
10  1 4 7 48 253 327 415 747 835 928
7  92 166 175 289 320 799 932
11  0 1 9 26 54 63 70 103 411 778 810
1  1
1  517
12  33 105 108 119 284 417 463 624 656 685 710 818
1  125
1  108
4  395 445 503 934
1  378
2  114 135
7  100 129 165 375 469 480 957
51  0 1 2 9 10 11 13 16 20 22 31 35 41 44 50 94 110 113 144 149 151 167 172 224 225 265 278 303 304 394 420 444 446 476 477 491 495 505 522 554 579 584 595 601 604 605 654 724 734 747 917
7  44 103 324 396 495 605 699
3  210 216 953
1  66
2  504 587
4  79 771 888 987
2  526 698
3  496 592 911
2  269 605
12  30 37 41 247 471 495 521 530 626 687 734 987
36  0 4 6 10 19 20 28 31 41 76 93 103 124 159 172 179 346 408 450 466 495 505 526 569 584 595 601 605 611 685 734 746 747 767 857 962
3  129 165 922
1  373
6  472 657 721 769 834 962
4  448 586 740 764
81  0 1 2 3 4 5 6 7 9 10 13 18 19 22 26 28 30 35 48 50 51 53 54 80 82 84 94 95 98 121 126 128 138 167 176 177 213 215 224 247 254 256 362 393 394 398 418 420 422 426 430 441 464 476 477 486 491 495 505 510 515 522 539 546 569 579 595 605 611 626 687 705 724 734 743 747 768 800 857 953 987
2  178 189
2  448 583
4  34 397 504 573
3  76 632 908
2  511 791
1  407
2  16 265
1  576
1  100
2  167 923
10  88 93 477 569 579 584 626 705 734 747
11  23 111 134 221 236 455 602 650 768 847 955
6  58 118 120 513 655 835
1  31
13  114 309 418 420 444 464 540 635 687 693 741 814 953
13  16 98 152 176 224 257 477 491 495 505 601 605 687
33  0 1 16 20 28 50 52 75 98 110 121 144 209 225 267 273 409 420 444 491 495 505 522 523 526 569 579 600 605 611 710 734 962
8  111 120 221 286 421 455 596 835
3  365 436 439
26  0 13 22 31 34 66 76 101 107 144 159 177 198 209 227 363 444 477 491 505 554 569 605 672 743 746
80  0 1 2 3 4 5 6 10 12 16 19 20 21 22 30 79 98 99 101 103 107 110 121 144 152 159 167 176 182 203 204 209 213 238 257 269 273 324 336 342 346 369 385 396 409 420 428 444 466 477 485 486 495 499 505 510 526 546 569 570 577 579 584 600 601 604 611 612 626 648 654 687 734 743 757 767 768 901 962 987
2  548 985
1  124
3  182 256 362
2  393 713
2  284 772
28  2 52 68 93 99 106 124 246 253 311 324 364 430 450 495 579 584 601 605 612 620 654 687 734 747 785 962 987
19  0 1 2 31 94 99 159 342 385 402 466 491 495 605 611 648 734 915 962
3  364 793 978
6  12 18 37 836 875 973
3  242 495 896
1  232
3  289 799 873
3  165 631 804
7  36 56 206 418 626 687 877
5  90 224 495 611 987
1  404
1  373
3  438 820 997
4  562 656 710 818
2  461 478
26  7 14 44 56 99 152 172 206 247 337 397 418 471 578 584 595 605 619 687 705 734 747 835 915 943 987
3  358 862 876
2  447 676
2  401 541
1  38
1  618
2  588 908
2  0 9
1  122
5  599 693 741 814 953
2  531 854
4  236 455 753 766
9  168 305 405 473 551 552 718 894 989
2  300 746
4  6 42 73 915
2  454 666
3  0 1 915
1  424
1  281
2  457 935
1  446
1  32
6  385 402 605 612 654 747
1  401
10  118 120 236 455 513 596 668 752 817 847
2  194 458
4  475 746 768 835
1  410
16  0 1 2 7 9 30 361 394 466 493 569 605 611 648 734 747
2  597 835
5  463 562 624 818 962
10  161 167 245 372 472 582 721 834 926 962
15  0 3 7 10 31 36 41 44 55 84 109 231 398 852 915
4  0 13 44 952
5  28 33 202 679 962
1  436
1  251
1  96
2  122 368
2  527 830
4  277 406 454 641
1  542
4  650 752 817 847
2  276 933
10  9 13 24 26 346 420 428 456 526 987
4  1 2 3 71
1  604
1  296
2  299 352
2  408 774
4  252 447 628 796
2  34 743
2  288 725
6  6 19 28 660 962 987
1  491
2  483 498
1  460
2  145 302
1  382
12  28 33 105 108 167 346 499 562 579 733 734 852
1  56
91  0 1 2 4 5 6 7 8 14 17 25 32 62 68 70 86 88 90 94 98 99 106 114 120 121 138 139 144 170 172 176 177 181 224 225 246 247 253 254 257 271 301 309 311 318 336 369 395 400 409 415 418 420 430 437 441 444 446 451 455 464 477 485 491 502 505 513 520 522 540 554 578 584 599 600 605 611 619 626 690 693 705 734 738 757 792 814 835 953 962 987
4  225 301 533 979
1  367
15  0 1 3 6 9 12 30 94 101 121 687 739 913 915 987
2  465 481
3  429 444 962
9  0 1 311 599 635 687 741 814 953
1  550
1  400
3  246 322 386
2  116 145
2  575 900
1  570
1  357
2  153 826
1  208
1  544
1  192
37  0 1 6 48 121 128 144 152 167 176 177 215 217 280 304 336 391 393 418 420 437 464 466 477 486 505 539 584 595 626 687 734 743 747 758 835 917
1  240
2  163 868
2  242 349
1  307
8  28 33 562 601 624 759 855 962
2  508 925
1  116
1  609
15  0 1 4 7 51 93 124 138 147 167 334 361 495 728 747
3  512 789 892
2  426 750
1  494
7  67 168 305 638 894 937 989
3  496 911 996
5  23 118 186 286 513
9  161 472 582 657 808 834 926 962 987
4  20 353 824 828
8  1 2 5 11 232 278 734 824
15  0 22 30 82 138 167 334 339 359 441 509 522 569 584 734
3  148 288 678
1  371
11  6 28 62 100 170 188 228 258 294 360 554
2  714 884
4  253 415 870 986
4  326 331 796 972
2  532 852
1  380
2  685 734
103  0 1 2 3 4 5 6 7 9 10 11 14 18 19 20 28 30 31 33 35 39 41 50 51 62 77 80 82 88 93 98 105 108 119 138 146 149 157 159 167 192 205 219 224 225 233 238 247 250 253 269 323 324 345 361 369 418 420 441 463 466 471 476 477 486 491 495 522 523 526 569 578 579 584 595 601 605 611 612 626 654 685 687 705 723 724 733 747 767 768 772 800 818 824 835 855 901 906 915 917 962 969 987
4  249 283 465 822
8  13 54 55 70 346 420 479 946
2  164 850
16  3 4 6 14 28 33 94 108 400 444 451 687 749 755 757 855
5  30 41 53 690 987
2  448 583
5  599 635 693 814 953
2  478 869
32  12 21 34 39 51 60 124 142 167 177 223 247 253 278 304 363 420 437 444 464 487 491 495 584 604 605 677 705 747 768 770 987
1  84
2  69 162
42  0 1 2 3 6 17 20 21 34 54 60 95 101 122 137 154 160 167 177 197 273 277 300 311 317 368 444 446 449 475 505 579 604 639 652 785 835 851 866 917 962 987
42  0 1 2 3 48 66 93 167 207 211 253 361 402 441 444 446 471 476 477 491 493 495 557 569 579 584 595 611 626 648 654 705 714 734 743 758 767 768 818 835 962 979
2  467 535
2  738 757
1  716
1  246
4  650 668 817 847
13  58 90 111 134 144 150 221 236 286 455 637 766 860
1  448
2  400 738
4  276 321 933 984
16  14 25 32 167 301 304 311 336 346 409 495 499 605 687 738 749
4  705 747 835 890
3  710 855 962
1  369
10  72 92 166 175 185 268 289 320 511 968
7  123 500 823 910 924 927 949
7  0 4 7 39 44 915 940
1  583
2  193 878
3  236 637 753
11  6 42 273 338 408 579 605 734 747 855 962
34  3 4 6 12 17 23 30 58 88 93 95 111 122 144 164 277 317 368 378 414 441 475 477 556 584 596 605 652 734 743 747 824 835 847
2  582 834
4  70 218 491 743
2  574 888
5  119 284 463 610 734
3  260 310 859
3  408 675 819
2  166 856
3  6 117 554
2  461 951
2  559 810
2  176 987
1  555
1  221
2  331 796
1  315
2  183 863
37  0 1 6 9 10 11 13 14 22 24 30 35 37 54 71 103 107 151 167 171 203 209 273 311 342 344 420 444 495 611 746 824 835 860 898 917 987
1  420
2  37 260
1  443
2  715 885
4  1 4 7 138
2  511 589
9  0 35 39 121 125 369 520 687 947
2  613 978
3  24 44 860
1  401
8  252 306 326 331 676 730 782 972
2  37 497
1  95
8  92 289 320 558 617 846 873 932
17  0 1 2 3 11 132 149 161 477 584 734 808 824 828 926 962 969
7  19 28 33 105 127 818 987
3  285 827 899
1  523
1  618
1  57
1  99
1  497
5  161 721 800 834 962
1  460
5  63 411 419 559 778
11  0 1 2 126 159 440 466 487 491 514 883
1  206
3  450 495 505
9  81 139 210 599 635 687 693 741 953
1  133
1  413
4  650 668 752 847
15  33 105 119 127 143 335 417 463 562 624 656 734 747 801 917
1  774
3  438 623 997
3  551 552 871
9  80 82 174 249 283 399 465 735 961
6  123 500 762 910 927 949
18  0 1 2 5 11 20 98 353 495 722 723 734 768 785 800 828 835 962
2  26 83
2  153 701
3  285 802 899
10  11 353 392 476 722 800 824 918 939 962
1  459
2  527 665
3  136 188 228
2  303 507
1  466
14  132 149 161 245 372 472 582 657 721 769 808 913 926 962
49  1 3 7 10 14 18 23 39 41 44 47 58 88 103 111 134 144 150 207 225 286 311 317 327 385 420 421 444 495 502 556 557 597 602 626 652 655 687 705 734 746 747 758 768 785 824 860 945 987
3  614 875 973
2  127 962
2  329 912
1  415
1  541
1  227
2  276 933
1  164
2  412 436
1  495
2  799 873
22  6 12 17 23 58 111 134 220 221 236 286 328 370 421 455 596 650 668 752 768 817 860
1  136
1  453
3  164 431 737
6  95 122 137 164 746 866
14  1 10 84 108 167 231 279 499 532 658 685 731 889 915
2  295 990
2  531 636
9  33 108 250 710 734 738 759 767 962
3  92 166 775
4  48 422 579 584
2  371 991
1  773
15  23 24 44 54 150 234 236 237 311 753 785 794 835 847 917
1  61
3  627 876 944
8  144 172 183 316 386 388 425 784
1  275
2  492 959
8  0 3 37 38 41 76 746 851
1  110
1  707
1  742
1  729
2  552 821
1  111
6  268 289 320 617 799 846
1  252
4  614 836 954 973
2  627 862
1  619
1  765
3  0 93 126
3  181 386 903
1  213
1  354
1  811
1  728
1  789
1  61
1  298
2  574 771
3  852 915 958
1  758
1  48
2  512 715
2  45 67
3  638 718 989
2  225 917
1  615
2  312 416
3  785 950 987
4  285 433 802 827
1  698
11  33 98 105 152 202 250 269 463 510 605 734
1  137
2  386 880
1  64
3  49 62 275
5  322 495 530 734 917
1  345
5  76 495 588 632 987
5  8 12 17 518 979
5  123 500 762 823 927
4  355 496 576 719
1  838
27  0 1 6 30 35 36 37 38 39 101 121 132 144 149 161 167 245 280 372 444 491 690 834 926 962 969 987
3  11 555 993
37  0 1 4 6 7 10 14 30 42 50 66 73 84 109 147 154 159 167 209 212 307 441 446 495 612 626 640 642 658 690 734 763 852 889 958 962 969
2  28 29
26  3 10 18 34 35 36 37 44 95 163 167 211 225 322 368 477 530 569 705 734 746 785 818 860 895 906
3  392 828 920
1  66
1  918
1  251
1  580
1  594
2  762 927
2  508 711
14  132 161 245 372 420 476 657 721 800 834 913 962 969 987
7  123 500 762 823 910 924 949
1  557
9  2 3 4 85 96 167 273 409 940
1  234
2  88 90
2  558 799
6  224 276 543 669 756 842
5  395 445 477 503 565
1  645
1  233
1  718
2  118 455
1  828
17  0 1 2 3 4 6 42 159 199 219 278 409 438 441 505 763 929
3  2 5 11
1  14
1  626
1  862
1  835
1  736
1  792
1  552
5  123 500 762 823 927
2  898 987
1  777
1  659
15  77 81 139 192 210 216 254 571 584 599 635 687 693 741 814
1  875
3  134 221 596
1  26
1  568
23  0 1 6 7 8 17 21 32 34 60 66 94 103 114 204 209 225 418 889 915 962 969 987
2  492 865
1  40
1  822
63  1 3 5 10 12 18 21 28 30 33 41 44 101 110 119 121 127 143 144 161 167 177 245 372 420 429 430 444 463 472 495 579 582 601 605 611 612 656 657 660 679 687 692 710 721 734 746 747 759 767 800 808 824 828 834 837 855 913 915 926 958 969 987
1  89
2  455 513
1  138
3  232 402 428
2  37 546
6  92 268 289 320 511 761
23  11 20 37 84 101 109 114 132 161 167 204 245 307 372 472 734 800 913 915 926 958 962 987
2  9 209
2  75 239
3  730 796 983
3  614 836 875
1  429
1  468
3  45 67 180
2  249 995
2  613 793
17  10 12 84 142 156 167 177 209 225 301 437 444 518 533 688 747 909
2  122 137
1  303
2  92 166
1  972
1  756
1  606
1  729
81  0 2 6 7 8 9 12 16 17 19 20 21 28 30 33 41 53 60 68 76 79 90 94 98 103 110 114 121 159 161 167 176 177 181 201 224 238 247 256 309 311 337 346 396 418 420 464 466 471 476 486 495 526 574 578 584 605 611 620 626 670 679 687 690 721 734 739 743 746 779 785 801 835 898 908 913 926 950 958 962 969
2  271 342
3  638 718 894
1  853
1  858
2  3 41
1  914
1  536
6  20 50 82 174 249 977
2  496 719
3  438 623 820
3  412 436 439
1  108
