1000
10  32 258 266 281 367 384 387 542 687 787
5  166 410 577 688 987
8  56 91 204 322 346 382 860 904
9  43 150 235 251 258 407 838 948 957
14  50 336 348 359 428 443 540 564 622 750 777 905 928 992
9  109 124 236 291 501 662 804 827 830
12  46 62 239 299 331 702 802 883 909 936 944 983
11  264 386 422 498 519 584 746 833 912 948 980
11  82 121 179 181 206 220 469 487 583 812 957
5  385 450 465 809 816
12  155 167 196 273 336 490 555 647 831 902 910 931
8  259 382 399 521 568 648 796 890
11  62 65 154 178 183 190 247 294 455 509 874
8  108 168 308 573 617 782 784 898
7  24 285 386 399 641 646 957
10  239 279 303 315 406 515 604 829 853 993
12  149 150 192 197 265 297 345 449 684 698 789 998
5  211 435 579 759 883
9  25 31 62 182 398 401 517 855 872
12  22 189 240 410 596 690 736 843 851 869 871 878
12  141 272 497 660 711 739 753 766 819 825 830 905
11  109 213 579 593 624 653 718 734 741 768 938
12  19 144 151 154 165 241 397 438 451 587 676 901
10  77 206 240 359 463 537 667 788 903 927
8  14 118 132 254 347 474 530 565
10  18 217 238 283 451 523 606 630 711 750
16  33 63 141 335 386 540 670 691 745 756 759 876 885 893 941 987
10  63 354 411 429 617 640 846 893 944 983
8  119 358 425 578 587 696 779 785
14  151 223 257 402 451 573 617 622 623 670 683 825 838 874
9  46 60 177 193 219 259 537 632 639
13  18 267 291 384 470 506 510 586 613 666 847 950 952
12  0 223 311 317 359 456 569 747 787 788 867 940
7  26 285 449 464 561 682 852
10  154 265 319 332 444 454 558 642 696 744
10  60 120 297 371 415 418 431 473 615 979
7  118 181 451 744 885 947 956
19  45 102 123 212 237 246 263 303 312 464 512 567 708 723 729 779 901 959 989
5  46 109 135 210 685
10  119 177 254 366 399 423 426 503 596 936
8  175 184 273 287 455 718 847 962
13  45 125 135 145 157 371 558 576 649 957 973 980 997
13  97 194 253 280 344 352 442 483 694 717 887 983 994
14  3 44 208 284 340 404 516 565 574 619 640 645 690 842
12  43 91 237 240 407 597 738 808 862 888 893 989
11  37 41 316 460 544 716 735 767 858 962 988
12  6 30 38 321 399 400 403 415 458 640 739 784
9  109 472 675 759 793 851 881 967 971
9  173 175 435 449 454 461 562 687 773
5  147 208 405 595 827
15  4 88 101 117 131 133 138 375 635 701 748 783 871 909 974
9  146 221 268 304 360 399 411 478 886
10  156 279 307 343 398 434 456 549 586 784
9  199 328 411 453 573 581 630 715 875
13  55 61 198 221 247 482 510 568 639 771 828 933 943
10  54 91 116 368 430 515 552 627 708 857
5  2 59 405 716 885
15  95 221 337 349 395 412 454 530 626 668 672 702 747 959 989
12  227 275 318 563 595 673 712 734 780 849 851 949
14  56 66 214 230 250 299 418 503 558 620 624 655 843 998
7  30 35 277 515 558 674 742
17  54 132 149 192 270 283 290 350 351 352 527 595 778 783 808 907 960
9  6 12 18 71 475 505 534 720 853
16  26 27 73 93 195 200 221 507 610 626 642 669 738 791 878 909
9  100 130 279 634 639 704 810 902 960
7  12 317 328 330 709 718 791
11  59 67 139 316 404 424 470 691 727 800 958
10  66 123 304 355 546 548 617 647 670 795
12  275 294 308 343 368 372 383 515 564 621 735 921
13  119 198 492 502 545 554 600 718 752 783 815 831 988
9  278 413 516 617 727 731 749 837 850
10  62 264 297 307 319 557 656 693 817 989
10  253 259 324 426 547 603 648 724 930 945
16  63 126 192 258 326 387 472 497 526 610 717 725 782 839 891 976
8  134 299 356 385 428 472 533 653
11  204 519 639 677 710 737 774 795 910 921 958
8  238 286 404 529 622 893 952 973
11  23 106 174 258 386 514 625 671 714 759 842
9  138 214 353 405 421 532 559 796 930
14  164 245 500 517 520 718 723 736 747 790 811 830 858 884
8  93 305 325 412 683 767 847 854
7  126 241 377 655 719 971 976
8  8 163 314 540 634 731 745 862
9  92 230 574 576 584 664 765 770 888
6  112 303 390 474 654 997
10  149 546 549 561 565 663 742 743 801 914
9  529 569 797 800 870 916 949 966 996
10  194 286 572 591 738 796 835 852 934 981
6  50 227 316 525 585 885
5  202 653 680 789 983
12  95 215 314 352 359 586 665 718 897 924 926 992
14  2 44 55 155 158 219 466 489 585 594 765 793 830 844
8  83 267 327 400 609 818 841 996
8  63 80 157 215 241 729 925 968
7  95 124 138 146 211 364 366
8  57 90 94 111 537 589 799 867
11  125 179 272 332 374 505 666 669 679 691 943
6  42 112 522 628 690 875
8  177 307 396 509 553 740 819 963
5  190 635 732 868 877
6  64 417 596 743 777 790
9  50 124 196 289 513 585 637 641 661
17  37 120 181 207 249 255 270 310 366 383 412 555 559 887 904 914 998
12  126 144 152 338 407 430 432 483 588 773 799 977
10  300 333 429 441 461 517 545 715 723 810
5  134 362 768 803 897
15  77 291 348 366 436 471 574 601 627 654 766 773 812 908 961
9  307 343 542 553 622 673 726 944 966
5  13 137 159 358 744
10  5 21 38 47 330 353 674 836 853 900
12  131 226 256 271 284 365 461 479 823 852 933 952
14  95 172 195 250 338 365 385 704 783 810 842 915 933 988
7  84 97 131 163 375 656 703
8  375 407 575 627 664 682 850 971
9  251 379 508 587 603 683 776 832 923
7  173 174 396 457 530 847 995
9  55 123 167 756 782 799 875 926 960
4  50 265 280 337
10  24 36 260 379 455 595 608 684 776 915
8  28 39 69 144 152 557 797 888
9  35 102 257 346 350 503 829 942 978
12  8 138 218 470 528 594 665 668 730 779 898 941
5  418 526 830 924 934
9  37 67 116 322 754 843 856 887 941
19  5 94 101 154 157 353 376 448 492 566 593 657 671 729 834 922 945 954 961
11  41 96 358 478 555 658 669 755 776 845 991
10  73 81 103 129 211 302 387 547 737 958
9  200 214 282 317 384 538 616 914 989
11  277 286 328 436 585 625 675 706 767 853 953
8  126 252 290 307 311 394 424 647
13  64 173 181 314 316 336 413 672 831 834 884 899 975
12  50 110 112 172 540 548 565 611 649 704 852 860
9  24 61 222 295 344 454 718 794 994
8  50 220 326 554 651 723 752 853
15  74 105 185 224 260 319 325 335 490 537 722 755 870 880 967
14  38 41 177 232 257 267 389 532 541 587 595 754 840 872
10  180 259 306 376 449 511 558 696 884 905
6  108 220 289 704 806 999
15  50 78 94 121 308 419 495 545 701 717 722 739 747 922 941
8  66 199 449 479 626 628 706 961
9  169 174 411 487 563 598 802 883 982
8  20 26 267 285 522 615 774 846
8  298 378 431 600 618 628 696 911
4  277 469 711 965
6  22 103 119 195 764 817
13  41 285 442 444 453 470 509 519 554 627 714 790 985
12  51 94 248 282 437 443 497 694 868 887 895 955
5  49 330 638 720 750
8  363 401 412 669 678 843 866 967
15  16 61 85 173 183 450 491 596 699 738 743 770 888 931 993
11  3 16 153 428 566 573 602 733 773 798 993
10  22 29 251 351 397 569 700 802 812 921
11  103 119 165 284 331 475 503 504 719 870 982
14  150 212 240 277 321 387 601 666 683 710 720 748 786 825
14  12 22 34 124 176 196 277 292 306 393 432 699 809 969
12  10 91 188 435 474 475 492 606 641 736 848 900
9  52 183 313 398 434 449 521 673 866
15  41 93 124 191 256 306 358 476 586 647 648 713 854 860 990
5  91 320 512 767 848
14  108 167 177 189 191 323 433 461 563 629 792 803 818 835
4  201 756 904 915
11  221 296 349 455 499 634 644 673 755 922 994
9  172 268 682 696 737 772 800 868 904
8  82 112 322 371 600 836 855 909
8  79 346 404 429 463 565 591 892
7  22 152 166 245 608 754 755
9  1 165 247 352 447 530 695 810 818
10  10 116 159 634 753 793 859 881 941 993
11  13 294 383 387 391 610 617 714 736 813 943
7  140 416 479 501 784 796 813
9  234 333 486 626 651 801 802 861 985
6  349 409 430 536 625 646
13  111 131 162 272 454 474 525 689 787 880 914 937 970
13  48 115 130 149 224 321 340 416 551 707 812 846 926
14  77 115 140 295 317 407 418 525 565 606 686 786 812 916
12  40 48 226 391 443 635 697 705 748 775 890 891
10  154 181 216 264 322 796 850 941 950 994
17  30 39 98 135 159 201 225 241 335 624 671 683 891 906 938 968 973
14  12 260 455 489 534 566 593 600 682 746 833 885 977 989
16  8 96 215 261 348 383 395 523 583 706 753 838 862 863 897 923
10  136 321 587 590 633 713 733 765 895 977
12  8 36 102 130 176 234 298 322 614 624 873 916
8  18 382 406 452 682 699 730 975
9  12 149 156 349 537 623 702 740 804
12  40 192 379 395 555 609 612 764 804 865 877 936
10  134 299 321 381 512 516 697 840 913 967
3  203 317 947
10  356 434 477 584 596 654 657 722 948 954
5  155 230 244 325 370
10  19 159 313 323 402 749 776 873 932 957
13  12 99 282 406 450 513 531 547 575 593 684 746 847
9  157 159 348 350 392 422 512 534 590
10  16 61 73 184 327 393 409 751 777 969
5  30 679 779 908 917
11  42 87 203 205 296 308 599 639 661 758 810
13  63 111 144 231 504 561 573 612 690 778 798 852 903
11  10 101 154 402 488 523 598 601 626 642 725
5  16 573 653 659 675
11  54 69 289 422 707 720 878 949 955 958 961
10  53 139 234 269 327 817 827 893 912 983
11  63 127 226 240 312 513 623 776 848 894 920
12  160 177 316 386 424 555 741 798 803 847 933 998
7  89 205 377 389 669 978 996
9  186 194 345 481 587 783 791 794 869
14  2 75 249 257 460 487 499 566 696 715 719 805 847 864
9  194 202 226 472 481 491 559 652 674
10  8 23 253 384 424 473 485 596 819 976
10  102 217 219 221 417 487 518 592 731 964
8  43 49 272 422 575 578 833 999
5  371 565 608 633 799
6  38 314 378 708 777 857
18  17 94 126 250 296 327 332 336 387 462 533 733 740 827 832 836 852 941
15  37 153 251 253 301 452 518 519 592 609 681 713 749 832 985
4  21 431 467 809
16  59 78 127 230 326 330 493 494 541 595 670 708 780 797 905 973
8  90 93 179 428 470 570 719 873
7  176 217 297 461 748 907 915
9  25 207 216 437 514 818 871 889 921
11  121 241 325 327 369 400 403 592 616 962 973
14  30 91 207 309 324 411 458 578 782 803 820 843 862 961
11  8 133 137 306 402 500 567 604 633 975 995
14  51 54 57 63 161 207 241 263 376 442 655 656 759 868
12  132 224 314 340 405 457 535 642 659 675 750 922
11  29 32 259 509 560 572 657 695 759 812 910
8  134 173 222 335 373 704 818 968
5  177 301 338 411 639
12  110 175 200 205 338 368 383 617 699 763 833 957
10  58 88 348 374 481 560 663 719 782 927
3  582 745 758
7  270 327 358 720 747 780 899
9  59 83 188 214 252 330 518 806 820
9  195 326 495 791 802 824 871 903 998
13  135 281 343 493 567 679 703 713 816 841 853 869 963
7  626 630 657 669 733 945 992
7  170 181 199 421 580 631 775
10  3 285 370 530 630 677 695 821 923 959
11  5 328 331 460 496 519 541 552 601 917 968
8  37 44 239 349 429 709 890 973
7  25 76 716 806 842 980 981
11  6 15 237 310 407 461 508 802 821 857 934
9  19 23 44 153 200 335 472 481 951
20  22 81 93 177 218 221 247 347 421 502 546 661 688 704 719 742 790 900 936 990
9  244 406 546 657 685 742 765 880 901
6  323 340 380 408 552 746
6  188 242 405 436 717 756
12  79 165 285 482 523 529 532 556 629 779 820 970
5  37 352 460 531 767
13  12 54 166 241 486 565 581 695 697 723 771 789 850
5  146 411 715 854 875
14  102 204 261 433 440 467 600 603 731 838 868 910 960 970
9  59 111 211 372 388 425 446 475 502
16  3 114 151 212 449 521 523 535 627 663 688 702 720 907 951 967
7  129 230 403 486 585 661 990
12  42 72 206 212 308 341 513 752 779 808 880 904
6  24 39 339 349 587 834
9  102 261 265 282 411 584 663 775 810
10  110 157 270 582 613 625 717 733 751 938
13  29 120 135 204 306 514 586 603 634 647 659 756 761
9  0 3 73 77 562 805 835 846 923
16  11 30 72 136 223 456 457 475 488 556 568 606 626 840 845 958
12  118 134 178 490 503 577 612 639 663 764 891 913
6  179 249 255 531 623 770
6  310 395 440 532 592 722
6  37 221 414 528 549 687
8  7 71 176 283 284 482 928 956
11  16 34 117 255 371 468 565 765 850 861 906
11  0 294 345 475 490 496 622 634 674 830 879
13  31 92 135 141 287 377 378 453 520 638 838 869 893
6  51 162 360 478 539 804
6  199 424 518 572 601 934
7  61 102 229 256 676 750 801
7  110 342 374 484 608 655 715
14  20 96 172 208 284 496 500 606 699 706 748 818 826 834
9  10 40 310 377 635 639 700 798 911
3  810 823 886
9  58 68 287 292 402 473 676 719 970
8  355 652 690 748 778 824 873 980
13  60 128 143 153 154 699 723 811 840 856 909 972 976
4  70 559 706 897
11  15 52 64 298 322 528 545 738 839 979 994
9  42 117 347 451 456 487 504 674 920
9  0 232 326 494 596 641 723 973 999
8  127 146 190 255 318 468 618 944
14  25 61 264 298 346 396 429 484 509 578 654 728 838 920
11  43 110 152 264 272 365 440 679 706 764 883
10  14 33 141 145 235 245 845 878 927 947
10  76 87 128 333 372 501 625 859 900 956
5  40 267 275 362 722
6  387 456 562 808 864 885
11  101 137 198 395 493 502 585 669 675 777 827
12  61 129 338 378 440 464 497 574 697 722 807 942
8  5 31 106 296 506 626 694 828
9  154 275 305 392 442 474 675 769 977
7  338 353 368 661 671 883 942
9  12 68 168 266 415 542 884 904 964
12  132 174 437 443 706 710 756 761 766 920 927 970
10  161 194 211 291 552 647 782 810 902 922
14  16 35 71 216 429 454 489 567 665 727 794 846 861 914
10  142 181 279 283 407 429 723 831 882 962
7  6 59 74 185 806 906 944
7  104 511 641 662 673 702 951
10  212 225 319 334 439 468 524 531 918 955
12  126 327 370 579 708 712 743 768 780 851 871 883
11  15 37 84 380 487 552 646 677 758 796 925
9  51 67 655 664 687 731 753 967 987
10  80 292 354 425 610 654 679 701 885 952
12  136 154 157 220 257 344 367 445 513 701 776 810
15  52 71 98 107 129 395 419 517 522 561 654 751 877 938 957
12  13 68 138 194 253 311 319 363 370 477 514 579
11  219 334 360 402 437 610 614 622 745 847 929
13  102 239 262 273 370 383 463 465 604 695 748 817 913
6  32 129 308 443 635 923
6  37 200 363 386 500 945
9  156 189 391 413 448 471 510 527 670
11  82 90 130 210 222 339 792 884 924 928 969
4  15 602 713 971
9  45 66 88 130 201 394 516 669 755
15  32 65 127 174 186 382 452 453 461 528 588 647 667 827 966
6  58 282 330 365 455 771
10  34 71 134 301 308 326 399 448 456 680
13  158 360 374 411 502 602 609 654 752 810 894 901 955
10  46 153 173 180 185 458 540 669 852 854
13  2 123 163 176 181 279 332 456 568 656 684 874 938
9  159 189 243 484 489 505 714 731 820
12  72 219 365 455 481 534 564 680 687 759 798 891
12  80 134 188 218 329 423 628 648 698 870 874 971
10  73 133 214 231 281 319 725 733 824 847
13  92 192 199 211 218 229 302 395 441 454 554 625 913
13  53 65 128 236 465 605 616 666 736 856 908 913 974
6  325 403 430 456 475 940
9  65 109 147 214 230 318 422 582 753
10  6 152 236 415 701 749 754 804 953 971
11  34 96 211 322 358 394 690 842 853 901 977
17  104 170 286 346 390 504 513 523 537 550 605 645 690 694 773 811 933
5  301 309 376 410 814
13  26 134 177 224 240 345 464 472 616 647 849 850 899
11  4 10 130 211 414 417 575 578 722 930 938
13  57 117 349 400 422 478 489 511 536 748 792 809 897
13  103 111 225 226 290 293 359 379 405 575 700 900 994
6  254 314 399 463 666 845
13  43 173 222 243 388 451 523 580 758 791 829 861 875
10  253 364 492 617 629 741 857 867 892 900
4  271 466 830 871
12  52 68 107 232 412 429 438 558 623 650 840 860
10  42 132 306 446 591 648 651 876 934 998
8  16 203 266 335 510 652 755 977
9  2 120 164 283 333 633 732 789 939
8  24 241 280 394 475 537 656 764
10  4 106 179 191 227 508 514 634 709 747
13  57 161 171 183 237 254 337 445 635 658 679 896 933
5  61 120 191 617 936
8  61 151 372 475 486 660 766 897
11  42 61 90 166 246 421 497 518 904 984 993
8  78 109 124 293 412 729 883 922
11  27 305 361 390 403 571 631 735 809 892 955
6  67 276 501 812 840 851
4  74 187 560 797
4  373 620 649 981
12  28 108 125 157 229 332 568 620 733 839 850 914
12  4 23 32 90 338 387 420 592 606 685 751 898
10  51 268 309 320 362 634 812 825 943 985
9  354 523 548 658 672 760 882 932 987
10  105 287 360 506 563 735 758 794 932 986
9  148 308 312 364 518 529 645 689 930
8  94 341 363 540 545 583 721 728
11  110 111 284 318 324 451 511 525 597 672 874
9  39 94 102 106 378 466 564 667 669
11  0 306 497 501 644 661 670 708 826 860 967
9  55 68 226 293 371 466 718 852 919
9  218 440 469 541 543 780 894 900 914
11  188 235 302 308 310 399 403 589 608 748 896
10  35 41 163 209 265 368 416 561 792 858
8  68 250 286 351 431 677 716 749
9  224 357 374 430 542 650 724 804 967
7  96 227 271 320 373 591 929
9  50 112 113 388 458 549 672 692 930
11  124 136 221 334 516 517 604 628 766 834 947
13  81 202 267 273 478 527 560 606 634 776 824 846 997
11  142 210 267 290 366 567 599 664 688 759 828
12  114 118 184 338 460 495 516 795 817 821 916 952
8  243 303 387 595 645 858 882 964
5  185 450 552 913 933
15  2 11 182 317 425 441 491 535 560 621 648 795 835 898 957
8  68 102 168 179 226 310 548 724
9  0 31 127 206 552 687 791 873 906
14  9 74 111 396 453 519 526 631 654 736 741 789 858 909
12  7 14 26 77 201 312 418 483 673 903 957 991
15  0 73 126 153 168 211 288 359 380 620 685 828 933 941 972
7  250 340 375 419 556 714 983
7  135 202 399 405 599 810 839
7  84 333 354 611 693 710 796
7  168 175 313 399 917 934 971
10  191 292 532 536 620 697 795 846 858 903
7  154 192 556 650 830 864 995
13  129 316 332 347 574 654 697 702 705 742 827 889 976
13  57 179 184 262 289 307 327 558 620 712 831 884 984
12  98 115 283 385 565 622 663 745 768 912 952 992
8  22 151 464 521 550 818 909 973
10  18 52 156 477 489 554 557 580 736 926
14  11 14 39 46 51 319 339 370 389 391 508 536 586 887
11  46 92 218 337 412 413 584 614 661 747 962
7  18 148 743 802 809 834 999
13  29 189 196 220 275 309 405 651 723 821 824 931 985
10  46 218 252 329 354 370 457 528 718 994
11  43 66 76 164 489 581 632 703 717 872 879
13  49 56 78 222 244 338 389 402 590 853 863 896 987
10  15 182 190 242 418 525 614 700 724 997
13  3 44 103 113 174 239 298 530 603 637 667 696 840
3  243 583 642
7  171 192 469 503 866 894 967
6  1 19 334 505 733 981
17  27 51 53 140 219 225 248 255 320 448 526 537 630 745 834 846 992
13  57 80 102 148 343 353 400 439 448 547 548 646 782
11  70 130 313 400 556 614 695 743 797 807 812
9  263 336 417 446 482 601 725 848 923
9  35 46 294 331 522 558 632 680 924
7  169 173 371 572 647 783 879
9  100 207 336 414 428 447 680 727 748
13  35 59 122 174 386 406 547 580 601 605 674 797 938
10  138 307 388 566 619 683 855 878 902 975
3  359 637 801
12  78 234 241 352 462 527 559 774 823 843 898 952
12  7 191 198 208 330 337 496 543 613 682 837 992
7  39 325 496 638 748 913 950
11  66 129 201 206 269 450 452 495 631 679 753
9  28 250 305 382 475 579 709 899 917
6  39 72 866 922 945 985
5  431 433 463 675 992
8  4 74 150 215 417 530 532 799
14  27 104 164 237 283 297 298 343 576 587 635 687 776 826
14  55 103 171 329 373 465 492 497 536 610 721 809 833 867
13  35 142 213 372 427 432 541 656 693 791 889 927 969
11  103 154 431 521 574 587 600 829 851 888 958
9  159 249 427 443 452 635 669 909 953
8  52 156 187 475 622 736 845 869
11  17 48 155 514 578 732 744 815 906 946 950
7  106 128 244 477 691 877 958
9  146 217 295 309 498 651 652 777 781
8  22 343 440 554 866 874 979 987
7  301 412 495 730 789 849 986
12  249 262 284 290 369 438 550 737 747 793 871 955
10  104 327 382 503 515 639 654 700 772 928
12  42 145 221 292 492 547 721 722 725 759 860 934
11  4 146 175 295 311 433 588 629 696 702 747
4  34 145 692 966
10  306 349 469 506 525 682 707 772 964 985
7  250 344 414 580 835 877 940
7  166 417 620 691 837 848 877
11  124 313 319 411 412 603 709 882 890 914 986
12  16 33 48 136 139 156 251 515 582 652 789 840
13  9 149 190 381 424 491 541 651 723 768 777 800 984
12  22 25 29 36 280 340 365 513 715 725 950 983
14  182 212 317 424 433 484 496 659 699 722 749 769 819 974
10  53 145 267 317 385 456 701 802 869 955
11  34 48 57 132 172 297 327 497 560 867 980
12  12 40 118 161 178 318 324 652 744 833 916 960
14  32 52 259 280 288 319 322 329 453 494 541 550 576 870
8  115 222 259 403 623 777 856 950
10  46 219 321 375 578 617 673 873 902 992
3  566 929 952
8  45 204 236 246 379 469 707 910
9  48 104 110 159 216 239 317 525 982
6  211 421 496 759 763 770
11  23 164 310 339 427 509 707 729 788 869 952
9  33 37 290 335 397 513 515 839 968
11  9 310 328 430 505 544 747 764 810 829 972
13  91 342 366 368 545 635 689 754 870 943 951 953 968
4  213 249 662 954
6  265 282 301 666 864 903
13  8 143 369 409 445 460 515 556 596 795 827 978 994
11  31 66 121 145 215 704 741 770 797 808 940
5  106 313 557 712 901
13  47 73 74 205 240 335 513 576 696 749 800 905 929
8  35 206 275 617 655 779 852 854
9  24 84 155 172 292 891 902 910 928
21  62 152 155 250 259 266 329 347 351 425 434 480 518 605 627 662 745 754 782 792 918
12  157 489 578 594 637 829 842 865 886 919 966 974
7  187 308 398 436 606 781 857
12  51 125 268 337 377 576 637 727 753 813 933 945
10  110 139 169 548 549 711 798 804 967 979
8  475 487 491 591 617 618 853 941
11  203 205 227 240 324 613 675 726 737 859 986
6  54 245 264 414 548 897
9  42 103 386 666 809 836 838 862 982
11  271 283 323 452 521 589 617 775 821 893 972
4  206 529 721 959
6  170 247 252 351 650 756
11  8 140 204 207 280 303 480 715 891 937 998
7  196 259 513 520 621 662 933
12  91 178 297 323 337 398 404 476 689 785 789 856
7  10 134 260 266 604 816 934
13  149 205 382 450 480 541 592 617 691 763 812 940 945
15  69 124 155 341 430 442 514 561 709 773 812 840 846 884 919
13  214 232 289 516 527 534 544 637 676 696 825 874 930
5  214 281 456 536 564
14  138 231 379 424 439 523 534 546 608 616 678 786 795 998
9  236 266 272 422 423 452 462 708 821
13  20 73 146 290 352 367 430 454 537 628 649 691 974
9  7 437 508 683 807 833 856 941 996
8  161 204 500 548 561 593 649 746
8  79 220 272 312 499 520 686 825
11  5 169 286 355 367 514 554 599 824 874 897
8  69 241 250 289 320 593 751 976
11  39 59 120 152 260 409 441 540 557 798 809
9  152 195 280 333 614 769 779 854 946
11  62 96 323 410 465 597 701 722 727 829 840
9  31 291 362 445 634 638 656 908 934
5  63 639 842 915 933
6  114 239 348 399 498 748
8  12 98 145 223 283 463 654 960
7  31 54 313 345 708 723 904
7  136 300 337 365 549 809 943
8  37 158 185 191 572 714 738 797
13  101 190 200 253 306 333 451 464 472 488 597 626 710
13  77 217 257 308 348 435 492 501 707 859 945 994 997
15  15 55 60 68 441 449 464 469 630 638 677 757 869 887 979
12  43 70 185 316 376 379 493 624 732 812 815 858
13  18 79 104 307 376 525 576 625 692 841 857 935 957
12  207 212 230 269 352 363 475 529 554 574 740 776
9  7 75 145 212 236 385 550 646 906
8  79 267 488 500 528 804 807 931
11  11 156 251 397 432 484 550 702 750 755 830
9  97 141 307 415 539 633 657 682 780
13  25 179 196 245 251 333 340 361 495 558 594 627 713
3  301 743 850
10  88 172 174 365 406 445 461 517 639 924
7  73 122 385 411 691 787 814
8  61 313 377 421 493 538 570 861
10  121 263 279 317 403 520 554 636 722 776
7  76 86 245 363 485 518 833
11  24 57 115 166 235 407 428 560 645 668 917
11  190 246 261 301 568 617 618 633 740 775 875
12  78 135 245 262 392 428 654 708 774 775 814 971
10  74 211 598 665 710 745 758 833 935 964
14  62 178 191 324 493 495 551 626 645 748 790 847 861 920
4  222 251 382 626
10  171 337 392 399 430 494 619 656 783 891
14  23 30 95 134 183 333 347 411 497 847 867 869 908 914
7  127 527 545 604 746 809 892
7  268 522 785 842 928 935 990
13  4 26 82 131 321 364 503 567 575 633 684 771 823
12  135 214 236 369 431 450 456 491 825 895 920 998
10  0 107 294 373 648 673 682 700 711 929
5  369 422 825 833 998
8  45 465 493 781 801 846 892 921
15  69 104 138 279 364 466 538 553 624 674 729 751 794 805 853
9  67 85 241 242 495 650 718 766 902
8  72 126 190 412 418 442 766 871
14  67 131 361 383 412 479 482 499 564 602 636 821 888 994
12  52 85 263 375 479 511 610 638 670 888 980 995
13  333 397 440 456 519 521 553 620 755 786 826 900 987
7  173 534 577 710 748 911 948
9  55 236 243 296 303 381 384 724 727
12  98 107 545 550 571 624 728 838 891 928 933 976
15  69 133 145 327 398 438 501 518 528 560 575 600 640 684 939
12  10 102 125 184 201 580 604 624 808 866 868 884
13  245 259 388 393 413 469 578 626 714 863 884 905 993
10  71 119 398 471 503 570 584 585 694 763
14  34 41 59 60 136 343 395 415 523 659 748 795 821 931
7  78 102 205 278 421 780 996
12  223 227 356 377 382 454 530 554 804 941 957 989
11  33 85 195 307 371 492 499 711 753 785 916
11  48 258 288 605 607 782 801 817 842 850 929
8  58 140 159 362 604 718 884 965
10  4 68 324 366 494 548 674 801 839 918
11  24 43 85 131 164 174 209 247 265 396 617
9  124 150 178 204 419 459 641 810 817
8  37 220 232 297 378 540 892 896
10  11 54 259 322 358 531 574 847 950 996
5  32 86 151 607 680
6  215 527 557 814 878 965
4  354 553 598 941
12  87 223 269 416 512 635 654 771 810 811 829 850
14  13 29 53 150 195 197 590 636 723 737 746 811 939 958
15  43 83 106 290 394 432 518 568 630 645 739 740 811 857 970
13  113 190 208 336 338 540 554 641 663 768 849 858 997
11  41 83 429 456 472 478 517 742 814 831 990
12  1 260 551 618 627 752 786 821 837 857 873 933
11  28 208 219 283 336 435 458 476 556 618 834
8  17 21 302 308 425 627 848 959
13  234 340 398 418 446 555 612 613 619 632 877 950 991
6  53 247 404 859 904 998
7  228 256 330 449 587 716 759
8  8 179 364 408 672 761 768 770
13  7 83 187 255 400 557 628 629 744 745 901 978 979
12  88 91 101 128 252 289 557 637 653 667 716 829
8  31 52 90 157 257 399 788 851
15  22 28 114 135 180 203 254 429 432 582 708 743 760 853 882
13  103 317 443 616 629 681 707 814 846 882 918 937 992
6  95 370 484 804 892 897
8  180 191 405 573 611 625 770 981
9  87 164 344 374 480 713 736 840 880
11  207 212 218 262 359 491 599 606 781 880 948
9  21 124 178 190 499 502 789 830 979
9  91 121 476 523 597 605 654 657 696
10  49 58 61 118 135 214 380 670 789 952
9  19 39 100 149 187 206 281 469 643
10  44 365 505 513 594 699 711 848 853 882
7  140 196 533 571 697 754 908
7  194 378 389 501 592 736 974
10  69 142 163 178 249 432 554 722 840 944
10  106 153 196 236 269 414 418 770 828 835
6  150 315 320 548 634 932
11  72 114 249 257 407 448 649 703 787 840 904
12  15 220 310 376 490 538 555 563 620 669 880 979
9  328 333 418 475 562 594 686 749 987
15  25 155 174 259 272 359 377 477 592 628 653 787 968 971 979
8  562 569 643 646 815 820 830 877
11  118 165 209 271 370 495 693 754 831 849 877
7  92 184 212 320 898 992 996
8  63 73 168 305 309 430 549 992
5  131 390 590 624 821
6  184 195 260 580 645 933
8  31 256 422 481 580 618 744 934
8  181 309 400 406 413 504 631 828
7  35 141 646 828 858 870 885
6  127 218 328 335 495 588
20  13 27 29 67 70 168 226 341 350 458 473 480 484 491 531 565 767 775 945 982
12  142 282 480 531 577 578 613 734 738 957 973 982
10  43 419 536 580 732 755 757 789 913 921
15  59 357 358 387 392 395 447 550 604 649 659 692 700 825 986
6  68 382 488 703 907 939
15  4 29 76 107 266 309 396 434 641 746 756 825 843 854 903
8  29 183 200 261 343 457 665 846
11  21 59 177 181 516 545 553 555 611 670 672
11  77 128 171 256 286 327 517 590 758 932 984
18  57 63 139 170 196 233 259 291 513 534 535 556 704 729 793 886 936 979
11  55 106 113 145 251 475 523 577 579 684 836
14  97 139 142 325 376 497 584 606 688 750 783 822 843 965
9  159 245 341 443 584 588 887 891 999
10  25 53 233 235 411 515 574 631 955 957
10  234 354 385 424 614 630 658 691 702 947
10  30 404 415 580 651 686 699 745 779 797
12  180 209 220 346 522 531 540 678 697 814 958 973
13  64 82 161 167 257 266 348 360 377 506 602 856 911
12  50 99 175 273 311 349 429 433 466 572 661 718
7  528 548 573 779 819 926 966
8  101 407 420 476 478 493 585 886
10  147 267 423 506 515 549 743 785 812 858
13  30 54 64 75 194 225 260 273 441 507 525 830 974
9  27 43 46 554 754 759 811 841 847
12  14 101 155 281 300 566 575 622 707 745 811 927
8  34 63 196 222 408 751 761 771
4  596 607 695 728
5  161 367 707 808 998
9  43 333 363 380 530 534 574 612 828
8  14 171 303 412 519 607 615 956
12  10 67 129 157 257 296 317 335 416 741 892 949
10  11 72 157 325 344 382 542 711 779 807
10  41 131 357 497 499 603 620 715 720 993
10  343 373 393 486 546 696 708 710 783 945
12  133 170 344 402 437 450 632 659 672 793 918 949
11  205 276 345 437 449 455 690 718 749 832 849
9  21 74 89 197 585 606 782 926 929
21  84 106 187 283 305 307 320 385 394 441 509 532 572 594 705 717 838 853 857 879 912
9  59 81 221 271 304 473 788 889 901
11  71 112 221 322 347 431 506 536 663 682 707
11  124 187 223 233 242 522 594 728 738 879 963
4  125 349 361 631
9  197 222 257 452 558 620 651 712 942
9  20 351 667 787 829 879 896 908 930
14  101 194 241 252 293 367 400 635 731 775 812 839 856 985
9  5 300 467 475 488 676 687 790 903
12  85 227 251 255 260 396 575 656 894 902 904 916
9  83 113 304 378 696 769 894 923 962
7  90 121 297 533 623 802 954
10  31 96 153 328 339 468 483 727 747 840
11  23 317 366 407 585 660 694 817 821 961 980
3  57 121 530
16  63 96 125 148 202 233 289 316 321 366 433 604 825 848 908 985
11  26 29 67 214 313 367 549 595 624 731 976
11  77 124 177 293 699 820 834 853 911 970 990
9  57 130 361 365 375 583 624 651 790
12  58 107 156 161 300 386 458 542 823 841 967 968
9  60 109 205 266 280 418 545 564 887
12  47 128 197 222 289 292 427 481 750 828 829 890
6  22 270 275 493 662 724
7  75 235 303 372 515 712 872
5  148 495 633 989 991
10  96 193 232 284 305 349 424 683 874 983
7  89 319 324 415 417 569 849
10  212 588 824 836 846 881 934 957 979 985
15  33 113 162 178 182 422 445 522 542 656 695 707 717 865 950
12  29 80 114 153 177 419 498 679 737 839 923 931
9  16 118 190 322 540 554 627 727 798
6  38 242 359 387 853 922
7  174 500 605 632 832 882 988
10  0 48 263 304 324 384 429 662 711 801
9  1 241 251 378 628 776 883 968 994
4  172 363 466 489
10  19 43 97 195 276 332 333 652 712 910
16  26 66 96 436 447 491 497 526 631 773 797 857 882 940 946 958
7  375 444 517 620 759 765 947
7  71 390 431 608 858 960 967
8  42 146 291 333 557 667 764 982
10  166 223 235 247 310 413 643 682 851 955
14  28 34 136 142 162 204 407 443 472 493 594 650 664 823
10  175 185 247 290 392 394 598 633 706 962
5  16 325 754 838 888
12  149 154 182 226 272 277 452 597 632 671 763 969
9  151 273 338 406 441 542 620 791 917
13  50 138 305 306 331 453 505 721 753 820 889 911 998
13  6 57 183 251 300 394 443 521 631 720 838 925 955
7  112 232 404 603 621 711 865
11  64 111 131 137 224 241 470 626 866 869 902
4  175 394 654 893
9  128 139 179 272 278 284 295 697 822
13  173 198 445 460 463 514 588 641 644 656 682 783 925
13  37 55 210 214 302 367 496 510 532 587 650 742 766
9  65 237 348 425 448 492 754 961 989
10  75 153 295 390 513 533 551 650 840 956
12  20 25 143 479 542 561 597 648 687 703 905 956
9  58 302 395 471 659 677 690 816 895
10  157 180 212 232 315 523 591 838 924 990
8  77 145 168 323 388 512 556 974
10  53 104 204 248 271 451 487 649 841 868
10  45 56 238 372 582 585 762 888 891 990
12  42 73 138 244 256 404 654 682 729 872 910 926
15  21 40 65 69 79 90 132 368 403 546 563 635 652 862 920
9  81 152 204 215 227 241 275 783 975
13  62 147 153 198 229 251 649 702 743 785 873 881 927
8  364 430 442 485 701 829 841 884
14  134 138 187 262 287 290 336 442 452 505 528 600 877 881
16  37 79 104 133 247 277 281 298 402 450 510 573 730 756 902 991
10  72 373 383 406 552 676 753 768 909 978
7  73 196 326 414 442 451 837
6  107 481 752 798 851 919
9  66 70 297 417 478 505 552 666 684
9  283 364 553 643 657 744 784 851 939
11  37 93 124 353 463 545 626 717 748 865 930
4  121 182 439 723
12  70 82 207 249 304 323 661 670 741 885 959 974
7  99 346 435 516 619 908 999
12  150 180 211 233 256 326 358 410 786 861 870 990
5  21 58 618 939 970
9  45 68 354 362 746 796 882 955 982
14  19 79 155 168 328 385 398 434 591 599 737 780 811 997
12  75 126 162 440 481 573 683 736 746 763 942 948
8  44 63 87 149 279 512 618 657
7  20 46 138 574 749 869 941
7  98 183 211 518 531 574 930
10  21 201 341 385 470 647 731 787 883 908
10  60 85 241 242 394 576 708 768 852 900
11  85 100 149 302 401 413 524 587 638 720 987
13  34 36 108 435 455 584 613 728 774 802 899 996 998
14  26 82 228 309 396 411 475 533 584 632 641 924 976 978
13  7 178 190 243 499 538 573 622 735 737 866 922 995
16  32 57 79 138 229 348 400 440 443 465 666 832 837 927 985 992
21  50 153 175 216 272 276 310 337 370 417 423 508 534 551 558 729 779 815 880 925 975
11  70 189 212 331 372 452 472 605 652 739 909
9  4 25 147 222 270 521 628 675 947
11  192 256 307 359 502 545 642 783 852 966 978
8  69 133 253 320 577 726 947 953
14  20 167 179 304 330 424 478 561 701 724 795 836 898 980
14  123 135 165 331 466 475 598 608 640 698 709 767 864 902
14  125 134 161 165 316 345 521 550 619 776 800 911 950 989
16  26 116 160 244 257 295 486 622 723 794 805 845 880 901 907 959
5  515 619 765 835 918
12  194 228 303 340 362 533 625 775 788 898 965 996
17  17 26 47 77 221 223 324 378 442 462 582 640 692 766 859 872 997
7  361 587 781 794 813 907 997
6  257 295 583 642 777 848
1  716
8  226 462 491 557 699 737 784 912
11  144 184 260 284 347 465 694 798 850 941 990
11  83 91 180 242 265 692 757 893 903 977 990
12  20 106 295 351 376 546 547 708 759 771 805 919
11  45 80 128 158 246 617 754 775 827 882 954
10  21 105 302 396 450 575 583 724 742 774
6  292 452 504 664 835 979
11  83 149 261 462 470 583 590 601 830 898 926
17  54 247 318 540 572 642 766 773 811 833 834 859 872 926 934 970 987
5  162 441 445 827 950
9  48 103 106 150 333 492 691 771 981
9  75 141 421 532 744 768 786 796 831
11  175 234 255 484 531 532 617 661 758 767 897
13  114 118 125 189 200 306 377 429 518 528 688 755 967
11  4 100 192 210 289 437 450 457 761 802 979
6  61 195 276 783 828 835
15  28 37 121 193 245 253 473 504 632 636 648 748 792 884 962
10  58 214 229 302 369 522 559 736 873 936
6  437 477 544 592 760 987
13  13 73 116 219 227 296 412 475 562 653 833 892 927
16  50 61 69 111 203 416 536 628 650 707 719 751 778 939 975 996
8  13 46 52 169 728 763 800 838
8  28 489 539 561 638 720 840 960
11  153 174 495 550 577 733 774 795 824 886 906
11  0 32 172 526 603 606 660 741 870 969 983
7  23 32 463 586 655 758 938
12  16 89 247 346 385 439 449 489 593 595 619 990
9  79 100 145 241 534 662 672 874 939
11  63 65 203 231 340 384 431 700 904 947 953
10  159 314 337 371 475 779 812 885 967 996
9  47 91 167 440 626 651 951 960 963
7  132 203 297 362 545 756 760
11  67 75 379 382 392 469 495 558 753 786 977
11  11 78 87 169 176 303 390 735 774 821 859
11  86 119 214 356 413 418 470 512 632 691 810
12  150 195 201 273 324 479 503 684 726 764 864 988
9  95 103 116 209 428 814 820 859 956
11  66 86 162 450 472 755 784 854 912 985 990
11  85 170 270 420 544 562 564 687 803 919 926
15  6 140 151 170 231 239 401 453 665 744 777 824 858 927 988
7  105 159 201 219 801 874 879
11  5 183 184 268 331 373 479 520 560 589 930
5  204 258 545 756 766
8  137 230 238 299 907 936 976 993
10  290 413 498 520 648 869 877 886 916 970
8  44 61 253 288 470 555 644 935
13  9 154 213 337 354 401 430 483 503 511 538 924 942
17  64 104 111 166 194 255 274 296 306 320 389 465 566 572 797 856 923
11  79 277 333 572 573 574 640 641 736 771 903
17  8 106 151 173 174 223 355 360 413 491 492 516 638 661 792 889 903
6  168 169 478 760 841 975
9  334 526 532 570 576 588 633 799 927
8  69 435 516 607 748 842 863 993
6  9 232 490 712 823 851
10  71 144 199 310 379 562 566 667 925 993
9  92 159 166 217 224 272 397 844 908
7  20 98 206 452 636 888 930
10  219 230 245 323 607 671 701 799 867 977
13  235 239 379 402 484 496 548 558 577 611 667 796 879
5  628 706 878 904 990
10  110 274 421 540 673 696 816 858 887 949
13  231 276 326 377 402 501 681 786 802 949 968 984 987
13  20 29 153 360 493 500 541 543 620 622 669 837 950
4  272 367 429 550
12  5 49 199 211 289 317 394 469 767 772 842 863
12  54 291 378 387 601 614 615 645 675 778 835 963
14  15 120 340 432 465 476 505 572 585 660 675 721 907 937
13  5 20 79 91 122 266 342 393 521 593 607 639 770
10  10 69 130 298 395 576 608 774 980 985
10  114 211 212 652 686 747 839 872 942 954
15  7 178 208 226 430 455 498 529 533 543 771 782 838 967 971
12  124 130 254 272 376 401 411 578 671 771 844 979
10  87 159 258 382 446 601 757 769 778 828
10  109 163 211 483 627 681 753 881 960 997
9  70 422 447 577 725 747 825 922 980
15  3 29 179 249 267 283 483 553 654 698 702 713 784 833 849
10  73 279 358 389 464 564 661 683 832 970
18  135 185 259 277 343 355 407 449 492 505 591 600 603 666 710 785 881 933
8  92 232 517 640 673 715 721 813
14  43 77 111 238 332 476 507 539 562 815 827 850 921 932
9  19 59 123 148 219 421 622 628 930
3  91 818 834
7  125 259 285 339 434 756 984
14  27 141 173 258 297 377 392 411 492 544 588 623 681 907
14  31 40 80 115 190 201 204 309 326 534 537 568 640 863
11  155 158 200 414 447 579 597 669 761 862 959
11  58 335 439 575 608 652 680 838 889 890 977
17  70 113 176 247 265 335 358 524 562 572 764 842 859 876 900 953 983
14  19 47 58 302 355 432 586 695 726 728 816 872 956 961
12  33 87 110 131 195 211 321 368 473 742 751 909
16  15 62 109 128 133 232 332 405 480 545 587 597 654 671 685 978
9  80 157 248 321 473 504 622 800 864
6  18 163 419 915 936 989
9  123 277 328 457 489 498 634 661 810
10  55 210 239 341 477 517 574 577 654 691
15  45 79 371 380 385 392 516 575 615 638 693 802 823 861 951
10  167 286 481 514 581 759 771 796 799 850
8  2 131 157 343 367 442 920 966
11  170 265 297 340 527 534 733 858 865 908 983
7  44 82 179 219 483 718 848
7  179 405 556 815 827 847 877
9  204 288 393 468 754 798 854 939 944
6  184 476 682 703 729 861
8  148 156 409 426 438 555 704 746
8  32 95 341 430 454 537 820 868
10  99 146 162 221 249 555 715 867 872 918
12  19 203 232 267 434 453 463 515 537 704 739 807
10  86 134 152 325 456 466 615 733 787 897
9  19 50 217 231 302 342 440 547 880
11  18 135 404 677 717 759 771 832 851 868 922
10  181 189 215 276 384 458 577 720 780 941
12  12 29 322 325 365 438 493 501 679 790 803 977
7  53 97 116 248 340 531 928
5  26 344 850 973 992
14  99 184 307 436 446 447 580 607 608 722 807 863 891 984
9  19 63 198 285 419 570 822 891 925
10  266 404 416 654 657 660 803 821 900 993
10  134 172 242 253 591 592 604 748 756 871
9  47 167 681 720 722 836 840 899 915
13  298 361 380 448 587 588 597 686 691 735 767 945 975
9  6 17 140 284 293 302 353 688 741
15  79 130 136 294 314 395 492 555 556 563 721 779 937 967 991
11  26 36 56 88 178 288 305 615 731 792 908
9  51 274 476 626 637 786 807 948 983
12  42 102 123 146 399 515 629 674 823 898 978 995
13  44 83 119 149 432 548 549 698 716 819 934 965 994
9  217 394 431 655 701 812 849 921 996
7  11 175 237 448 675 849 920
13  73 175 177 260 324 474 487 536 553 629 716 877 878
9  164 341 354 538 544 567 589 647 782
11  26 27 44 76 199 267 484 705 765 985 995
6  200 320 369 409 663 664
6  146 180 541 712 959 990
5  349 370 405 567 660
11  90 105 179 278 337 351 482 501 589 775 870
10  13 121 359 382 421 609 753 758 770 887
6  130 229 335 425 744 881
11  109 155 241 286 338 341 369 550 742 850 879
10  22 37 242 320 332 471 584 655 756 958
11  10 64 296 419 458 474 546 663 704 723 754
12  23 195 231 386 392 468 622 662 765 811 812 942
14  2 102 160 162 253 294 352 510 581 603 663 791 822 907
7  4 20 136 214 472 556 711
8  177 265 299 384 435 519 786 911
10  61 216 251 621 756 760 806 829 846 904
13  106 193 328 506 537 598 660 669 732 741 818 861 885
11  6 50 63 163 277 385 397 433 724 749 852
10  10 75 223 249 460 474 690 717 986 990
8  142 273 551 634 671 701 755 906
7  7 199 396 654 763 800 933
9  185 260 310 327 328 381 423 619 951
10  85 102 127 172 297 358 369 448 537 942
7  111 118 160 216 507 855 881
8  86 174 181 379 455 561 663 807
7  193 236 391 425 530 700 919
8  301 475 564 588 651 757 868 996
8  368 476 492 726 766 801 917 983
10  200 280 283 295 534 541 718 860 890 932
8  68 75 151 217 544 619 842 889
13  124 138 161 222 296 353 426 685 746 837 872 935 984
9  114 179 235 258 311 414 664 683 810
8  90 122 314 415 525 713 745 809
8  93 303 702 707 748 817 878 939
10  90 116 173 398 636 653 717 770 771 801
11  23 227 285 295 431 641 720 747 782 802 814
8  4 264 314 441 474 539 553 875
9  309 374 459 472 542 562 653 946 968
13  72 78 336 363 375 493 660 729 740 804 819 843 939
7  10 149 402 520 558 683 995
8  189 361 362 602 625 842 920 968
17  54 110 111 201 333 349 381 387 478 488 507 553 577 612 840 912 967
15  87 122 239 269 344 391 442 490 506 613 681 771 888 970 985
7  517 533 539 808 922 973 998
10  6 39 184 241 350 626 780 806 855 977
5  172 487 588 829 884
8  21 177 256 307 322 336 418 788
12  346 554 573 621 728 734 783 790 864 925 930 989
6  32 329 446 470 491 691
15  26 121 123 138 167 176 211 387 480 498 560 571 739 764 873
9  120 290 293 659 737 809 832 903 914
7  54 96 168 360 466 511 959
7  6 27 107 282 299 600 864
11  72 124 233 312 426 478 491 514 617 650 882
5  435 504 691 929 962
9  36 186 285 376 631 692 750 752 791
7  3 7 187 551 592 737 886
7  58 86 198 647 651 823 824
13  31 176 423 435 451 457 568 580 682 755 772 825 959
7  240 251 300 466 793 858 913
11  31 76 110 305 379 396 421 459 463 595 995
7  128 331 433 466 752 791 850
6  124 187 467 665 767 832
11  146 198 301 320 354 440 453 630 695 702 735
8  36 264 286 646 710 711 799 851
15  3 8 14 41 189 226 307 382 386 517 560 618 630 681 998
12  66 75 126 198 259 432 436 573 633 691 901 966
12  37 57 235 485 579 731 756 848 895 943 950 987
11  61 64 116 249 455 509 693 785 793 836 990
8  106 124 139 198 219 667 709 851
9  40 45 218 298 400 664 697 779 946
5  98 232 657 793 828
5  207 294 380 445 533
8  143 563 570 628 758 888 984 993
9  86 107 317 444 476 636 751 860 958
17  47 134 148 185 251 304 367 373 409 479 673 693 776 792 833 884 933
12  93 177 224 236 464 466 606 673 688 824 929 932
6  154 192 314 431 699 787
12  172 245 249 275 295 574 671 734 771 807 839 934
10  47 81 113 315 325 331 391 532 606 833
4  277 387 465 484
12  41 76 177 214 218 237 281 397 618 633 876 935
9  50 328 452 476 497 599 639 714 731
10  130 182 220 419 719 748 783 813 882 987
10  73 81 206 277 394 502 553 670 745 806
12  103 178 180 292 332 345 765 795 820 849 874 936
9  120 202 469 584 724 745 751 853 887
14  35 279 438 479 515 584 593 604 606 626 681 769 777 834
10  7 41 238 276 454 549 667 753 831 837
6  87 238 357 410 590 773
8  140 152 461 483 617 618 694 735
14  6 27 42 89 199 388 451 679 787 850 861 886 919 986
9  352 395 450 625 824 845 877 922 965
15  145 170 212 360 402 426 445 661 669 681 747 800 831 893 934
7  362 439 448 481 620 910 983
14  1 26 304 361 405 438 550 605 743 771 781 824 959 975
6  45 69 111 686 798 802
12  37 44 57 71 127 178 560 678 709 755 855 939
17  157 241 252 539 576 671 713 716 733 764 765 789 800 822 895 910 960
6  125 386 580 678 723 884
13  4 90 233 396 411 422 427 458 588 609 610 747 876
12  15 149 150 167 352 556 649 806 815 817 879 965
12  42 132 161 176 279 338 403 469 514 548 688 888
9  115 220 393 549 746 887 893 931 952
13  86 92 202 498 559 568 609 744 758 783 792 889 918
10  41 84 377 406 514 575 736 759 760 836
16  16 59 102 201 231 344 487 495 541 543 581 644 701 744 935 957
6  137 208 281 401 629 732
