1000
4  260 380 537 792
7  36 268 280 363 384 688 986
8  98 170 344 405 575 689 867 908
13  46 61 154 208 239 253 260 320 378 403 844 951 958
11  55 334 347 354 422 437 535 560 622 910 931
15  67 116 128 240 241 290 495 664 754 781 809 831 836 939 992
7  50 329 701 807 887 914 983
6  265 299 329 418 514 947
8  383 492 580 748 839 916 951 981
10  91 126 182 185 210 226 461 481 579 959
16  200 273 334 382 443 458 483 550 647 813 819 821 837 905 914 934
12  71 158 170 261 379 394 515 563 649 800 879 893
12  67 114 158 182 187 193 249 292 449 501 616 900
7  172 308 383 395 568 786 789
5  26 285 642 646 958
8  242 278 314 402 509 602 860 993
4  267 302 697 835
11  153 154 195 200 297 343 443 686 765 794 999
8  26 215 429 511 577 863 877 887
7  33 68 186 192 394 397 858
11  22 243 405 593 690 738 769 850 875 876 883
17  116 147 217 272 491 654 661 712 718 742 743 756 771 824 829 836 910
13  20 155 157 169 244 431 576 584 590 623 736 904 941
9  84 148 209 243 354 393 444 678 793
6  255 456 532 670 906 930
6  123 137 346 467 524 560
8  14 18 222 444 518 630 711 755
11  148 241 282 535 604 747 763 881 896 946 988
6  37 69 333 673 691 761
14  70 123 352 383 406 423 616 641 783 853 889 895 948 983
6  354 421 576 585 696 790
15  156 229 259 398 445 568 615 622 623 640 673 685 828 844 878
6  65 181 225 262 532 632
7  19 49 196 269 381 502 612
8  290 462 500 583 668 854 952 955
4  315 354 792 944
6  1 230 311 565 749 793
14  28 158 267 284 317 442 451 457 555 557 643 683 859 873
6  330 438 449 466 696 746
9  65 124 296 366 412 415 426 613 979
13  123 184 311 445 503 725 746 784 889 951 957 960 989
12  49 108 217 240 248 264 302 457 562 708 731 905
9  50 116 127 141 181 213 496 686 939
8  123 256 273 361 395 419 421 593
13  142 149 177 187 286 449 555 573 719 854 963 973 997
12  49 131 161 255 278 351 366 477 649 890 959 980
11  3 104 197 342 400 436 509 693 718 984 995
15  99 212 243 282 338 403 560 570 617 642 646 690 849 870 892
8  241 595 738 741 812 896 988 989
11  33 41 45 314 454 539 641 717 770 866 963
8  6 42 395 396 413 452 741 789
12  115 319 399 464 678 687 764 798 858 885 966 972
9  151 176 178 428 443 449 455 559 778
9  137 213 371 401 593 701 831 876 913
5  138 145 750 787 974
10  4 96 107 122 227 270 303 355 636 890
9  151 160 394 395 406 428 450 471 790
7  277 306 340 447 544 583 880
6  327 407 568 578 630 715
11  60 67 201 227 249 476 502 563 640 775 947
9  59 98 121 424 508 547 627 832 936
8  3 64 364 402 707 716 864 889
12  102 228 335 391 408 448 626 671 676 701 961 989
13  233 274 347 524 592 676 712 737 749 784 855 858 951
14  61 72 219 235 252 299 316 497 553 559 620 623 785 850
16  32 39 154 271 276 281 415 509 520 554 656 676 744 789 912 999
8  137 196 289 349 350 592 782 962
8  5 12 59 77 348 499 529 812
7  19 101 469 500 643 722 862
9  28 199 203 227 626 671 796 883 913
9  29 80 106 610 635 703 741 815 905
10  11 135 277 316 328 640 708 719 795 961
12  64 73 146 314 326 400 419 462 691 729 805 959
11  72 128 303 308 352 541 542 615 647 673 799
9  274 293 342 363 380 509 620 738 924
10  124 367 496 540 549 560 719 755 837 988
14  201 277 409 487 510 597 614 728 733 753 789 821 843 857
7  67 266 297 307 317 552 693
9  261 322 421 600 649 658 727 823 989
8  195 254 491 542 717 786 932 949
9  70 260 325 520 609 727 846 894 976
11  132 139 299 352 381 384 422 464 465 527 653
9  207 639 679 710 778 800 914 924 959
3  514 523 740
13  23 176 241 285 400 506 622 674 715 849 896 954 973
11  112 145 220 260 383 402 416 555 625 764 800
7  351 526 726 749 865 888 932
11  168 247 494 512 515 719 739 795 817 836 853
5  101 304 325 685 863
7  131 407 656 720 770 971 976
9  168 243 313 374 535 635 733 747 870
4  9 99 573 666
13  119 235 303 387 467 569 580 655 744 769 774 892 998
8  153 541 544 557 561 745 806 918
8  523 564 665 805 875 951 966 996
10  197 285 566 741 801 841 859 920 937 981
11  55 233 314 519 582 588 653 681 794 890 983
10  103 205 313 350 583 668 720 899 929 992
11  2 60 159 163 220 225 354 798 836 850 927
9  47 91 269 458 483 583 591 608 768
5  326 396 823 848 996
11  68 88 144 151 161 220 243 361 731 928 968
8  62 118 128 216 360 587 804 873
8  97 183 499 532 669 680 690 947
11  46 118 130 272 330 370 517 628 671 690 880
11  179 194 306 393 502 548 636 734 742 824 964
9  70 414 593 663 745 781 795 874 882
8  55 199 288 505 582 637 642 663
13  41 124 130 211 256 271 310 361 379 408 550 891 917
10  131 157 186 250 424 426 477 555 908 998
7  149 337 404 586 777 804 977
15  138 299 331 358 422 434 455 512 539 715 725 771 808 815 899
8  85 362 627 655 777 818 913 962
14  290 341 346 430 464 537 569 599 621 676 728 769 948 966
5  12 143 164 306 548
7  51 328 351 353 746 842 862
14  5 21 42 136 232 258 271 473 676 827 859 903 935 954
11  199 252 282 336 360 382 454 787 815 848 988
11  102 104 136 168 174 371 657 703 704 919 936
5  92 403 627 666 683
14  253 371 375 500 571 585 600 685 780 838 857 927 972 995
11  60 127 175 177 393 452 524 762 803 854 929
11  55 170 266 278 335 608 779 786 880 919 961
12  25 29 40 43 263 375 449 553 592 685 802 892
7  39 75 108 148 156 496 835
7  259 344 348 521 667 947 978
12  9 145 223 414 462 592 670 732 783 901 937 944
8  42 121 520 837 850 864 927 945
11  5 73 102 320 351 561 659 732 758 890 925
7  158 161 371 441 487 840 963
11  104 108 471 550 590 674 760 851 949 956 991
7  45 89 109 354 659 671 780
15  81 134 202 216 280 301 315 380 384 533 542 613 740 959 989
10  220 276 286 327 430 581 626 678 861 918
6  132 254 311 705 770 955
11  71 185 289 306 314 334 390 420 647 675 902
10  116 118 175 313 408 611 837 840 888 976
14  25 53 66 174 449 535 543 561 649 704 720 859 868 994
14  54 111 226 228 294 325 343 549 651 726 755 798 861 884
8  81 188 263 333 484 533 723 967
7  231 317 323 592 760 848 875
11  42 180 236 269 386 526 536 585 593 758 877
8  44 184 259 261 372 503 554 695
10  114 226 289 306 442 704 810 887 910 999
3  101 717 724
11  54 85 126 307 416 489 540 741 750 925 945
12  72 172 202 442 473 596 627 628 700 705 962 981
13  21 177 269 284 406 480 517 559 613 778 807 852 887
16  23 27 124 198 277 297 374 426 462 598 617 628 695 711 915 966
12  44 110 284 435 438 462 501 549 627 715 767 821
8  280 437 448 514 795 874 898 985
12  52 56 101 250 431 491 638 693 721 754 891 956
9  328 359 397 407 672 680 850 872 967
10  17 93 176 187 444 485 594 698 934 992
14  3 17 65 157 561 568 599 734 741 745 773 777 802 892
8  22 349 393 422 565 699 807 993
10  31 124 253 283 468 497 720 818 875 924
20  22 109 154 169 217 243 277 319 329 385 598 668 684 710 721 752 791 813 829 982
15  11 12 37 129 179 200 276 291 306 389 426 606 642 698 969
10  98 191 312 429 467 468 487 739 854 903
7  56 187 394 428 515 676 872
11  45 101 129 195 353 443 469 648 863 868 990
4  258 305 647 714
8  98 170 318 322 504 583 770 855
11  114 180 192 427 455 560 629 797 808 823 841
4  195 761 909 919
8  204 295 450 493 644 676 760 925
13  175 227 269 347 634 684 696 740 776 805 874 908 994
12  87 90 118 320 345 366 424 561 597 843 863 914
13  22 157 170 247 400 456 524 588 608 759 760 823 895
17  2 11 122 163 169 249 350 440 635 694 757 797 815 867 886 946 992
10  293 380 384 387 610 614 715 739 819 947
10  13 146 413 474 495 651 789 800 806 819
10  238 332 348 405 479 625 626 807 868 985
13  118 137 272 424 467 519 531 647 792 884 918 940 970
8  121 136 167 413 448 689 929 969
15  52 84 153 231 294 319 338 414 547 687 706 791 818 852 920
12  44 121 147 232 316 403 519 561 605 779 819 894
12  52 185 387 437 636 697 704 751 801 857 894 945
9  105 158 221 266 321 941 953 973 994
11  141 164 204 231 244 623 674 685 894 910 968
13  32 42 263 333 528 562 590 597 683 748 839 889 989
6  9 12 450 483 518 977
13  103 220 263 346 379 392 579 705 756 845 870 900 927
11  40 142 319 584 587 633 713 735 768 898 977
10  9 135 178 237 298 320 613 623 877 921
11  19 109 347 378 402 447 683 698 732 808 975
10  12 44 153 160 532 609 622 701 742 871
13  139 195 298 376 392 504 550 611 767 808 881 938 967
4  377 510 696 848
5  206 314 320 917 950
13  159 246 352 365 428 470 581 593 655 659 723 951 956
8  19 164 235 322 324 398 781 958
12  12 312 402 505 525 571 686 748 753 853 877 934
9  105 281 348 388 418 444 542 587 590
10  17 79 161 165 188 347 405 503 529 782
12  33 66 295 325 389 596 681 755 783 913 921 969
8  46 95 206 208 308 640 762 815
7  148 557 568 611 663 690 782
12  69 107 117 235 398 497 595 598 727 803 860 907
14  10 17 158 482 518 568 626 643 654 661 678 883 957 959
12  59 76 270 289 418 707 721 821 830 895 951 962
10  132 146 238 312 326 505 622 779 916 983
9  69 232 243 383 550 855 897 924 935
8  166 180 314 420 743 808 854 998
7  97 208 373 386 802 978 995
9  190 197 343 475 584 671 787 795 799
7  82 259 454 696 716 871 875
12  3 197 205 251 480 493 555 562 677 720 809 854
6  23 233 466 475 485 653
10  9 255 381 414 419 478 480 593 824 976
4  108 222 590 965
7  47 224 227 272 418 513 732
14  42 53 313 366 374 560 572 576 608 633 781 804 840 999
3  707 742 865
7  18 251 295 326 334 527 838
12  102 132 253 329 384 455 734 830 838 842 859 945
16  21 41 157 254 300 425 446 460 513 590 608 682 713 754 813 985
8  235 328 488 489 536 674 707 802
6  64 325 592 784 910 973
9  85 98 101 133 183 422 462 565 720
10  179 222 296 455 750 876 877 893 912 919
8  26 211 221 326 431 506 823 924
5  126 324 364 963 973
10  212 244 395 399 407 452 590 614 807 850
9  32 98 309 323 576 786 824 870 963
8  9 138 143 305 398 494 562 602
13  55 59 69 167 212 244 265 435 632 657 764 975 995
10  62 138 231 339 371 451 658 754 873 925
7  31 313 401 531 643 660 678
10  36 262 502 556 566 659 694 764 819 914
10  140 176 180 228 333 368 639 704 823 968
10  116 177 203 300 336 364 379 407 838 959
14  63 96 209 336 346 370 475 615 665 698 720 766 786 929
8  353 556 578 720 747 749 763 785
20  64 92 192 199 218 253 271 325 326 328 489 513 796 807 809 824 827 901 907 999
11  141 342 488 562 714 821 848 862 874 876 964
12  185 279 626 630 631 659 671 680 703 735 949 992
9  173 202 417 523 577 694 779 826 961
12  3 284 327 365 454 514 547 630 679 921 927 968
12  5 41 242 328 347 423 490 537 599 710 894 973
10  5 27 48 84 309 717 810 849 980 981
8  15 240 403 501 806 826 865 937
17  20 23 47 90 101 157 203 249 333 455 465 475 688 744 795 864 954
11  22 180 224 227 346 417 496 541 903 939 990
13  246 402 404 541 659 662 686 704 720 743 769 884 904
11  191 245 321 338 376 402 429 547 717 748 761
11  87 169 476 518 522 526 630 783 784 824 971
10  41 284 350 454 525 552 561 694 770 775
8  12 59 170 243 578 696 726 856
12  109 151 407 427 460 479 716 733 794 863 880 914
13  208 215 264 367 385 433 468 597 601 844 874 962 971
9  64 117 421 439 496 516 518 666 968
14  3 120 156 216 235 442 479 531 627 688 702 721 912 954
15  79 134 217 307 340 399 504 583 662 756 783 813 885 908 990
5  24 45 210 348 840
9  43 108 263 280 337 406 581 585 816
2  266 665
10  116 162 579 612 625 717 736 755 779 940
12  31 125 142 207 271 306 506 583 600 647 660 766
11  0 3 80 85 559 635 761 809 841 852 927
7  11 78 142 450 564 605 846
11  32 230 452 467 482 552 627 665 852 894 959
14  123 139 181 183 256 264 484 497 574 611 640 767 772 917
12  41 251 263 309 392 432 525 526 544 590 623 724
8  7 227 410 476 522 688 930 957
8  77 122 179 257 281 283 460 856
10  16 37 343 366 483 561 768 868 883 910
9  1 293 467 490 515 622 635 677 835
15  33 99 141 147 167 286 356 374 447 471 534 638 845 874 896
6  55 201 419 513 808 937
16  65 108 116 235 259 340 370 477 566 598 608 656 678 716 754 806
13  21 104 174 212 490 494 606 698 706 752 823 829 841
14  10 43 284 310 374 635 639 678 699 802 815 827 890 915
5  63 74 397 466 971
10  286 291 352 652 690 720 782 827 877 980
10  65 133 158 698 725 750 817 863 913 976
15  57 71 76 148 157 297 298 320 539 555 705 846 900 972 979
11  15 45 122 481 497 522 677 740 846 923 994
8  237 325 346 445 451 489 642 999
12  1 132 150 256 316 460 593 616 617 725 948 973
8  65 194 266 297 501 576 730 924
11  27 47 117 344 361 392 423 478 655 705 844
5  156 266 433 767 887
11  37 147 149 239 248 273 681 851 883 929 950
7  14 84 95 495 867 903 957
8  44 133 269 275 331 358 368 625
7  384 451 558 723 812 871 889
8  107 391 488 496 582 671 678 831
12  66 135 143 201 374 433 457 491 724 782 810 946
13  5 34 113 295 305 337 500 571 626 693 696 772 832
8  158 275 388 436 467 677 946 977
8  12 336 351 363 412 663 674 887
8  74 171 268 537 887 909 964 971
11  138 176 430 437 705 710 761 766 769 924 929
6  166 196 215 290 648 926
15  39 221 423 483 547 562 667 728 785 798 815 852 869 906 918
9  17 77 148 277 281 424 448 726 837
6  185 188 277 404 886 963
11  7 64 81 111 502 664 676 702 810 910 948
10  217 232 317 332 518 526 642 922 954 957
12  132 325 365 432 460 577 712 770 785 858 876 887
8  16 41 376 547 646 679 707 745
14  55 73 92 480 657 666 687 732 757 763 801 928 967 987
7  88 352 420 609 655 680 700
12  162 226 290 342 362 439 504 700 780 815 889 954
18  57 105 114 135 143 158 259 391 416 513 517 557 654 755 881 882 940 958
6  77 145 254 317 365 470
11  13 73 197 311 332 359 507 576 610 622 853
12  225 241 264 356 398 430 456 602 613 747 753 932
10  108 273 365 379 437 458 635 694 822 917
7  36 40 134 308 494 927 948
9  159 193 202 359 383 441 502 520 674
15  90 97 136 213 229 337 387 410 463 713 797 888 927 931 969
16  15 49 72 96 135 190 204 389 510 585 599 647 671 760 966 972
6  35 132 447 455 669 670
13  64 71 177 280 328 361 378 447 450 521 681 776 832
9  37 77 140 300 307 325 395 441 450
11  163 356 370 406 496 608 656 816 897 905 957
11  51 157 176 184 454 535 599 671 756 860 862
11  3 128 168 185 190 277 330 564 657 685 941
9  179 246 450 478 483 498 733 825 879
10  78 163 192 360 528 681 715 764 802 894
8  140 225 450 475 560 628 687 876
9  192 223 327 419 629 648 697 879 972
13  80 88 138 196 219 235 279 301 317 727 736 827 854
13  72 100 202 215 222 235 392 434 449 458 549 625 917
16  58 133 239 324 399 424 451 468 604 614 668 739 864 912 944 974
12  71 115 152 218 235 240 316 418 578 753 757 758
12  6 7 157 216 411 700 808 849 861 955 972 978
11  38 104 320 344 353 390 497 690 693 904 977
8  111 286 387 505 517 533 645 817
10  173 300 308 372 405 545 603 690 777 937
14  28 139 181 231 243 343 457 465 613 647 820 855 856 902
10  4 10 135 215 414 572 576 724 932 941
13  62 122 348 396 411 418 472 483 503 531 751 813 900
10  117 232 233 292 354 400 572 699 797 994
8  110 256 290 313 375 668 851 903
12  47 176 246 386 395 446 456 518 577 763 869 880
7  228 486 614 743 795 835 865
11  57 254 271 360 459 629 836 873 876 895 903
5  113 431 554 622 650
12  46 74 236 305 408 423 439 651 847 867 880 938
12  17 138 206 267 333 502 587 649 652 759 977 998
7  2 125 282 330 734 794 942
4  168 633 658 767
15  25 113 183 233 244 279 347 389 467 501 507 532 634 709 749
13  4 63 167 186 195 240 346 438 635 659 681 898 935
10  67 125 173 194 255 335 367 479 616 939
8  66 155 417 467 513 662 769 900
7  66 97 170 248 491 984 993
10  45 86 115 128 292 407 731 887 908 926
20  29 73 81 191 275 304 356 387 399 495 556 566 630 738 813 819 846 857 894 957
12  115 161 234 330 368 564 620 649 736 801 918 981
12  4 23 30 35 98 131 336 590 605 619 846 856
8  55 385 416 686 755 818 900 947
10  269 309 318 352 358 634 659 676 828 985
7  517 542 765 886 887 934 987
9  111 286 356 500 738 762 798 935 986
11  152 308 312 360 513 523 559 645 689 730 932
12  102 117 322 340 359 445 502 535 540 579 675 723
13  43 101 108 282 316 374 459 519 560 595 669 671 879
9  112 305 491 495 644 663 673 707 967
7  1 74 292 460 829 859 868
15  61 223 232 366 395 433 461 536 538 719 784 898 902 918 923
9  191 239 301 307 310 399 587 608 898
10  39 45 168 213 267 364 413 557 750 865
7  75 251 348 426 679 753 796
8  231 286 353 537 650 716 726 808
4  370 424 931 966
7  104 233 271 318 369 453 588
11  53 118 120 129 228 386 544 676 692 769 933
7  142 332 510 511 602 627 950
7  205 520 556 634 780 827 840
16  90 148 213 269 273 289 361 471 562 596 605 667 764 832 852 997
10  120 123 337 489 511 689 800 822 826 920
8  188 246 302 384 454 645 954 965
12  189 444 485 547 592 620 648 865 887 917 936 958
9  3 186 316 434 530 556 799 841 900
8  11 108 183 232 310 421 543 727
8  0 74 132 171 547 687 877 910
6  33 81 210 738 795 914
11  10 117 392 448 514 520 631 654 743 794 865
13  8 13 29 85 203 312 414 477 676 907 946 958 991
8  1 81 132 171 216 287 376 935
9  157 251 355 619 686 715 833 973 983
11  141 205 338 371 394 401 416 551 596 817 846
13  92 171 178 313 331 352 395 611 693 710 800 938 971
11  194 291 527 531 619 696 800 852 866 907 922
12  158 196 314 346 551 651 654 744 836 871 976 995
7  135 330 571 697 701 705 831
9  62 288 306 553 619 713 888 893 985
11  183 188 264 282 326 382 561 665 770 837 954
13  23 105 121 155 516 545 621 747 823 913 916 973 992
13  11 19 56 160 386 457 471 483 549 552 577 738 929
14  13 43 50 56 224 317 338 364 387 501 531 584 662 890
9  50 100 335 408 409 580 613 750 963
9  19 152 274 745 807 813 827 840 999
8  31 192 199 226 309 401 725 985
13  51 224 254 327 352 365 451 522 651 719 826 934 994
12  46 72 84 169 336 483 578 632 703 717 877 884
9  53 229 386 398 587 861 870 898 987
13  15 61 85 186 193 245 246 415 519 613 700 727 997
8  3 47 119 177 242 669 695 846
8  110 245 298 524 579 601 638 643
13  2 20 173 195 332 461 497 498 735 872 897 967 981
10  29 56 147 256 318 520 630 748 840 992
10  58 89 152 224 232 250 351 441 532 852
10  62 108 136 342 396 432 542 543 646 785
6  76 396 552 613 745 801
8  265 313 413 598 695 811 817 927
6  329 335 439 475 728 855
5  39 292 517 632 928
12  50 172 175 366 410 553 567 647 681 729 789 883
11  106 126 176 210 334 383 422 440 604 681 751
11  39 65 402 542 577 598 677 685 802 863 940
14  85 145 306 355 386 562 618 637 806 850 883 905 954 975
11  238 244 349 455 520 555 612 778 827 843 901
10  7 194 201 212 328 335 490 538 683 992
11  43 72 210 270 324 490 639 750 756 917 953
9  135 204 304 444 447 467 489 631 681
14  30 43 78 252 379 425 577 708 873 901 921 925 949 985
13  4 81 111 155 220 414 428 456 523 526 678 804 992
10  29 240 282 296 342 572 585 636 779 829
15  60 109 168 174 297 327 369 457 487 492 531 687 722 814 839
9  217 421 537 609 658 693 873 892 930
15  39 109 148 158 367 427 569 585 597 796 834 858 892 959 969
9  164 250 426 436 446 516 672 914 955
13  52 56 160 191 422 468 576 622 635 739 746 850 875
12  18 159 246 471 506 691 734 821 882 911 949 953
9  113 133 294 309 493 652 781 785 960
10  22 151 222 341 433 652 872 879 979 987
9  264 301 408 489 549 732 794 855 986
12  251 283 289 364 431 545 655 740 749 798 876 957
8  111 326 378 496 508 698 776 931
10  149 227 487 541 639 722 724 727 867 938
6  46 291 427 586 696 764
7  4 150 178 294 310 629 701
8  38 149 347 499 692 749 964 966
12  252 305 342 411 461 519 683 706 776 882 943 985
9  170 414 577 620 691 841 843 855 881
10  129 312 317 407 601 709 886 893 918 986
8  37 143 146 253 507 579 793 846
8  10 17 52 161 652 724 771 805
12  23 26 153 194 377 420 486 537 651 781 952 984
8  31 40 279 360 505 716 727 983
11  217 338 427 478 490 698 724 753 771 824 973
11  57 186 269 315 316 420 451 660 700 807 874
9  62 150 175 297 382 491 873 956 980
11  12 38 44 52 123 137 326 556 653 839 961
12  56 166 182 261 316 317 321 323 536 545 746 920
12  37 228 279 287 327 399 447 489 572 863 875 953
8  50 121 224 262 623 676 781 992
5  370 575 616 877 905
13  49 117 207 239 248 319 376 461 562 706 914 932 955
13  52 111 164 216 221 243 315 417 490 518 766 772 983
12  24 169 309 338 422 501 706 732 764 793 875 954
11  37 41 289 333 394 424 504 508 539 845 968
14  10 99 310 326 499 540 636 750 767 816 835 955 968 972
7  340 361 689 759 875 947 953
11  217 250 266 280 301 363 664 669 871 907 956
8  9 364 405 439 454 507 551 800
13  34 72 126 148 149 220 593 703 812 831 943 978 993
6  313 552 743 772 801 904
6  51 81 113 713 805 910
8  81 243 333 505 572 695 753 932
7  38 209 274 656 783 859 863
21  25 92 159 174 262 268 291 346 349 420 475 513 615 627 787 796 894 906 914 922 931
9  156 159 251 327 428 604 664 747 759
7  68 161 483 591 835 871 974
8  191 307 576 638 848 890 923 966
12  56 130 269 374 394 429 573 607 729 785 865 949
6  335 638 757 803 819 936
8  116 146 543 544 712 808 968 979
8  172 480 486 589 614 617 861 945
14  206 209 233 243 323 411 467 543 612 677 728 739 867 986
7  59 247 265 668 842 900 983
8  45 109 271 383 813 826 845 870
12  210 282 321 446 516 523 587 615 779 896 961 972
7  173 250 253 348 651 722 761
8  147 208 210 303 474 716 940 998
4  9 278 620 894
7  200 262 504 515 664 790 936
13  10 99 182 267 296 321 335 394 400 469 690 794 864
6  139 263 602 615 821 937
6  153 209 377 536 590 943
12  339 444 474 506 691 709 766 819 847 852 923 948
10  76 129 159 424 435 557 679 777 828 887
10  218 236 288 511 520 538 638 696 879 932
18  145 218 235 279 375 420 432 451 530 531 541 560 608 614 680 791 799 998
9  240 268 272 418 419 446 455 518 707
11  21 79 151 289 350 362 448 533 649 826 974
9  8 424 501 627 685 691 839 863 996
10  166 208 430 494 557 590 649 748 810 944
10  87 226 272 311 493 506 515 544 687 828
11  5 172 285 352 362 549 596 755 827 878 900
12  42 75 124 244 252 288 318 434 535 553 591 976
12  64 156 199 263 278 330 405 613 771 783 803 814
8  321 405 594 728 834 847 862 950
9  67 103 438 458 657 700 723 912 937
12  34 68 120 290 358 634 638 640 753 848 919 936
10  12 149 242 281 346 395 456 492 654 962
12  33 59 105 230 299 312 343 360 544 707 724 909
9  40 142 195 335 567 715 802 815 947
9  163 188 254 305 457 482 595 710 741
8  107 193 202 331 445 465 627 706
9  84 222 259 429 486 494 867 949 997
8  308 346 442 461 630 679 875 994
6  60 434 457 639 762 891
5  15 46 65 74 979
8  76 189 314 372 624 733 818 820
8  18 372 375 488 625 692 866 938
6  87 111 519 573 848 958
14  212 217 235 270 306 349 359 467 523 549 570 742 781 864
11  7 83 150 239 382 521 545 647 808 811 910
8  11 87 160 268 482 494 701 934
8  252 393 427 478 545 754 759 836
11  104 147 306 331 357 412 534 633 658 682 785
15  26 182 200 247 252 300 338 455 490 555 591 627 714 745 857
9  96 174 177 361 402 439 512 640 927
14  65 80 127 312 373 382 406 417 488 565 690 793 820 868
6  125 316 514 533 549 637
6  247 265 278 399 724 781
10  83 94 238 359 422 478 513 556 670 839
8  25 63 121 169 404 633 645 921
7  193 248 264 563 614 779 880
12  86 141 247 264 300 422 617 708 742 778 779 972
10  81 215 388 655 667 711 747 820 839 964
7  181 322 596 752 763 868 938
6  67 195 626 645 795 924
5  378 489 546 626 854
11  174 229 253 335 388 395 424 489 658 787 894
9  24 32 103 187 346 407 618 854 913
12  132 139 331 491 521 540 603 748 873 875 895 918
9  269 517 790 815 826 849 931 938 990
12  4 27 90 137 319 360 496 562 572 633 685 774
7  141 218 364 450 485 923 998
16  0 113 240 293 368 425 444 648 676 683 699 711 829 839 898 931
6  364 418 488 828 853 998
12  49 111 277 457 548 623 755 785 806 809 895 924
10  75 145 360 458 533 650 676 732 799 860
9  73 93 244 245 435 489 720 769 906
9  73 79 132 194 357 408 415 769 876
11  137 379 408 473 475 560 600 637 826 892 994
12  57 93 264 371 473 494 502 610 638 672 980 995
10  332 393 433 450 514 516 548 761 892 903
10  530 574 619 710 751 791 829 915 951 987
10  60 176 239 246 296 302 377 380 726 729
13  105 114 539 545 565 597 623 730 844 894 931 936 976
15  75 138 149 326 394 432 495 513 521 556 571 641 686 874 941
12  10 108 130 188 203 578 603 623 812 873 874 888
6  386 389 461 626 870 910
13  77 248 262 394 409 463 565 576 581 583 715 888 993
8  64 123 391 413 496 661 693 766
6  65 142 341 751 826 933
10  37 44 85 109 208 277 417 518 799 996
13  230 234 352 373 378 449 523 549 785 808 945 958 989
11  37 93 198 306 366 487 493 712 757 790 920
6  287 604 806 823 856 931
11  52 64 147 260 359 602 607 719 787 849 888
16  4 25 47 75 164 213 323 361 489 543 615 676 806 845 922 965
9  93 128 137 154 168 177 248 267 392
14  41 181 208 226 236 296 374 416 454 535 642 815 821 895
5  11 59 525 853 899
7  94 261 320 353 569 952 996
11  36 155 220 520 548 552 608 681 820 883 965
6  95 230 271 352 595 945
8  413 503 635 774 816 817 833 856
12  13 31 58 154 198 200 587 655 740 748 942 959
10  92 113 426 564 630 636 724 741 817 864
4  47 513 742 817
10  120 193 290 390 549 646 665 856 865 969
12  213 334 336 423 451 465 535 643 744 770 820 997
7  44 91 471 512 755 837 990
9  263 546 617 627 791 826 843 864 935
4  2 453 840 877
14  22 30 213 225 281 308 334 428 470 552 617 627 855 961
14  18 238 301 338 394 415 421 440 612 618 632 881 953 991
10  58 234 249 328 400 550 716 867 909 998
11  9 183 258 360 404 442 584 675 764 766 772
9  8 92 396 628 629 746 770 905 978
6  133 191 256 552 747 978
5  96 107 288 717 833
12  34 57 97 99 163 254 259 552 637 653 670 859
7  22 184 206 395 579 765 793
13  30 120 141 256 314 423 426 630 706 707 745 861 886
11  110 436 614 682 808 820 852 886 922 940 992
15  102 184 194 343 365 401 478 568 610 625 772 885 895 900 981
4  96 169 370 739
5  474 713 785 848 884
16  22 130 181 194 211 217 224 264 354 485 493 596 605 794 951 980
10  99 469 496 518 594 604 654 659 696 836
10  63 66 123 126 140 219 377 674 794 954
10  20 43 53 106 141 191 210 280 462 644
6  153 498 591 854 862 887
7  48 199 361 504 566 698 711
11  146 196 374 386 495 528 590 697 739 758 912
10  76 168 181 251 426 548 724 847 948 974
9  148 157 199 271 410 415 773 833 841
5  113 154 240 314 319
8  78 120 259 543 635 649 702 935
5  251 404 441 792 908
10  15 226 309 372 484 559 619 672 846 885
4  332 533 550 979
10  27 327 414 468 558 591 687 754 972 987
7  177 261 354 374 590 792 968
3  158 272 629
7  471 559 643 653 820 882 980
19  99 122 169 213 217 271 318 365 489 565 646 693 758 826 836 837 856 881 901
6  80 187 304 425 992 997
6  70 171 308 544 587 826
7  136 188 198 263 387 624 645
9  33 258 417 475 577 617 746 935 937
17  39 132 147 185 309 333 396 402 409 497 631 646 832 833 865 875 889
11  76 171 224 327 339 474 489 525 586 770 982
9  31 73 233 467 478 484 560 779 949
7  12 29 280 348 453 958 973
15  47 148 280 474 526 574 576 612 733 736 741 759 762 916 982
6  416 532 577 649 794 924
9  354 385 388 391 546 602 661 692 699
9  64 74 353 377 440 481 828 911 986
6  113 393 643 703 850 942
15  4 31 84 187 202 268 308 341 428 748 761 828 853 863 907
12  22 31 64 180 185 264 452 539 548 550 667 673
3  510 611 675
9  85 173 258 286 326 511 587 935 984
14  62 69 133 173 200 237 290 529 530 551 704 732 763 890
19  60 112 119 146 149 253 262 372 467 492 505 518 574 576 686 798 842 939 979
10  104 146 148 323 580 689 754 826 850 965
10  164 324 340 437 580 606 787 890 894 999
13  26 58 237 239 247 352 406 507 569 585 631 957 958
8  237 382 420 613 630 691 702 950
13  32 227 400 412 577 651 659 687 698 748 783 802 820
7  184 213 345 517 524 535 960
9  167 346 356 373 500 679 697 916 973
12  70 90 170 260 268 273 310 347 428 567 600 863
8  55 105 178 423 458 569 662 719
9  107 416 521 543 583 783 824 929 966
11  151 269 404 470 472 488 500 544 790 818 890
9  82 231 273 419 435 508 745 836 865
7  31 59 71 197 263 500 519
9  29 49 549 758 764 817 848 854 974
11  14 47 107 158 279 300 562 706 747 817 930
12  37 68 200 229 404 572 607 621 730 755 765 774
7  166 362 593 694 706 812 999
7  331 359 376 524 529 611 833
8  14 47 302 408 571 608 613 957
13  10 73 135 162 174 259 314 333 413 514 743 895 951
8  161 295 324 377 537 711 783 810
13  11 45 78 137 343 353 491 493 600 618 715 720 993
8  341 368 540 695 708 710 788 949
9  138 172 342 389 399 444 479 632 675
12  275 343 430 431 443 660 753 798 838 856 922 951
8  81 96 209 449 583 607 690 719
13  21 200 306 382 389 501 591 704 786 884 916 929 932
10  92 112 191 282 304 433 527 568 718 865
10  65 89 271 318 466 793 844 861 893 904
6  118 227 303 320 499 707
9  78 228 345 425 517 531 665 683 740
13  128 131 191 230 237 245 347 356 591 632 730 884 964
6  229 259 447 652 713 946
10  21 200 553 619 792 834 884 898 912 933
9  245 254 349 395 636 669 778 818 864
9  106 107 198 292 362 733 846 906 986
8  5 299 460 468 482 679 688 795
11  94 233 257 262 392 571 658 897 906 909 920
9  91 119 252 303 695 772 897 927 963
7  125 296 374 527 623 806 956
9  34 97 157 327 337 476 728 749 846
7  103 315 361 403 460 662 980
9  24 126 315 523 583 694 823 826 963
10  62 69 104 131 206 237 288 314 319 361
9  152 427 544 602 828 855 912 976 985
6  28 31 73 362 623 733
12  84 130 180 218 292 312 592 698 824 840 861 915
8  135 360 579 624 651 795 969 991
20  62 63 65 113 116 160 166 299 356 371 383 452 537 540 560 827 848 891 966 969
9  208 268 278 291 415 475 754 834 893
10  23 51 133 200 229 271 273 288 422 833
12  82 239 302 367 487 507 634 664 713 727 877 991
9  103 152 237 304 489 684 879 983 989
11  96 196 284 316 322 347 413 414 420 565 855
12  217 517 586 827 842 853 872 886 937 959 979 985
10  37 119 181 186 418 439 537 658 694 953
6  157 167 680 707 718 740
13  31 88 120 123 180 320 415 492 535 729 845 927 934
13  17 42 193 245 355 385 549 627 803 861 886 926 988
11  51 176 303 323 380 424 494 604 632 806 838
8  1 243 253 265 664 711 781 994
8  2 175 359 375 459 628 887 968
14  20 47 103 104 198 275 330 332 483 520 653 713 802 914
12  28 72 429 440 486 492 631 777 864 887 944 959
10  371 438 511 619 764 768 866 949 950 961
12  46 77 151 290 330 387 425 553 608 767 967 982
9  170 230 238 248 310 644 670 683 956
9  142 148 403 410 465 650 666 826 858
12  30 38 167 189 207 249 290 388 436 488 591 705
9  16 178 324 390 596 634 759 844 963
14  153 158 186 233 272 276 434 446 595 632 674 766 892 969
6  155 273 336 537 619 796
13  146 304 305 329 402 447 499 723 757 893 915 922 998
12  6 53 62 187 390 437 515 722 826 845 928 957
4  253 299 600 631
8  70 118 237 400 462 621 711 871
11  118 137 143 178 231 245 626 654 873 875 906
9  134 146 183 277 282 294 390 696 896
12  176 272 439 454 456 505 585 642 644 789 826 928
13  61 201 214 218 302 362 490 502 585 657 684 744 769
7  41 71 421 526 650 963 989
3  346 441 486
11  82 157 240 294 387 504 546 650 758 847 957
9  26 148 527 537 595 648 688 703 910
7  21 63 301 473 557 898 957
11  184 217 313 391 464 589 660 679 690 821 927
5  162 236 518 844 990
12  58 84 111 149 171 322 385 503 552 649 848 974
13  61 207 250 271 368 445 480 578 766 874 892 894 990
8  49 79 144 241 246 258 400 582
8  21 46 655 684 731 877 914 929
11  44 71 75 87 364 399 559 636 653 870 924
14  89 97 137 156 208 220 233 234 245 275 541 649 788 975
7  151 157 201 253 790 877 929
8  68 424 435 479 701 745 885 888
9  139 191 287 360 499 700 834 848 882
13  144 264 289 334 435 443 446 502 522 569 597 886 991
7  40 111 276 280 398 732 905
11  86 138 249 297 368 547 756 761 770 914 978
11  78 80 199 325 379 402 435 445 679 771 843
11  76 113 296 411 475 498 668 756 802 858 922
5  72 413 471 547 685
8  281 359 548 643 659 789 859 942
7  41 101 351 718 746 871 942
13  126 128 186 212 303 432 456 540 626 725 751 933 974
11  76 90 250 321 510 617 663 673 742 889 961
8  105 154 216 344 429 791 912 999
4  184 237 405 875
8  22 258 325 353 617 869 970 990
3  63 942 957
13  20 48 74 352 358 381 394 740 748 800 817 886 981
10  87 159 171 327 428 475 588 596 784 997
13  83 132 167 278 433 568 658 684 738 748 766 946 951
10  48 50 70 95 145 154 504 569 617 874
12  21 105 187 214 513 526 570 733 753 912 933 945
11  21 204 245 339 382 463 647 771 792 860 887
8  65 92 243 389 572 707 903 987
11  93 106 154 302 397 409 518 585 639 722 998
12  38 40 115 428 450 580 612 731 778 807 901 997
10  27 90 234 309 393 468 527 581 642 978
17  8 181 193 246 406 493 533 568 622 632 738 740 872 924 928 976 995
11  36 63 86 234 346 433 438 668 843 930 985
10  54 145 221 276 366 396 419 458 838 992
7  178 335 414 546 554 732 784
7  157 272 528 821 884 928 975
11  76 193 309 328 367 446 465 500 652 742 914
10  5 151 217 228 271 516 604 628 677 950
15  26 75 138 196 258 306 355 495 539 573 643 787 860 966 978
10  21 183 254 319 419 726 728 800 950 955
9  170 303 328 472 557 700 843 900 980
10  128 141 328 596 608 641 710 770 800 905
10  169 343 459 468 516 617 697 780 871 989
7  130 140 166 169 314 805 915
16  28 165 246 260 294 479 545 622 726 799 809 851 885 911 952 961
10  121 197 358 508 617 768 841 904 922 965
10  27 234 303 338 528 626 779 793 901 997
14  51 85 227 230 322 374 436 456 579 641 692 769 877 997
10  17 357 584 643 785 799 819 867 911 998
14  233 259 294 455 486 553 579 698 716 740 782 789 854 916
12  149 188 263 283 345 458 693 802 856 945 977 990
8  99 184 267 692 762 896 907 990
15  20 92 113 245 294 349 371 541 542 707 764 776 809 923 956
15  49 89 134 163 248 301 392 572 580 614 726 758 779 830 887
10  21 111 443 446 497 727 743 778 842 978
7  263 290 455 463 579 587 666
5  154 598 836 901 929
9  92 535 567 643 817 839 877 929 988
7  59 248 777 841 866 938 971
7  167 316 434 439 769 829 952
8  110 112 154 332 487 691 775 981
11  52 82 147 417 526 662 746 771 791 800 837
13  122 177 202 238 258 423 478 525 526 615 763 770 900
5  120 131 305 373 759
13  5 106 192 213 430 444 452 513 522 688 807 967 979
9  66 195 198 275 289 766 788 833 841
12  29 126 196 247 254 466 497 632 637 648 797 888
12  40 63 219 247 364 739 751 785 797 877 939 964
14  64 234 296 301 408 430 471 517 539 556 589 765 784 987
8  13 79 122 225 233 654 839 895
11  54 117 206 467 531 559 629 755 930 943 975
4  650 720 782 996
10  13 50 65 76 172 413 706 730 766 845
11  30 56 482 534 557 638 721 804 827 847 962
10  157 176 489 546 574 734 778 799 890 910
10  0 35 174 601 605 661 743 876 969 984
9  23 36 442 456 520 584 656 763 941
11  17 96 250 344 382 432 483 590 592 618 990
14  71 87 106 150 206 243 339 381 529 664 675 878 908 942
9  69 235 367 426 467 699 819 950 956
10  164 170 313 336 783 784 889 964 967 996
10  51 98 138 296 358 433 627 652 953 962
10  73 206 378 489 540 555 761 765 791 977
13  11 82 85 172 375 387 388 461 738 756 758 778 826
8  95 178 303 353 409 463 816 867
12  123 154 205 218 273 322 415 503 632 690 728 767
9  121 199 472 497 686 825 867 871 988
7  102 110 213 422 790 820 957
11  72 94 167 443 464 760 863 916 923 985 990
13  93 172 242 271 416 539 558 560 667 687 807 928 988
16  6 147 155 173 224 235 397 447 746 781 806 828 865 879 884 930
12  111 164 186 188 204 270 329 368 473 514 556 586
10  5 208 235 260 539 761 769 911 933 993
9  143 241 289 299 493 648 890 938 976
7  410 514 875 882 890 920 970
7  48 67 287 462 550 644 938
9  10 157 217 254 335 352 397 477 946
3  424 497 928
12  70 111 117 170 197 273 296 305 503 534 562 863
6  256 318 458 567 801 927
13  87 276 331 386 410 567 569 570 641 642 738 774 908
9  112 156 176 355 510 638 662 893 908
11  10 171 172 177 230 352 472 486 765 796 848
13  333 510 520 527 565 572 586 607 632 804 849 929 975
15  10 76 149 201 236 429 484 562 713 752 826 859 870 928 993
3  310 375 992
12  78 100 164 169 222 231 272 393 558 670 850 912
12  21 105 210 225 235 247 446 637 674 873 892 933
3  321 803 977
22  238 242 375 399 477 491 534 543 554 574 608 610 628 670 695 701 706 800 821 883 909 991
19  116 235 273 275 325 373 397 417 495 676 682 790 865 891 951 952 968 984 987
11  31 356 487 494 538 620 622 672 807 843 953
8  21 157 272 363 423 537 546 776
4  201 216 770 870
6  5 53 288 390 462 848
6  60 290 316 374 613 841
9  385 567 582 598 613 645 678 782 964
7  426 498 661 677 723 911 940
6  16 124 268 339 458 469
11  5 21 87 98 340 389 516 591 608 639 773
13  10 75 127 136 297 392 573 608 778 947 956 980 985
9  120 215 216 232 652 687 750 845 877
13  8 181 424 449 492 523 527 537 774 786 845 967 972
10  129 136 213 255 373 397 406 575 674 979
12  95 164 260 272 378 440 598 762 775 782 832 850
8  115 216 476 627 682 771 885 962
11  76 168 417 440 574 727 749 757 828 925 997
10  3 31 251 282 548 656 697 714 856 980
11  183 269 457 477 560 685 701 789 838 839 970
12  80 261 277 278 352 354 386 403 442 602 663 668
7  342 486 498 597 710 790 885
17  100 117 140 189 236 470 500 512 589 641 676 715 723 819 831 934 936
9  47 84 241 329 534 559 820 857 924
14  20 64 98 127 152 224 416 428 621 628 823 841 932 984
4  130 284 337 761
10  147 176 260 262 296 374 388 407 486 586
9  29 87 193 308 538 563 622 682 911
14  34 44 121 159 204 208 325 530 532 594 641 766 870 960
11  63 163 203 333 411 432 440 576 672 681 893
13  249 266 333 354 558 567 571 608 652 767 844 880 977
10  76 120 178 352 518 849 867 902 955 984
10  19 51 63 301 426 695 728 876 957 962
10  37 95 116 137 216 363 466 583 730 821
8  15 199 319 540 743 755 914 978
9  133 138 329 401 474 585 656 674 686
6  68 115 236 319 498 594
18  18 88 161 168 250 276 415 451 466 492 622 635 805 815 871 919 939 989
10  61 127 243 327 483 513 569 574 662 691
15  86 214 242 339 366 377 382 471 571 613 639 655 807 827 953
6  49 388 511 692 775 869
13  2 170 285 342 435 475 506 578 765 801 803 857 924
9  137 161 173 267 363 520 528 913 966
6  296 338 736 866 871 984
12  47 90 183 225 401 477 551 719 821 830 854 882
14  187 207 287 389 460 469 703 731 759 803 863 869 942 948
6  152 160 405 431 682 748
12  37 102 228 340 421 425 448 533 550 704 824 874
14  106 150 167 236 251 269 447 549 550 716 741 873 877 922
15  20 94 140 156 207 428 451 456 459 507 533 613 704 735 811
13  20 53 221 236 301 323 340 433 542 792 858 884 900
19  18 141 185 193 221 275 380 400 453 575 679 718 721 764 774 784 838 874 927
5  31 495 795 945 976
8  11 321 324 361 431 488 680 807
11  57 104 122 250 338 342 525 856 930 973 992
6  27 188 306 440 577 608
10  106 306 429 439 607 723 811 870 894 984
11  20 69 200 267 284 413 416 565 826 894 928
13  138 174 245 400 589 654 659 661 752 807 876 903 993
9  51 254 587 602 722 761 842 847 920
13  170 298 357 441 585 586 682 686 724 738 901 948 975
17  6 18 143 147 283 292 293 301 351 357 377 487 594 689 691 743 770
12  86 136 313 391 550 552 559 722 783 940 968 992
10  29 40 61 181 287 305 613 733 797 912
15  45 55 96 128 273 395 470 626 629 638 791 810 811 951 984
8  108 151 508 676 827 901 978 995
14  47 92 123 154 425 426 543 545 698 716 824 938 965 993
11  11 221 391 441 656 677 700 818 855 924 995
17  80 177 178 180 240 262 322 352 467 481 531 548 629 716 882 883 924
10  29 169 201 340 533 539 562 587 647 786
9  27 48 84 269 478 705 768 985 995
5  203 318 405 665 666
11  150 184 347 364 365 401 537 661 712 960 990
3  97 111 563
13  12 183 277 335 349 355 378 476 495 587 757 779 876
10  126 235 417 421 608 746 763 773 886 891
4  135 333 364 857
9  116 159 244 285 337 340 545 744 884
7  22 245 330 463 656 762 959
9  10 41 70 318 416 453 580 725 758
7  24 296 467 541 663 665 704
8  199 235 383 388 460 622 768 946
10  2 109 167 254 351 601 795 817 818 911
6  165 293 502 578 665 826
14  4 21 143 180 219 267 299 380 464 514 551 711 791 915
8  429 620 761 765 809 834 853 908
12  65 221 253 327 499 596 661 672 734 742 823 889
8  53 69 112 196 276 393 532 868
17  6 10 82 168 230 250 381 427 454 467 690 718 726 753 860 986 990
7  148 273 546 674 700 760 910
9  8 202 393 617 634 654 766 805 936
8  108 190 263 310 326 377 419 954
9  93 133 174 296 353 364 441 533 947
6  118 122 165 221 500 863
8  95 176 375 450 557 665 811 885
5  185 196 239 421 524
11  300 388 467 560 586 652 700 728 762 874 996
8  278 364 470 486 536 769 805 983
17  74 82 156 203 222 281 294 529 539 618 719 748 849 867 893 894 934
8  128 145 166 228 421 843 938 985
3  295 351 686
15  98 120 127 183 239 260 311 313 410 519 666 685 713 816 877
12  101 303 412 701 706 748 752 806 814 821 883 942
14  97 121 175 233 284 294 394 637 654 718 721 773 774 820
8  24 265 425 642 749 787 807 880
10  4 313 369 434 467 534 537 548 558 949
12  79 86 309 334 359 454 465 488 654 850 942 968
7  371 554 661 732 742 809 824
11  10 153 193 357 399 515 685 848 924 968 995
9  116 203 347 358 384 574 600 612 625
10  60 118 377 472 482 500 548 848 916 966
11  95 126 242 270 332 484 499 612 682 969 985
14  188 342 387 435 511 528 534 775 810 812 892 925 973 998
8  5 42 244 348 627 784 863 977
8  174 258 306 415 480 586 834 888
6  22 179 320 334 549 793
11  344 568 621 730 731 737 795 871 928 932 989
4  439 462 485 787
5  35 126 327 493 691
10  127 145 178 216 474 556 566 742 767 878
9  27 170 289 291 383 660 740 813 907
11  7 59 103 125 171 355 459 503 837 918 960
9  29 113 280 299 311 486 597 871 886
11  79 130 237 421 429 471 506 615 650 692 931
10  190 284 372 498 631 692 754 756 796 963
14  3 8 40 63 94 191 201 546 590 647 652 740 827 890
6  34 444 564 761 776 827
11  179 419 429 451 459 577 683 798 828 865 961
12  84 116 243 253 300 305 376 392 416 456 592 917
9  34 134 329 427 454 458 756 857 995
10  130 151 191 448 460 667 694 769 796 837
16  40 200 265 285 300 318 352 433 630 646 701 710 712 737 804 858
11  3 14 192 306 377 383 512 556 616 630 998
13  9 45 72 82 132 200 232 262 426 568 682 691 904
8  40 430 633 854 898 947 966 987
12  62 71 122 238 449 478 576 692 733 761 953 990
10  66 112 146 201 251 501 790 798 842 858
12  44 49 129 223 225 298 396 666 670 697 708 950
9  105 236 293 438 527 659 784 797 833
8  211 376 560 565 628 762 892 993
15  51 94 113 148 314 369 438 470 637 676 755 868 936 960 984
10  139 152 188 303 362 405 693 781 797 839
14  101 180 231 239 252 457 458 473 605 689 827 888 932 934
11  158 175 196 313 426 571 675 676 698 792 937
4  174 736 811 845
7  89 247 251 274 293 387 775
11  51 120 277 314 324 329 458 478 526 604 839
14  44 84 179 219 223 240 280 385 393 446 616 634 880 938
8  54 327 469 491 597 641 715 732
9  186 227 416 720 752 787 820 886 988
12  80 89 136 210 276 389 496 548 672 748 810 878
11  110 182 184 291 330 343 767 799 825 856 939
12  125 205 329 462 580 581 726 747 755 771 860 891
10  39 277 431 473 509 603 627 682 781 840
11  45 241 275 448 544 590 607 669 757 837 844
9  8 95 146 241 353 405 587 738 777
4  157 614 617 693
10  6 29 96 202 385 445 455 476 680 923
13  46 350 444 625 792 827 850 857 869 882 890 966 986
16  150 173 217 356 391 398 421 439 672 682 749 805 837 896 925 937
9  1 358 432 441 475 620 663 914 984
10  303 357 401 431 546 604 744 785 827 960
9  27 48 75 117 686 774 803 806 975
12  40 48 62 78 132 181 556 680 708 759 863 942
15  161 244 254 534 573 714 716 736 767 768 794 805 898 914 961
7  130 383 577 675 679 724 826
16  5 97 153 170 237 393 406 418 422 452 586 609 750 822 880 888
11  15 155 350 462 552 649 809 821 884 892 965
9  137 167 179 278 336 399 507 543 688
12  46 120 205 227 389 544 748 891 893 896 934 955
8  94 100 492 555 564 788 797 922
11  44 374 402 506 572 609 739 746 763 764 843
14  92 109 204 343 480 489 536 538 578 700 745 765 938 958
10  17 65 143 213 235 279 397 629 644 734
