1000
111  1 2 3 7 8 9 27 30 34 37 68 69 82 89 91 98 106 107 118 125 128 143 151 156 157 158 159 167 170 177 189 195 196 201 202 222 223 227 245 246 256 263 269 274 297 306 311 312 317 329 340 344 345 347 348 362 367 373 375 377 399 418 422 431 450 461 464 469 475 486 504 518 525 537 569 581 584 585 594 600 602 604 632 636 645 660 661 705 724 736 739 748 756 788 796 799 835 850 859 860 885 898 904 907 909 920 940 962 977 978 981
103  0 2 3 6 8 9 20 34 37 44 45 62 68 75 91 96 98 106 107 125 143 157 159 161 164 167 189 190 196 201 222 223 227 245 254 256 263 274 297 304 312 317 326 329 335 337 340 354 365 367 373 375 377 394 398 414 422 447 449 450 461 464 469 474 475 486 487 504 518 537 555 569 581 584 585 594 600 604 626 632 636 645 661 664 666 724 736 739 756 772 788 796 813 835 845 850 880 885 904 909 920 940 981
76  0 1 4 5 8 9 12 23 34 41 57 67 75 81 89 91 107 111 112 118 125 134 143 157 159 167 189 193 195 217 218 232 245 256 263 274 297 307 312 329 335 340 351 362 367 373 375 398 456 461 465 469 475 511 518 524 537 569 574 575 581 585 604 632 636 736 739 756 788 796 797 799 885 895 909 976
73  0 1 9 19 20 34 44 64 79 88 98 106 117 143 161 164 191 195 201 218 222 227 262 285 329 337 348 362 367 375 422 431 449 451 469 475 486 487 495 504 514 518 537 553 569 581 584 594 600 604 605 632 636 645 661 664 666 680 696 736 747 748 756 788 796 803 813 850 859 877 895 904 981
52  2 5 9 15 17 34 39 57 81 107 112 134 143 155 157 167 187 227 250 256 263 297 306 312 314 329 340 344 347 362 367 375 378 449 475 518 537 581 600 604 636 638 645 736 739 756 800 827 885 895 957 981
47  2 4 8 9 22 34 42 107 112 157 159 167 189 199 218 245 276 306 329 344 347 367 375 377 418 437 449 469 475 501 518 537 585 600 604 696 736 739 756 757 788 798 827 850 904 957 981
26  1 34 68 69 74 75 98 143 256 304 312 428 487 504 506 600 604 664 680 705 736 739 796 859 904 981
6  0 14 149 240 345 388
77  0 1 2 5 9 10 23 33 34 36 38 41 42 45 67 68 74 89 96 106 107 112 125 128 143 157 159 175 189 190 196 217 222 223 227 232 245 256 263 297 306 312 329 335 344 367 373 375 377 394 418 422 449 464 469 475 518 581 585 600 604 724 736 739 756 789 796 798 835 839 850 866 904 907 920 951 981
77  0 1 2 3 4 5 8 10 13 25 34 44 45 48 57 67 69 72 106 107 109 116 143 157 159 161 170 189 194 222 227 232 256 280 295 297 306 312 329 335 344 367 373 375 378 394 431 469 475 478 504 518 537 564 574 581 585 600 604 605 645 692 733 736 739 748 756 788 796 798 835 850 904 907 920 981 984
51  8 9 11 16 18 25 33 45 47 61 67 106 143 157 189 221 222 223 227 256 297 306 312 316 329 335 344 348 367 394 418 504 518 581 595 600 604 658 684 696 717 736 739 756 796 798 825 835 850 881 981
25  10 21 24 32 67 256 316 335 356 373 383 394 418 518 531 564 600 680 696 736 825 850 885 895 981
20  2 50 77 110 118 189 193 220 261 367 429 461 524 536 543 575 604 632 739 756
20  9 26 66 72 116 189 271 367 375 399 518 585 600 605 698 756 796 850 888 908
5  7 345 386 654 887
20  4 17 39 57 161 187 232 235 326 344 347 367 375 418 475 581 604 756 895 904
14  10 18 31 106 123 157 189 227 297 301 310 569 600 684
17  4 15 39 187 235 273 329 366 367 378 756 762 786 831 859 874 961
15  10 16 45 49 106 157 222 297 312 367 569 796 904 951 958
15  3 83 98 104 160 195 285 394 569 632 788 796 803 859 981
29  1 3 29 34 44 98 143 164 212 254 256 282 354 375 394 447 486 489 537 584 600 604 636 645 661 736 788 796 813
19  11 32 248 256 292 328 356 373 383 394 518 531 544 564 640 696 736 825 981
19  5 42 71 86 157 199 218 276 329 347 367 449 475 518 666 827 850 898 981
19  2 8 35 89 159 217 223 256 329 348 422 464 518 600 745 796 798 866 904
17  11 28 32 105 121 356 373 375 383 452 531 532 564 600 696 885 895
25  9 10 45 47 51 106 138 222 266 306 312 317 367 373 394 418 469 581 600 604 736 796 881 904 981
14  13 43 66 72 116 271 399 585 780 835 849 850 888 908
41  0 30 69 89 107 112 125 169 170 177 188 189 196 245 246 256 306 312 329 335 348 352 367 373 375 399 464 478 504 518 574 604 632 660 756 850 859 898 904 918 931
14  24 32 46 105 206 373 381 383 452 518 531 885 894 895
17  20 44 99 145 154 164 282 375 462 486 537 600 604 636 645 736 788
26  0 27 69 107 113 125 126 170 189 190 246 279 312 329 367 373 475 504 518 581 632 660 796 859 881 931
5  16 78 197 297 301
25  11 21 24 28 46 58 105 114 206 292 373 383 430 518 531 564 600 680 696 720 736 885 894 895 908
16  8 10 45 67 106 112 143 189 222 306 329 367 518 585 600 839
45  0 1 2 3 4 5 6 8 9 20 44 55 67 69 74 98 107 119 143 157 170 189 256 367 368 375 377 398 437 449 456 469 501 504 518 537 585 604 632 636 645 739 788 796 942
15  23 52 89 159 256 278 312 324 329 407 464 518 600 604 904
20  8 38 53 67 74 143 256 312 344 373 375 394 418 475 506 518 600 632 661 904
31  0 1 68 106 107 135 143 151 189 222 223 227 256 312 316 317 335 367 438 478 518 584 585 604 632 661 796 859 872 904 962
30  8 36 40 53 67 68 74 75 89 112 143 174 256 275 312 344 377 394 418 518 581 583 585 604 632 789 796 797 835 904
25  4 15 17 57 63 73 143 210 232 235 244 259 329 330 367 373 518 636 698 756 842 850 895 904 961
21  38 70 74 76 89 107 112 125 139 174 256 367 377 518 583 632 664 703 756 788 904
24  2 8 67 89 112 143 157 230 232 256 263 274 329 335 367 418 511 518 581 585 796 859 904 907
26  5 8 22 71 146 157 163 175 190 218 306 329 344 362 367 449 475 485 518 604 666 749 753 850 895 981
7  26 66 72 257 321 780 908
32  1 3 9 20 29 34 48 74 75 109 154 164 222 227 232 373 375 399 431 475 491 537 581 600 604 636 645 678 788 796 904 950
45  1 8 9 10 18 25 33 51 67 69 96 106 107 112 143 148 157 189 222 224 227 266 297 306 312 329 367 373 418 469 504 518 585 600 622 626 632 679 739 796 889 904 908 951 981
23  28 32 58 105 206 214 336 375 379 383 418 518 531 564 589 600 636 680 736 885 894 895 908
15  10 25 61 80 106 143 157 223 268 304 312 394 661 881 951
20  9 44 57 109 157 222 227 232 306 316 373 375 475 491 581 600 733 859 904 910
7  18 157 222 367 446 585 796
12  12 110 220 226 261 427 461 503 524 543 575 604
22  25 45 138 237 266 317 335 367 373 377 469 581 600 705 756 796 797 859 904 908 962 981
7  35 54 56 159 216 218 604
25  36 38 67 182 232 256 270 297 367 373 375 394 414 418 449 469 475 506 585 632 636 807 859 904 908
8  52 216 218 322 436 604 666 696
9  34 67 124 253 263 368 504 518 796
7  52 60 162 216 320 604 879
32  2 4 9 15 39 48 59 63 89 116 161 222 232 244 297 306 326 329 347 367 373 375 377 518 581 585 600 604 605 698 850 904
22  32 46 65 85 90 105 214 229 379 383 464 484 518 531 578 600 696 720 885 894 895 908
5  57 179 181 518 768
7  56 93 130 162 466 879 964
13  10 47 106 108 143 157 306 329 344 600 604 693 981
7  1 143 180 474 555 721 859
8  39 57 143 171 335 367 518 904
20  3 79 117 143 191 222 337 375 422 451 495 514 518 581 600 604 663 859 904 981
8  58 236 294 299 509 547 720 890
19  13 26 43 95 127 286 321 530 548 557 672 712 716 756 780 849 888 908 986
64  2 8 9 10 11 33 34 36 38 41 45 53 55 89 96 112 125 143 182 183 196 217 222 232 253 256 263 306 312 316 329 367 373 375 383 394 414 415 418 475 507 518 559 565 572 581 583 585 604 636 698 736 749 788 796 797 806 881 895 904 908 925 951 973
37  0 1 6 8 37 38 69 74 75 89 96 98 107 125 143 189 190 222 223 256 312 329 344 352 377 418 449 506 518 604 632 664 680 705 796 859 904
51  0 6 9 27 30 34 45 68 89 96 98 107 125 143 157 170 189 190 194 205 217 222 246 256 263 306 312 329 335 367 428 449 464 504 518 534 576 585 606 632 636 666 692 736 739 796 817 859 904 907 981
4  40 76 178 985
6  22 42 132 157 218 449
7  9 13 26 43 561 585 850
10  39 84 115 143 152 312 329 835 850 895
30  6 8 34 36 38 40 44 68 89 107 112 143 157 222 256 312 335 367 394 583 585 600 604 680 796 875 885 904 978 981
24  1 2 6 38 44 68 107 125 143 164 222 312 375 377 390 431 475 504 600 604 632 736 796 904
5  40 70 139 178 751
11  12 110 220 346 461 524 543 575 604 614 770
3  31 87 120
23  3 64 92 101 117 143 191 281 375 403 422 451 473 514 518 581 594 600 643 789 796 819 981
8  47 143 157 304 661 705 796 920
6  2 4 329 340 344 367
10  0 118 189 203 211 377 477 497 525 636
8  19 160 195 285 632 756 804 859
4  73 152 243 895
9  58 90 229 338 531 592 599 600 696
6  22 97 231 329 425 898
3  78 120 674
18  3 103 201 216 218 222 329 367 422 431 435 449 464 581 636 666 789 859
53  0 2 8 23 27 35 38 40 41 57 67 68 69 74 96 107 112 125 143 157 158 159 170 190 196 222 223 245 256 312 329 373 383 394 418 422 458 464 499 511 535 581 585 604 680 788 789 796 859 866 899 904 984
3  58 85 609
16  0 1 2 125 189 195 222 245 475 600 602 632 756 880 885 962
8  79 101 176 384 403 587 594 774
5  60 94 102 130 515
5  93 102 173 515 610
11  66 129 277 548 557 672 712 716 756 828 986
31  1 8 45 67 68 69 89 107 112 125 140 143 159 194 196 217 222 267 306 329 383 418 464 518 604 692 756 789 796 915 951
7  86 137 144 231 425 898 953
32  0 1 3 6 19 20 34 68 69 100 107 136 143 172 189 190 195 204 222 285 306 362 394 449 564 581 604 788 796 859 904 929
12  29 147 154 251 282 334 375 581 600 604 645 736
19  98 107 112 136 143 172 198 204 222 300 306 332 409 422 518 581 859 904 929
4  79 92 239 594
3  93 94 515
11  88 153 218 329 367 431 518 566 696 870 885
6  19 131 133 160 803 853
21  24 28 32 46 58 192 375 379 383 518 531 540 600 627 651 696 698 850 885 894 895
50  0 1 3 8 9 10 16 18 25 33 37 45 47 61 107 108 112 128 143 156 157 196 221 222 223 268 297 306 312 329 344 367 394 445 478 518 569 575 585 595 600 604 729 736 770 796 850 904 951 981
74  0 1 2 4 5 8 9 27 30 34 37 40 45 68 69 74 75 89 96 98 100 106 112 125 157 158 159 166 189 190 196 217 218 222 227 245 256 295 306 312 329 332 335 347 348 367 373 375 377 412 418 422 449 478 518 529 564 600 604 621 626 666 705 756 788 789 796 798 812 859 872 885 904 981
10  61 106 223 306 329 344 600 698 748 981
21  9 44 48 164 215 222 227 373 375 475 581 600 604 632 678 748 788 796 904 910 950
10  12 50 77 220 524 536 543 575 698 770
7  2 457 465 574 765 796 927
48  2 4 5 8 27 33 38 40 41 45 67 74 89 96 100 106 107 125 143 157 183 189 196 217 222 245 256 312 314 329 367 383 409 418 422 464 469 475 518 585 600 604 632 661 695 736 756 895
21  30 125 158 170 190 194 196 222 256 279 306 312 373 382 444 666 692 756 797 859 904
2  32 225
2  73 152
28  9 13 26 57 122 150 189 196 218 222 313 326 329 347 348 362 367 399 470 518 575 605 698 797 849 850 859 904
16  3 64 79 143 200 337 375 451 514 581 594 600 604 682 692 796
7  0 2 12 82 189 193 350
4  34 291 368 942
3  78 87 674
4  24 531 562 972
8  116 150 218 329 348 470 564 605
5  16 165 264 528 939
11  55 141 253 263 298 365 368 414 504 657 796
47  0 1 2 8 27 30 40 67 68 69 75 89 91 96 107 112 113 143 157 158 159 183 189 190 195 196 217 222 245 256 260 297 306 312 329 352 367 373 504 600 604 632 756 796 880 904 984
7  30 189 190 367 660 796 904
8  66 286 517 530 548 716 756 986
18  0 8 106 156 268 297 335 344 367 394 469 585 604 632 729 790 796 981
7  95 142 289 557 712 818 828
8  60 93 208 432 515 593 784 879
9  104 133 160 404 803 837 847 853 873
2  71 982
5  104 131 160 285 719
3  2 4 329
22  37 143 151 157 222 223 227 247 256 312 316 367 394 438 467 471 564 585 604 618 725 859
10  98 100 143 172 204 306 342 397 556 859
7  97 425 426 481 743 761 898
11  25 51 293 317 441 581 666 736 782 796 962
2  40 76
7  96 143 217 464 475 604 632
4  124 263 504 657
6  129 289 557 712 818 828
90  0 1 2 3 4 6 8 9 10 20 33 34 36 37 38 39 41 45 47 61 62 63 64 67 68 69 73 74 75 79 80 89 96 98 100 106 112 117 125 135 136 140 157 158 180 184 189 196 204 217 222 223 235 245 256 297 304 306 312 316 329 335 344 348 367 375 422 469 473 474 475 495 506 518 564 581 600 604 661 736 788 796 819 835 848 850 859 904 956 978
3  97 219 483
9  29 234 370 385 462 646 697 820 967
17  42 157 163 190 196 218 222 329 335 375 394 449 475 485 604 666 904
4  99 645 736 779
7  45 189 193 367 504 604 626
5  7 240 345 707 754
5  116 122 252 348 470
15  0 37 135 157 189 222 223 256 316 375 377 478 497 647 788
3  73 84 115
5  103 318 566 696 698
10  29 44 99 375 408 581 604 675 858 859
8  4 290 344 357 362 600 608 981
9  0 106 128 268 297 306 392 711 790
73  0 1 2 4 5 8 9 10 16 18 22 34 41 42 45 47 48 49 61 69 71 74 80 89 106 107 112 125 135 143 146 151 159 163 183 189 190 196 217 218 222 227 232 245 297 306 312 329 335 340 367 375 377 449 518 537 600 604 631 632 645 661 666 736 756 796 888 904 920 935 974 981 984
36  0 89 107 113 125 143 159 166 183 190 196 217 222 245 256 269 297 312 335 347 348 362 367 373 375 394 518 535 585 600 604 789 835 859 904 978
44  0 1 2 5 8 9 23 35 52 89 96 107 125 157 158 189 196 201 216 217 218 222 227 256 263 295 297 306 316 329 335 362 367 377 464 471 518 537 568 581 585 600 604 645
14  19 83 104 131 133 185 285 327 372 395 719 803 854 859
26  1 3 9 15 57 207 213 227 265 280 297 326 367 373 377 422 449 518 604 621 666 756 788 789 797 904
6  56 60 228 258 604 879
20  42 146 157 168 183 189 190 196 217 218 222 256 296 335 362 442 485 518 524 604
16  1 3 20 29 44 75 109 215 222 312 475 600 604 632 776 910
2  123 264
15  107 158 196 222 256 269 306 312 348 375 478 581 589 600 604
19  0 1 2 4 5 263 306 307 312 344 362 367 516 523 581 728 788 928 981
12  163 189 190 217 218 347 362 444 518 788 904 981
6  27 189 245 329 352 604
34  0 9 27 30 34 69 89 113 189 190 194 223 245 246 306 329 367 375 416 422 497 581 585 602 692 736 749 756 788 881 899 901 904 984
5  63 309 335 360 590
14  98 100 136 204 222 283 316 409 581 750 796 801 859 929
5  94 186 417 515 610
3  38 40 418
5  8 42 233 518 850
3  92 403 901
6  0 27 189 329 581 904
2  70 76
3  59 518 768
7  62 143 196 204 474 604 859
4  59 518 677 768
17  53 67 217 222 232 256 297 329 367 373 394 581 666 796 904 907 908
27  67 112 125 157 158 163 189 190 196 217 222 256 297 323 329 344 367 461 518 575 604 796 806 895 904 984 989
2  143 367
3  160 302 859
2  173 417
6  4 15 17 235 367 786
3  27 329 335
81  0 1 2 5 8 9 10 12 13 16 27 30 33 34 37 45 68 69 82 91 98 107 112 116 118 125 126 143 148 151 157 159 163 168 169 170 177 183 190 193 195 196 217 218 222 223 245 254 256 297 306 312 329 335 344 348 354 367 375 449 504 510 518 537 584 585 600 604 626 632 636 648 660 666 724 735 736 756 764 835 850
50  1 8 30 42 68 69 89 98 107 113 125 126 146 157 158 163 168 170 183 189 196 217 218 222 245 256 269 297 306 312 329 344 347 362 373 377 394 444 504 518 581 600 604 756 789 796 881 904 920 983
7  3 64 79 422 581 636 643
4  105 242 518 850
12  2 12 118 148 189 195 350 367 537 604 703 756
11  9 69 96 113 170 245 329 518 666 692 841
30  0 2 3 19 83 91 98 125 189 193 222 238 245 285 306 312 316 348 350 373 470 518 564 569 585 604 632 703 756 859
57  0 1 8 27 67 89 96 106 107 112 113 116 125 143 146 157 158 159 163 166 180 183 189 190 201 217 218 222 245 256 269 297 306 312 329 344 348 362 367 374 449 461 469 475 518 524 535 575 600 604 632 661 666 796 835 859 904
2  31 308
6  100 204 209 222 300 859
10  5 22 218 227 329 377 418 475 502 788
6  117 451 488 567 594 604
22  0 1 3 88 159 196 216 217 218 306 316 362 449 518 583 604 664 666 749 859 860 904
3  0 496 512
2  82 851
13  98 100 136 143 172 180 198 209 300 474 620 859 904
5  69 518 534 606 632
5  28 32 46 894 895
15  161 213 249 265 272 280 319 367 373 545 604 715 756 789 885
1  130
5  198 204 284 300 859
3  39 329 330
1  82
10  20 394 486 535 598 702 730 736 788 981
11  161 207 249 265 280 326 367 377 604 691 797
5  46 58 379 564 894
9  109 164 222 227 411 475 600 632 910
19  52 54 56 88 159 201 217 218 306 367 436 464 518 596 604 665 666 904 907
55  2 8 23 67 69 96 107 112 125 140 143 157 158 159 163 168 182 183 189 190 196 201 216 218 222 245 256 295 305 306 312 316 323 329 335 347 348 367 373 375 464 518 535 569 585 600 604 666 788 796 859 885 904 907 956
56  2 3 5 22 42 52 54 71 88 103 107 116 122 146 157 159 163 168 189 190 196 199 201 216 217 222 227 245 263 297 306 316 322 329 335 344 347 348 362 367 436 449 504 518 604 637 666 692 696 698 749 788 796 850 904 907
2  144 483
11  12 50 77 110 461 524 543 575 604 698 917
7  10 106 604 630 835 850 951
96  0 1 3 8 9 10 18 25 33 37 44 45 48 49 57 64 67 68 69 74 75 88 89 91 96 98 100 106 107 109 112 113 116 125 135 143 146 151 157 158 159 163 164 166 172 182 183 189 190 195 196 198 215 217 218 227 232 245 247 256 263 266 283 285 297 306 312 316 317 326 329 335 348 367 373 375 469 470 475 478 495 504 518 536 569 581 585 600 604 632 645 796 858 859 904 962
37  0 1 8 10 23 37 47 68 89 106 108 135 143 151 170 189 241 245 256 306 312 329 344 377 394 422 478 497 518 581 600 613 647 748 835 850 881
3  45 622 889
1  114
4  50 255 261 331
42  0 1 3 4 8 9 10 16 37 44 45 48 107 109 135 157 159 161 199 215 218 222 245 263 265 297 306 329 337 367 373 377 487 504 585 600 604 678 796 904 910 981
1  162
5  58 85 379 531 600
2  41 619
2  86 97
37  2 8 9 15 39 41 44 48 53 57 67 157 182 222 245 256 297 306 312 329 367 373 375 376 377 418 469 475 518 581 600 604 605 788 796 816 904
1  175
2  145 413
13  15 17 39 143 187 245 306 329 367 469 604 632 786
1  65
13  51 266 312 317 373 375 531 636 645 708 796 797 958
5  195 245 306 538 569
3  101 387 419
2  7 149
4  223 245 256 881
2  192 850
2  84 882
5  39 57 329 330 612
57  0 1 2 5 8 27 89 91 107 112 125 143 157 158 169 170 189 190 194 195 196 217 218 222 223 227 232 235 238 241 256 297 306 329 333 335 348 362 367 373 375 412 469 518 600 604 632 634 684 696 731 796 835 880 881 885 904
16  0 27 30 69 170 306 312 329 367 399 406 581 666 736 859 931
4  135 222 312 971
1  21
12  207 213 265 280 326 344 367 373 518 604 797 885
3  4 344 723
5  99 334 600 645 796
5  150 423 470 713 829
11  55 67 124 263 325 359 365 414 642 718 796
10  1 20 189 297 354 358 537 604 736 878
2  226 331
81  0 1 2 4 6 8 9 10 11 20 21 23 27 34 35 36 37 38 40 41 53 67 68 69 74 89 107 112 113 125 135 143 151 158 159 163 166 182 183 189 190 196 217 222 223 232 241 245 292 297 306 312 316 329 335 348 367 373 375 377 383 394 418 469 475 518 531 535 585 600 604 695 705 736 748 788 796 859 875 881 904
4  43 321 780 808
2  162 944
3  39 424 698
1  125
5  12 50 226 543 575
5  3 288 714 747 877
41  0 1 2 4 8 41 55 67 69 124 141 159 167 218 222 227 253 283 297 306 316 337 349 365 367 368 487 504 518 594 604 657 666 692 698 755 796 850 885 891 981
4  123 165 443 588
25  161 207 213 227 249 297 306 319 326 344 367 373 377 422 475 518 600 604 715 756 789 796 797 876 885
12  25 45 51 222 237 312 317 335 367 373 785 796
7  96 329 402 789 791 797 840
10  47 106 128 156 367 394 518 604 696 796
18  0 158 166 190 196 287 297 312 316 329 348 362 367 600 604 632 796 859
5  53 373 393 475 520
11  13 26 375 380 399 508 519 631 849 850 888
2  207 903
4  17 329 756 859
9  0 1 2 41 329 373 375 511 597
1  38
10  5 22 329 367 375 377 518 736 797 981
7  95 343 548 557 672 712 716
1  35
6  30 113 373 440 632 796
6  9 161 207 213 249 377
4  79 473 600 834
8  20 29 99 334 375 600 645 736
13  172 222 263 306 311 312 316 409 504 624 632 796 859
8  209 300 355 459 463 722 859 896
13  3 19 83 98 133 160 195 222 449 569 719 859 904
8  66 127 517 530 548 716 908 986
4  269 297 604 668
4  262 472 714 877
7  129 142 557 712 767 818 828
6  155 344 357 375 608 856
3  119 368 737
11  21 32 256 306 341 348 373 470 518 531 825
4  138 736 796 962
1  65
11  9 107 159 217 306 329 335 367 377 529 535
1  163
74  0 1 2 4 8 9 10 16 18 31 45 53 57 106 125 128 143 156 157 158 159 161 182 183 189 190 196 218 222 227 232 245 254 256 263 265 269 287 306 312 316 317 326 329 335 344 348 354 358 367 373 377 394 418 445 469 470 475 518 537 564 600 604 632 661 666 698 736 756 788 796 859 885 981
4  124 368 504 885
2  65 792
5  100 198 204 209 284
3  16 31 997
4  185 303 401 988
4  302 339 401 988
14  1 6 47 80 143 335 354 394 504 661 705 788 908 981
3  217 554 956
93  0 4 5 8 9 10 25 27 33 42 45 48 57 61 67 69 96 98 100 106 107 108 113 125 136 143 156 157 159 166 167 170 189 190 195 196 201 216 217 218 222 223 227 232 235 238 245 246 256 263 265 283 292 295 297 311 312 316 329 335 344 361 362 367 373 375 421 449 469 504 518 564 569 574 581 583 600 604 632 692 717 736 748 749 756 788 796 859 904 907 937 951 984
9  2 167 344 362 367 581 845 909 981
2  197 482
4  171 335 394 590
4  16 684 700 752
7  0 283 306 312 632 796 916
90  0 1 2 4 6 8 9 10 18 25 27 30 35 36 37 38 45 47 67 68 69 73 74 75 89 106 107 112 113 125 135 143 157 158 164 166 167 189 190 195 196 217 222 223 232 237 246 247 256 266 269 283 297 306 311 315 316 329 344 348 362 367 375 377 418 471 475 506 518 537 564 581 585 600 604 632 645 666 705 736 756 788 796 835 859 904 951 958 971 978
3  116 329 348
6  4 112 347 604 800 895
9  312 316 329 418 479 506 564 645 859
54  10 11 37 48 67 135 143 151 159 172 195 201 217 218 222 256 263 269 283 297 306 312 315 329 335 344 348 356 361 367 375 377 394 409 418 449 469 471 504 518 564 568 581 585 600 604 645 666 705 796 819 850 859 981
29  0 1 25 37 51 138 222 237 266 297 335 344 373 461 469 504 518 536 581 600 604 632 636 661 666 796 885 962 981
2  153 566
15  207 265 326 373 377 518 585 604 715 756 789 876 885 900 990
1  56
7  43 66 257 396 490 780 808
4  54 218 604 666
6  183 217 329 335 367 796
3  35 604 934
3  253 642 968
25  1 15 57 116 161 213 222 249 265 297 319 344 347 367 373 464 469 475 518 585 604 715 789 797 885
3  160 468 859
5  21 363 476 825 895
120  0 1 2 3 4 5 8 9 10 17 22 23 27 30 33 35 39 41 42 45 57 61 67 68 69 73 81 86 88 89 96 103 106 107 108 112 116 122 125 134 143 146 157 159 169 170 177 182 183 188 189 190 194 196 199 210 217 218 222 223 227 232 235 244 245 246 256 267 269 273 274 276 295 297 306 312 313 315 316 323 335 344 347 348 362 367 373 375 377 394 402 406 418 431 449 469 475 478 479 494 518 537 583 585 600 604 632 636 692 756 789 796 797 835 850 859 898 904 981 984
4  39 210 244 353
2  226 255
5  100 107 460 621 666
9  245 373 375 412 527 600 601 655 736
6  99 251 282 581 600 863
63  1 2 8 9 10 11 27 37 41 51 63 69 74 107 128 143 146 157 158 159 163 171 188 189 217 218 222 245 256 266 295 297 304 306 309 316 317 323 329 344 367 373 377 394 418 475 487 504 518 535 550 581 585 600 604 661 692 705 775 796 904 981 984
4  46 383 604 736
15  1 3 64 117 227 263 451 487 541 581 585 594 600 604 796
3  85 592 952
2  303 571
15  0 1 2 4 81 157 344 357 456 486 581 604 736 895 920
2  292 373
2  136 397
8  277 391 557 667 672 712 716 884
67  0 4 5 8 9 10 15 36 38 42 61 68 81 106 108 128 143 155 167 183 189 190 196 218 223 249 250 265 290 297 306 307 312 316 317 326 329 335 340 347 348 354 357 362 367 371 373 375 377 418 469 475 518 564 581 600 604 632 717 756 796 835 845 904 907 908 981
8  0 7 14 149 433 526 707 887
2  77 575
30  0 4 5 15 22 57 107 116 158 168 190 217 218 314 326 329 344 373 375 377 518 569 604 607 788 796 850 895 898 904
47  0 3 10 23 27 107 116 122 143 150 158 166 189 195 196 217 218 222 245 256 269 292 297 312 313 316 329 344 357 367 373 375 377 470 475 518 564 600 604 632 636 666 696 756 796 797 904
3  263 604 796
3  118 193 195
1  2
10  27 68 125 169 455 604 641 664 666 680
1  330
24  1 20 189 254 297 304 344 357 358 367 389 469 489 604 636 661 705 717 736 796 871 895 908 981
3  284 369 463
11  11 21 24 316 361 373 375 405 504 701 797
12  155 290 340 344 348 354 358 362 375 456 604 908
11  254 297 354 357 389 469 470 600 604 895 981
3  253 364 921
2  171 865
8  306 316 356 373 375 405 439 701
46  0 2 3 4 42 98 116 155 158 159 163 167 168 190 196 201 218 245 269 306 307 312 329 344 357 367 377 436 449 470 518 537 581 585 600 604 664 666 728 756 788 859 904 909 981 998
2  328 825
3  359 400 921
7  1 124 253 263 738 796 924
6  17 378 570 762 831 874
136  0 1 2 3 4 5 8 9 10 12 13 15 17 18 22 25 27 30 33 34 37 39 40 41 42 45 49 51 53 57 63 67 69 74 81 88 103 106 107 112 116 125 126 128 135 143 148 157 158 159 161 167 170 182 183 184 187 189 193 196 207 213 216 217 218 222 227 232 235 245 246 249 256 263 265 266 268 269 276 295 297 306 307 312 316 323 326 329 335 344 348 354 362 373 375 377 394 406 414 418 422 469 506 518 564 581 583 585 600 604 621 636 660 661 666 692 696 698 703 736 749 756 788 789 796 845 859 881 885 895 904 907 908 927 928 958
12  34 55 119 124 263 291 298 377 537 796 840 885
2  355 463
3  145 462 697
3  344 518 604
3  160 854 859
93  0 1 2 8 9 11 21 24 25 27 28 30 32 36 39 44 45 48 51 53 57 67 89 107 109 113 125 158 161 182 190 195 207 217 222 227 232 237 245 249 256 265 266 270 274 279 292 297 306 317 319 326 329 333 335 341 344 347 348 356 361 367 375 377 405 412 418 431 469 487 518 520 531 581 585 600 601 604 621 636 692 736 749 756 788 796 797 812 850 859 885 904 981
2  196 522
107  0 1 2 3 4 5 8 9 13 15 20 24 27 29 34 36 44 46 48 53 57 64 67 75 79 99 105 107 109 117 143 146 151 154 157 158 166 170 189 217 222 232 237 245 256 271 274 276 282 290 306 312 316 329 333 344 347 348 356 357 361 367 373 377 379 380 383 399 405 408 418 431 451 469 518 531 564 569 581 585 600 604 631 633 636 645 651 675 696 698 705 731 736 788 789 796 797 850 858 877 885 895 904 907 908 966 975
1  232
72  0 1 5 8 34 38 40 51 57 68 75 82 107 151 157 159 161 190 199 213 223 227 232 256 265 276 280 295 297 312 316 319 329 335 344 347 348 362 367 368 373 375 394 414 449 469 470 487 497 504 518 520 539 564 568 581 585 600 604 621 636 705 756 788 789 796 797 840 859 885 898 904
6  4 9 17 366 762 831
17  46 58 105 214 229 375 383 418 480 531 540 564 589 600 696 698 885
6  271 375 399 636 731 908
4  28 453 518 709
7  113 542 616 666 726 727 920
36  11 21 24 28 32 46 58 67 89 96 105 112 256 336 375 379 394 431 464 480 505 518 544 585 589 600 604 636 696 698 736 756 788 796 908 930
7  92 403 587 594 623 774 901
6  145 685 697 759 820 967
1  14
2  239 864
2  7 420
6  354 358 469 591 600 895
3  75 434 604
5  343 557 667 712 999
2  156 711
3  270 475 639
66  1 8 9 10 11 19 20 21 25 36 38 47 53 67 74 89 98 106 128 135 146 158 182 190 212 223 256 268 297 304 309 316 329 335 367 377 383 402 418 431 449 464 469 475 505 535 569 581 585 600 632 636 661 684 696 705 756 788 789 796 835 840 859 927 958 981
2  160 859
2  321 490
2  136 342
3  1 2 34
20  0 13 26 27 44 116 246 271 375 380 406 431 518 531 585 636 756 840 859 908
3  364 625 921
6  302 303 500 787 832 988
9  267 329 394 418 435 449 636 789 798
6  79 92 176 384 857 901
2  131 853
11  356 361 373 375 410 487 513 585 749 868 975
8  246 329 367 399 431 756 859 927
1  35
4  154 375 675 694
10  100 112 172 283 316 504 581 636 859 885
10  405 487 513 560 585 604 689 788 846 975
1  215
7  107 245 333 373 520 601 604
1  234
10  1 53 67 124 253 367 377 449 470 605
2  67 973
4  170 742 963 984
3  173 186 454
60  0 5 8 10 11 15 25 36 38 41 45 46 53 67 68 89 96 107 112 174 199 232 256 297 312 315 316 329 335 344 367 373 375 379 394 402 431 435 469 475 505 506 518 564 568 585 589 600 604 644 661 696 736 773 789 835 850 859 951 981
4  239 563 821 941
1  388
5  306 692 795 810 984
27  0 1 3 8 23 64 79 88 89 100 107 112 143 161 170 191 223 265 367 495 518 581 594 789 797 859 901
3  252 713 913
2  259 744
9  86 97 137 426 481 533 615 743 898
8  137 425 481 533 615 743 898 906
3  50 503 521
3  6 69 582
4  12 448 575 604
3  32 894 908
36  0 3 9 44 75 88 103 329 373 375 383 394 399 406 418 435 449 464 478 506 518 558 564 581 585 600 604 636 696 736 756 789 850 904 981 984
3  130 628 879
4  345 526 707 887
1  390
7  88 402 418 431 564 636 661
8  54 216 218 362 518 604 666 696
6  5 34 501 537 662 788
6  37 135 471 585 604 650
2  361 766
2  279 635
4  138 669 736 782
3  163 970 994
2  264 588
4  113 168 190 904
5  106 297 469 756 951
2  49 796
8  1 20 492 636 736 771 838 840
1  429
53  1 3 4 5 8 22 34 42 53 68 69 71 88 98 107 146 157 161 189 196 201 218 285 306 316 329 362 377 394 402 414 431 456 470 478 518 558 564 581 585 600 604 605 666 696 698 719 756 798 850 859 885 981
3  0 1 996
16  3 64 79 117 200 337 375 487 488 541 564 567 581 600 604 793
2  24 28
5  381 573 659 709 912
2  417 980
6  352 604 641 666 680 756
10  2 34 340 357 449 518 537 604 885 981
3  111 465 927
6  89 499 604 680 789 904
1  284
2  332 621
19  0 1 2 12 50 77 183 196 220 317 518 524 536 543 575 604 617 770 861
3  29 145 370
3  284 355 369
28  0 1 8 23 27 35 58 69 88 89 96 112 140 159 216 217 326 383 394 431 498 518 585 600 604 666 704 904
5  2 111 457 475 796
2  60 946
2  135 618
2  327 859
63  0 1 2 3 5 8 9 25 34 45 51 53 112 128 143 196 222 232 235 245 256 297 306 316 317 326 329 344 354 358 367 373 375 377 389 394 418 445 475 504 518 520 568 569 581 600 621 632 705 717 731 736 756 788 796 797 799 880 885 895 904 951 981
25  116 122 150 195 222 252 292 297 348 358 362 377 414 449 518 564 585 604 605 653 666 676 788 835 859
8  135 159 312 316 438 585 604 788
2  288 714
6  79 143 281 514 581 819
5  1 62 143 180 204
71  0 1 2 3 4 5 8 9 15 22 30 36 42 44 48 53 67 75 91 109 112 140 143 146 164 196 199 215 222 232 256 265 270 297 312 326 329 335 344 348 393 394 418 465 469 504 518 520 537 574 581 585 600 604 621 632 639 645 696 736 746 748 777 788 796 797 859 885 904 908 981
4  328 579 580 979
2  82 525
24  9 27 37 106 107 151 166 222 223 329 431 449 518 564 589 600 604 636 729 748 756 796 951 981
8  315 329 564 604 686 859 862 904
8  379 383 505 589 600 611 696 698
7  137 425 426 533 615 743 898
1  308
2  144 219
2  58 531
5  42 146 163 518 666
14  0 1 3 20 29 212 340 604 636 702 736 788 904 981
22  1 3 6 227 263 335 337 373 377 405 410 451 493 504 513 541 585 594 603 604 868 901
6  200 451 541 549 567 604
4  20 354 636 661
2  321 396
3  44 48 552
4  447 636 838 885
4  487 504 585 868
3  329 898 984
10  3 64 143 222 422 518 536 581 645 861
3  202 512 688
7  82 151 170 223 377 581 613
2  464 904
4  89 458 680 904
3  401 787 832
8  5 34 437 683 740 788 904 991
1  199
3  50 427 521
57  0 1 3 6 9 10 27 30 34 45 55 69 75 124 125 141 148 189 190 218 222 227 263 283 298 304 306 316 317 335 356 377 409 469 475 487 493 518 581 604 621 636 657 664 692 717 736 756 796 797 850 868 885 904 910 917 984
11  383 394 418 480 589 600 666 696 756 788 802
17  6 36 53 68 143 312 315 367 418 431 564 600 636 645 705 736 981
1  67
1  271
5  65 547 720 836 890
4  189 518 724 938
5  2 41 89 274 597
4  202 496 688 993
6  405 410 487 585 868 940
9  3 64 79 117 473 581 600 604 819
6  93 94 102 130 173 610
3  167 523 581
8  127 286 530 716 756 935 986 992
159  0 1 2 3 4 5 8 9 10 11 13 21 22 23 27 28 30 32 33 34 35 36 37 38 39 40 41 42 45 46 55 57 58 59 63 64 67 68 69 79 96 100 103 105 106 107 112 116 143 157 158 159 161 163 168 175 179 181 183 189 190 192 194 195 196 201 205 216 217 218 222 223 232 245 249 256 263 265 268 276 292 297 306 312 316 317 319 326 329 335 344 347 348 362 367 371 373 375 377 381 383 399 418 422 431 436 449 456 461 464 469 470 475 478 485 495 504 510 524 531 536 564 568 575 581 585 589 600 604 606 621 632 636 664 666 680 698 717 724 736 756 788 789 796 797 835 840 850 859 861 885 895 904 908 920 932 938 951 981
3  271 631 888
9  270 373 377 412 469 475 601 621 796
2  427 503
2  374 710
3  167 516 728
19  2 12 50 77 110 163 196 220 461 518 536 543 575 604 629 632 698 770 796
4  0 82 477 981
3  345 433 707
4  333 577 687 690
3  123 763 939
2  107 295
9  66 127 286 517 548 672 716 756 986
33  11 21 24 28 32 46 58 85 105 121 229 237 256 292 373 375 379 399 484 518 536 540 600 632 696 698 788 789 796 885 895 972 981
1  24
6  425 426 481 615 743 898
6  69 205 546 606 632 796
12  89 158 196 212 217 256 295 335 394 551 604 671
13  12 110 222 317 461 495 518 524 531 543 604 632 698
37  0 1 2 3 4 5 9 20 29 34 44 157 159 189 193 254 297 312 329 362 368 437 456 475 585 604 645 664 666 696 736 748 756 788 796 835 981
2  238 569
3  377 815 987
8  105 379 531 632 651 696 698 885
8  337 451 487 488 564 585 604 797
5  382 616 666 756 920
13  12 50 77 110 220 261 461 524 536 604 632 698 736
4  21 383 564 604
2  207 778
3  534 606 933
4  65 509 720 890
8  66 95 127 277 286 530 716 986
1  488
1  335
1  535
1  491
2  3 600
1  305
3  1 62 649
1  136
11  66 95 129 142 277 289 343 391 667 712 828
4  431 449 564 604
2  67 806
3  410 585 604
1  72
2  121 972
2  419 941
50  9 11 21 24 32 46 98 107 122 135 143 195 214 297 306 312 315 316 344 348 367 375 377 379 418 431 435 449 451 470 478 479 506 518 541 544 558 589 600 604 636 666 696 736 756 789 797 859 894 904
1  67
4  103 153 318 870
4  200 451 488 604
15  159 316 377 418 469 518 581 585 600 664 724 736 756 796 835
27  0 1 2 3 16 18 19 106 195 217 222 238 285 306 347 375 394 469 538 581 604 632 719 796 819 859 895
3  366 586 831
1  339
5  67 604 734 783 925
3  453 699 709
10  2 9 27 111 306 475 621 796 904 927
21  2 12 50 77 106 110 116 183 196 220 261 346 429 461 518 524 604 680 770 797 917
1  69
3  527 687 911
1  58
3  476 769 843
2  476 979
103  0 1 2 3 4 8 9 10 15 25 30 38 41 44 48 51 57 64 67 79 88 89 98 99 100 109 117 138 143 154 159 166 167 170 172 177 182 190 191 222 223 232 246 306 307 312 316 317 334 335 337 340 344 362 367 373 375 377 394 409 422 431 449 451 469 473 475 495 497 504 514 516 518 568 569 584 585 600 604 621 632 636 645 657 660 666 692 696 736 748 756 789 796 797 819 840 850 859 861 904 920 928 981
1  428
11  38 40 67 74 201 306 329 367 664 749 904
14  0 1 3 20 37 189 581 585 604 632 636 698 736 845
90  0 1 2 5 8 9 13 26 33 34 37 38 41 45 49 53 57 67 69 72 74 89 106 112 128 135 158 159 170 189 195 217 222 227 256 312 316 319 326 329 335 337 362 367 373 375 377 383 394 399 405 410 418 431 438 449 464 470 471 475 487 493 513 518 537 541 560 568 581 584 600 604 632 636 664 698 736 756 788 789 796 797 835 850 859 868 920 930 940 981
1  570
4  92 384 594 886
2  264 443
18  46 166 379 383 418 478 480 505 518 564 600 604 636 664 666 696 736 796
2  171 309
2  389 600
4  85 338 948 952
3  130 681 923
18  0 1 3 79 92 101 117 200 263 337 384 422 487 587 604 789 796 901
2  10 106
3  216 604 665
2  274 511
4  212 702 730 736
1  85
133  0 1 3 4 5 6 8 9 10 11 13 16 20 23 24 25 29 32 33 35 36 44 45 46 48 51 57 58 61 64 74 75 79 85 91 99 105 106 107 108 109 112 117 125 143 155 157 158 159 164 166 189 190 196 215 217 222 223 227 229 232 245 251 256 265 269 281 282 297 306 312 316 317 329 333 334 335 337 344 348 358 362 367 373 375 377 379 383 389 394 418 431 449 451 464 469 475 478 480 505 506 514 518 531 553 564 568 581 585 589 591 604 621 632 636 660 664 684 692 696 698 705 736 748 756 789 796 797 850 885 895 907 981
7  333 373 412 520 621 736 797
5  0 91 170 632 736
2  487 794
196  0 1 2 3 4 5 6 8 9 10 12 15 20 25 27 29 34 35 37 38 42 44 50 52 54 56 57 61 64 67 68 74 75 77 89 96 98 99 106 107 109 112 117 125 128 135 140 143 146 148 154 157 158 159 161 162 163 164 166 169 180 183 189 190 193 195 196 200 201 207 213 216 217 218 220 221 222 227 232 235 245 249 254 256 263 265 268 269 287 297 306 312 314 316 317 319 322 324 326 329 335 336 337 340 344 347 348 349 352 354 357 358 362 367 371 373 375 377 383 390 410 412 418 429 431 436 438 449 451 455 456 458 461 464 470 471 475 478 479 486 487 488 504 514 518 524 535 536 537 541 543 544 558 560 564 567 569 572 575 581 584 585 589 594 596 600 621 629 632 636 641 664 665 666 680 692 696 698 702 705 736 748 756 788 789 796 797 835 850 859 868 888 895 904 951 981
16  3 9 13 57 116 122 232 414 449 470 666 698 736 760 796 904
9  69 205 518 534 546 632 664 932 981
2  347 796
2  155 290
1  90
3  94 173 515
2  480 696
1  244
3  223 497 732
1  77
6  425 426 481 533 743 898
7  382 542 666 696 756 920 986
1  461
2  135 467
1  230
2  204 904
32  107 161 332 367 373 377 460 469 475 504 518 520 574 581 600 601 604 632 636 652 666 692 698 736 788 796 797 812 850 859 927 981
2  45 224
2  384 774
4  283 796 859 936
3  400 809 921
6  1 45 107 148 189 981
1  105
2  432 879
2  524 604
3  221 835 951
5  157 271 375 519 888
90  0 1 2 3 12 19 27 30 34 36 37 38 40 45 53 68 69 75 83 91 109 112 125 128 140 157 164 189 195 196 205 215 222 235 245 269 279 283 297 306 311 312 317 329 344 348 394 469 475 518 524 531 534 536 540 543 569 581 584 585 600 602 604 606 621 636 652 661 666 670 680 692 696 698 736 746 756 788 796 797 803 805 845 847 850 859 885 895 904 981
2  375 966
2  245 833
1  440
74  0 1 2 3 4 20 29 34 39 44 46 53 67 69 82 88 189 191 237 317 329 348 354 367 373 375 377 380 383 394 399 402 409 431 435 447 478 486 489 492 504 506 518 564 581 584 585 589 600 604 621 632 652 661 664 666 680 692 696 698 717 736 756 788 796 797 805 838 840 850 885 895 904 908
2  218 796
1  4
3  393 475 777
1  21
6  352 455 604 666 680 692
3  253 325 968
2  79 191
2  418 736
35  0 1 3 4 9 20 29 34 44 99 147 157 159 222 237 251 282 312 315 316 375 475 495 506 537 581 656 664 680 736 756 796 797 895 981
2  145 820
2  151 223
1  189
2  555 823
1  438
4  105 375 540 885
10  621 632 636 664 666 670 692 859 904 927
2  470 676
1  14
1  333
3  645 664 797
14  124 141 263 504 581 717 736 788 796 819 824 850 904 943
3  10 798 830
2  453 709
17  0 27 30 126 189 367 581 600 661 666 692 696 736 850 859 904 984
34  0 1 3 20 36 37 47 80 112 143 157 196 297 304 317 335 354 367 394 418 435 489 632 636 660 664 673 692 756 788 881 904 920 927
2  437 852
1  64
36  1 3 6 40 68 201 352 362 504 518 537 568 583 585 589 600 604 606 636 645 652 656 661 666 680 692 696 736 756 788 796 797 859 885 904 981
4  216 596 604 951
72  1 3 22 42 54 69 88 107 113 138 146 157 161 182 189 194 196 201 216 217 218 246 263 297 312 316 317 322 332 348 352 362 367 382 436 449 455 464 470 485 505 518 537 542 564 581 589 604 605 616 621 632 636 641 652 660 664 680 692 696 698 736 749 756 788 796 819 835 904 907 920 986
4  343 391 557 712
1  287
3  441 706 736
4  632 652 692 904
1  535
10  66 95 277 343 530 712 716 756 935 986
1  661
2  87 120
4  154 375 408 858
5  470 653 835 850 958
2  181 883
5  44 109 227 796 904
1  45
29  3 6 11 32 46 68 74 89 352 455 458 499 518 575 604 632 636 641 645 664 666 692 736 756 770 788 796 797 904
2  593 923
1  117
5  501 740 788 869 904
10  10 16 245 310 394 600 700 789 840 981
3  385 820 967
2  479 905
2  527 577
2  496 512
3  410 846 975
1  527
3  213 797 840
41  9 69 96 113 117 170 194 218 263 306 329 335 367 373 421 504 581 600 604 621 632 636 641 652 660 661 664 666 670 680 698 717 736 756 788 796 835 885 904 981 984
1  61
1  408
3  112 256 895
55  3 5 10 11 21 24 32 54 58 85 103 105 153 218 245 268 348 367 375 379 383 394 418 431 436 449 475 480 505 531 537 540 564 581 589 600 604 611 616 632 636 660 664 666 698 717 736 756 788 797 904 908 937 951 986
4  145 370 385 820
49  13 39 57 67 105 108 110 116 153 218 220 259 263 297 367 375 379 383 449 480 518 524 531 536 540 543 584 585 600 604 605 621 632 636 666 692 696 717 736 756 788 789 796 797 850 859 904 981 984
1  573
3  310 684 789
2  356 361
6  212 486 598 604 736 788
5  40 193 195 367 756
1  464
22  0 6 51 68 80 107 256 304 312 316 335 354 375 377 394 469 506 600 604 788 796 908
1  669
5  149 345 433 526 887
1  237
5  381 453 573 659 741
2  522 758
2  156 392
17  66 95 129 142 277 289 343 391 557 667 672 818 828 893 935 954 986
3  252 423 913
4  262 288 472 877
4  207 265 319 326
13  66 95 127 277 286 343 517 530 548 672 756 935 986
23  10 306 344 354 469 504 518 636 657 692 696 698 736 756 788 796 797 850 855 904 917 981 984
1  253
6  133 160 285 449 569 859
5  32 58 65 509 547
2  62 914
2  284 896
1  250
10  0 1 8 189 510 518 568 756 835 850
1  135
1  382
1  382
4  167 362 523 788
4  106 128 478 796
4  212 598 736 788
6  245 375 380 469 895 904
1  613
3  9 48 788
2  572 783
2  189 764
102  0 1 2 3 4 5 6 8 9 10 11 20 21 25 29 32 46 67 69 75 99 106 112 138 143 147 157 170 189 212 246 254 256 276 282 293 297 306 312 333 336 340 354 367 373 375 383 418 431 441 447 469 475 486 504 506 518 537 543 564 568 581 584 585 589 598 600 601 602 604 605 621 632 636 644 645 657 660 664 666 669 680 692 696 698 702 717 730 746 756 788 796 797 835 838 840 850 859 868 904 908 937
2  291 959
1  365
15  0 1 2 4 5 6 8 9 10 12 34 45 69 756 976
5  501 683 788 869 904
1  709
2  416 963
7  137 425 426 481 533 615 898
2  424 897
1  23
4  475 632 736 788
3  3 262 813
16  0 3 9 108 109 223 256 306 475 478 537 581 600 604 951 981
13  42 67 170 201 218 306 367 373 405 583 666 850 904
1  172
1  76
1  310
1  42
1  149
1  263
104  0 1 2 3 4 5 8 9 10 12 13 15 17 27 39 40 51 66 83 91 95 96 107 112 113 125 127 157 161 170 189 190 193 195 207 265 273 297 306 312 319 329 344 348 362 367 373 377 383 394 399 406 431 445 449 455 469 478 504 505 517 518 530 537 542 564 568 581 585 600 604 616 632 636 645 661 664 666 672 680 692 696 698 703 716 717 724 736 739 788 789 796 797 835 840 850 859 880 904 935 951 976 981 986
1  5
1  710
1  385
2  605 796
1  137
5  17 366 378 831 859
2  528 939
2  189 735
2  111 927
2  439 781
1  289
3  59 179 181
1  579
8  77 106 110 461 524 575 680 822
2  447 811
2  1 904
1  418
3  92 384 623
1  335
2  164 910
2  475 639
1  545
1  147
7  26 43 66 257 321 808 908
2  766 844
3  138 441 867
2  572 734
1  130
1  266
3  17 187 235
2  401 500
86  0 1 2 3 5 9 19 20 29 34 40 44 67 89 98 107 109 143 151 161 167 168 170 199 212 217 218 232 256 297 304 306 312 347 362 367 373 375 377 383 394 410 437 469 470 471 475 486 501 505 518 531 537 585 604 621 632 636 657 661 664 666 680 683 692 696 698 702 705 717 728 730 733 736 740 746 756 796 797 835 850 859 869 885 904 981
45  8 38 79 88 89 96 107 158 161 190 207 265 267 319 326 329 367 375 377 394 402 418 422 431 458 518 531 564 581 585 594 600 604 684 698 700 756 796 797 840 850 858 899 904 907
2  128 156
3  267 840 960
1  299
1  451
1  603
3  421 810 984
148  0 1 2 3 6 8 9 10 13 18 19 20 23 25 30 34 37 38 41 44 45 49 51 55 67 68 69 74 75 79 80 89 96 98 106 107 109 111 117 124 125 126 128 138 143 157 172 182 183 190 196 217 218 222 227 232 237 245 251 253 256 263 265 266 268 269 279 283 293 297 306 311 312 316 317 323 329 335 337 344 347 348 349 354 365 367 368 373 375 377 383 394 446 465 469 475 478 504 518 520 524 531 534 537 568 569 574 581 585 589 594 600 604 605 607 621 624 632 636 637 645 657 664 666 678 680 692 698 705 717 729 736 756 760 788 789 797 835 840 858 885 895 904 907 917 927 958 981
57  2 38 51 67 113 116 161 213 237 249 265 267 276 326 329 348 356 373 375 377 422 469 475 504 518 541 564 575 581 585 600 601 604 621 632 636 645 656 664 680 691 696 698 717 736 756 788 789 796 840 845 850 885 904 907 917 981
11  5 8 9 10 23 107 402 449 658 830 981
3  0 2 469
2  4 314
1  172
1  505
11  3 19 104 131 160 632 805 847 853 859 919
1  83
5  632 636 803 847 873
3  67 183 559
2  53 814
3  257 321 780
1  625
3  421 795 984
1  771
3  107 373 621
4  1 3 20 747
1  807
1  539
1  232
1  69
6  129 142 289 712 826 893
12  79 143 316 473 514 569 581 657 666 850 904 943
6  145 385 646 685 697 967
3  419 941 945
1  770
1  649
2  657 926
7  10 11 21 292 328 363 895
1  818
3  4 5 22
8  95 129 142 289 557 712 893 986
1  252
2  658 798
7  17 366 378 570 762 859 874
2  401 500
1  634
1  281
41  0 1 8 9 10 26 38 73 143 158 189 196 221 223 245 312 329 344 394 418 470 518 537 568 585 604 630 666 676 692 724 736 756 788 796 840 850 885 904 951 981
1  509
4  131 847 853 873
6  447 492 636 736 840 850
2  8 33
25  267 368 377 394 399 447 518 581 636 684 691 736 756 789 791 796 797 835 838 845 850 885 907 927 981
1  194
1  39
1  579
1  781
9  1 307 344 367 584 632 797 840 904
3  410 689 975
6  131 632 803 805 837 873
1  143
4  26 66 116 271
74  0 1 3 5 8 9 10 11 13 22 26 27 39 42 57 72 73 105 106 116 143 175 189 192 218 221 223 242 263 271 316 329 347 373 375 418 431 449 504 518 581 585 600 604 621 632 636 657 660 676 698 717 724 736 749 756 788 789 797 819 835 838 840 859 885 888 892 895 898 904 917 951 958 981
1  203
1  662
6  104 131 404 803 837 873
3  160 372 859
1  717
1  290
1  403
7  154 222 375 675 789 796 885
98  0 3 6 17 19 27 30 37 41 48 51 53 62 64 68 69 83 88 89 98 100 107 113 116 135 136 143 154 158 160 172 180 185 195 196 198 201 204 209 217 222 246 256 269 273 283 284 285 297 306 312 315 316 327 329 362 367 372 373 377 394 395 399 406 409 418 422 449 468 470 475 479 518 564 569 581 585 604 621 624 632 652 660 664 698 719 736 756 762 788 803 831 850 854 904 917 927 981
3  0 201 904
5  461 495 518 581 920
1  479
1  334
1  387
1  360
3  8 23 89
1  782
10  405 487 493 504 513 585 604 736 904 940
4  683 740 788 904
2  103 566
2  354 902
2  37 107
5  131 805 837 847 853
3  17 366 831
2  74 256
2  265 319
5  3 262 288 375 714
1  254
6  56 60 130 162 432 628
8  1 91 125 245 469 756 885 904
13  10 25 30 47 67 170 190 223 241 245 256 367 661
1  243
1  677
1  343
60  0 1 2 4 11 24 28 32 46 58 74 91 103 105 107 207 217 245 249 263 265 297 298 317 319 326 367 368 373 375 377 379 409 449 456 469 475 492 504 518 531 540 600 632 636 651 664 692 788 796 797 835 840 850 858 880 904 910 951 981
1  587
4  14 345 433 707
9  13 26 66 157 271 519 604 631 850
2  45 224
3  65 509 547
1  263
2  850 904
5  712 818 828 922 986
9  28 32 46 58 105 206 214 430 564
47  2 3 4 11 15 24 28 32 39 42 46 58 67 73 84 105 112 183 206 314 328 340 347 354 358 367 375 389 469 518 531 569 600 604 632 636 645 695 731 796 825 850 904 908 920 958 981
2  284 722
1  744
19  0 22 27 86 97 137 329 347 377 425 426 481 494 533 615 743 850 949 984
3  89 170 789
1  319
7  170 176 384 403 422 487 594
2  871 955
1  272
142  0 1 3 5 6 8 9 15 18 23 25 27 35 36 37 38 39 40 41 44 45 48 51 53 57 63 64 67 68 69 74 75 89 98 100 106 107 109 113 116 125 126 143 146 157 158 161 168 170 177 182 183 190 196 201 204 216 217 218 222 227 232 245 256 285 306 312 329 335 344 347 348 362 367 373 375 377 431 444 458 464 469 475 479 486 498 499 501 504 518 564 574 581 583 604 605 620 632 636 652 657 660 661 664 666 670 678 680 683 692 696 698 717 731 736 740 749 756 772 788 789 796 797 819 835 845 850 859 860 868 869 880 885 892 895 907 910 920 927 951 958 981
1  686
1  426
23  0 8 9 41 69 182 216 217 218 306 344 367 375 600 666 789 796 797 840 904 920 965 969
33  13 26 32 43 45 46 51 53 58 66 67 182 286 304 344 354 357 367 375 380 383 399 430 475 518 636 696 705 736 780 895 927 986
5  0 1 2 307 362
11  48 109 164 215 227 504 776 885 904 920 951
1  577
1  453
2  423 713
1  721
1  96
1  311
9  220 504 575 717 796 797 850 859 981
1  27
1  803
24  0 1 8 9 80 157 190 340 382 518 542 581 585 616 661 666 861 895 904 907 910 951 965 986
4  359 364 400 625
1  893
2  593 681
1  365
2  67 572
1  824
16  111 367 394 406 457 574 621 652 661 765 796 840 859 904 908 958
3  167 367 581
4  98 100 172 947
2  383 585
3  27 30 246
4  518 606 951 981
1  546
1  324
6  157 517 672 712 716 756
1  624
3  306 696 736
3  510 518 951
3  123 528 763
6  0 1 513 585 868 981
3  419 563 821
2  34 119
2  657 819
1  258
2  821 995
1  466
1  929
2  592 952
1  898
2  44 109
30  8 18 45 47 67 96 106 221 306 312 418 445 469 478 518 604 630 665 696 748 756 835 850 885 904 910 920 932 938 958
3  338 592 948
1  97
1  712
1  902
3  143 217 305
3  4 5 981
12  18 237 312 367 394 676 796 850 895 904 927 951
1  737
1  791
2  17 39
8  0 37 51 91 138 222 293 317
2  416 742
1  60
2  907 920
2  375 633
4  145 385 685 820
2  325 642
1  907
2  442 994
2  247 312
3  121 531 562
2  67 415
1  157
5  375 405 410 689 846
3  2 739 756
1  0
5  0 74 143 158 312
2  476 580
1  454
91  0 1 3 4 5 6 8 9 10 11 19 21 22 25 42 45 51 61 64 69 74 79 106 107 108 128 155 157 167 168 212 227 263 276 297 304 307 316 317 329 335 344 354 358 362 373 394 418 431 449 456 469 475 478 486 506 518 525 531 537 581 585 600 604 606 621 626 632 645 664 684 692 698 717 748 756 788 796 797 798 835 840 850 859 885 895 904 917 932 940 957
1  132
1  190
21  9 89 125 157 170 183 306 329 335 416 421 431 494 504 660 692 698 717 795 810 898
1  70
18  66 95 127 286 517 530 548 616 666 672 696 712 716 756 828 893 908 920
1  539
3  302 303 401
1  183
1  319
1  501
1  517
1  512
2  442 970
1  945
1  450
1  301
1  362
1  391
