
***ForestFire:  GeoFire  Nodes:1000  StartNodes:1  Take2AmbProb:0
                FwdBurnP:0.35  BckBurnP:0.354  ProbDecay:1  Orphan:0
(1000, 4439)  burned: [67,6,1]  [0.01s]
1000
121  1 2 3 4 6 10 11 18 21 23 40 42 44 49 52 72 74 75 83 91 103 106 107 115 121 126 136 142 146 148 149 160 161 174 176 188 189 191 193 198 202 213 226 241 248 255 265 283 284 286 287 299 307 309 317 323 324 353 361 372 383 424 434 435 441 447 462 467 470 490 501 507 509 512 514 517 518 529 537 545 553 555 561 570 576 594 595 620 623 632 643 666 675 698 700 715 732 736 745 750 764 766 785 822 826 832 854 855 862 876 884 886 920 931 934 937 950 962 964 970 997
74  0 2 4 18 21 46 47 52 56 74 90 103 161 188 189 191 197 198 229 241 248 251 281 283 284 293 296 323 324 338 361 371 372 416 421 430 434 441 501 506 507 517 518 535 564 565 570 576 595 620 646 675 682 700 732 736 745 750 766 785 817 822 826 844 860 861 865 884 915 917 934 950 955 997
45  0 1 4 9 30 37 43 103 126 149 161 166 189 198 203 241 243 248 283 287 293 296 421 428 501 518 535 545 564 576 620 646 675 682 732 745 762 822 826 832 920 934 937 950 997
73  0 4 5 6 7 10 11 12 13 17 18 23 49 66 72 91 108 115 121 126 146 149 166 167 172 174 188 189 191 193 210 213 243 275 283 284 287 296 299 324 372 462 467 477 490 501 529 534 537 576 595 620 630 643 652 675 693 715 745 750 766 809 826 855 861 907 920 931 934 937 950 962 997
78  0 1 2 3 5 7 8 11 14 16 17 19 23 27 30 36 49 58 66 77 82 91 98 108 115 145 149 161 166 188 193 196 197 209 213 226 234 238 243 255 283 285 293 305 338 398 409 422 432 462 465 477 490 501 576 585 590 599 630 666 668 675 682 745 766 793 822 826 844 855 861 865 923 934 937 950 962 997
39  3 4 7 8 11 12 16 23 25 91 98 108 115 149 166 188 193 209 217 243 265 283 465 537 576 623 630 652 675 756 766 826 855 861 907 934 937 950 962
27  0 3 13 18 42 44 66 72 83 110 115 188 189 213 243 251 283 299 324 371 372 467 501 564 620 934 937
42  3 4 5 8 11 16 23 77 91 115 149 166 167 171 188 193 197 247 285 371 372 462 465 501 576 620 630 643 652 666 675 693 756 766 817 822 826 832 865 907 934 937
42  4 5 7 11 16 23 24 29 91 104 115 143 149 166 167 188 193 209 213 243 314 324 336 360 379 409 465 572 576 620 643 666 675 756 766 793 822 826 855 865 937 962
37  2 22 30 41 48 50 66 78 80 118 126 157 166 189 198 203 205 213 226 243 299 306 422 485 501 535 545 601 643 646 732 934 937 950 962 978 997
16  0 3 21 142 191 213 243 287 372 394 490 620 632 675 876 920
47  0 3 4 5 7 8 15 16 20 45 58 82 91 101 108 149 153 161 166 167 188 197 213 217 246 255 265 336 398 409 422 462 470 477 537 576 620 641 666 675 826 865 920 934 937 954 970
10  3 5 53 68 283 334 398 501 907 950
34  3 6 18 34 49 115 137 146 188 189 191 209 275 285 296 323 338 350 371 372 381 462 467 529 555 620 660 666 675 735 865 878 934 997
18  4 26 39 54 91 145 188 213 238 305 372 422 432 620 668 844 865 937
20  11 32 45 59 101 149 153 161 166 188 197 213 255 285 477 620 675 684 865 954
37  4 5 7 8 11 23 33 36 120 132 188 193 209 219 239 336 409 437 465 470 501 537 576 630 666 675 682 729 745 816 817 818 826 855 861 934 950
8  3 4 95 115 188 243 372 931
34  0 1 3 6 13 21 34 72 86 136 137 147 166 167 172 188 189 226 275 296 299 323 324 338 340 371 387 416 467 570 620 835 854 936
20  4 36 57 63 76 129 193 199 215 322 345 455 682 745 843 873 934 937 950 997
10  11 31 60 101 124 161 411 493 954 970
16  0 1 10 18 137 161 191 218 277 323 324 338 586 620 750 997
22  9 30 41 66 78 80 118 166 181 198 205 243 283 393 439 485 501 535 603 675 934 997
31  0 3 4 5 7 8 16 33 115 132 188 193 209 213 219 243 265 336 398 465 500 501 531 564 666 675 684 816 826 849 931
9  8 38 104 243 376 379 572 592 713
8  5 265 604 630 675 756 937 962
16  14 28 55 67 145 256 305 337 617 636 645 668 844 929 937 942
9  4 49 197 209 288 409 477 937 997
6  26 35 55 363 636 929
6  8 130 143 314 865 885
27  2 4 9 22 43 66 96 103 118 149 160 161 166 198 205 226 283 293 393 409 501 646 750 865 934 937 996
8  20 60 61 124 161 423 763 970
27  15 45 81 82 101 138 161 166 197 213 255 285 353 477 541 548 594 620 684 715 720 745 920 937 950 954 957
22  16 23 51 132 193 195 219 274 336 398 454 465 470 518 544 556 666 684 816 826 861 979
16  13 18 65 70 144 172 189 237 323 416 425 521 620 675 835 878
1  28
12  4 16 19 94 132 180 193 590 682 822 934 950
9  2 100 161 164 241 248 283 397 762
6  24 69 104 232 243 931
14  14 54 91 145 188 242 279 305 375 404 406 432 666 937
5  0 62 307 543 553
27  9 22 64 66 71 80 87 93 126 166 201 243 299 315 371 439 501 535 601 603 623 641 865 882 934 937 950
15  0 6 44 83 92 110 115 148 188 285 299 371 467 700 735
11  2 30 103 149 205 283 293 535 750 785 931
14  0 6 42 83 110 115 188 213 310 338 467 608 862 920
21  11 15 32 82 85 101 149 161 213 398 462 470 477 529 565 594 640 808 927 931 954
18  1 56 73 90 251 281 321 441 501 564 694 785 817 865 884 915 937 997
18  1 79 84 114 191 216 218 229 291 324 357 430 506 564 664 732 934 997
16  9 66 166 198 203 267 299 355 440 601 643 646 865 934 937 997
24  0 3 4 13 27 82 139 197 209 213 234 348 389 398 433 462 473 477 529 555 640 675 962 997
6  9 213 397 398 422 854
20  33 119 123 125 132 193 195 266 336 392 465 544 560 666 684 700 816 818 861 979
15  0 1 99 163 168 206 333 449 507 605 612 700 764 897 979
5  12 68 334 398 618
8  14 39 188 238 305 431 806 937
6  26 28 102 109 344 426
21  1 46 73 90 128 135 251 281 441 463 501 564 565 743 785 796 817 844 884 885 937
10  19 129 193 322 345 409 675 801 934 996
15  4 11 82 101 166 197 213 285 433 462 529 564 565 657 675
11  15 153 161 166 188 270 285 546 675 934 957
12  20 31 61 182 245 373 382 746 921 944 953 954
4  31 60 352 505
3  40 307 543
2  19 215
15  41 71 80 87 126 160 210 226 243 299 315 641 675 865 937
14  34 70 111 144 189 237 342 359 416 425 476 521 620 809
33  3 4 6 9 22 30 41 48 71 80 110 118 126 160 166 189 198 213 226 243 265 299 485 501 595 601 643 675 832 865 890 934 937
10  26 150 220 256 305 466 551 863 929 942
5  12 53 223 398 724
2  38 742
10  34 65 144 189 221 416 521 736 809 878
17  41 64 66 80 87 160 189 243 299 315 371 501 623 666 675 865 934
24  0 3 6 18 91 161 188 226 251 275 283 299 303 371 435 454 467 547 620 643 715 762 855 937
9  46 56 251 390 463 501 796 915 937
13  0 1 294 316 346 370 430 434 509 564 726 743 838
3  0 672 692
3  19 631 873
7  4 7 115 149 171 285 826
20  9 22 80 151 166 174 198 210 231 240 328 610 784 793 804 865 867 871 934 997
11  47 84 216 218 229 244 246 291 324 357 564
27  9 22 41 64 66 71 78 88 89 126 160 166 210 213 226 243 252 358 368 372 485 623 643 675 817 865 937
17  32 82 116 122 138 140 149 161 166 285 299 462 548 576 696 715 751
32  4 11 32 45 49 58 81 85 101 149 161 166 193 197 213 285 313 356 388 398 409 411 433 436 462 529 576 640 710 822 865 934
14  0 6 42 44 117 188 300 371 467 553 594 602 704 934
9  47 79 216 229 324 445 760 914 934
8  45 82 101 161 183 640 710 927
6  18 214 323 340 387 936
11  41 64 71 126 166 243 299 315 371 675 934
19  80 89 126 160 161 166 185 210 226 372 485 501 585 623 666 865 876 934 937
9  80 88 97 126 160 161 166 226 934
21  1 46 56 112 131 135 236 251 321 361 415 422 441 463 564 741 785 865 915 937 952
40  0 3 4 5 7 8 11 14 39 72 101 121 149 161 166 188 197 209 271 289 292 299 372 379 424 564 620 640 643 658 666 675 748 761 762 822 855 865 937 954
8  42 188 208 299 338 371 575 641
5  41 126 603 950 997
3  36 193 822
4  17 250 263 372
8  30 118 189 251 302 393 564 996
12  89 105 160 166 226 327 347 366 519 687 767 875
4  4 5 179 868
15  52 204 206 343 405 459 507 605 612 643 675 679 764 934 979
2  37 673
27  11 15 20 32 45 58 82 85 91 121 149 153 161 166 188 213 285 372 409 411 462 529 564 620 640 675 954
6  55 109 344 426 606 830
14  0 1 2 30 43 161 283 293 324 535 750 886 931 997
10  8 24 38 209 211 408 580 619 759 911
3  97 160 226
9  0 136 202 264 374 383 509 512 732
1  0
19  3 4 5 11 115 149 166 188 209 219 287 299 338 372 477 623 666 668 750
3  55 102 184
10  6 42 44 66 154 188 299 371 666 937
9  65 144 189 359 484 521 620 736 809
18  90 113 155 194 233 236 304 311 415 422 441 463 472 853 865 866 937 952
20  112 155 158 187 194 236 282 331 391 415 422 441 472 515 709 807 865 866 915 937
1  47
41  0 3 4 5 6 7 8 13 17 23 42 44 77 108 149 166 167 172 188 193 243 255 285 293 299 338 371 379 381 413 462 467 489 501 608 675 865 931 934 937 997
13  81 166 339 378 462 480 548 696 715 785 832 890 897
3  83 190 467
12  9 22 30 66 96 157 166 189 226 287 488 934
12  51 123 193 336 409 518 544 560 666 700 818 854
6  16 219 398 470 655 816
14  0 3 91 101 149 161 188 226 299 309 372 620 643 947
6  81 161 213 696 715 962
14  51 119 127 132 193 212 336 465 518 544 666 818 832 854
3  20 31 365
4  51 266 392 861
35  0 2 3 9 41 64 66 80 87 88 89 93 160 161 166 174 203 226 243 262 265 299 485 501 553 576 603 643 675 762 865 934 937 950 997
7  123 212 336 465 518 544 666
9  56 135 321 463 694 844 865 915 937
13  19 57 133 134 141 156 193 335 345 443 451 801 983
6  29 170 225 314 772 865
12  90 227 251 414 415 441 463 577 741 876 915 917
17  16 23 33 36 51 123 193 243 259 299 437 465 564 666 684 861 865
9  129 134 141 156 335 443 451 801 983
8  129 133 141 156 335 443 801 983
15  56 90 128 321 441 463 501 564 785 844 865 876 885 915 937
5  0 18 106 374 509
13  13 18 21 147 275 277 338 427 547 586 661 950 997
6  32 81 161 299 745 950
3  49 165 433
4  81 161 462 620
7  129 133 134 156 177 443 451
6  0 10 191 218 323 512
12  8 29 173 192 314 471 524 756 797 865 885 896
15  34 65 70 111 152 189 296 342 417 476 545 620 736 809 848
17  4 14 26 39 186 238 305 362 404 431 432 636 766 822 827 923 937
12  0 3 13 159 191 200 317 372 468 534 693 854
20  18 137 224 275 287 299 323 325 338 462 477 547 570 601 675 693 818 937 950 997
12  0 42 188 213 371 372 412 447 563 640 675 700
41  0 2 3 4 5 7 8 11 15 30 43 45 77 81 82 91 101 108 115 121 161 166 188 193 213 243 283 285 409 462 518 548 576 620 675 721 826 931 934 937 950
4  67 220 466 551
4  78 166 240 328
4  144 312 417 598
17  11 15 59 101 161 166 188 246 254 270 410 529 548 564 732 920 998
5  110 299 371 523 666
7  112 113 228 236 311 415 865
7  129 133 134 141 177 443 983
4  9 118 166 189
9  113 162 187 236 282 441 515 915 937
4  146 191 502 854
20  0 30 64 66 71 80 88 89 97 105 126 166 174 205 226 252 371 485 501 553
67  0 1 2 4 11 15 20 21 30 31 32 37 45 59 72 81 82 85 88 89 91 101 103 121 122 126 138 140 149 153 166 169 174 188 197 210 213 226 262 265 283 285 293 299 323 372 462 473 477 501 553 555 576 594 595 601 620 666 715 745 762 865 931 934 937 950 969
5  158 282 441 515 937
7  52 206 449 507 675 700 979
3  37 248 750
2  139 178
76  2 3 4 5 7 8 9 11 15 18 22 30 32 41 48 58 59 66 78 80 81 82 87 88 89 91 97 101 108 115 116 118 126 149 151 153 157 160 161 167 174 185 188 189 197 210 213 226 255 265 287 299 339 372 419 433 462 501 548 564 572 576 585 620 623 646 675 676 732 793 840 865 913 915 934 978
22  3 7 8 11 18 115 166 188 208 210 246 255 338 372 465 467 560 641 675 818 876 931
8  52 206 333 384 449 612 897 979
3  161 188 257
1  130
6  7 77 367 369 734 832
11  3 18 34 115 175 338 371 552 675 695 840
4  143 192 314 958
21  0 3 78 126 160 161 166 189 210 226 240 246 309 372 553 675 832 865 890 934 937
2  172 695
6  0 286 317 514 698 854
3  141 156 443
3  165 567 597
5  98 258 320 665 868
5  36 193 209 409 581
4  22 261 707 938
5  60 382 637 746 954
1  85
3  109 752 788
7  88 166 226 309 501 585 623
9  145 268 330 362 404 407 822 923 960
9  113 158 273 415 441 515 807 915 937
71  0 1 3 4 5 6 7 8 11 13 14 15 16 17 18 23 39 42 44 54 59 72 83 91 92 101 108 110 115 121 148 149 153 161 166 167 169 208 209 219 243 246 248 255 283 287 299 300 324 332 338 371 372 454 467 501 545 560 564 601 640 666 675 715 750 822 915 931 934 954 997
38  0 1 2 3 6 9 13 18 34 65 66 70 71 96 111 118 144 157 166 174 243 251 275 287 296 307 416 425 517 545 620 646 675 736 798 809 840 936
2  117 467
23  0 1 3 10 13 21 47 142 146 159 213 218 229 462 501 512 565 586 591 620 785 854 987
6  143 173 207 314 471 559
43  0 3 4 5 7 8 16 19 23 33 36 51 57 82 94 115 119 123 129 132 149 180 209 243 255 299 336 381 409 462 465 518 545 560 721 818 822 832 854 934 937 950 962
10  112 113 236 391 415 422 441 725 865 937
5  33 51 465 818 975
2  4 243
36  1 4 7 11 15 27 32 49 58 82 91 161 166 209 213 283 293 371 441 462 477 506 564 601 620 675 732 766 865 915 917 920 937 950 962 997
17  0 1 2 9 22 30 48 66 78 283 595 646 762 817 865 934 956
5  19 318 626 749 843
4  146 450 468 854
5  41 272 601 675 937
6  0 106 269 374 383 462
7  2 9 48 126 497 520 934
9  99 405 459 478 583 679 770 814 979
14  9 22 30 43 160 283 535 589 601 675 677 785 876 920
11  52 99 163 168 319 507 612 675 700 793 979
2  192 559
12  92 167 188 235 246 299 338 371 467 641 661 675
32  4 5 8 13 16 23 27 49 91 104 108 180 188 193 197 219 243 283 299 324 336 409 462 464 529 623 647 666 822 920 937 962
25  3 64 78 80 88 161 166 167 174 213 226 243 246 299 338 372 453 467 470 585 641 643 832 931 937
4  104 222 580 759
5  123 127 465 666 818
61  0 3 4 6 8 9 10 11 14 15 23 32 44 45 49 50 58 66 80 82 101 122 148 149 161 166 191 197 210 226 229 230 243 246 265 283 293 299 371 372 397 398 422 433 462 470 473 501 510 529 541 553 666 675 684 732 785 870 920 937 962
1  86
3  19 63 571
7  47 79 84 229 249 357 732
6  5 11 246 623 846 962
9  21 47 79 142 191 229 323 324 564
16  16 23 33 108 120 188 209 283 398 399 409 454 470 675 817 997
2  67 150
2  70 736
2  211 280
2  68 773
5  147 275 360 462 599
1  130
47  0 4 9 18 30 64 66 72 80 88 89 97 105 118 121 126 160 161 166 174 185 210 213 229 243 246 265 287 293 309 364 372 454 485 488 501 510 576 585 675 682 732 832 876 915 934 937
12  131 414 441 564 577 664 741 761 876 915 917 997
4  155 236 386 415
21  1 47 79 84 191 213 216 218 226 246 265 287 293 324 341 469 485 564 666 934 937
18  213 243 246 265 293 299 371 397 422 470 473 501 633 675 854 859 937 962
12  78 240 253 328 549 568 610 803 804 867 872 898
4  38 498 670 781
7  112 236 441 853 866 908 952
4  4 49 389 962
2  208 299
17  90 112 113 155 158 194 228 233 251 391 415 422 441 564 866 937 952
4  34 65 395 878
9  4 14 54 145 278 305 431 628 815
1  16
10  78 151 174 231 290 328 496 503 549 610
9  0 1 2 37 248 260 283 764 822
1  39
63  2 3 4 5 6 8 9 10 17 22 23 24 38 41 64 66 71 80 87 115 126 132 149 188 189 193 196 209 210 213 226 230 246 255 265 275 283 287 293 296 299 324 360 371 372 418 470 485 501 545 601 623 643 666 675 732 915 920 931 934 937 950 962
4  79 291 324 474
6  60 351 373 382 615 746
29  11 79 153 167 174 188 208 210 213 217 226 229 230 243 265 287 291 293 299 324 338 357 422 469 470 666 732 874 924
9  7 372 400 611 638 675 766 832 975
11  0 1 2 37 164 188 241 283 324 338 750
3  216 644 659
3  95 263 540
23  1 6 46 56 72 73 90 96 131 189 236 287 371 397 414 422 441 454 463 564 785 915 937
2  80 160
10  231 328 460 549 625 778 803 804 867 898
2  153 662
18  0 4 11 15 32 115 166 167 188 193 243 293 338 353 371 545 865 934
5  26 67 305 551 929
2  169 689
5  179 320 665 678 868
2  132 299
3  241 283 831
2  181 402
5  126 161 265 576 937
3  95 250 298
2  106 697
38  0 5 11 23 25 66 126 161 166 213 226 229 230 243 246 262 275 276 287 293 324 341 360 422 470 501 564 576 601 604 630 666 675 832 865 907 934 937
4  51 125 683 861
6  48 355 744 906 934 965
6  186 330 407 482 822 960
4  202 383 509 824
7  59 153 329 685 904 920 979
4  91 491 643 761
4  201 308 601 937
3  187 441 727
1  33
23  3 13 18 72 137 147 189 224 243 265 287 293 338 360 380 381 427 462 547 550 620 693 924
6  265 295 324 360 601 950
6  21 137 338 547 586 620
2  238 815
6  39 354 446 483 538 891
4  222 457 892 895
6  1 46 56 785 796 884
9  113 158 162 441 515 564 709 915 937
52  0 1 2 3 4 5 6 12 22 30 37 43 72 103 149 161 188 197 198 205 209 213 219 241 243 248 260 284 293 338 371 397 398 422 454 501 535 564 565 595 643 750 756 762 785 817 852 861 876 920 934 997
12  0 1 3 283 372 501 564 565 653 666 702 930
23  4 7 13 15 32 42 58 59 77 81 82 101 115 149 161 371 381 462 564 599 666 934 957
5  0 176 514 698 854
28  0 2 3 10 108 118 147 166 188 189 226 229 243 246 251 265 275 293 323 324 360 372 422 501 632 924 937 950
2  27 513
6  91 292 424 620 675 832
6  240 301 496 503 549 851
6  47 79 244 246 324 492
8  91 289 297 349 420 424 620 675
31  1 2 4 30 43 103 115 161 197 213 226 229 230 243 246 255 265 275 283 287 323 324 341 371 545 564 620 712 865 900 937
5  74 316 346 634 838
2  276 360
8  1 2 3 13 18 144 189 243
2  292 438
1  263
61  0 3 6 9 18 41 42 48 64 66 71 72 81 87 91 92 108 110 115 121 126 132 138 147 154 161 166 188 193 208 209 210 213 230 235 243 246 259 315 324 338 371 409 435 501 523 595 601 620 666 675 732 735 745 844 931 934 937 950 954 997
6  83 188 467 501 738 818
3  290 503 549
4  96 393 934 996
6  72 435 596 762 813 937
2  112 865
12  4 14 26 39 54 67 145 238 256 551 929 937
3  9 934 994
7  0 40 62 189 416 543 736
4  272 442 601 817
6  0 121 174 185 226 434
3  44 765 862
4  112 155 415 941
3  152 417 545
5  82 436 573 582 932
9  8 29 130 143 173 192 656 666 865
16  41 64 71 87 299 371 435 501 623 666 675 684 700 865 934 950
6  74 294 346 726 743 838
5  0 146 176 648 854
4  199 385 626 843
3  206 700 793
5  179 258 558 665 868
13  46 90 128 135 377 463 501 694 844 865 915 943 997
6  19 57 345 873 934 996
20  0 1 13 18 21 34 86 142 147 161 218 287 293 326 338 341 470 477 620 666
36  0 1 3 6 8 18 21 47 79 84 103 188 209 218 229 243 244 246 248 265 276 287 291 293 299 338 341 360 371 470 501 535 601 675 735 934
5  147 338 570 667 810
3  323 341 470
4  97 461 627 919
11  78 151 231 240 253 494 549 568 718 778 833
1  270
5  186 268 407 822 960
2  113 422
1  188
5  52 168 504 612 979
4  12 53 618 993
7  129 133 134 443 451 801 983
22  8 11 16 23 33 51 119 123 127 193 209 409 462 465 470 501 544 666 700 832 937 975
3  26 396 617
42  1 4 13 18 21 44 92 108 115 137 147 167 172 188 208 210 246 248 255 275 277 283 299 323 324 325 341 371 397 469 501 547 570 586 620 623 661 735 854 934 937 997
6  116 166 548 576 865 934
5  18 86 387 467 936
23  229 265 293 323 324 326 338 360 371 469 470 501 564 570 576 620 666 675 832 854 934 937 997
5  65 144 476 620 782
4  99 624 669 764
3  55 102 578
7  19 57 129 322 443 801 934
7  74 294 316 530 726 838 962
2  97 754
1  49
4  292 420 620 675
1  13
2  245 373
2  61 505
7  0 32 255 545 595 937 997
2  279 812
2  48 267
3  82 388 918
6  47 79 216 246 522 874
1  80
6  65 111 614 620 731 987
15  8 224 243 265 275 276 287 295 324 341 462 470 535 675 934
3  0 1 90
4  145 186 404 511
2  28 636
1  226
1  124
1  97
2  171 734
3  80 516 783
1  171
3  74 434 527
50  1 6 7 13 18 41 42 71 72 83 87 92 110 115 148 154 160 172 188 197 208 213 230 243 251 255 283 285 293 299 315 324 338 341 397 401 422 462 469 501 529 564 599 620 666 675 735 750 854 937
40  0 1 3 6 7 10 13 14 17 80 88 91 95 101 108 121 146 148 161 166 167 174 188 210 213 226 243 247 284 287 447 462 470 510 553 620 666 832 865 876
3  60 245 351
5  106 136 202 509 512
2  39 406
6  24 379 572 713 786 982
4  321 463 694 915
6  116 444 548 609 696 998
10  8 24 91 115 376 489 643 713 761 937
3  275 723 924
9  13 115 193 275 285 462 599 666 934
9  60 182 245 528 615 621 637 746 985
6  0 106 202 269 509 824
2  168 686
5  318 481 626 717 843
3  228 456 837
5  18 86 340 467 758
3  82 356 398
5  49 234 398 640 962
3  73 796 842
7  113 194 236 403 422 564 952
3  51 125 666
6  22 30 96 302 485 934
1  10
4  237 588 649 878
1  337
14  37 50 213 230 251 283 338 371 398 422 564 570 854 979
32  4 11 12 23 33 45 49 50 53 68 82 120 213 219 283 388 389 397 422 470 500 501 518 564 565 620 640 710 854 930 962 979
3  219 470 817
3  247 766 832
5  371 469 501 529 666
1  261
3  391 422 564
7  39 145 186 362 827 923 977
5  99 204 459 478 583
2  39 375
4  186 268 330 822
5  104 619 722 759 911
30  4 8 11 16 27 30 57 82 101 119 149 180 193 209 219 299 336 433 462 470 477 501 523 647 675 822 884 951 962 996
1  153
4  20 82 101 493
3  148 447 563
3  115 429 499
7  131 227 251 441 564 761 915
17  90 112 113 131 155 187 194 228 236 311 422 441 463 654 785 787 915
12  1 18 34 65 70 189 307 425 521 562 736 809
5  144 152 312 458 545
6  243 525 545 785 817 962
4  166 574 913 978
3  292 349 675
3  1 2 915
39  4 9 11 14 50 90 112 113 194 213 230 236 246 251 265 283 287 331 371 391 397 398 403 415 441 463 469 470 501 564 666 785 832 865 915 920 930 937 945
3  31 763 775
8  0 91 289 292 553 620 675 769
7  34 65 189 416 521 562 809
5  55 102 508 606 830
4  137 275 984 995
3  2 475 699
1  413
5  1 47 74 564 565
8  54 145 238 622 628 680 806 991
6  4 14 39 145 620 827
13  49 58 82 139 166 213 409 564 653 666 702 884 915
9  0 1 74 309 370 448 514 794 854
11  0 72 299 303 315 501 535 601 684 937 954
3  82 313 988
3  16 132 465
2  297 961
3  22 41 603
7  48 587 601 675 817 934 997
43  0 1 46 56 90 112 113 131 135 158 162 187 194 197 227 233 236 251 273 282 414 415 422 452 463 501 515 564 577 666 681 702 711 725 761 785 807 832 865 915 917 922 937
1  308
10  129 133 134 141 156 177 335 345 801 983
5  378 548 609 696 998
2  84 487
3  279 538 891
8  0 148 372 412 470 510 563 675
2  434 854
9  52 163 168 612 675 700 832 897 979
2  200 557
5  129 133 141 335 801
10  441 515 577 785 807 832 865 915 917 937
1  210
11  33 72 188 219 226 251 283 479 564 937 979
5  19 934 937 989 997
2  386 837
1  280
3  417 554 980
5  99 204 405 583 850
2  253 549
3  327 486 887
44  0 3 4 7 11 13 45 49 58 81 82 101 115 116 140 147 149 161 166 191 193 197 202 209 213 224 275 285 336 360 371 372 381 409 470 473 501 584 599 623 647 666 890 934
26  56 73 90 112 128 131 135 251 321 377 415 422 441 501 564 577 664 666 711 785 844 885 915 937 952 997
2  209 647
35  4 5 7 8 16 23 33 51 123 127 132 167 193 195 212 336 437 470 501 518 544 560 641 643 666 761 779 785 816 817 818 832 937 950 975
3  67 150 551
25  0 3 6 13 18 42 44 72 83 115 117 167 188 190 208 210 300 340 387 547 738 818 886 931 997
5  146 200 714 776 854
15  229 246 338 341 371 401 422 470 501 666 706 865 934 937 990
45  0 11 16 33 45 120 210 213 219 230 243 246 265 323 324 326 336 341 360 372 398 399 409 422 447 462 465 469 473 477 501 518 600 601 666 675 684 779 785 817 832 865 890 920 950
2  143 192
3  112 113 709
14  49 161 213 230 462 470 501 518 555 666 859 880 973 979
2  244 671
3  428 539 699
4  65 144 342 620
27  3 4 11 15 27 32 45 49 108 147 161 197 323 409 470 518 547 601 620 675 684 750 897 920 950 962 979
4  204 405 583 642
1  454
12  116 495 532 639 715 755 785 832 847 890 897 909
3  385 626 972
1  268
2  279 538
2  111 526
12  9 22 66 80 88 126 160 226 229 243 393 934
2  461 887
1  445
3  118 226 966
3  115 379 713
6  0 3 4 10 822 826
3  271 761 857
1  291
2  20 411
1  328
5  480 639 715 755 832
4  240 290 503 549
1  203
3  232 533 963
2  413 691
2  23 398
93  0 1 2 3 4 6 7 9 12 16 22 23 30 41 46 56 66 71 73 88 115 126 135 160 161 166 185 188 191 213 226 230 243 265 283 284 287 299 300 315 321 324 336 338 341 371 398 401 409 422 435 441 462 463 465 469 470 473 518 535 545 564 565 566 585 601 620 623 632 643 653 664 666 675 681 710 711 785 817 818 832 844 865 915 920 934 937 943 954 974 979 996 997
1  159
7  240 290 301 496 549 663 701
2  333 820
2  61 352
8  1 47 197 564 595 664 732 757
10  0 1 52 99 163 206 643 675 700 774
2  426 606
10  0 74 106 136 269 374 383 512 674 934
5  213 226 372 447 719
2  362 708
8  0 106 142 191 374 509 674 934
1  288
7  0 176 286 434 794 854 999
11  113 158 162 187 282 441 452 807 832 917 937
1  368
3  0 1 189
31  0 1 2 33 119 123 127 149 193 398 465 470 473 477 501 535 545 547 560 565 600 601 666 700 785 832 854 861 920 950 979
1  97
3  203 651 877
7  34 65 70 111 416 425 809
2  357 874
4  154 299 409 858
1  143
2  418 536
2  484 593
1  370
5  382 615 621 746 985
19  0 3 13 45 49 58 82 101 153 209 213 371 401 555 564 620 647 657 785
2  346 838
2  23 849
4  480 639 832 897
2  498 963
3  3 146 693
25  1 2 9 22 41 43 103 205 283 324 360 435 501 518 545 564 595 601 632 666 675 785 861 954 979
2  525 834
12  0 3 5 11 16 542 616 623 737 836 855 869
5  279 446 483 703 891
1  475
1  250
2  32 213
4  537 616 737 869
3  40 62 307
10  33 51 119 123 127 336 465 560 666 861
27  0 2 9 144 188 189 193 243 255 293 312 353 417 418 501 518 535 595 601 666 675 681 736 785 817 937 997
1  59
15  72 137 147 275 277 338 467 477 518 666 693 920 950 979 997
14  32 81 116 149 153 166 339 378 444 576 609 865 901 998
9  231 240 253 290 301 328 460 496 503
2  275 948
5  67 150 256 305 466
3  172 579 613
14  0 40 83 126 160 161 174 213 372 424 865 876 934 937
3  458 569 980
9  0 13 49 161 473 529 620 666 675
1  33
1  450
3  320 665 868
2  192 207
11  51 119 167 188 193 465 518 544 666 818 861
1  0
3  416 425 688
6  148 412 447 635 675 883
73  1 2 6 23 46 47 56 58 74 79 90 91 96 101 132 135 153 166 188 197 218 227 229 236 251 265 282 283 284 285 293 341 371 391 397 398 403 414 422 430 433 441 454 463 501 506 529 535 565 577 595 630 653 664 666 675 681 702 741 743 761 785 817 832 861 865 876 915 917 930 934 937 952
20  1 45 56 58 191 283 284 398 430 501 518 564 595 653 666 732 785 832 930 937
1  501
1  178
2  231 328
1  554
10  0 1 18 147 325 338 341 397 854 997
1  215
6  8 24 166 376 786 865
2  313 582
2  419 913
1  92
28  0 1 2 3 4 5 7 8 11 16 81 82 126 149 161 166 226 262 265 339 341 548 675 818 865 934 937 962
15  131 227 441 452 463 564 664 711 757 761 832 865 876 915 937
1  344
2  552 613
3  104 211 619
1  180
3  313 573 932
5  204 405 459 478 629
1  462
8  4 88 166 185 210 226 501 643
6  21 137 191 277 338 620
5  440 601 817 950 997
1  395
1  205
8  4 36 682 729 745 822 934 950
1  191
2  24 823
3  526 607 981
7  0 32 45 83 161 690 920
30  0 1 3 66 161 198 283 299 353 506 535 545 564 565 601 664 666 675 681 711 715 732 785 817 832 934 937 950 969 997
3  303 650 937
2  178 730
2  152 728
8  4 224 285 371 381 462 666 934
6  470 518 601 666 920 979
40  9 41 48 66 147 161 188 197 201 205 243 265 272 276 299 308 324 435 440 470 477 501 518 535 545 587 595 600 632 666 675 677 681 817 876 920 937 950 954 997
1  83
8  22 41 93 126 439 934 950 997
4  25 265 630 675
2  52 99
3  102 426 508
1  593
3  44 115 740
6  378 444 548 865 901 998
4  78 231 240 733
1  247
10  52 99 168 206 333 449 675 700 897 979
3  552 579 825
1  359
6  245 382 528 637 746 888
5  537 542 737 836 869
5  26 337 645 668 937
5  53 334 716 925 993
4  104 408 580 759
67  0 1 2 3 6 7 8 10 11 13 14 15 18 21 32 34 65 72 91 101 111 121 140 144 149 161 166 189 191 197 275 277 289 292 293 299 323 338 341 342 349 359 371 372 398 424 432 476 477 501 529 555 586 623 643 666 675 700 731 762 809 854 865 876 934 987 997
3  382 528 985
4  431 806 811 949
25  0 5 41 71 80 88 108 166 185 209 217 243 315 338 462 501 537 620 643 647 666 700 817 890 934
1  343
1  253
5  199 318 385 481 972
1  327
2  238 431
1  583
13  3 4 5 7 16 25 265 564 604 675 756 761 817
1  76
11  0 10 287 501 535 601 675 710 785 819 876
1  230
2  294 838
2  563 883
4  26 28 145 363
5  182 382 615 746 944
3  247 832 975
10  480 495 532 715 755 832 839 876 926 934
10  45 49 82 85 91 101 148 188 389 398
9  11 41 64 92 167 208 210 465 832
1  478
31  0 3 7 8 9 48 66 72 80 91 99 121 126 210 243 271 283 379 465 501 507 585 620 623 666 681 713 761 826 832 997
2  249 821
4  26 617 668 937
9  1 2 9 30 48 166 189 198 865
9  209 409 462 464 529 623 666 829 934
1  317
2  395 768
2  596 937
1  520
5  3 5 7 693 756
10  284 433 501 564 565 666 702 711 915 943
3  415 785 915
2  120 841
1  314
2  58 529
1  91
1  249
1  13
3  137 208 338
1  254
2  503 701
15  47 227 463 501 506 564 577 595 681 711 757 761 865 885 997
5  179 258 320 558 868
84  0 4 7 8 11 13 16 23 33 39 51 71 88 91 108 110 119 123 127 132 154 161 188 209 212 213 229 243 246 265 284 285 299 314 315 323 336 341 371 372 381 392 401 422 433 441 462 463 465 469 470 473 501 518 535 544 545 547 555 560 564 565 595 599 600 601 620 623 643 647 653 675 681 684 700 785 817 818 844 861 865 934 937 997
3  325 792 968
7  4 14 26 108 617 645 937
2  343 764
1  232
1  474
2  75 692
1  100
2  509 512
110  0 1 2 3 4 5 7 8 10 11 13 15 16 22 23 25 34 49 57 58 59 64 66 71 80 87 91 99 101 115 126 147 148 149 163 166 167 172 174 188 189 197 201 205 206 208 213 219 226 230 243 247 265 289 292 299 315 324 341 349 360 371 409 420 424 440 447 449 470 477 501 507 535 545 555 563 564 576 595 601 604 612 620 630 632 666 681 700 710 711 790 793 801 817 818 826 832 840 865 876 883 897 915 933 934 937 950 962 979 997
2  166 865
3  205 601 876
2  258 868
2  99 204
3  431 777 806
19  441 501 545 564 595 601 643 664 666 675 700 702 705 715 761 785 817 865 930
12  1 2 4 16 19 36 226 590 729 745 934 950
1  266
15  15 23 32 33 51 132 213 315 435 470 477 666 745 920 954
2  270 799
1  384
1  97
4  562 881 899 916
1  257
1  594
1  499
2  75 672
8  3 7 146 147 275 534 547 652
8  46 128 321 377 828 844 865 915
4  172 175 739 747
6  81 116 122 378 444 998
1  264
4  0 176 286 854
2  428 475
30  0 1 42 51 52 119 148 163 206 315 319 336 449 507 518 612 620 623 666 675 681 702 793 800 861 897 915 934 979 997
2  503 663
9  284 433 441 564 653 681 700 915 930
2  538 891
1  83
2  681 845
1  469
2  181 938
1  511
3  113 282 472
6  82 85 398 501 632 675
15  441 463 501 577 595 653 664 675 757 817 826 865 915 937 997
3  293 893 900
8  24 376 379 489 643 761 935 997
1  468
22  0 3 32 72 81 116 122 161 188 480 495 595 639 681 750 755 785 832 876 931 934 950
1  618
2  385 771
2  328 778
1  510
2  32 879
2  149 193
1  408
2  380 924
1  68
4  194 441 865 937
6  74 316 346 743 838 962
1  273
1  598
7  16 590 682 745 789 934 950
1  597
5  359 620 753 762 987
21  0 1 2 9 47 106 153 166 197 213 216 226 243 246 299 506 565 595 905 915 962
1  610
3  171 367 791
7  13 42 299 324 338 371 795
12  0 1 70 111 144 189 221 307 416 545 809 817
5  537 542 616 836 869
2  300 467
2  695 747
1  608
7  90 131 227 564 761 785 915
2  69 971
9  56 74 316 564 726 838 915 937 962
5  267 906 934 959 965
19  0 1 2 3 4 16 19 32 138 161 299 590 682 684 729 873 934 950 997
8  60 182 245 382 528 615 637 944
2  695 739
2  91 912
2  199 843
19  0 1 3 21 30 43 103 108 164 188 248 283 371 477 715 832 876 950 997
1  81
2  184 788
3  731 762 987
1  347
8  480 495 639 715 832 839 876 937
8  5 7 8 25 143 283 630 652
5  506 577 664 711 937
1  387
4  104 211 408 619
1  84
23  91 227 271 379 414 441 465 491 564 577 630 643 664 681 713 741 785 822 876 884 889 935 937
12  2 37 72 91 126 161 198 283 303 620 731 753
4  31 423 970 976
6  0 52 99 241 343 669
1  310
14  0 1 3 4 5 7 8 145 197 247 400 822 865 915
1  97
1  649
1  424
2  204 864
1  717
2  130 805
1  223
1  507
1  423
1  468
3  680 806 992
3  253 328 718
3  465 470 780
2  779 940
1  232
1  342
1  368
2  78 871
53  0 1 43 46 56 90 116 135 191 205 213 251 281 283 415 418 422 441 452 463 465 470 480 501 518 529 535 545 564 565 595 632 654 666 681 715 741 761 787 802 817 818 832 861 865 876 884 902 915 920 937 975 997
2  376 572
3  415 785 915
2  184 752
1  729
3  675 840 997
1  734
2  667 968
10  4 8 78 166 206 319 675 700 934 997
4  434 514 854 894
2  735 856
6  56 73 281 390 884 937
2  143 885
2  189 809
1  685
2  700 979
11  57 129 133 134 335 345 443 451 675 840 983
3  785 832 946
2  231 253
5  78 231 253 898 903
1  772
7  54 431 622 680 777 811 992
8  113 187 441 452 515 832 917 937
1  45
12  3 65 70 111 144 189 416 425 521 620 736 798
1  325
3  622 806 992
1  354
1  303
1  204
2  238 278
7  16 23 33 51 120 465 861
33  1 7 16 46 56 80 198 219 283 308 399 418 440 465 470 501 545 564 587 595 601 623 630 666 675 681 711 736 785 876 934 937 997
22  16 51 119 123 147 167 193 195 212 300 465 467 501 560 576 666 675 785 865 876 934 937
1  632
1  504
1  644
26  0 1 2 4 7 8 36 82 91 94 145 186 188 193 209 241 268 330 407 409 490 590 761 766 884 915
1  592
2  269 383
1  613
20  0 1 2 3 4 5 7 8 11 16 23 33 77 149 490 643 675 711 937 950
3  145 404 432
2  694 844
1  647
2  102 426
1  260
53  0 2 7 66 116 123 171 174 193 210 226 247 265 289 336 341 372 400 422 441 449 452 465 470 480 495 501 515 518 532 564 565 577 595 638 639 641 643 675 715 750 755 785 802 807 839 876 890 897 915 917 975 997
1  328
1  536
2  18 34
4  537 616 737 869
2  386 456
9  74 294 316 346 530 634 726 743 915
4  639 755 832 876
9  166 172 189 675 790 801 934 979 983
1  655
1  390
6  19 199 318 385 749 873
17  1 4 14 26 56 128 135 299 321 463 501 666 694 828 915 937 943
1  705
1  217
1  480
1  144
2  23 531
1  459
1  290
1  283
5  112 233 865 866 908
32  0 18 50 119 123 146 159 176 191 193 200 230 286 317 338 341 371 397 398 434 448 468 514 518 570 620 698 794 934 937 950 997
9  0 3 4 5 8 16 72 91 537
1  795
1  491
1  523
3  230 473 973
1  1
21  1 3 4 5 16 33 51 125 132 266 283 518 535 544 560 564 666 700 785 816 997
3  0 44 310
1  67
2  770 910
79  1 4 7 8 11 13 14 15 29 30 41 46 48 64 66 71 78 80 82 88 90 91 112 113 115 126 128 130 132 135 143 155 161 166 174 194 197 198 255 265 293 304 314 315 321 339 372 422 441 452 469 470 501 548 553 564 572 576 577 609 620 646 664 666 675 676 681 694 711 725 766 785 818 853 876 885 915 934 937
7  112 113 233 236 853 908 952
3  78 231 253
7  98 179 258 320 558 665 678
5  537 542 616 737 836
1  213
2  78 784
1  231
6  19 76 322 745 843 934
3  246 357 522
1  97
35  0 10 88 131 135 167 205 226 227 283 372 553 564 577 601 620 632 639 675 677 715 750 755 761 785 817 818 832 839 865 884 915 934 937 950
1  520
5  13 34 70 237 395
1  720
1  473
2  688 899
1  41
3  563 635 675
12  0 1 46 56 281 409 433 761 785 796 822 876
10  29 56 135 143 463 664 797 865 896 915
5  0 103 467 931 997
2  461 486
1  615
1  761
9  66 116 174 462 470 480 623 832 897
4  279 446 538 703
1  280
1  712
1  794
1  280
2  143 885
15  52 116 168 449 477 480 532 612 675 700 832 890 915 962 979
3  231 253 804
2  688 881
2  293 712
2  548 609
1  785
1  804
1  270
1  732
4  267 744 928 934
6  3 5 7 12 265 931
4  233 853 866 952
1  480
1  864
2  104 408
1  748
4  166 419 574 978
1  84
54  1 46 73 90 113 128 131 135 158 166 187 188 197 226 227 243 251 282 321 377 414 415 421 422 433 441 452 463 501 564 577 653 654 675 694 700 702 711 732 741 743 766 785 787 822 832 838 844 865 876 885 897 937 962
1  688
11  1 131 197 227 441 452 515 564 807 832 922
1  356
2  327 986
28  0 2 3 10 11 32 44 153 197 205 209 213 243 270 283 422 470 477 501 518 547 594 600 601 684 785 937 979
2  60 953
2  441 917
4  4 145 186 404
5  246 275 287 380 723
1  618
1  639
2  45 85
1  906
6  26 28 67 256 305 937
8  284 398 422 564 565 681 702 939
21  0 3 17 23 38 43 45 103 115 149 161 167 188 210 243 299 467 715 886 907 997
2  313 582
1  675
103  0 1 2 3 4 5 6 7 9 11 13 16 19 22 30 36 41 47 48 57 59 66 71 78 82 83 84 87 88 89 99 115 118 126 149 161 166 174 188 193 198 203 226 229 243 255 265 267 283 285 299 302 306 315 322 324 338 339 341 345 360 381 393 440 455 462 469 485 501 509 512 553 564 576 590 595 599 603 620 623 639 647 666 675 682 700 715 729 744 745 793 817 818 840 854 865 873 876 906 937 994 996 997
2  713 761
4  18 86 189 340
122  0 2 3 4 5 6 7 8 9 11 14 19 25 26 27 30 32 39 41 46 48 54 56 64 66 72 73 80 88 90 91 110 112 113 115 126 128 135 145 147 149 158 161 162 174 187 193 194 197 201 209 210 213 226 229 230 236 243 251 262 265 272 282 287 293 299 303 305 336 338 341 353 371 379 422 435 441 452 454 455 463 465 469 501 515 545 553 564 565 576 577 595 596 601 617 645 650 666 668 675 711 725 743 755 757 761 785 796 807 817 818 826 844 854 865 876 915 920 929 934 989 997
2  181 707
1  930
1  780
1  311
2  26 67
5  321 501 653 844 979
3  60 637 746
1  422
1  802
1  121
1  550
1  622
47  0 1 2 3 4 5 9 12 16 19 32 36 41 93 126 137 138 147 149 161 193 197 243 276 287 299 315 465 470 477 518 547 587 590 595 601 603 675 682 715 729 745 750 826 854 876 997
3  409 967 996
9  90 112 233 236 391 463 564 866 908
2  60 921
16  11 15 20 32 45 60 91 101 182 188 299 435 501 535 601 684
1  1
1  198
3  32 59 285
1  173
2  744 965
3  186 268 330
1  438
30  0 3 4 5 8 9 25 49 122 193 197 209 213 217 230 234 243 346 389 398 409 418 477 576 675 726 732 743 897 915
2  498 533
1  0
3  267 744 959
1  488
2  951 996
2  667 792
2  161 595
5  0 11 20 31 763
1  742
2  481 626
2  473 859
1  501
7  195 247 336 465 638 785 832
1  763
1  404
4  9 166 419 913
29  33 51 52 99 163 168 204 206 270 333 397 398 449 454 473 477 501 518 535 547 600 612 675 700 800 840 897 920 943
2  458 554
1  593
1  376
8  129 133 134 156 335 443 801 840
2  427 995
3  382 528 621
1  919
5  191 359 620 731 753
1  436
3  455 937 997
1  469
1  431
3  777 806 811
2  334 618
2  306 934
2  427 984
10  30 57 96 302 322 409 501 934 951 967
67  0 1 2 3 4 9 13 19 21 22 27 46 47 48 49 78 93 103 115 126 137 147 188 197 219 227 283 299 321 338 341 353 440 455 463 467 501 545 547 570 587 595 601 603 620 643 664 666 675 700 711 713 745 750 785 790 793 817 832 854 861 886 931 934 937 950 989
6  153 378 444 548 609 696
1  514
