1000
9  263 272 285 369 386 389 534 679 781
9  35 167 349 411 573 680 863 907 985
10  46 61 95 153 209 240 324 384 408 953
5  255 263 559 832 944
11  54 339 351 358 425 441 532 612 907 927 990
8  112 126 295 654 745 771 800 824
10  50 68 241 243 333 494 692 822 935 981
3  798 886 911
11  270 304 333 388 421 511 740 913 941 945 979
9  123 210 225 461 481 491 578 828 953
9  89 183 186 387 446 578 804 808 810
8  201 459 483 637 826 904 911 929
4  156 278 340 549
12  72 168 188 264 384 398 512 563 638 790 877 893
3  155 183 451
9  68 111 194 252 298 500 607 779 901
8  169 290 313 388 399 566 636 776
14  26 243 271 283 307 319 407 506 595 633 824 854 953 991
7  152 302 347 446 676 688 784
10  151 196 201 215 434 575 756 875 885 999
7  26 33 69 187 398 508 857
9  193 244 401 411 588 840 852 872 874
15  24 144 277 491 680 703 727 731 748 761 813 820 825 881 907
10  112 217 574 586 614 644 651 709 733 763
18  22 83 146 153 155 166 245 246 358 397 436 447 581 668 725 782 903 937
13  120 136 210 258 349 457 468 522 528 560 659 905 926
12  17 20 221 243 287 447 515 596 622 702 745 986
6  145 533 755 879 896 940
10  36 70 338 388 631 662 681 738 752 887
9  71 355 412 427 607 844 896 942 981
10  121 358 424 574 583 613 687 773 779 819
9  154 229 262 402 567 607 662 675 833
11  49 66 181 224 266 447 528 613 623 631 876
7  20 197 273 386 463 501 603
10  295 320 358 498 581 658 844 939 946 949
5  1 229 316 741 782
7  28 289 453 556 563 782 869
8  271 321 445 458 553 633 673 853
12  66 156 334 372 416 419 442 451 466 687 736 977
12  120 121 185 302 316 430 448 604 736 888 944 952
13  49 216 242 250 269 306 457 502 700 716 773 956 987
15  49 106 112 124 139 181 213 399 495 562 588 677 721 904 935
8  121 188 258 278 366 422 425 958
3  178 451 709
16  49 129 140 147 158 291 372 478 553 571 640 845 953 970 978 996
12  101 199 258 284 346 354 440 684 708 889 982 994
6  2 47 405 506 608 632
14  46 96 212 244 287 343 408 560 568 636 680 839 866 891
9  242 319 590 726 730 803 897 986 987
11  32 40 41 44 455 536 631 708 762 861 958
12  6 323 399 400 405 416 454 667 730 779 788 852
8  112 175 464 679 755 884 962 969
8  150 178 433 446 451 456 557 768
8  135 213 406 588 691 822 874 910
14  4 93 104 119 137 142 274 359 376 627 742 777 889 972
6  149 226 308 399 412 473
6  158 345 397 433 452 779
12  283 311 330 412 449 543 567 577 581 621 706 877
9  202 203 226 252 477 501 562 765 941
5  67 428 630 822 932
8  95 119 369 505 546 618 700 859
9  2 65 395 407 450 660 707 888 987
7  99 227 340 617 664 693 956
13  233 351 414 522 588 665 703 726 741 774 847 851 945
12  73 218 235 279 321 495 551 558 611 614 774 840
7  61 254 304 419 647 666 998
12  32 38 152 276 281 286 506 518 552 734 778 909
10  59 135 197 294 353 354 587 772 803 956
7  6 15 78 352 470 497 527
7  20 98 499 633 713 786 856
10  28 79 200 205 226 601 616 660 880 910
10  29 104 134 283 626 631 694 730 805 904
10  13 74 320 329 333 681 701 710 786 956
10  64 142 319 405 422 463 539 720 794 954
10  72 125 308 313 356 541 606 637 661 789
17  121 279 299 346 369 373 386 495 506 537 549 558 611 727 826 920 987
7  203 486 592 709 747 778 810
10  282 414 506 507 606 719 723 744 831 850
15  68 264 270 302 312 321 326 424 551 594 638 648 683 812 987
15  70 196 256 264 327 490 540 708 717 719 775 835 928 942 973
12  130 138 304 386 389 426 464 465 517 600 643 895
4  356 524 668 954
11  208 511 520 630 701 728 768 790 911 920 970
10  24 176 243 290 405 504 612 663 897 948
6  109 388 616 706 755 839
7  142 219 263 407 420 554 790
10  249 354 524 709 716 727 741 860 886 928
13  98 165 309 327 493 508 512 675 785 806 825 844 856
12  129 245 378 413 626 646 711 723 762 865 968 973
9  10 97 165 318 533 567 571 657 737
15  116 235 307 391 467 543 560 578 645 734 760 764 796 892 998
9  151 539 556 656 735 915 945 962 996
9  199 521 563 565 791 795 872 916 933
13  54 233 290 319 517 579 584 642 730 830 853 888 980
13  99 207 318 354 581 657 671 710 783 899 925 981 991
10  2 60 157 160 219 358 788 824 840 923
7  47 224 459 483 580 587 759
11  89 245 273 329 400 600 813 838 924 965 996
10  69 87 99 125 141 149 159 219 366 721
14  62 94 98 114 215 363 497 528 584 659 680 794 869 941
5  129 183 334 661 669
6  45 115 278 375 619 680
9  311 397 500 514 546 732 813 877 959
8  180 195 627 724 735 785 870 879
10  54 71 200 292 418 579 588 632 653 771
7  127 212 316 385 503 628 654
17  41 121 129 154 187 253 259 275 366 414 430 549 554 890 906 915 998
13  146 305 335 341 409 426 429 456 478 583 768 794 975
10  361 438 509 537 706 716 763 799 805 899
9  84 137 367 618 646 767 808 910 957
13  295 346 350 435 464 535 567 593 612 665 719 761 941
12  15 141 160 311 332 355 357 547 736 830 856 961
11  5 23 41 51 232 260 666 817 852 903 948
10  135 254 276 287 364 387 456 474 777 931
8  99 200 341 695 805 838 915 987
4  101 173 647 932
9  90 134 165 376 409 618 657 673 694
12  256 376 381 499 569 581 675 770 827 850 923 969
11  124 174 177 397 453 522 594 753 844 925 994
9  54 60 168 271 340 776 793 877 956
11  25 39 266 284 380 451 588 599 675 770 915
13  30 39 42 75 106 146 154 349 495 551 792 824 890
8  261 352 519 657 772 939 940 976
11  9 141 222 418 463 518 587 660 722 901 933
7  41 118 825 840 858 923 939
5  74 98 324 751 889
10  5 156 355 376 445 561 649 721 921 958
7  105 159 486 663 829 942 950
4  473 587 752 990
10  44 88 100 106 358 549 650 660 770 841
11  80 132 205 215 306 388 539 605 729 954 987
12  219 285 290 320 330 386 435 530 579 667 855 915
8  130 256 280 316 616 696 762 949
7  294 311 394 423 637 664 902
12  71 116 174 186 318 319 339 414 826 829 886 973
14  53 67 113 173 451 532 542 560 601 640 695 710 853 863
5  25 228 300 347 993
11  54 109 225 327 547 641 716 747 789 855 882
10  80 190 266 337 484 529 715 752 872 963
12  41 181 230 237 321 326 390 523 533 582 588 837
17  44 185 262 264 273 293 310 376 445 501 553 685 750 801 875 886 907
11  98 111 123 224 420 695 708 715 741 940 999
10  54 73 85 312 475 489 537 691 731 920
9  170 204 445 590 617 619 696 957 980
12  22 176 273 289 411 480 557 605 768 797 842 885
11  27 281 303 379 430 514 592 608 620 686 912
11  24 107 121 199 439 462 618 702 759 811 961
5  44 442 463 548 705
11  286 289 441 450 500 511 683 785 871 899 983
5  55 98 252 890 951
17  52 332 362 401 413 436 490 629 661 669 712 745 840 869 930 963 991
9  19 91 175 188 446 484 589 689 891
11  18 66 155 561 593 724 730 735 764 767 792
11  2 24 353 397 426 564 567 690 797 807 992
18  31 106 121 166 255 281 288 323 333 389 469 495 711 712 743 873 920 980
15  14 24 152 217 245 311 393 592 658 674 689 702 781 804 820
10  12 38 126 179 200 281 296 431 597 966
9  95 192 434 468 470 486 632 728 845
13  44 56 188 317 398 433 446 470 513 665 856 869 903
11  98 127 196 260 310 357 637 638 705 863 989
15  95 111 168 322 325 432 456 502 580 762 788 799 812 830 846
1  181
6  193 196 558 620 753 915
10  206 227 301 452 492 634 665 752 907 922
11  173 274 351 625 674 687 767 795 871 906 993
12  87 89 116 324 372 428 560 592 729 831 857 911
11  24 154 167 349 405 457 585 599 751 752 896
11  1 166 250 251 353 444 522 684 749 805 813
12  13 119 160 386 389 626 788 808 862 884 940 991
8  16 299 391 601 606 705 728 941
8  143 417 475 494 778 790 796 808
10  239 336 351 410 480 617 641 798 864 984
6  428 517 528 615 637 781
9  115 135 164 277 467 882 915 936 967
9  118 134 230 416 450 680 808 925 967
9  51 151 300 323 343 418 545 698 842
8  83 144 517 597 678 780 808 916
5  118 231 320 408 560
8  43 52 441 628 695 742 769 893
12  156 186 220 325 391 687 791 851 893 939 946 993
10  103 206 246 270 663 895 908 936 965 970
9  32 41 139 161 231 266 337 614 675
7  561 586 673 740 828 887 988
10  10 14 100 452 483 516 526 592 922 975
8  267 577 696 749 833 865 867 899
17  39 140 219 239 303 323 350 385 396 581 584 624 704 724 759 898 975
8  10 134 179 324 603 614 875 916
9  20 106 384 408 449 673 689 722 973
11  13 42 151 158 351 529 613 692 732 799 868
10  196 381 396 549 600 602 758 799 879 934
5  138 303 502 507 963
6  324 383 687 837 914 943
16  157 207 249 319 327 356 371 433 472 579 588 646 649 714 945 951
8  21 162 236 325 402 770 930 953
9  15 317 407 503 569 676 744 844 875
10  103 286 392 422 447 522 540 584 587 739
11  19 79 159 162 189 351 352 410 502 526 771
7  33 67 328 393 746 916 966
8  301 313 590 670 754 773 805 910
9  45 92 146 208 209 631 654 680 772
17  70 104 114 156 237 402 495 516 556 567 590 593 602 718 793 854 905
11  11 19 482 567 617 633 643 651 667 881 951
7  58 293 699 712 945 954 957
5  58 76 422 811 896
11  143 239 274 317 329 502 613 769 821 913 981
10  70 130 232 244 387 549 847 897 919 931
8  163 180 319 423 733 799 844 998
13  94 192 209 348 377 390 477 660 776 789 792 977 995
12  82 199 262 456 562 581 687 707 711 786 868 872
9  2 199 207 254 481 492 666 800 844
10  9 25 232 465 476 485 553 588 642 973
7  257 386 418 422 479 480 813
11  47 105 220 223 227 278 422 509 586 722 960
12  41 53 318 373 560 570 574 599 624 794 828 999
9  300 328 380 525 700 732 771 827 859
9  19 99 130 254 339 724 821 853 939
10  40 255 257 334 389 456 586 745 827 831
18  23 155 306 332 430 448 461 487 488 510 511 600 662 672 699 704 804 983
9  64 236 327 533 588 774 792 907 970
9  85 95 98 131 185 426 463 564 711
13  179 212 221 302 436 456 504 742 874 875 892 909 915
5  26 220 329 812 920
8  123 326 370 399 586 605 958 970
6  212 246 404 412 798 840
13  32 96 141 314 326 402 454 493 574 776 814 866 957
7  9 137 309 562 595 624 972
6  55 58 70 245 647 995
10  62 163 212 270 376 439 648 755 869 922
9  136 230 318 344 406 453 650 667 745
12  31 35 500 527 555 565 633 649 684 756 808 911
9  139 174 228 265 338 374 695 812 965
6  177 181 306 341 412 630
9  112 205 210 341 370 386 689 828 953
8  63 93 477 607 710 758 776 926
5  350 375 555 577 656
14  64 90 276 329 357 509 711 738 740 754 774 801 813 902
11  193 218 256 327 333 489 787 798 818 905 998
8  139 200 346 837 856 871 874 959
13  285 487 562 616 621 649 660 670 694 705 810 943 990
13  171 185 204 289 421 521 576 623 684 724 769 815 956
8  2 330 372 622 669 917 923 965
7  6 455 489 511 534 546 593
9  40 48 244 333 351 427 701 893 970
12  6 17 26 83 315 408 499 708 801 838 978 979
13  21 47 205 242 338 456 465 797 815 859 860 933 947
11  24 88 97 155 226 252 476 679 734 786 903
10  24 180 223 350 420 495 539 710 934 988
9  249 408 649 653 694 734 760 882 904
6  325 383 409 539 677 739
13  86 192 247 344 407 435 515 524 545 708 753 814 968
9  40 167 289 477 520 550 621 772 773
10  167 354 455 522 560 684 687 762 766 849
12  15 58 149 245 413 480 576 707 717 783 857 878
9  106 432 437 460 591 594 723 871 912
14  65 113 209 215 268 373 389 424 443 470 495 832 957 968
13  3 154 216 445 514 515 527 656 679 693 909 947 964
14  79 117 132 236 404 480 580 618 653 712 748 803 906 989
7  211 216 312 345 502 772 883
11  25 42 45 285 342 352 412 578 582 806 829
5  106 267 271 578 656
9  112 159 577 603 708 725 746 769 936
7  122 275 310 581 615 637 650
7  31 140 208 504 594 626 758
6  0 3 85 557 753 842
9  13 78 79 140 452 801 830 836 922
9  230 453 468 482 550 563 597 617 842
11  32 120 138 181 484 602 630 655 759 895 953
8  184 259 268 495 572 613 764 914
8  254 267 396 437 523 524 586 715
6  40 314 415 519 543 679
9  8 78 180 227 286 288 477 926 952
10  17 37 119 259 461 560 759 848 864 908
14  0 291 298 348 372 469 483 490 512 613 626 666 824 881
8  33 97 140 144 378 380 450 897
12  54 164 204 360 422 473 531 629 799 833 871 933
7  106 261 510 565 592 668 796
9  66 113 235 345 375 478 646 707 745
7  22 173 599 689 697 820 830
12  12 42 101 212 288 378 490 493 597 690 744 812
16  64 75 290 296 315 402 465 627 630 668 792 806 816 889 912 968
12  132 356 642 680 689 711 742 772 807 818 875 978
11  66 145 154 156 716 835 857 900 910 969 974
7  77 302 303 537 553 696 977
6  17 57 71 324 520 835
11  45 120 349 448 453 482 496 667 729 919 993
12  0 131 238 258 327 488 588 607 632 716 971 999
16  66 148 195 270 303 321 396 427 461 500 574 646 720 833 919 942
7  26 47 113 348 365 479 696
7  154 270 278 438 671 759 885
6  36 144 148 239 250 880
15  16 83 93 131 279 335 373 494 615 841 862 903 926 944 952
7  44 272 361 453 557 714 868
7  104 389 395 495 668 803 887
7  140 202 487 579 660 771 822
8  67 133 379 459 490 715 802 940
10  5 34 110 341 437 568 616 684 687 822
8  156 279 301 309 467 498 667 764
6  369 392 440 886 940 974
11  15 272 340 355 416 534 653 663 886 907 960
5  75 169 435 753 967
11  136 175 214 441 697 702 758 761 919 922 926
8  163 198 296 546 638 775 805 905
15  18 39 78 220 282 427 451 483 562 657 719 789 842 864 915
11  145 185 190 282 286 409 428 716 826 884 958
8  8 65 80 501 693 801 907 942
6  107 321 632 655 665 947
22  40 130 217 231 328 337 372 437 461 516 523 575 700 703 735 762 774 852 874 886 917 951
10  17 90 382 481 546 636 669 754 791 924
11  55 74 423 647 656 670 678 722 749 963 986
9  87 225 296 356 600 646 691 887 948
10  140 159 261 346 367 442 502 691 770 805
12  57 102 111 133 155 395 419 514 556 645 746 879
9  78 142 257 321 371 472 509 936 953
7  16 74 198 316 362 504 574
13  224 269 337 359 403 435 457 601 604 613 738 844 927
4  243 279 595 744
15  35 39 105 132 313 372 385 441 459 493 626 684 811 914 922
13  158 194 204 362 388 391 414 445 464 500 519 662 942
11  89 94 134 213 228 342 788 886 923 926 966
18  17 48 73 93 134 192 206 393 456 507 583 593 637 660 704 752 962 968
9  34 72 131 177 384 449 450 659 822
15  37 64 78 139 286 305 312 332 365 398 445 452 519 671 766
10  160 327 359 411 452 495 600 646 897 904
14  50 154 175 185 375 454 532 593 661 748 806 854 856 951
11  2 125 165 186 191 283 334 563 647 676 936
15  160 179 193 248 452 478 483 497 525 706 723 756 792 814 877
18  78 139 222 224 331 364 422 452 476 558 619 620 638 671 678 873 877 894
14  79 87 137 192 218 236 285 322 688 718 725 818 845 969
7  197 214 306 396 438 547 614
7  72 97 204 221 235 451 914
6  57 131 240 459 658 858
12  326 404 429 453 470 596 605 728 749 909 939 972
6  111 150 217 321 422 577
13  6 8 72 154 236 242 415 691 744 750 799 949 969
10  38 100 216 324 394 680 839 855 903 976
10  107 290 348 357 495 502 515 635 683 806
9  171 391 410 529 544 596 680 768 932
8  138 181 306 314 377 465 605 809
9  28 230 244 348 458 637 847 849 902
8  4 134 215 570 574 715 928 936
17  12 62 119 298 351 400 415 418 422 474 483 501 528 743 788 803 900
12  107 114 231 232 295 358 381 406 570 690 903 993
6  258 318 398 457 658 841
6  47 175 390 448 576 877
10  228 249 516 606 733 754 786 824 860 865
14  56 257 276 363 460 485 553 613 621 824 869 874 895 903
14  45 75 110 237 310 414 427 436 443 640 641 837 863 933
6  18 136 584 638 878 998
10  207 272 287 335 338 500 642 751 783 975
13  1 25 121 166 284 393 469 529 624 648 724 759 937
10  110 185 234 246 351 499 504 625 701 740
15  4 63 164 171 188 196 242 340 350 442 626 650 671 899 931
8  68 122 196 258 373 480 607 935
11  67 153 167 421 469 491 510 652 761 900 983
10  45 67 86 94 251 413 721 906 922 991
10  29 111 126 298 360 565 727 803 885 952
17  74 81 192 280 309 391 404 493 555 610 622 791 808 836 851 895 979
9  111 159 235 335 374 563 640 725 915
11  4 24 30 34 95 129 341 586 610 835 849
13  54 314 322 361 389 420 597 677 746 807 900 941 984
12  274 355 515 541 625 649 664 757 819 884 885 986
9  108 291 359 498 727 754 789 930 985
9  150 313 317 363 510 520 557 635 680
7  99 345 362 532 538 720 928
7  113 326 448 501 578 664 714
4  287 321 517 877
9  42 98 106 380 460 559 589 659 660
4  109 310 490 634
4  494 662 699 963
10  0 60 75 297 372 460 653 821 853 863
10  222 232 438 461 533 709 774 903 915 918
8  192 312 398 536 584 599 898 899
13  38 44 165 240 272 306 316 369 405 417 555 742 860
9  75 213 254 290 352 430 668 744 787
8  230 357 428 535 640 707 717 799
9  101 234 276 323 454 585 664 927 963
11  54 116 117 126 140 227 390 543 682 761 929
11  207 337 507 508 595 619 625 770 818 829 944
10  88 273 278 473 518 555 597 657 842 996
4  145 294 590 822
9  120 214 273 366 562 679 756 789 916
8  117 189 341 455 488 508 811 815
4  307 389 636 948
11  191 248 447 546 588 611 860 885 914 931 960
13  2 13 187 320 438 485 527 555 638 789 830 900 953
5  105 185 316 424 718
16  0 33 75 80 131 168 211 232 541 546 678 727 786 875 908 910
13  10 113 205 396 418 450 511 518 623 645 733 783 860
12  8 16 28 84 130 317 478 665 906 940 953 990
16  0 80 154 168 216 254 292 359 382 610 677 705 823 931 970 981
11  139 207 343 376 398 407 420 549 591 806 835
17  90 169 179 317 336 356 399 524 601 610 683 702 790 842 917 933 968
9  195 297 528 687 789 861 867 905 994
10  155 197 319 349 550 640 644 734 825 974
8  133 334 568 688 692 696 821 892
8  61 292 311 551 610 703 886 983
11  185 189 268 286 328 387 561 655 762 826 948
17  24 56 102 118 153 458 472 513 544 548 612 738 812 910 913 971 991
14  13 20 158 321 342 371 390 483 500 527 551 575 727 925
10  16 41 50 55 222 391 578 581 653 889
7  50 97 340 414 603 741 958
8  21 150 735 798 803 818 829 999
7  31 193 200 224 279 716 983
5  314 406 641 815 929
8  223 256 331 356 453 520 709 993
13  46 50 73 83 166 372 483 576 623 694 708 874 882
5  53 228 341 403 584
13  17 61 85 194 249 390 517 717 855 867 899 986 997
10  2 47 177 187 243 247 418 603 659 690
14  107 116 248 303 495 522 578 594 629 633 685 835 869 963
7  171 196 336 462 497 725 898
9  1 21 144 322 518 739 829 979 990
8  29 55 57 223 231 258 529 621
8  88 150 252 354 437 445 775 842
16  63 77 106 134 317 346 400 540 541 550 604 636 684 735 791 802
13  269 333 340 417 443 477 514 592 623 719 807 847 922
9  38 50 174 298 552 671 778 881 924
9  170 372 415 426 565 637 671 719 742
10  104 123 175 211 340 387 408 444 596 792
13  38 65 311 540 561 575 593 666 675 857 904 936 972
11  85 141 246 359 390 609 628 796 840 881 948
13  8 239 353 456 519 535 554 603 768 816 832 901 991
17  42 73 195 203 211 212 274 326 332 340 490 630 673 742 748 914 947
10  133 206 308 447 449 468 488 574 623 671
8  30 78 254 385 700 869 902 916
11  4 42 429 432 457 523 667 921 942 983 991
7  80 107 153 219 417 521 794
10  29 242 286 302 346 571 582 627 769 821
11  59 165 172 303 374 459 491 528 678 713 804
11  107 331 425 486 534 600 648 828 869 892 926
11  39 106 145 217 373 431 582 683 787 892 966
10  156 430 440 513 568 591 824 851 949 954
7  160 253 425 448 627 661 911
12  52 56 158 192 469 574 612 728 736 841 872 908
10  19 157 472 504 681 723 810 879 943 946
9  110 131 249 299 314 491 642 771 955
14  24 150 220 346 437 548 642 775 784 847 869 877 977 985
11  253 268 295 306 413 436 489 722 741 873 985
12  108 288 328 370 384 544 646 690 728 788 926 951
11  146 227 495 505 630 713 715 719 766 863 933
7  45 297 431 487 539 583 755
9  4 148 178 300 316 620 687 693 741
10  38 147 310 351 462 498 673 683 959 961
14  254 346 415 517 576 681 697 766 830 846 879 880 939 984
8  167 418 594 611 701 831 915 985
14  37 126 140 143 255 317 321 413 504 577 783 836 884 893
12  10 18 52 151 158 485 641 642 716 763 771 795
13  24 26 32 195 383 423 503 533 707 719 946 981 983
11  39 217 284 343 364 432 479 490 715 744 813
11  57 187 320 423 453 650 689 763 798 871 971
11  61 148 174 273 320 387 490 691 869 951 978
13  14 38 43 52 120 135 302 329 554 642 828 916 956
12  56 163 183 264 321 322 325 326 488 533 545 735
13  36 118 228 265 284 291 331 404 449 571 858 873 946
13  50 224 323 375 561 573 607 613 664 771 875 904 991
9  49 241 251 381 462 698 911 927 948
16  52 107 113 160 208 216 220 244 319 421 490 516 755 758 764 981
12  25 40 166 314 342 425 500 698 721 782 871 948
7  37 338 397 502 505 835 965
17  11 96 294 316 330 428 497 536 538 627 741 759 806 824 949 965 969
11  253 345 366 369 655 680 751 872 941 947 949
11  9 217 271 286 306 370 504 550 658 867 905
6  146 410 442 455 790 822
11  33 73 123 147 219 588 694 802 938 976 992
14  51 80 110 317 502 550 686 703 733 764 791 795 903 907
10  80 210 244 279 337 570 647 744 852 927
5  38 607 773 856 894
5  90 173 296 905 927
7  25 157 265 423 787 911 918
10  154 272 349 353 433 476 510 596 618 776
9  68 157 158 254 331 654 737 751 869
10  483 587 629 824 838 888 918 919 962 972
9  192 312 397 434 574 598 720 775 859
7  55 128 274 378 571 809 942
9  113 340 542 628 749 793 799 931 977
10  142 170 485 543 606 608 703 855 939 964
10  210 245 326 469 481 585 603 719 728 985
13  58 207 233 250 270 415 542 658 667 830 862 899 981
12  44 107 276 325 388 584 769 804 816 833 866 896
9  211 287 448 513 520 607 713 956 969
8  144 171 211 252 256 352 641 752
8  9 209 307 476 707 894 936 998
9  201 265 284 502 512 611 654 779 931
13  11 96 183 272 302 325 340 398 405 471 680 784 858
7  138 151 266 595 607 810 933
15  210 345 384 446 475 533 586 680 701 758 808 843 918 939 942
9  76 127 157 429 504 767 808 837 886
16  217 238 293 440 508 518 527 528 536 556 629 668 686 820 876 928
8  217 285 381 423 452 527 559 669
11  142 236 241 437 516 539 599 605 780 789 998
13  79 150 272 278 294 367 422 448 450 456 700 815 972
15  9 22 353 428 435 499 529 619 639 675 681 802 828 858 995
8  163 209 493 556 587 640 739 939
11  87 224 278 316 356 492 504 512 543 677 820
11  6 170 290 368 548 591 746 819 876 900 973
20  41 64 75 121 154 200 246 254 267 292 322 335 409 439 532 551 587 763 793 804
7  284 604 719 772 837 856 943
11  68 99 325 410 459 589 691 714 824 909 933
10  34 296 361 442 625 629 631 647 915 931
7  69 117 243 350 491 744 838
13  15 102 148 229 286 317 348 398 457 645 699 907 956
9  33 58 140 304 340 364 544 716 804
18  40 160 190 196 204 257 310 335 458 464 482 566 590 701 705 730 791 941
3  105 194 447
16  83 220 262 313 350 434 445 461 486 493 617 698 862 943 993 996
6  60 439 458 621 669 872
10  17 46 66 75 77 629 753 807 890 977
8  77 190 319 377 614 723 810 861
12  20 87 377 381 487 517 571 616 682 837 933 953
6  108 212 235 312 568 859
9  217 275 353 362 469 521 548 733 771
10  8 82 148 217 241 387 544 636 802 908
9  13 87 272 482 493 519 692 799 929
5  158 397 431 479 751
13  102 145 255 311 415 530 544 624 649 672 745 775 825
9  26 249 255 335 360 553 587 618 705
10  183 200 306 344 456 489 631 735 850 923
9  80 93 172 176 365 407 443 508 680
9  66 123 378 387 411 487 782 809 864
10  122 269 317 321 421 512 530 547 564 628
9  82 250 283 362 404 479 715 770 828
5  92 239 426 510 554
14  25 63 118 167 195 251 409 563 606 624 635 660 878 917
8  139 268 306 425 608 732 769 878
10  81 86 249 268 391 646 700 768 809 968
12  214 325 590 657 702 738 743 754 828 864 933 960
6  183 196 617 636 784 920
11  68 229 255 384 398 487 488 545 617 844 893
12  25 32 99 172 340 392 428 487 609 648 777 844
9  138 188 336 349 412 491 869 872 910
12  131 514 519 537 596 739 779 804 895 915 927 989
4  274 816 839 934
10  4 135 323 363 495 562 570 624 675 765
10  27 89 139 218 370 447 452 485 919 998
8  0 241 298 429 665 820 898 927
10  110 374 421 638 673 690 702 819 828 998
10  49 371 459 487 746 775 796 843 896 920
9  75 108 142 282 530 546 614 722 800
6  363 459 640 666 789 854
10  73 91 130 246 248 440 489 710 761 905
5  79 195 414 419 874
5  74 360 386 414 593
8  135 474 477 559 628 815 891 993
11  57 90 269 376 475 493 601 629 661 979 994
10  336 397 438 501 511 514 546 752 890 903
13  175 249 452 527 573 610 701 743 781 820 913 945 986
13  60 102 241 301 307 383 386 537 544 565 614 717 720
12  111 137 328 519 555 591 720 832 894 927 932 973
9  147 397 436 494 510 569 632 676 937
15  12 75 106 129 189 205 390 576 596 614 803 867 869 870 886
13  250 265 393 414 461 464 574 579 616 705 886 907 992
10  64 78 121 395 398 495 564 580 684 758
6  66 416 650 742 816 929
9  37 44 140 210 282 345 515 789 996
8  85 106 421 451 521 774 953 987
9  229 234 356 372 378 384 547 800 940
12  36 91 200 311 487 492 703 749 779 812 848 915
12  52 144 263 291 362 596 598 709 776 795 838 927
8  64 75 162 326 595 886 918 961
6  3 366 488 542 796 835
11  25 47 90 135 165 177 213 251 271 607 666
9  126 152 182 396 419 454 632 805 811
11  41 58 208 225 238 302 380 532 844 896 899
12  13 36 92 265 324 357 522 568 598 671 946 995
7  153 219 519 551 809 880 961
10  92 229 275 355 417 546 590 626 807 939
8  16 502 646 764 806 823 848 954
16  31 57 89 110 153 200 201 584 621 628 716 728 739 807 859 938
11  47 295 394 431 509 563 636 731 732 807 966
8  117 194 548 633 656 848 861 997
8  213 339 341 465 532 734 762 809
10  44 89 427 453 473 508 747 816 825 989
3  267 618 931
8  1 454 545 608 781 832 859 875
16  23 30 213 224 286 313 339 423 433 472 550 608 618 829 846 956
8  19 306 398 419 602 603 623 879
12  239 252 343 405 443 549 609 862 907 946 989 998
11  57 184 234 260 332 445 581 664 707 756 757
15  9 10 90 258 259 364 399 409 619 620 737 762 764 904 977
12  93 104 131 192 293 550 643 659 708 738 824 977
5  96 160 256 551 628
13  24 34 57 94 117 185 208 261 399 577 757 782 852
8  139 258 427 430 700 735 855 885
15  30 107 319 440 605 621 672 698 809 842 885 918 935 936 991
17  93 99 185 195 347 371 406 478 567 601 616 764 799 883 896 899 980
8  166 375 476 704 728 775 837 882
12  23 182 212 216 222 268 358 485 591 597 783 945
16  67 96 123 128 195 471 492 495 515 589 596 645 649 686 825 978
17  21 41 53 63 104 120 139 192 210 218 285 383 463 634 662 783 948
9  151 366 497 587 689 702 845 856 885
11  48 143 198 200 379 502 525 565 687 751 909
10  253 390 431 494 547 586 727 836 942 972
10  76 145 155 165 183 275 415 715 764 823
10  110 152 200 241 319 323 419 541 830 930
11  78 118 253 262 409 444 626 639 693 782 906
10  17 225 315 377 484 558 610 661 836 883
15  26 331 336 418 469 530 549 557 587 677 745 781 969 977 985
10  156 176 265 278 359 378 586 620 642 965
9  472 557 563 634 636 809 825 880 978
12  120 166 213 277 371 489 683 750 815 826 848 879
11  80 97 189 217 309 322 429 901 990 991 996
8  70 135 169 314 391 543 584 815
9  189 200 266 575 614 635 736 931 932
10  33 186 260 400 408 421 476 575 608 822
8  39 314 414 496 622 636 822 860
9  130 144 222 331 337 489 583 872 887
9  74 77 169 344 475 522 762 942 981
15  15 29 31 233 285 352 454 466 479 484 560 730 769 953 970
11  46 145 475 523 573 574 603 726 751 753 981
9  420 528 576 639 682 723 783 914 920
9  356 358 389 391 395 545 595 651 690
10  64 75 383 444 482 693 819 908 937 985
9  4 83 110 397 433 633 739 840 857
14  30 32 188 204 267 272 314 345 454 657 752 820 844 905
12  23 64 181 186 328 507 537 546 549 602 662 664
5  172 261 290 930 983
9  70 84 132 238 295 508 550 584 754
13  62 143 171 201 265 504 526 527 694 721 888 935 977
12  60 109 116 146 256 469 515 572 574 676 788 831
10  101 143 326 377 491 578 745 816 840 961
11  145 162 326 441 578 597 679 776 889 894 999
10  57 238 250 345 412 505 567 583 951 953
7  26 240 356 604 623 680 693
15  32 239 387 405 415 423 575 622 641 650 677 689 773 792 944
10  185 213 225 349 514 522 532 739 809 955
9  164 350 360 377 498 669 687 913 970
10  71 88 168 262 272 316 351 565 594 858
8  54 103 279 427 432 459 653 710
13  105 178 420 474 519 542 567 580 773 813 889 925 961
11  150 274 409 471 487 498 506 543 779 807 861
9  59 82 231 266 279 422 439 735 825
10  28 32 49 71 199 498 516 806 837 971
13  46 104 157 285 305 548 561 699 738 750 755 806 845
10  17 37 69 201 229 409 569 612 757 926
10  163 367 588 598 684 698 720 746 764 999
6  335 362 522 602 803 823
11  16 47 307 382 414 511 526 568 598 604 952
12  11 74 133 159 172 261 319 338 417 733 896 945
11  13 78 159 301 326 347 384 535 702 772 802
6  491 594 609 706 711 991
13  44 135 346 357 374 393 492 538 686 700 702 777 942
11  137 171 346 403 446 480 623 650 664 918 945
15  93 210 280 348 435 436 446 451 597 680 709 744 788 827 848
4  80 201 579 925
4  23 393 775 927
8  90 311 387 500 587 695 882 914
16  88 109 192 276 286 309 322 438 524 566 709 782 833 855 859 893
9  65 115 226 308 324 465 498 699 903
8  78 227 349 429 528 656 673 730
11  126 192 229 238 247 360 514 587 720 882 958
10  129 228 261 351 449 552 623 641 704 940
7  23 201 610 824 881 909 928
6  353 659 769 781 808 899
10  104 247 256 298 369 399 627 723 858 984
7  5 105 199 470 482 835 905
9  266 305 396 460 668 679 784 897 916
10  91 234 255 259 308 569 648 764 904 907
15  89 94 116 122 302 378 525 613 686 719 797 898 922 949 958
8  34 155 330 342 461 477 740 836
12  25 99 320 366 408 579 652 684 812 815 957 979
10  61 70 123 129 207 238 293 319 366 522
13  74 100 150 323 432 543 595 723 819 846 910 973 984
8  28 31 217 317 368 588 614 689
10  83 127 180 298 814 829 855 912 966 989
10  62 133 360 364 375 454 577 614 641 784
11  63 110 158 163 305 388 534 817 838 962 966
8  65 112 209 272 419 538 560 889
12  50 131 201 228 284 296 425 477 745 823 824 893
11  24 81 275 279 292 373 487 655 703 717 874
10  100 150 240 307 488 505 625 877 987 990
5  198 238 308 674 981
10  94 288 321 326 351 416 417 423 563 848
11  217 514 583 817 830 844 884 932 953 977 984
11  37 116 182 187 422 442 535 648 684 869 946
6  155 164 670 699 709 728
12  31 87 117 120 181 419 491 532 720 834 923 929
6  18 194 324 548 618 793
12  41 248 359 389 493 596 623 827 855 884 922 987
6  176 308 326 386 428 796
13  0 51 245 255 269 380 620 655 703 770 885 964 993
20  1 22 47 99 101 174 199 280 334 336 362 460 483 485 517 622 642 704 792 911
10  28 72 434 443 491 767 859 885 939 954
6  376 508 609 755 943 944
13  78 148 335 391 430 442 599 758 760 861 956 964 981
13  45 167 229 239 251 295 316 414 551 634 659 673 951
4  140 409 816 852
6  145 464 487 587 640 657
13  30 38 164 179 191 208 251 295 392 441 590 625 696
6  18 327 394 751 832 958
13  151 155 187 232 277 280 449 589 623 662 758 891 966
9  153 278 341 408 438 535 610 787 917
13  53 142 309 310 333 450 497 714 749 815 892 913 998
7  6 188 394 512 713 833 951
9  62 255 304 441 594 611 622 702 924
10  71 116 238 247 405 463 617 868 869 872
7  114 135 141 178 230 645 905
8  132 143 184 282 287 394 687 896
5  277 300 443 778 816
7  175 455 457 504 583 634 924
9  202 217 368 500 632 647 674 734 761
9  40 60 214 306 424 490 524 582 640
12  72 82 242 350 444 485 502 545 750 836 957 987
13  26 146 155 300 391 525 535 589 638 640 693 907 952
12  22 63 306 395 464 475 556 668 679 811 898 952
9  185 217 319 585 650 680 833 923 989
8  147 159 169 238 389 502 515 550
7  57 84 108 325 639 838 971
12  61 208 252 276 374 447 481 577 871 892 895 989
14  45 49 79 141 243 249 260 405 579 721 758 874 911 925
12  23 43 76 86 370 404 557 642 646 674 866 919
7  72 94 135 233 246 539 627
9  88 154 208 219 235 280 639 777 973
8  150 154 202 256 779 876 883 926
7  69 428 439 479 692 735 886
8  192 291 364 497 691 824 837 879
10  138 141 268 294 339 439 448 520 592 884
15  40 86 108 137 281 285 303 402 446 501 567 722 752 904 990
10  79 252 374 407 546 668 749 762 911 976
5  200 327 385 763 831
15  77 79 110 302 415 417 439 447 476 496 657 747 792 852 918
12  73 286 363 472 546 547 634 649 675 778 852 937
12  41 98 126 354 457 617 708 737 742 868 929 937
9  123 187 212 308 437 537 716 956 972
13  77 88 253 325 434 507 609 653 661 733 888 910 999
8  103 152 185 215 239 349 780 872
8  24 260 327 357 410 864 967 988
9  48 63 608 740 791 885 937 951 980
10  22 75 86 355 361 386 398 591 729 806
13  82 157 169 331 433 438 476 567 585 674 758 773 998
7  130 165 284 727 740 940 945
8  48 50 71 93 152 502 607 648
4  22 142 568 871
8  102 188 214 523 568 744 929 939
11  23 206 344 387 464 510 637 723 781 885 910
11  66 90 245 247 393 570 699 762 854 903 986
12  91 103 152 306 401 414 452 516 582 630 713 998
7  38 39 111 433 602 797 901
6  89 470 578 721 768 996
10  28 235 314 397 525 579 632 924 973 976
10  195 248 411 492 530 567 612 624 920 994
9  8 182 235 350 658 726 729 831 869
11  35 63 86 141 400 437 441 459 827 926 984
10  54 178 220 280 372 417 422 552 721 991
9  154 340 525 545 773 810 882 924 972
12  77 194 278 315 333 373 448 465 499 642 732 910
12  5 26 150 216 228 276 514 596 619 667 854 943
9  197 260 311 359 494 536 634 777 976
6  76 137 571 719 944 961
5  22 256 323 422 949
11  167 184 308 331 474 556 691 717 789 831 901
8  140 333 599 632 701 789 904 979
12  125 166 348 460 470 513 590 608 688 762 770 867
15  28 128 138 163 166 319 480 544 613 716 795 882 912 946 987
16  118 162 249 263 299 506 608 759 789 800 830 841 903 908 917 956
12  198 235 307 344 361 525 616 769 783 901 961 996
9  27 51 84 227 440 456 632 682 761
12  19 229 325 380 577 775 809 862 875 908 996 998
5  360 577 581 633 789
16  189 233 262 300 456 485 551 683 689 708 728 771 779 846 913 940
16  96 146 185 266 271 288 349 459 753 792 849 897 905 974 988 989
3  90 247 683
12  22 110 300 353 376 539 699 755 766 800 918 950
17  49 88 132 160 251 306 396 570 578 606 717 734 751 768 769 821 885
8  23 108 446 449 495 718 830 977
16  90 152 267 296 456 464 566 578 584 592 634 656 824 901 925 986
10  58 532 767 806 828 830 861 874 925 968
8  251 321 439 443 761 821 933 946
7  109 152 164 486 681 765 980
12  52 82 107 144 336 421 524 737 762 780 791 825
12  178 204 239 260 427 478 523 607 652 754 762 900
10  117 120 129 193 310 377 520 679 751 964
12  5 104 196 214 293 435 446 454 510 758 798 977
11  67 122 199 250 257 280 496 638 777 823 830
13  30 40 198 250 466 623 628 728 743 774 788 886 958
10  63 64 218 235 306 370 554 773 875 934
12  79 301 413 436 472 514 536 585 644 756 896 985
12  16 119 207 224 233 469 557 620 828 926 938 972
8  54 113 528 640 711 746 772 996
7  66 76 170 416 697 720 834
12  15 30 50 56 482 530 556 629 712 758 794 836
8  176 489 724 768 789 818 907 957
11  0 155 172 545 573 596 652 733 888 966 982
10  24 35 36 457 518 581 594 646 873 937
9  94 252 348 387 445 586 588 609 754
8  18 436 483 526 655 664 937 988
4  87 103 148 876
9  69 72 208 245 344 386 907 944 949
6  236 373 430 468 690 808
16  50 95 160 168 318 340 438 618 642 773 888 947 956 959 964 995
17  74 137 207 302 361 380 384 392 489 538 553 749 750 753 757 780 974
6  13 82 85 170 391 462
12  92 179 307 356 414 464 502 726 768 806 815 862
12  121 152 207 218 279 325 418 623 680 719 759 987
8  119 200 474 495 676 814 862 868
9  73 99 107 213 426 779 809 913 952
10  92 164 446 464 557 752 857 918 983 988
10  90 170 275 420 536 559 678 798 924 987
5  144 153 244 657 736
12  7 171 223 236 401 449 771 796 819 860 882 926
12  108 160 188 189 206 274 333 374 474 512 584 876
7  5 209 537 555 753 761 929
9  140 235 243 264 304 908 934 974 992
12  294 414 463 491 511 638 872 880 888 889 916 967
10  48 67 256 292 340 355 401 549 635 933
10  10 155 217 428 478 495 501 530 924 940
9  71 108 114 167 198 301 310 561 858
15  87 258 279 323 335 390 459 566 631 632 727 765 791 906 922
11  153 280 359 415 506 565 567 568 629 892 906
12  10 109 168 170 174 176 229 356 485 486 652 787
15  337 473 518 524 564 570 583 598 624 756 794 838 839 926 972
11  10 76 238 434 484 507 743 816 852 867 992
8  146 203 316 381 561 703 924 991
10  78 160 221 230 278 397 556 659 841 910
10  22 97 102 167 211 235 448 628 891 929
7  224 249 325 663 793 869 975
12  239 244 381 403 490 542 599 601 659 691 791 881
15  279 421 478 531 552 571 619 685 697 810 860 880 890 907 989
6  112 665 672 945 966 985
7  236 280 327 377 401 780 983
9  30 360 494 535 611 661 798 945 946
9  22 155 277 487 493 534 545 613 832
8  204 215 369 394 427 762 766 866
12  6 53 59 293 295 320 379 462 603 604 830 838
7  389 566 592 635 667 772 958
18  5 17 95 121 272 344 345 431 459 471 497 579 651 667 714 764 908 936
10  22 87 124 393 514 571 587 598 630 768
9  11 75 134 303 396 599 940 979 983
9  117 214 216 642 677 741 834 875 950
16  9 182 213 232 429 451 491 520 525 535 765 776 833 964 969 977
9  127 134 258 377 401 411 574 663 977
16  93 111 160 264 277 384 443 477 593 672 753 763 765 772 822 841
11  77 165 216 444 618 718 740 749 884 957 997
9  3 254 421 547 573 688 820 920 979
10  31 184 274 286 478 646 692 704 828 848
3  675 778 827
10  79 281 283 358 390 409 458 559 654 967
8  264 356 445 591 595 658 701 779
12  139 191 237 346 486 496 508 585 631 714 883 931
11  97 114 243 471 499 557 665 706 809 822 930
7  47 84 334 531 809 850 920
10  21 64 95 124 150 223 420 612 619 928
8  129 290 342 433 753 812 830 983
9  144 175 263 265 302 378 391 413 583
3  485 536 908
14  29 34 87 118 194 206 209 314 527 528 562 613 672 867
6  44 157 327 589 632 956
6  160 443 574 661 758 865
7  63 205 338 415 436 892 893
9  271 556 566 569 599 642 671 833 976
6  251 338 358 759 878 982
5  77 117 516 839 862
8  63 179 356 431 874 903 949 952
11  21 50 112 306 465 581 685 719 720 810 957
5  37 93 135 215 369
7  17 200 323 538 734 745 910
10  131 137 334 407 475 582 646 663 677 976
9  69 87 111 158 237 323 466 496 589
11  20 165 252 281 419 612 795 868 915 934 988
8  124 330 453 483 491 626 653 805
9  60 214 244 472 509 567 573 646 681
10  86 244 344 372 383 387 604 798 816 947
8  49 392 507 569 629 683 765 864
9  168 290 477 504 576 756 791 793 850
8  1 135 159 346 369 439 919 962
10  171 271 302 518 525 725 861 868 910 982
5  88 184 344 846 982
5  47 224 478 709 821
9  184 392 407 461 549 751 810 844 879
10  188 208 291 694 721 793 857 864 938 942
19  36 99 150 158 227 345 409 424 429 436 450 470 529 549 673 694 740 814 870
5  103 549 869 875 917
9  148 164 237 253 274 449 457 707 731
12  21 92 138 208 433 460 505 529 605 694 724 802
7  154 326 437 453 782 882 900
12  21 53 220 237 306 345 405 540 668 708 765 851
14  19 140 186 194 220 280 386 454 573 756 774 827 870 922
8  32 487 494 712 785 799 940 974
11  13 57 102 119 325 326 343 365 436 669 926
7  252 347 522 523 849 971 990
12  27 103 189 311 434 443 575 599 714 867 894 983
9  70 289 443 564 598 802 816 894 924
8  22 201 272 416 420 651 815 903
12  137 173 247 405 585 645 649 743 752 798 873 992
6  257 584 595 712 837 915
12  51 168 303 360 445 672 677 715 831 902 942 972
14  19 144 288 355 360 383 582 583 589 679 681 726 733 762
18  7 86 134 140 297 298 306 318 395 486 549 550 558 713 773 936 964 990
5  28 182 292 309 605
12  39 61 93 471 617 723 781 788 802 909 945 982
10  45 54 125 279 399 620 628 666 802 994
9  106 121 149 506 544 816 901 976 993
6  47 151 542 689 813 933
12  90 220 394 429 430 691 707 807 847 920 960 995
10  13 178 179 242 445 527 646 667 847 919
7  326 466 481 547 620 879 880
7  80 180 266 345 356 530 707
11  27 29 166 203 478 536 562 584 637 696 775
9  48 83 205 273 322 655 759 984 994
6  185 371 410 534 657 703
13  94 108 148 184 351 371 407 477 562 584 652 956 989
8  281 340 353 359 384 494 769 873
9  15 123 421 600 736 749 754 764 890
5  133 235 338 424 884
17  24 112 158 245 290 334 341 345 370 464 544 647 734 753 851 881 954
11  11 41 71 247 322 419 454 578 656 716 750
12  25 200 236 301 392 461 467 539 613 654 695 759
10  106 164 256 354 388 594 806 807 908 940
17  1 4 22 140 163 218 298 304 464 500 550 576 656 702 780 786 816
13  180 271 386 433 511 611 753 756 801 824 843 906 912
8  66 220 255 331 497 590 651 888
15  53 70 109 198 281 386 397 529 661 723 733 744 812 854 864
12  7 11 82 165 229 432 455 468 680 708 717 988
7  145 253 279 663 752 908 984
8  8 204 397 545 625 691 758 794
10  191 267 316 329 383 422 609 645 931 947
18  91 106 114 120 131 162 173 220 302 357 370 444 498 530 556 857 883 940
9  92 176 186 197 380 424 451 655 802
8  240 306 391 522 690 753 870 918
13  370 468 471 485 558 583 641 719 761 795 917 982 995
10  205 284 286 300 471 533 709 863 893 930
13  75 82 142 154 221 526 536 609 739 832 839 892 983
3  126 425 934
12  163 183 227 264 300 316 354 415 657 677 806 875
8  95 117 124 240 318 516 675 704
12  97 307 416 693 698 738 743 796 804 811 880 937
9  94 118 174 398 628 643 708 764 765
15  25 233 270 290 300 318 429 438 633 712 741 776 798 809 877
13  4 314 375 455 465 467 530 534 547 557 644 943 965
8  79 86 339 363 487 651 840 937
10  11 376 403 512 552 675 721 732 800 813
9  150 193 361 593 615 838 919 965 994
13  113 205 351 383 389 474 482 498 572 602 837 914 962
7  59 115 336 547 602 672 984
16  92 123 244 274 346 391 439 484 497 508 525 766 803 891 967 971
8  189 246 531 774 801 857 921 998
6  6 41 352 583 617 976
11  173 180 260 312 324 339 419 481 583 824 886
11  24 349 548 611 720 721 726 782 784 924 928
5  463 567 776 868 987
13  34 122 124 179 215 331 443 475 485 492 565 681 732
16  27 122 141 168 294 297 388 555 650 729 758 804 826 876 906 915
9  8 58 99 110 169 359 460 502 955
14  29 79 127 286 304 317 425 473 485 591 606 640 868 884
9  191 238 434 496 504 682 745 927 958
8  3 39 290 377 623 682 747 786
13  8 63 91 192 202 545 586 637 641 729 817 819 888
11  34 179 434 447 453 563 576 673 752 766 819
9  244 255 305 422 460 788 860 914 956
10  83 112 309 382 396 420 455 457 588 994
10  34 132 333 431 459 460 657 748 786 851
3  127 761 827
11  149 192 201 306 323 438 450 621 684 692 726
9  39 270 290 355 636 702 703 794 851
16  2 9 17 44 193 232 266 312 384 388 508 554 607 621 672 998
8  73 81 130 202 431 566 681 903
4  435 624 941 962
19  40 62 67 72 119 239 451 479 500 574 683 722 753 788 845 899 947 985 989
10  109 143 202 224 254 659 701 780 831 852
12  42 49 126 222 303 400 649 657 688 773 823 943
4  102 237 442 788
5  212 298 383 525 892
11  111 146 442 558 564 619 628 747 754 983 991
8  51 91 319 471 665 863 931 955
7  138 150 190 308 368 375 409
8  255 475 679 683 770 788 828 886
9  97 180 230 240 458 459 597 927 930
10  156 197 318 430 568 663 665 689 781 817
7  173 174 299 725 802 835 933
8  88 249 254 279 319 391 524 765
9  51 117 281 327 333 459 479 596 828
9  44 82 180 218 222 242 389 607 625
7  285 397 449 631 706 878 933
12  54 225 331 419 471 490 591 722 743 776 809 884
11  79 88 134 187 210 494 547 661 711 738 986
7  281 297 393 759 789 801 876
5  107 183 185 348 814
10  122 334 463 717 738 746 848 855 890 935
15  38 207 282 436 474 506 578 579 596 617 672 763 771 828 829
6  44 243 280 450 587 598
9  8 243 356 411 543 659 750 826 832
6  93 143 154 584 726 767
12  6 29 94 204 389 447 456 477 606 608 670 683
8  45 781 849 864 865 888 918 985
15  148 217 353 395 402 425 447 615 795 818 826 841 879 920 961
10  171 359 443 653 661 672 741 897 912 932
12  1 361 436 437 444 476 596 611 775 817 956 982
9  26 48 308 360 407 545 734 764 973
15  40 48 61 75 78 114 130 554 669 677 701 752 792 796 938
8  182 246 725 759 784 795 857 911
12  159 256 530 571 576 663 704 707 759 816 899 956
10  4 128 238 388 411 600 669 716 878 886
15  17 94 150 168 354 397 421 425 454 583 600 639 742 811 961
6  153 463 550 801 810 882
10  136 164 179 284 341 404 504 542 679 890
9  45 118 392 543 739 889 897 930 948
7  207 226 491 563 788 892 918
11  44 91 97 378 504 553 600 737 754 756 777
3  407 569 831
17  65 90 106 206 236 347 481 489 533 535 576 691 728 735 756 934 953
8  19 141 213 285 401 620 634 723
