0.100248923302 0.00734846832891 2.8752 0.0381171877242
0.154610805511 0.0120446603341 2.60774 0.0268572597262
0.197758374214 0.0145495803909 2.45168 0.0261812451958
0.232341804504 0.0169327719489 2.33374 0.023673453487
0.260756382942 0.0188427215517 2.2389 0.0211104239654
0.283873839378 0.0208482362786 2.16134 0.0209634062118
0.302839207649 0.0224270888321 2.09658 0.0218523133787
0.317989196777 0.0231578951544 2.04214 0.0203568268647
0.330506863594 0.0239722124724 1.99488 0.0203751220855
0.341269688606 0.0254775934226 1.95438 0.0176191827279
0.349968690872 0.0261880110166 1.91766 0.0168565832837
0.356816120148 0.0265082220318 1.88652 0.0158584236291
0.362457933426 0.0266637764541 1.8576 0.0159260792413
0.367074928284 0.0269734381403 1.83102 0.0157219464444
0.370711336136 0.0271937554634 1.80846 0.0151950123396
0.373764467239 0.0273682004378 1.78804 0.0139827894213
0.376265978813 0.0275155160116 1.7706 0.014320614512
0.378177876472 0.0276034527632 1.75294 0.0134110551412
0.379627285004 0.0276811580097 1.73696 0.0133386056243
0.380754294395 0.0277386882531 1.72282 0.0123445372534
